# R script for Peak Model
#  -- generated by MACS
p <- c(0.019153011278995533,0.020571752855217423,0.023409236007661205,0.02411860679577215,0.027665460736326877,0.02553734837199404,0.02553734837199404,0.02553734837199404,0.02553734837199404,0.023409236007661205,0.019862382067106478,0.02128112364332837,0.02269986521955026,0.026246719160104987,0.023409236007661205,0.024827977583883096,0.026246719160104987,0.02553734837199404,0.028374831524437823,0.029084202312548768,0.029793573100659713,0.029793573100659713,0.027665460736326877,0.02553734837199404,0.02553734837199404,0.026246719160104987,0.023409236007661205,0.024827977583883096,0.02411860679577215,0.023409236007661205,0.024827977583883096,0.024827977583883096,0.02411860679577215,0.02553734837199404,0.026956089948215932,0.024827977583883096,0.02411860679577215,0.026246719160104987,0.026956089948215932,0.027665460736326877,0.028374831524437823,0.028374831524437823,0.031212314676881608,0.03050294388877066,0.03334042704121444,0.03546853940554728,0.03901539334610201,0.038306022557991065,0.03688728098176917,0.03688728098176917,0.03546853940554728,0.03546853940554728,0.03334042704121444,0.03192168546499255,0.031212314676881608,0.029084202312548768,0.029084202312548768,0.027665460736326877,0.029084202312548768,0.028374831524437823,0.029084202312548768,0.029793573100659713,0.03050294388877066,0.03334042704121444,0.031212314676881608,0.03475916861743633,0.03334042704121444,0.03050294388877066,0.03050294388877066,0.029793573100659713,0.029084202312548768,0.026246719160104987,0.026246719160104987,0.024827977583883096,0.024827977583883096,0.023409236007661205,0.021990494431439314,0.026956089948215932,0.027665460736326877,0.03334042704121444,0.03475916861743633,0.038306022557991065,0.038306022557991065,0.039724764134212956,0.03901539334610201,0.0404341349223239,0.04256224728665674,0.0404341349223239,0.038306022557991065,0.034049797829325386,0.03334042704121444,0.032631056253103495,0.032631056253103495,0.034049797829325386,0.03759665176988012,0.03901539334610201,0.03617791019365822,0.03475916861743633,0.03617791019365822,0.03546853940554728,0.03475916861743633,0.034049797829325386,0.034049797829325386,0.03192168546499255,0.027665460736326877,0.026246719160104987,0.026956089948215932,0.026246719160104987,0.024827977583883096,0.03050294388877066,0.03192168546499255,0.03192168546499255,0.03192168546499255,0.03050294388877066,0.03334042704121444,0.03334042704121444,0.034049797829325386,0.03688728098176917,0.04256224728665674,0.03901539334610201,0.03901539334610201,0.04114350571043485,0.04185287649854579,0.044690359650989574,0.04539973043910052,0.04539973043910052,0.04965595516776619,0.04965595516776619,0.05107469674398808,0.04965595516776619,0.05107469674398808,0.05036532595587714,0.05107469674398808,0.05249343832020997,0.05320280910832092,0.053912179896431864,0.05107469674398808,0.05178406753209903,0.04539973043910052,0.04539973043910052,0.0404341349223239,0.038306022557991065,0.038306022557991065,0.03617791019365822,0.03475916861743633,0.034049797829325386,0.03475916861743633,0.03901539334610201,0.038306022557991065,0.0404341349223239,0.047527842803433355,0.05178406753209903,0.05249343832020997,0.05036532595587714,0.05178406753209903,0.05107469674398808,0.048946584379655246,0.046109101227211464,0.047527842803433355,0.0482372135915443,0.04398098886287863,0.04327161807476768,0.039724764134212956,0.04398098886287863,0.04398098886287863,0.04327161807476768,0.04256224728665674,0.04256224728665674,0.04185287649854579,0.04398098886287863,0.046109101227211464,0.04327161807476768,0.047527842803433355,0.04539973043910052,0.04256224728665674,0.04327161807476768,0.04398098886287863,0.04114350571043485,0.044690359650989574,0.04185287649854579,0.0404341349223239,0.04398098886287863,0.04539973043910052,0.04398098886287863,0.04965595516776619,0.05320280910832092,0.053912179896431864,0.0560402922607647,0.056749663048875645,0.05958714620131943,0.06100588777754132,0.05745903383698659,0.053912179896431864,0.05745903383698659,0.058168404625097536,0.056749663048875645,0.05745903383698659,0.056749663048875645,0.05462155068454281,0.04965595516776619,0.05462155068454281,0.05462155068454281,0.056749663048875645,0.05320280910832092,0.04965595516776619,0.0482372135915443,0.047527842803433355,0.04681847201532241,0.047527842803433355,0.048946584379655246,0.04256224728665674,0.04398098886287863,0.04327161807476768,0.04681847201532241,0.048946584379655246,0.05249343832020997,0.0560402922607647,0.058168404625097536,0.055330921472653755,0.056749663048875645,0.06029651698943037,0.062424629353763215,0.06739022487053983,0.06951833723487266,0.06951833723487266,0.06880896644676172,0.06951833723487266,0.07022770802298361,0.07448393275164929,0.07590267432787118,0.07519330353976024,0.0730651911754274,0.06668085408242888,0.06526211250620699,0.06739022487053983,0.06739022487053983,0.0638433709299851,0.06597148329431794,0.0638433709299851,0.06100588777754132,0.058168404625097536,0.0638433709299851,0.06668085408242888,0.06739022487053983,0.06739022487053983,0.06880896644676172,0.07093707881109455,0.06739022487053983,0.0716464495992055,0.07235582038731644,0.07448393275164929,0.06951833723487266,0.07093707881109455,0.06880896644676172,0.06526211250620699,0.0638433709299851,0.06668085408242888,0.06880896644676172,0.06739022487053983,0.07022770802298361,0.0716464495992055,0.07590267432787118,0.07661204511598213,0.07803078669220402,0.07874015748031496,0.07803078669220402,0.07448393275164929,0.07448393275164929,0.07377456196353833,0.0730651911754274,0.0716464495992055,0.0730651911754274,0.07377456196353833,0.07803078669220402,0.08299638220898063,0.08583386536142441,0.0886713485138682,0.09221820245442293,0.09860253954742143,0.10144002269986523,0.10782435979286373,0.10924310136908562,0.10924310136908562,0.10640561821664184,0.10356813506419806,0.10427750585230901,0.10285876427608712,0.09789316875931049,0.09434631481875576,0.09434631481875576,0.09009009009009009,0.08938071930197915,0.08938071930197915,0.0872526069376463,0.08512449457331348,0.08512449457331348,0.08583386536142441,0.08938071930197915,0.09434631481875576,0.09434631481875576,0.09718379797119954,0.09434631481875576,0.09931191033553238,0.10285876427608712,0.1056962474285309,0.11137121373341846,0.11775555082641696,0.12201177555508264,0.11775555082641696,0.12059303397886074,0.12059303397886074,0.12413988791941548,0.12555862949563737,0.1276867418599702,0.13123359580052493,0.1291054834361921,0.1291054834361921,0.1291054834361921,0.13265233737674684,0.13336170816485776,0.1369085621054125,0.13903667446974532,0.13123359580052493,0.13903667446974532,0.14116478683407818,0.14542101156274384,0.14896786550329857,0.1525147194438533,0.1510959778676314,0.15180534865574236,0.14896786550329857,0.14754912392707667,0.15322409023196426,0.14825849471518762,0.14683975313896575,0.1418741576221891,0.13974604525785628,0.13974604525785628,0.14045541604596723,0.1383273036816344,0.14400226998652196,0.14683975313896575,0.143292899198411,0.14258352841030006,0.14400226998652196,0.14045541604596723,0.14542101156274384,0.14542101156274384,0.14542101156274384,0.1447116407746329,0.143292899198411,0.143292899198411,0.1447116407746329,0.14754912392707667,0.143292899198411,0.14754912392707667,0.1418741576221891,0.13478044974107967,0.13548982052919062,0.13761793289352345,0.13407107895296871,0.13194296658863588,0.13265233737674684,0.12697737107185927,0.12697737107185927,0.12343051713130453,0.12201177555508264,0.12343051713130453,0.12697737107185927,0.12201177555508264,0.12272114634319359,0.12626800028374832,0.1276867418599702,0.13619919131730154,0.1369085621054125,0.1447116407746329,0.1418741576221891,0.14116478683407818,0.13761793289352345,0.143292899198411,0.1383273036816344,0.13407107895296871,0.14045541604596723,0.1369085621054125,0.14045541604596723,0.1383273036816344,0.14045541604596723,0.13761793289352345,0.13619919131730154,0.13478044974107967,0.13974604525785628,0.13903667446974532,0.13194296658863588,0.12981485422430306,