# R script for Peak Model
#  -- generated by MACS
p <- c(0.0,0.0,0.0,0.0,0.0,0.0,0.0,0.0,0.0,0.0,0.0,0.0,0.006615506747816882,0.006615506747816882,0.006615506747816882,0.006615506747816882,0.006615506747816882,0.006615506747816882,0.006615506747816882,0.006615506747816882,0.013231013495633765,0.013231013495633765,0.006615506747816882,0.006615506747816882,0.006615506747816882,0.006615506747816882,0.006615506747816882,0.006615506747816882,0.006615506747816882,0.006615506747816882,0.006615506747816882,0.006615506747816882,0.006615506747816882,0.006615506747816882,0.006615506747816882,0.006615506747816882,0.006615506747816882,0.006615506747816882,0.006615506747816882,0.006615506747816882,0.0,0.0,0.006615506747816882,0.006615506747816882,0.013231013495633765,0.013231013495633765,0.013231013495633765,0.019846520243450648,0.02646202699126753,0.02646202699126753,0.02646202699126753,0.02646202699126753,0.02646202699126753,0.02646202699126753,0.02646202699126753,0.03307753373908441,0.039693040486901296,0.03307753373908441,0.02646202699126753,0.02646202699126753,0.02646202699126753,0.02646202699126753,0.019846520243450648,0.019846520243450648,0.013231013495633765,0.006615506747816882,0.0,0.0,0.0,0.0,0.0,0.0,0.0,0.0,0.006615506747816882,0.006615506747816882,0.006615506747816882,0.006615506747816882,0.006615506747816882,0.013231013495633765,0.013231013495633765,0.013231013495633765,0.013231013495633765,0.013231013495633765,0.006615506747816882,0.006615506747816882,0.006615506747816882,0.019846520243450648,0.019846520243450648,0.013231013495633765,0.013231013495633765,0.019846520243450648,0.019846520243450648,0.019846520243450648,0.019846520243450648,0.019846520243450648,0.02646202699126753,0.013231013495633765,0.019846520243450648,0.019846520243450648,0.019846520243450648,0.013231013495633765,0.013231013495633765,0.013231013495633765,0.013231013495633765,0.013231013495633765,0.006615506747816882,0.006615506747816882,0.006615506747816882,0.006615506747816882,0.006615506747816882,0.013231013495633765,0.013231013495633765,0.013231013495633765,0.019846520243450648,0.019846520243450648,0.019846520243450648,0.019846520243450648,0.013231013495633765,0.013231013495633765,0.013231013495633765,0.006615506747816882,0.006615506747816882,0.006615506747816882,0.0,0.0,0.0,0.0,0.013231013495633765,0.013231013495633765,0.013231013495633765,0.019846520243450648,0.019846520243450648,0.019846520243450648,0.019846520243450648,0.02646202699126753,0.02646202699126753,0.02646202699126753,0.013231013495633765,0.013231013495633765,0.013231013495633765,0.006615506747816882,0.006615506747816882,0.006615506747816882,0.006615506747816882,0.006615506747816882,0.006615506747816882,0.006615506747816882,0.013231013495633765,0.019846520243450648,0.019846520243450648,0.02646202699126753,0.03307753373908441,0.03307753373908441,0.03307753373908441,0.02646202699126753,0.02646202699126753,0.039693040486901296,0.039693040486901296,0.03307753373908441,0.03307753373908441,0.03307753373908441,0.039693040486901296,0.039693040486901296,0.039693040486901296,0.039693040486901296,0.04630854723471818,0.039693040486901296,0.05292405398253506,0.05292405398253506,0.059539560730351944,0.059539560730351944,0.05292405398253506,0.059539560730351944,0.0727705742259857,0.0727705742259857,0.06615506747816882,0.06615506747816882,0.05292405398253506,0.05292405398253506,0.04630854723471818,0.039693040486901296,0.03307753373908441,0.03307753373908441,0.019846520243450648,0.019846520243450648,0.02646202699126753,0.019846520243450648,0.013231013495633765,0.013231013495633765,0.013231013495633765,0.013231013495633765,0.02646202699126753,0.03307753373908441,0.03307753373908441,0.039693040486901296,0.039693040486901296,0.039693040486901296,0.059539560730351944,0.059539560730351944,0.059539560730351944,0.06615506747816882,0.059539560730351944,0.04630854723471818,0.05292405398253506,0.04630854723471818,0.039693040486901296,0.04630854723471818,0.03307753373908441,0.039693040486901296,0.039693040486901296,0.03307753373908441,0.02646202699126753,0.02646202699126753,0.019846520243450648,0.02646202699126753,0.02646202699126753,0.019846520243450648,0.019846520243450648,0.013231013495633765,0.019846520243450648,0.02646202699126753,0.03307753373908441,0.03307753373908441,0.03307753373908441,0.03307753373908441,0.03307753373908441,0.039693040486901296,0.05292405398253506,0.05292405398253506,0.04630854723471818,0.039693040486901296,0.03307753373908441,0.039693040486901296,0.039693040486901296,0.03307753373908441,0.03307753373908441,0.02646202699126753,0.013231013495633765,0.013231013495633765,0.013231013495633765,0.013231013495633765,0.013231013495633765,0.006615506747816882,0.006615506747816882,0.006615506747816882,0.013231013495633765,0.013231013495633765,0.013231013495633765,0.013231013495633765,0.013231013495633765,0.013231013495633765,0.013231013495633765,0.019846520243450648,0.019846520243450648,0.019846520243450648,0.013231013495633765,0.02646202699126753,0.02646202699126753,0.03307753373908441,0.039693040486901296,0.04630854723471818,0.05292405398253506,0.05292405398253506,0.06615506747816882,0.06615506747816882,0.07938608097380259,0.06615506747816882,0.059539560730351944,0.05292405398253506,0.04630854723471818,0.039693040486901296,0.039693040486901296,0.03307753373908441,0.019846520243450648,0.019846520243450648,0.006615506747816882,0.006615506747816882,0.006615506747816882,0.013231013495633765,0.013231013495633765,0.019846520243450648,0.019846520243450648,0.02646202699126753,0.02646202699126753,0.039693040486901296,0.04630854723471818,0.059539560730351944,0.07938608097380259,0.07938608097380259,0.07938608097380259,0.07938608097380259,0.09261709446943636,0.09923260121725325,0.09923260121725325,0.08600158772161948,0.08600158772161948,0.07938608097380259,0.06615506747816882,0.0727705742259857,0.07938608097380259,0.0727705742259857,0.06615506747816882,0.06615506747816882,0.0727705742259857,0.07938608097380259,0.07938608097380259,0.07938608097380259,0.09261709446943636,0.08600158772161948,0.07938608097380259,0.08600158772161948,0.07938608097380259,0.07938608097380259,0.07938608097380259,0.09261709446943636,0.09261709446943636,0.08600158772161948,0.08600158772161948,0.09261709446943636,0.09923260121725325,0.10584810796507012,0.11907912146070389,0.112463614712887,0.10584810796507012,0.112463614712887,0.11907912146070389,0.1455411484519714,0.1455411484519714,0.13231013495633764,0.13231013495633764,0.1455411484519714,0.13231013495633764,0.1455411484519714,0.17200317544323895,0.1521566551997883,0.1455411484519714,0.13231013495633764,0.12569462820852076,0.13892564170415453,0.1455411484519714,0.1455411484519714,0.13892564170415453,0.13231013495633764,0.112463614712887,0.12569462820852076,0.13231013495633764,0.13231013495633764,0.12569462820852076,0.11907912146070389,0.112463614712887,0.09923260121725325,0.10584810796507012,0.10584810796507012,0.10584810796507012,0.08600158772161948,0.07938608097380259,0.06615506747816882,0.0727705742259857,0.07938608097380259,0.0727705742259857,0.06615506747816882,0.06615506747816882,0.05292405398253506,0.059539560730351944,0.06615506747816882,0.0727705742259857,0.07938608097380259,0.0727705742259857,0.07938608097380259,0.09261709446943636,0.09923260121725325,0.112463614712887,0.13231013495633764,0.13231013495633764,0.13231013495633764,0.13231013495633764,0.1521566551997883,0.15877216194760518,0.1521566551997883,0.1521566551997883,0.1455411484519714,0.13231013495633764,0.1455411484519714,0.1455411484519714,0.1521566551997883,0.1455411484519714,0.13231013495633764,0.11907912146070389,0.112463614712887,0.112463614712887,0.11907912146070389,0.1455411484519714,0.12569462820852076,0.12569462820852076,0.11907912146070389,0.13231013495633764,0.13892564170415453,0.1521566551997883,0.1521566551997883,0.1455411484519714,0.15877216194760518,0.13231013495633764,0.12569462820852076,0.112463614712887,0.13892564170415453,0.1455411484519714,0.1455411484519714,0.1455411484519714,0.1521566551997883,0.15877216194760518,