# R script for Peak Model
#  -- generated by MACS
p <- c(0.009826216345209018,0.014037451921727168,0.015441197113899885,0.019652432690418036,0.023863668266936186,0.028074903843454336,0.029478649035627053,0.032286139419972486,0.033689884612145206,0.03509362980431792,0.03649737499649064,0.03509362980431792,0.03509362980431792,0.032286139419972486,0.029478649035627053,0.028074903843454336,0.02667115865128162,0.02667115865128162,0.02245992307476347,0.02245992307476347,0.02245992307476347,0.021056177882590753,0.025267413459108903,0.029478649035627053,0.032286139419972486,0.029478649035627053,0.032286139419972486,0.029478649035627053,0.033689884612145206,0.033689884612145206,0.033689884612145206,0.03509362980431792,0.033689884612145206,0.029478649035627053,0.025267413459108903,0.025267413459108903,0.023863668266936186,0.025267413459108903,0.025267413459108903,0.029478649035627053,0.028074903843454336,0.03088239422779977,0.029478649035627053,0.033689884612145206,0.03509362980431792,0.03930486538083607,0.04351610095735422,0.042112355765181506,0.042112355765181506,0.04351610095735422,0.04491984614952694,0.04351610095735422,0.04772733653387237,0.042112355765181506,0.04351610095735422,0.042112355765181506,0.03790112018866335,0.03930486538083607,0.03509362980431792,0.033689884612145206,0.03088239422779977,0.029478649035627053,0.025267413459108903,0.028074903843454336,0.029478649035627053,0.03088239422779977,0.029478649035627053,0.02667115865128162,0.02667115865128162,0.02245992307476347,0.02245992307476347,0.021056177882590753,0.01824868749824532,0.01824868749824532,0.014037451921727168,0.015441197113899885,0.016844942306072603,0.016844942306072603,0.019652432690418036,0.01824868749824532,0.01824868749824532,0.016844942306072603,0.019652432690418036,0.016844942306072603,0.019652432690418036,0.01824868749824532,0.01824868749824532,0.025267413459108903,0.023863668266936186,0.02667115865128162,0.025267413459108903,0.028074903843454336,0.025267413459108903,0.028074903843454336,0.029478649035627053,0.028074903843454336,0.029478649035627053,0.02667115865128162,0.025267413459108903,0.025267413459108903,0.029478649035627053,0.03088239422779977,0.03649737499649064,0.03509362980431792,0.03509362980431792,0.033689884612145206,0.032286139419972486,0.032286139419972486,0.032286139419972486,0.03088239422779977,0.02667115865128162,0.025267413459108903,0.02245992307476347,0.023863668266936186,0.02245992307476347,0.02667115865128162,0.03088239422779977,0.03088239422779977,0.03088239422779977,0.03509362980431792,0.03790112018866335,0.03790112018866335,0.040708610573008785,0.040708610573008785,0.040708610573008785,0.03930486538083607,0.03649737499649064,0.03649737499649064,0.03509362980431792,0.032286139419972486,0.03509362980431792,0.033689884612145206,0.03509362980431792,0.033689884612145206,0.03649737499649064,0.03790112018866335,0.040708610573008785,0.042112355765181506,0.042112355765181506,0.04632359134169965,0.04772733653387237,0.050534826918217805,0.04491984614952694,0.05193857211039052,0.04632359134169965,0.042112355765181506,0.03790112018866335,0.03930486538083607,0.042112355765181506,0.042112355765181506,0.03790112018866335,0.040708610573008785,0.04632359134169965,0.03930486538083607,0.042112355765181506,0.04491984614952694,0.042112355765181506,0.03790112018866335,0.04351610095735422,0.03649737499649064,0.03509362980431792,0.032286139419972486,0.028074903843454336,0.032286139419972486,0.033689884612145206,0.033689884612145206,0.033689884612145206,0.03509362980431792,0.02667115865128162,0.029478649035627053,0.033689884612145206,0.03088239422779977,0.03088239422779977,0.029478649035627053,0.029478649035627053,0.02667115865128162,0.03088239422779977,0.03509362980431792,0.03790112018866335,0.040708610573008785,0.03790112018866335,0.03790112018866335,0.03930486538083607,0.042112355765181506,0.042112355765181506,0.04632359134169965,0.042112355765181506,0.03649737499649064,0.03790112018866335,0.03509362980431792,0.03790112018866335,0.042112355765181506,0.042112355765181506,0.03790112018866335,0.03649737499649064,0.033689884612145206,0.03649737499649064,0.03649737499649064,0.03509362980431792,0.03509362980431792,0.03088239422779977,0.02667115865128162,0.028074903843454336,0.032286139419972486,0.03088239422779977,0.032286139419972486,0.03509362980431792,0.03649737499649064,0.03790112018866335,0.03930486538083607,0.040708610573008785,0.042112355765181506,0.040708610573008785,0.03790112018866335,0.03790112018866335,0.03649737499649064,0.033689884612145206,0.033689884612145206,0.033689884612145206,0.03649737499649064,0.03790112018866335,0.040708610573008785,0.03930486538083607,0.03649737499649064,0.03790112018866335,0.03930486538083607,0.042112355765181506,0.040708610573008785,0.040708610573008785,0.03649737499649064,0.03930486538083607,0.03930486538083607,0.040708610573008785,0.042112355765181506,0.04632359134169965,0.049131081726045085,0.04491984614952694,0.04491984614952694,0.04491984614952694,0.04491984614952694,0.04351610095735422,0.04491984614952694,0.04351610095735422,0.04772733653387237,0.04491984614952694,0.04351610095735422,0.04491984614952694,0.04632359134169965,0.04491984614952694,0.04491984614952694,0.04351610095735422,0.03790112018866335,0.042112355765181506,0.03930486538083607,0.03930486538083607,0.03509362980431792,0.03509362980431792,0.03930486538083607,0.04351610095735422,0.04351610095735422,0.04351610095735422,0.04772733653387237,0.049131081726045085,0.05755355287908139,0.06457227883994497,0.06597602403211769,0.06737976922429041,0.06176478845559954,0.06316853364777225,0.06737976922429041,0.06737976922429041,0.06597602403211769,0.06176478845559954,0.05614980768690867,0.05193857211039052,0.060361043263426825,0.06316853364777225,0.06597602403211769,0.06737976922429041,0.06737976922429041,0.07018725960863584,0.07439849518515398,0.08001347595384486,0.08282096633819029,0.08562845672253573,0.08703220191470844,0.08562845672253573,0.09405092787557202,0.0926471826833993,0.10247339902860833,0.1080883797972992,0.11370336056599006,0.11229961537381734,0.11229961537381734,0.11510710575816278,0.10949212498947192,0.11651085095033549,0.11510710575816278,0.11931834133468093,0.11651085095033549,0.12352957691119908,0.12352957691119908,0.13195204806423538,0.13897077402509897,0.14037451921727168,0.15300822594682614,0.158623206715517,0.16143069709986244,0.16844942306072602,0.16844942306072602,0.16002695190768973,0.16985316825289873,0.16844942306072602,0.16564193267638058,0.1670456778685533,0.16143069709986244,0.16283444229203514,0.16143069709986244,0.16002695190768973,0.16564193267638058,0.17125691344507146,0.1572194615233443,0.16002695190768973,0.16002695190768973,0.15441197113899885,0.1502007355624807,0.14458575479378982,0.14037451921727168,0.14037451921727168,0.13195204806423538,0.1333557932564081,0.14037451921727168,0.13475953844858082,0.1333557932564081,0.13195204806423538,0.13616328364075353,0.1333557932564081,0.14037451921727168,0.13756702883292624,0.13616328364075353,0.13195204806423538,0.1333557932564081,0.13054830287206268,0.12774081248771724,0.13475953844858082,0.13475953844858082,0.13195204806423538,0.13054830287206268,0.1249333221033718,0.1263370672955445,0.1263370672955445,0.12072208652685365,0.1249333221033718,0.12914455767988994,0.1249333221033718,0.12212583171902636,0.1333557932564081,0.13054830287206268,0.13756702883292624,0.14598949998596256,0.14879699037030797,0.14879699037030797,0.1516044807546534,0.14739324517813526,0.15441197113899885,0.15581571633117156,0.15441197113899885,0.15441197113899885,0.1572194615233443,0.15581571633117156,0.15441197113899885,0.1572194615233443,0.1572194615233443,0.16143069709986244,0.16423818748420788,0.16564193267638058,0.16423818748420788,0.16985316825289873,0.1670456778685533,0.16985316825289873,0.16844942306072602,0.17125691344507146,0.16564193267638058,0.16985316825289873,0.1670456778685533,0.16985316825289873,0.16844942306072602,0.16985316825289873,0.17125691344507146,0.1670456778685533,0.16423818748420788,0.158623206715517,