# R script for Peak Model
#  -- generated by MACS
p <- c(0.009783299907058651,0.009783299907058651,0.009783299907058651,0.014674949860587976,0.014674949860587976,0.024458249767646628,0.024458249767646628,0.03424154967470528,0.02934989972117595,0.024458249767646628,0.02934989972117595,0.02934989972117595,0.03424154967470528,0.02934989972117595,0.02934989972117595,0.02934989972117595,0.02934989972117595,0.024458249767646628,0.02934989972117595,0.039133199628234604,0.039133199628234604,0.04402484958176393,0.048916499535293256,0.05380814948882258,0.0586997994423519,0.05380814948882258,0.0586997994423519,0.05380814948882258,0.048916499535293256,0.039133199628234604,0.03424154967470528,0.02934989972117595,0.024458249767646628,0.019566599814117302,0.014674949860587976,0.009783299907058651,0.0048916499535293255,0.0048916499535293255,0.014674949860587976,0.014674949860587976,0.014674949860587976,0.014674949860587976,0.014674949860587976,0.014674949860587976,0.014674949860587976,0.014674949860587976,0.014674949860587976,0.014674949860587976,0.009783299907058651,0.014674949860587976,0.019566599814117302,0.019566599814117302,0.019566599814117302,0.024458249767646628,0.02934989972117595,0.02934989972117595,0.02934989972117595,0.039133199628234604,0.04402484958176393,0.039133199628234604,0.03424154967470528,0.03424154967470528,0.02934989972117595,0.024458249767646628,0.019566599814117302,0.019566599814117302,0.024458249767646628,0.024458249767646628,0.014674949860587976,0.014674949860587976,0.014674949860587976,0.014674949860587976,0.019566599814117302,0.019566599814117302,0.019566599814117302,0.024458249767646628,0.02934989972117595,0.019566599814117302,0.024458249767646628,0.02934989972117595,0.03424154967470528,0.039133199628234604,0.048916499535293256,0.05380814948882258,0.05380814948882258,0.05380814948882258,0.048916499535293256,0.05380814948882258,0.05380814948882258,0.05380814948882258,0.05380814948882258,0.048916499535293256,0.03424154967470528,0.02934989972117595,0.02934989972117595,0.03424154967470528,0.039133199628234604,0.039133199628234604,0.039133199628234604,0.04402484958176393,0.039133199628234604,0.039133199628234604,0.039133199628234604,0.05380814948882258,0.05380814948882258,0.048916499535293256,0.039133199628234604,0.03424154967470528,0.02934989972117595,0.019566599814117302,0.02934989972117595,0.03424154967470528,0.039133199628234604,0.024458249767646628,0.039133199628234604,0.048916499535293256,0.048916499535293256,0.05380814948882258,0.0586997994423519,0.06359144939588122,0.0586997994423519,0.06359144939588122,0.06359144939588122,0.06848309934941056,0.0586997994423519,0.05380814948882258,0.05380814948882258,0.048916499535293256,0.0586997994423519,0.06359144939588122,0.0586997994423519,0.0586997994423519,0.0586997994423519,0.05380814948882258,0.048916499535293256,0.05380814948882258,0.05380814948882258,0.0586997994423519,0.05380814948882258,0.04402484958176393,0.04402484958176393,0.048916499535293256,0.0586997994423519,0.06359144939588122,0.07337474930293988,0.06848309934941056,0.07826639925646921,0.07826639925646921,0.07337474930293988,0.08315804920999853,0.09294134911705719,0.08315804920999853,0.06848309934941056,0.06359144939588122,0.0586997994423519,0.05380814948882258,0.048916499535293256,0.04402484958176393,0.048916499535293256,0.048916499535293256,0.05380814948882258,0.05380814948882258,0.0586997994423519,0.06359144939588122,0.07337474930293988,0.07337474930293988,0.06848309934941056,0.07337474930293988,0.06848309934941056,0.06359144939588122,0.05380814948882258,0.05380814948882258,0.048916499535293256,0.0586997994423519,0.06359144939588122,0.06359144939588122,0.06359144939588122,0.06848309934941056,0.08804969916352785,0.08804969916352785,0.08804969916352785,0.08315804920999853,0.08804969916352785,0.07826639925646921,0.06359144939588122,0.06848309934941056,0.07826639925646921,0.07337474930293988,0.0586997994423519,0.05380814948882258,0.05380814948882258,0.05380814948882258,0.048916499535293256,0.04402484958176393,0.05380814948882258,0.0586997994423519,0.06359144939588122,0.07337474930293988,0.07826639925646921,0.08804969916352785,0.08804969916352785,0.10272464902411584,0.1173995988847038,0.13696619869882112,0.1320745487452918,0.1320745487452918,0.12229124883823314,0.11250794893117448,0.10272464902411584,0.1173995988847038,0.12718289879176245,0.1173995988847038,0.10761629897764516,0.09294134911705719,0.09783299907058651,0.08804969916352785,0.08804969916352785,0.09783299907058651,0.10272464902411584,0.08804969916352785,0.08804969916352785,0.09294134911705719,0.08804969916352785,0.08804969916352785,0.08315804920999853,0.08315804920999853,0.09783299907058651,0.08315804920999853,0.08315804920999853,0.07337474930293988,0.06359144939588122,0.05380814948882258,0.05380814948882258,0.06359144939588122,0.06359144939588122,0.07826639925646921,0.06359144939588122,0.08315804920999853,0.07337474930293988,0.08804969916352785,0.09294134911705719,0.12229124883823314,0.1320745487452918,0.1173995988847038,0.11250794893117448,0.09783299907058651,0.10761629897764516,0.10272464902411584,0.12229124883823314,0.1173995988847038,0.1173995988847038,0.09294134911705719,0.08315804920999853,0.08315804920999853,0.08315804920999853,0.08315804920999853,0.09294134911705719,0.08804969916352785,0.06848309934941056,0.0586997994423519,0.05380814948882258,0.0586997994423519,0.06848309934941056,0.09783299907058651,0.09294134911705719,0.09783299907058651,0.07337474930293988,0.07337474930293988,0.08315804920999853,0.08315804920999853,0.08315804920999853,0.08315804920999853,0.09294134911705719,0.07337474930293988,0.07826639925646921,0.07337474930293988,0.07337474930293988,0.07337474930293988,0.07826639925646921,0.09783299907058651,0.09783299907058651,0.09783299907058651,0.09294134911705719,0.10761629897764516,0.11250794893117448,0.12229124883823314,0.14674949860587977,0.14185784865235043,0.15164114855940908,0.14185784865235043,0.15653279851293841,0.15653279851293841,0.14674949860587977,0.1320745487452918,0.14185784865235043,0.14674949860587977,0.13696619869882112,0.13696619869882112,0.1173995988847038,0.1173995988847038,0.10761629897764516,0.10272464902411584,0.09783299907058651,0.10272464902411584,0.09294134911705719,0.08315804920999853,0.07337474930293988,0.08804969916352785,0.10761629897764516,0.10761629897764516,0.10272464902411584,0.10272464902411584,0.10761629897764516,0.10761629897764516,0.09783299907058651,0.09783299907058651,0.10272464902411584,0.10761629897764516,0.09783299907058651,0.09294134911705719,0.09294134911705719,0.10272464902411584,0.10761629897764516,0.1173995988847038,0.1320745487452918,0.1320745487452918,0.12718289879176245,0.10761629897764516,0.12229124883823314,0.1320745487452918,0.1712077483735264,0.1760993983270557,0.16631609841999706,0.16631609841999706,0.16631609841999706,0.1760993983270557,0.18588269823411438,0.22501589786234896,0.21523259795529032,0.22012424790881965,0.1907743481876437,0.18099104828058504,0.18588269823411438,0.18099104828058504,0.1907743481876437,0.1760993983270557,0.16142444846646775,0.12229124883823314,0.12229124883823314,0.11250794893117448,0.1173995988847038,0.12718289879176245,0.12718289879176245,0.1173995988847038,0.10761629897764516,0.12718289879176245,0.1320745487452918,0.14185784865235043,0.13696619869882112,0.14185784865235043,0.13696619869882112,0.1173995988847038,0.1173995988847038,0.10761629897764516,0.09783299907058651,0.08315804920999853,0.09294134911705719,0.07826639925646921,0.07826639925646921,0.08315804920999853,0.08315804920999853,0.08804969916352785,0.09783299907058651,0.10761629897764516,0.10272464902411584,0.10272464902411584,0.09294134911705719,0.10272464902411584,0.10272464902411584,0.08804969916352785,0.08804969916352785,0.10272464902411584,0.10272464902411584,0.10761629897764516,0.1173995988847038,0.1173995988847038,0.12718289879176245,0.1320745487452918,0.14185784865235043,0.15653279851293841,0.15653279851293841,0.14185784865235043,0.13696619869882112,0.13696619869882112,0.12718289879176245,