# R script for Peak Model
#  -- generated by MACS
p <- c(0.019777307517354587,0.019777307517354587,0.023732769020825505,0.027688230524296423,0.03164369202776734,0.029665961276031882,0.03164369202776734,0.029665961276031882,0.025710499772560964,0.027688230524296423,0.027688230524296423,0.029665961276031882,0.027688230524296423,0.023732769020825505,0.019777307517354587,0.019777307517354587,0.021755038269090046,0.017799576765619128,0.01582184601388367,0.013844115262148212,0.01582184601388367,0.013844115262148212,0.013844115262148212,0.017799576765619128,0.017799576765619128,0.013844115262148212,0.009888653758677294,0.013844115262148212,0.013844115262148212,0.01582184601388367,0.01582184601388367,0.019777307517354587,0.025710499772560964,0.025710499772560964,0.027688230524296423,0.03164369202776734,0.0336214227795028,0.029665961276031882,0.027688230524296423,0.035599153531238256,0.03757688428297372,0.03757688428297372,0.029665961276031882,0.027688230524296423,0.03164369202776734,0.029665961276031882,0.035599153531238256,0.039554615034709174,0.04153234578644464,0.04153234578644464,0.04153234578644464,0.04153234578644464,0.04548780728991555,0.04548780728991555,0.04153234578644464,0.04153234578644464,0.039554615034709174,0.039554615034709174,0.04548780728991555,0.035599153531238256,0.03757688428297372,0.035599153531238256,0.035599153531238256,0.0336214227795028,0.039554615034709174,0.039554615034709174,0.035599153531238256,0.03164369202776734,0.029665961276031882,0.03164369202776734,0.029665961276031882,0.035599153531238256,0.035599153531238256,0.03757688428297372,0.03164369202776734,0.029665961276031882,0.03164369202776734,0.0336214227795028,0.0336214227795028,0.03757688428297372,0.035599153531238256,0.027688230524296423,0.027688230524296423,0.027688230524296423,0.029665961276031882,0.0336214227795028,0.0336214227795028,0.0336214227795028,0.035599153531238256,0.03757688428297372,0.039554615034709174,0.04153234578644464,0.04153234578644464,0.04351007653818009,0.04153234578644464,0.04153234578644464,0.04153234578644464,0.04351007653818009,0.04153234578644464,0.03757688428297372,0.03757688428297372,0.03757688428297372,0.035599153531238256,0.039554615034709174,0.03757688428297372,0.03757688428297372,0.04153234578644464,0.04548780728991555,0.04153234578644464,0.039554615034709174,0.04153234578644464,0.04153234578644464,0.04153234578644464,0.03757688428297372,0.039554615034709174,0.03757688428297372,0.0336214227795028,0.029665961276031882,0.027688230524296423,0.025710499772560964,0.023732769020825505,0.029665961276031882,0.027688230524296423,0.025710499772560964,0.03164369202776734,0.0336214227795028,0.03164369202776734,0.035599153531238256,0.035599153531238256,0.03757688428297372,0.035599153531238256,0.027688230524296423,0.029665961276031882,0.035599153531238256,0.029665961276031882,0.027688230524296423,0.029665961276031882,0.029665961276031882,0.035599153531238256,0.04153234578644464,0.04548780728991555,0.05142099954512193,0.05142099954512193,0.049443268793386466,0.049443268793386466,0.049443268793386466,0.053398730296857384,0.053398730296857384,0.05142099954512193,0.049443268793386466,0.05142099954512193,0.049443268793386466,0.05142099954512193,0.04746553804165101,0.049443268793386466,0.0573541918003283,0.053398730296857384,0.049443268793386466,0.049443268793386466,0.04548780728991555,0.039554615034709174,0.04153234578644464,0.04153234578644464,0.05142099954512193,0.05142099954512193,0.05142099954512193,0.05142099954512193,0.053398730296857384,0.053398730296857384,0.05142099954512193,0.05537646104859285,0.053398730296857384,0.0573541918003283,0.049443268793386466,0.04746553804165101,0.04351007653818009,0.04153234578644464,0.035599153531238256,0.035599153531238256,0.039554615034709174,0.035599153531238256,0.0336214227795028,0.027688230524296423,0.03164369202776734,0.04351007653818009,0.04548780728991555,0.04746553804165101,0.053398730296857384,0.053398730296857384,0.05537646104859285,0.06130965330379922,0.06328738405553468,0.07119830706247651,0.0672428455590056,0.0573541918003283,0.053398730296857384,0.05537646104859285,0.05142099954512193,0.053398730296857384,0.049443268793386466,0.04548780728991555,0.04351007653818009,0.04153234578644464,0.04351007653818009,0.039554615034709174,0.035599153531238256,0.03164369202776734,0.035599153531238256,0.035599153531238256,0.035599153531238256,0.035599153531238256,0.039554615034709174,0.0336214227795028,0.029665961276031882,0.0336214227795028,0.03757688428297372,0.039554615034709174,0.03757688428297372,0.03757688428297372,0.03757688428297372,0.035599153531238256,0.035599153531238256,0.039554615034709174,0.04548780728991555,0.04746553804165101,0.04548780728991555,0.04548780728991555,0.04153234578644464,0.04351007653818009,0.04351007653818009,0.04351007653818009,0.04153234578644464,0.035599153531238256,0.03164369202776734,0.027688230524296423,0.029665961276031882,0.035599153531238256,0.035599153531238256,0.03164369202776734,0.03164369202776734,0.03164369202776734,0.03164369202776734,0.0336214227795028,0.029665961276031882,0.03164369202776734,0.0336214227795028,0.027688230524296423,0.0336214227795028,0.035599153531238256,0.04153234578644464,0.04153234578644464,0.04153234578644464,0.04153234578644464,0.04153234578644464,0.04746553804165101,0.04153234578644464,0.04351007653818009,0.04351007653818009,0.04351007653818009,0.04351007653818009,0.04746553804165101,0.05537646104859285,0.059331922552063765,0.0672428455590056,0.06328738405553468,0.07119830706247651,0.06922057631074105,0.0672428455590056,0.07317603781421197,0.07317603781421197,0.07713149931768289,0.07317603781421197,0.07910923006941835,0.08108696082115381,0.08306469157288927,0.08504242232462472,0.09690880683503748,0.09888653758677293,0.09493107608330202,0.09888653758677293,0.10284199909024386,0.10877519134545023,0.1107529220971857,0.11668611435239207,0.12261930660759844,0.13053022961454028,0.1344856911180112,0.1443743448766885,0.14635207562842395,0.14635207562842395,0.15030753713189487,0.15030753713189487,0.1522852678836303,0.1483298063801594,0.1522852678836303,0.14635207562842395,0.1443743448766885,0.14041888337321756,0.1443743448766885,0.1443743448766885,0.13646342186974666,0.1384411526214821,0.13646342186974666,0.14041888337321756,0.13646342186974666,0.14239661412495302,0.14239661412495302,0.1443743448766885,0.15426299863536577,0.1582184601388367,0.16217392164230762,0.16019619089057216,0.16217392164230762,0.16612938314577855,0.17404030615272037,0.1779957676561913,0.1819512291596622,0.18392895991139765,0.17404030615272037,0.16217392164230762,0.16415165239404308,0.16217392164230762,0.16810711389751398,0.16810711389751398,0.15624072938710123,0.1483298063801594,0.14041888337321756,0.13053022961454028,0.12657476811106935,0.15030753713189487,0.15624072938710123,0.1582184601388367,0.15030753713189487,0.1483298063801594,0.15624072938710123,0.16612938314577855,0.1720625754009849,0.17404030615272037,0.18392895991139765,0.1779957676561913,0.1779957676561913,0.17601803690445583,0.18392895991139765,0.17601803690445583,0.1720625754009849,0.16415165239404308,0.17008484464924944,0.1779957676561913,0.17008484464924944,0.16810711389751398,0.17008484464924944,0.17601803690445583,0.17008484464924944,0.1720625754009849,0.17601803690445583,0.1819512291596622,0.16612938314577855,0.1582184601388367,0.16810711389751398,0.16612938314577855,0.16415165239404308,0.17008484464924944,0.16810711389751398,0.17008484464924944,0.16612938314577855,0.16217392164230762,0.16612938314577855,0.1819512291596622,0.17008484464924944,0.15624072938710123,0.1582184601388367,0.14635207562842395,0.14635207562842395,0.1443743448766885,0.14239661412495302,0.1384411526214821,0.13250796036627574,0.1245970373593339,0.12855249886280481,0.13646342186974666,0.11668611435239207,0.11866384510412753,0.11866384510412753,0.12261930660759844,0.12261930660759844,0.1245970373593339,0.13053022961454028,0.12855249886280481,0.13250796036627574,0.12855249886280481,0.13646342186974666,0.14041888337321756,0.1443743448766885,