# R script for Peak Model
#  -- generated by MACS
p <- c(0.009235571728067826,0.012006243246488173,0.015700471937715305,0.019394700628942434,0.02031825780174922,0.021241814974556,0.02216537214736278,0.02031825780174922,0.023088929320169566,0.02216537214736278,0.024012486492976347,0.02216537214736278,0.024012486492976347,0.023088929320169566,0.02863027235701026,0.02770671518420348,0.029553829529817045,0.03232450104823739,0.029553829529817045,0.030477386702623826,0.03232450104823739,0.034171615393850954,0.03140094387543061,0.03232450104823739,0.02863027235701026,0.03232450104823739,0.03140094387543061,0.029553829529817045,0.034171615393850954,0.03232450104823739,0.02770671518420348,0.026783158011396694,0.025859600838589913,0.026783158011396694,0.02770671518420348,0.02493604366578313,0.025859600838589913,0.02770671518420348,0.025859600838589913,0.02863027235701026,0.029553829529817045,0.029553829529817045,0.03232450104823739,0.03232450104823739,0.03324805822104417,0.03232450104823739,0.03232450104823739,0.03324805822104417,0.03878940125788487,0.037865844085078086,0.04156007277630522,0.04433074429472556,0.04525430146753235,0.04617785864033913,0.04340718712191878,0.04433074429472556,0.04340718712191878,0.042483629949112,0.037865844085078086,0.03971295843069165,0.037865844085078086,0.034171615393850954,0.03324805822104417,0.03232450104823739,0.03140094387543061,0.029553829529817045,0.02863027235701026,0.030477386702623826,0.03140094387543061,0.02770671518420348,0.026783158011396694,0.02863027235701026,0.025859600838589913,0.026783158011396694,0.025859600838589913,0.029553829529817045,0.02863027235701026,0.03140094387543061,0.030477386702623826,0.03324805822104417,0.036942286912271305,0.036942286912271305,0.037865844085078086,0.037865844085078086,0.04340718712191878,0.04340718712191878,0.048948530158759475,0.04525430146753235,0.04617785864033913,0.04433074429472556,0.03971295843069165,0.03878940125788487,0.036018729739464524,0.035095172566657735,0.035095172566657735,0.036018729739464524,0.030477386702623826,0.03140094387543061,0.030477386702623826,0.03232450104823739,0.035095172566657735,0.036018729739464524,0.04340718712191878,0.04525430146753235,0.04525430146753235,0.042483629949112,0.04710141581314591,0.04617785864033913,0.048024972985952694,0.04710141581314591,0.04525430146753235,0.048948530158759475,0.04433074429472556,0.03971295843069165,0.036942286912271305,0.03878940125788487,0.036018729739464524,0.034171615393850954,0.02863027235701026,0.02770671518420348,0.03140094387543061,0.029553829529817045,0.03140094387543061,0.03232450104823739,0.03232450104823739,0.03232450104823739,0.03232450104823739,0.034171615393850954,0.03878940125788487,0.03971295843069165,0.03878940125788487,0.04340718712191878,0.04156007277630522,0.042483629949112,0.04156007277630522,0.042483629949112,0.042483629949112,0.04156007277630522,0.03971295843069165,0.03971295843069165,0.03971295843069165,0.036018729739464524,0.035095172566657735,0.036942286912271305,0.04063651560349844,0.03971295843069165,0.04063651560349844,0.04063651560349844,0.04433074429472556,0.04617785864033913,0.04156007277630522,0.04340718712191878,0.04525430146753235,0.04340718712191878,0.042483629949112,0.04063651560349844,0.03971295843069165,0.042483629949112,0.03878940125788487,0.034171615393850954,0.03878940125788487,0.036018729739464524,0.037865844085078086,0.04063651560349844,0.04525430146753235,0.04525430146753235,0.04987208733156626,0.051719201677179825,0.054489873195600176,0.06095477340524765,0.06464900209647478,0.06464900209647478,0.06187833057805443,0.06095477340524765,0.054489873195600176,0.05726054471402052,0.05726054471402052,0.05356631602279339,0.054489873195600176,0.048948530158759475,0.04617785864033913,0.048948530158759475,0.04710141581314591,0.04710141581314591,0.048948530158759475,0.04710141581314591,0.042483629949112,0.042483629949112,0.04063651560349844,0.04617785864033913,0.048024972985952694,0.042483629949112,0.048024972985952694,0.04987208733156626,0.048024972985952694,0.04710141581314591,0.050795644504373044,0.051719201677179825,0.05541343036840696,0.05356631602279339,0.05541343036840696,0.05910765905963409,0.0581841018868273,0.05356631602279339,0.05633698754121374,0.05726054471402052,0.06003121623244087,0.06003121623244087,0.05541343036840696,0.05264275884998661,0.04340718712191878,0.03971295843069165,0.036018729739464524,0.035095172566657735,0.036018729739464524,0.036018729739464524,0.03232450104823739,0.03232450104823739,0.036018729739464524,0.04063651560349844,0.042483629949112,0.04617785864033913,0.048024972985952694,0.048024972985952694,0.04525430146753235,0.04710141581314591,0.04617785864033913,0.04987208733156626,0.051719201677179825,0.048024972985952694,0.050795644504373044,0.054489873195600176,0.05264275884998661,0.05541343036840696,0.06003121623244087,0.0581841018868273,0.0581841018868273,0.05541343036840696,0.048024972985952694,0.051719201677179825,0.051719201677179825,0.048024972985952694,0.048948530158759475,0.051719201677179825,0.04710141581314591,0.04987208733156626,0.05264275884998661,0.05910765905963409,0.06187833057805443,0.0581841018868273,0.05910765905963409,0.05726054471402052,0.063725444923668,0.06280188775086122,0.06464900209647478,0.0692667879605087,0.06649611644208835,0.06187833057805443,0.06280188775086122,0.06464900209647478,0.06557255926928157,0.06741967361489513,0.06741967361489513,0.06834323078770191,0.06741967361489513,0.06280188775086122,0.06741967361489513,0.06834323078770191,0.07203745947892905,0.07573168817015617,0.07111390230612226,0.07480813099734938,0.07296101665173582,0.07480813099734938,0.07757880251576973,0.07665524534296296,0.07480813099734938,0.07203745947892905,0.07480813099734938,0.07019034513331547,0.07573168817015617,0.07296101665173582,0.07203745947892905,0.07296101665173582,0.07388457382454261,0.07111390230612226,0.07480813099734938,0.07850235968857652,0.07388457382454261,0.0794259168613833,0.084967259898224,0.0905086029350647,0.09420283162629182,0.09789706031751895,0.09974417466313253,0.10990330356400713,0.11544464660084783,0.11452108942804104,0.1163682037736546,0.1163682037736546,0.11729176094646139,0.1163682037736546,0.11821531811926818,0.11729176094646139,0.11267397508242748,0.10990330356400713,0.10251484618155286,0.10805618921839356,0.10528551769997321,0.10436196052716644,0.10343840335435965,0.10343840335435965,0.09882061749032574,0.09420283162629182,0.10159128900874609,0.10159128900874609,0.09974417466313253,0.09512638879909861,0.09604994597190539,0.09789706031751895,0.09327927445348504,0.09697350314471218,0.10251484618155286,0.10436196052716644,0.10159128900874609,0.1006677318359393,0.10620907487278,0.11082686073681391,0.11452108942804104,0.1163682037736546,0.11821531811926818,0.12468021832891565,0.11913887529207495,0.12652733267452923,0.12652733267452923,0.12929800419294957,0.127450889847336,0.13114511853856314,0.13022156136575636,0.12560377550172244,0.1219095468104953,0.11175041790962069,0.11175041790962069,0.11175041790962069,0.11452108942804104,0.11359753225523427,0.11452108942804104,0.10713263204558678,0.10713263204558678,0.11175041790962069,0.11913887529207495,0.11821531811926818,0.12652733267452923,0.12006243246488174,0.11821531811926818,0.12006243246488174,0.12098598963768852,0.12283310398330209,0.12468021832891565,0.12837444702014278,0.127450889847336,0.13022156136575636,0.12929800419294957,0.1320686757113699,0.13576290440259706,0.13391579005698348,0.14038069026663094,0.1385335759210174,0.14130424743943773,0.13576290440259706,0.13945713309382418,0.13576290440259706,0.1320686757113699,0.13022156136575636,0.12560377550172244,0.127450889847336,0.11729176094646139,0.11452108942804104,0.1163682037736546,0.12098598963768852,0.11452108942804104,0.12098598963768852,0.1219095468104953,0.12560377550172244,0.127450889847336,0.12929800419294957,0.13391579005698348,0.14130424743943773,0.14038069026663094,0.1329922328841767,0.13668646157540382,0.13022156136575636,0.1329922328841767,0.12837444702014278,0.127450889847336,