# R script for Peak Model
#  -- generated by MACS
p <- c(0.006109388602935561,0.0068730621783025065,0.007636735753669452,0.008400409329036396,0.010691430055137232,0.012982450781238067,0.013746124356605013,0.011455103630504178,0.011455103630504178,0.013746124356605013,0.013746124356605013,0.012982450781238067,0.012982450781238067,0.012982450781238067,0.012982450781238067,0.012218777205871122,0.012982450781238067,0.013746124356605013,0.014509797931971958,0.014509797931971958,0.014509797931971958,0.015273471507338904,0.01603714508270585,0.016800818658072793,0.015273471507338904,0.016800818658072793,0.015273471507338904,0.01603714508270585,0.014509797931971958,0.013746124356605013,0.01603714508270585,0.01603714508270585,0.017564492233439737,0.01909183938417363,0.02061918653490752,0.017564492233439737,0.019855512959540574,0.018328165808806685,0.022910207261008356,0.0236738808363753,0.0236738808363753,0.0236738808363753,0.022146533685641408,0.022146533685641408,0.022146533685641408,0.025964901562476134,0.02520122798710919,0.029019595863943915,0.02825592228857697,0.027492248713210026,0.027492248713210026,0.030546943014677808,0.029019595863943915,0.02825592228857697,0.02825592228857697,0.0236738808363753,0.024437554411742245,0.022146533685641408,0.01909183938417363,0.017564492233439737,0.019855512959540574,0.018328165808806685,0.019855512959540574,0.02061918653490752,0.02061918653490752,0.022146533685641408,0.02061918653490752,0.019855512959540574,0.019855512959540574,0.021382860110274463,0.022146533685641408,0.02520122798710919,0.02672857513784308,0.024437554411742245,0.0236738808363753,0.0236738808363753,0.024437554411742245,0.027492248713210026,0.02978326943931086,0.032837963740778645,0.030546943014677808,0.025964901562476134,0.02672857513784308,0.02672857513784308,0.02520122798710919,0.02672857513784308,0.02520122798710919,0.024437554411742245,0.022910207261008356,0.021382860110274463,0.022146533685641408,0.025964901562476134,0.025964901562476134,0.030546943014677808,0.0320742901654117,0.033601637316145586,0.03665633161761337,0.03818367876834726,0.03971102591908115,0.040474699494448096,0.0389473523437142,0.040474699494448096,0.03818367876834726,0.035128984466879475,0.035128984466879475,0.032837963740778645,0.033601637316145586,0.03131061659004475,0.030546943014677808,0.03131061659004475,0.033601637316145586,0.02978326943931086,0.030546943014677808,0.033601637316145586,0.03818367876834726,0.040474699494448096,0.040474699494448096,0.043529393795915874,0.043529393795915874,0.042765720220548926,0.042002046645181985,0.040474699494448096,0.0389473523437142,0.03971102591908115,0.03665633161761337,0.034365310891512534,0.035128984466879475,0.035128984466879475,0.03742000519298031,0.03665633161761337,0.034365310891512534,0.03665633161761337,0.03971102591908115,0.0389473523437142,0.04123837306981504,0.04582041452201671,0.04582041452201671,0.04582041452201671,0.0473477616727506,0.051166129549585326,0.05192980312495227,0.052693476700319215,0.052693476700319215,0.05192980312495227,0.052693476700319215,0.04582041452201671,0.04963878239885144,0.04658408809738365,0.04582041452201671,0.044293067371282815,0.04505674094664976,0.0473477616727506,0.05345715027568616,0.05727551815252089,0.05727551815252089,0.061857559604722556,0.05803919172788783,0.0641485803308234,0.06338490675545645,0.06491225390619033,0.06643960105692423,0.06491225390619033,0.0641485803308234,0.06338490675545645,0.06873062178302507,0.07178531608449285,0.07025796893375895,0.07331266323522674,0.07560368396132756,0.07407633681059368,0.07484001038596062,0.07713103111206146,0.07560368396132756,0.07636735753669452,0.07254898965985979,0.07025796893375895,0.07025796893375895,0.06796694820765811,0.06567592748155729,0.0641485803308234,0.06491225390619033,0.06796694820765811,0.06796694820765811,0.06949429535839201,0.06720327463229117,0.06643960105692423,0.06720327463229117,0.06720327463229117,0.06873062178302507,0.07254898965985979,0.07331266323522674,0.07254898965985979,0.07254898965985979,0.0710216425091259,0.07407633681059368,0.07636735753669452,0.0778947046874284,0.07560368396132756,0.0794220518381623,0.07865837826279536,0.0778947046874284,0.08171307256426313,0.08094939898889619,0.0794220518381623,0.08171307256426313,0.08400409329036397,0.09087715546866647,0.09011348189329953,0.08858613474256563,0.09087715546866647,0.0931681761947673,0.08629511401646481,0.08782246116719869,0.09087715546866647,0.08705878759183175,0.08934980831793259,0.08476776686573091,0.09622287049623508,0.09011348189329953,0.09698654407160204,0.09622287049623508,0.09927756479770287,0.10156858552380371,0.10691430055137233,0.11455103630504178,0.11455103630504178,0.11607838345577566,0.10767797412673927,0.11531470988040872,0.10615062697600537,0.10844164770210621,0.10920532127747316,0.10538695340063843,0.10004123837306982,0.09087715546866647,0.08858613474256563,0.08858613474256563,0.0946955233455012,0.09545919692086814,0.0946955233455012,0.0931681761947673,0.09927756479770287,0.10004123837306982,0.10156858552380371,0.10615062697600537,0.11302368915430788,0.11226001557894094,0.10615062697600537,0.11302368915430788,0.1168420570311426,0.1183694041818765,0.11073266842820705,0.12218777205871123,0.12066042490797733,0.1183694041818765,0.11378736272967482,0.1198967513326104,0.1198967513326104,0.11226001557894094,0.11531470988040872,0.11531470988040872,0.11760573060650956,0.11378736272967482,0.11607838345577566,0.1168420570311426,0.1168420570311426,0.11302368915430788,0.11378736272967482,0.11073266842820705,0.1099689948528401,0.1099689948528401,0.11226001557894094,0.10691430055137233,0.1030959326745376,0.10080491194843676,0.10767797412673927,0.11378736272967482,0.11760573060650956,0.12295144563407817,0.12295144563407817,0.12295144563407817,0.1282971606616468,0.1282971606616468,0.13135185496311458,0.14127961144288487,0.13975226429215096,0.1420432850182518,0.13975226429215096,0.1458616528950865,0.14662532647045348,0.14738900004582042,0.1504436943472882,0.15273471507338904,0.15655308295022374,0.15120736792265513,0.14433430574435263,0.14509797931971957,0.14738900004582042,0.14280695859361875,0.14127961144288487,0.1489163471965543,0.14738900004582042,0.1519710414980221,0.1504436943472882,0.15273471507338904,0.15808043010095765,0.15808043010095765,0.15960777725169153,0.1573167565255907,0.16189879797779239,0.1588441036763246,0.15273471507338904,0.1519710414980221,0.15808043010095765,0.16266247155315933,0.16266247155315933,0.15426206222412292,0.1489163471965543,0.14662532647045348,0.13975226429215096,0.13211552853848152,0.13135185496311458,0.13211552853848152,0.12218777205871123,0.12371511920944511,0.12142409848334428,0.11913307775724344,0.1267698135109129,0.1366975699906832,0.1405159378675179,0.1504436943472882,0.1519710414980221,0.15273471507338904,0.1504436943472882,0.14738900004582042,0.15426206222412292,0.15808043010095765,0.15120736792265513,0.15120736792265513,0.15426206222412292,0.14509797931971957,0.1458616528950865,0.1420432850182518,0.14433430574435263,0.1458616528950865,0.13975226429215096,0.1435706321689857,0.1489163471965543,0.14433430574435263,0.13898859071678402,0.1435706321689857,0.14127961144288487,0.1435706321689857,0.14738900004582042,0.14280695859361875,0.1405159378675179,0.13746124356605013,0.13898859071678402,0.13898859071678402,0.14662532647045348,0.14815267362118736,0.14815267362118736,0.14433430574435263,0.1504436943472882,0.15502573579948986,0.16037145082705848,0.15808043010095765,0.15655308295022374,0.15426206222412292,0.1519710414980221,0.14662532647045348,0.1504436943472882,0.15960777725169153,0.15655308295022374,0.15808043010095765,0.15655308295022374,0.1641898187038932,0.16495349227926015,0.16495349227926015,0.16648083942999403,0.17488124875903044,0.17640859590976432,0.16877186015609488,0.17029920730682876,0.1657171658546271,0.16800818658072794,0.15808043010095765,0.1557894093748568,0.16266247155315933,0.16342614512852627,0.16342614512852627,0.1573167565255907,0.15808043010095765,0.1489163471965543,0.14968002077192125,