# R script for Peak Model
#  -- generated by MACS
p <- c(0.0065541966521163505,0.01048671464338616,0.01704091129550251,0.01835175062592578,0.02490594727804213,0.026216786608465402,0.02752762593888867,0.02883846526931194,0.02883846526931194,0.02883846526931194,0.02883846526931194,0.026216786608465402,0.02228426861719559,0.02228426861719559,0.01573007196507924,0.01441923263465597,0.01704091129550251,0.01835175062592578,0.02097342928677232,0.02359510794761886,0.02490594727804213,0.02752762593888867,0.02752762593888867,0.02752762593888867,0.03408182259100502,0.035392661921428294,0.03146014393015848,0.026216786608465402,0.02490594727804213,0.02490594727804213,0.026216786608465402,0.02490594727804213,0.02359510794761886,0.02752762593888867,0.02359510794761886,0.02490594727804213,0.02752762593888867,0.03014930459973521,0.03014930459973521,0.03014930459973521,0.03146014393015848,0.03146014393015848,0.03277098326058175,0.02883846526931194,0.03014930459973521,0.03146014393015848,0.02883846526931194,0.02752762593888867,0.026216786608465402,0.02490594727804213,0.02228426861719559,0.02097342928677232,0.01835175062592578,0.01966258995634905,0.01704091129550251,0.01441923263465597,0.01573007196507924,0.01573007196507924,0.01966258995634905,0.02228426861719559,0.02228426861719559,0.02752762593888867,0.02883846526931194,0.03014930459973521,0.03146014393015848,0.03146014393015848,0.02883846526931194,0.03146014393015848,0.03014930459973521,0.02490594727804213,0.026216786608465402,0.02228426861719559,0.02359510794761886,0.02228426861719559,0.02228426861719559,0.02228426861719559,0.026216786608465402,0.02228426861719559,0.02228426861719559,0.02359510794761886,0.026216786608465402,0.02752762593888867,0.02752762593888867,0.026216786608465402,0.02490594727804213,0.026216786608465402,0.02359510794761886,0.02490594727804213,0.02752762593888867,0.02883846526931194,0.02359510794761886,0.02228426861719559,0.02490594727804213,0.026216786608465402,0.02752762593888867,0.02752762593888867,0.03014930459973521,0.03146014393015848,0.026216786608465402,0.02752762593888867,0.02883846526931194,0.03014930459973521,0.026216786608465402,0.02490594727804213,0.026216786608465402,0.026216786608465402,0.02228426861719559,0.01966258995634905,0.02490594727804213,0.02228426861719559,0.02228426861719559,0.01966258995634905,0.02359510794761886,0.02490594727804213,0.02359510794761886,0.02228426861719559,0.026216786608465402,0.02883846526931194,0.02490594727804213,0.02490594727804213,0.026216786608465402,0.02752762593888867,0.02752762593888867,0.026216786608465402,0.03014930459973521,0.035392661921428294,0.03146014393015848,0.03408182259100502,0.03277098326058175,0.03408182259100502,0.03146014393015848,0.03014930459973521,0.03014930459973521,0.035392661921428294,0.03014930459973521,0.02752762593888867,0.03014930459973521,0.026216786608465402,0.02883846526931194,0.026216786608465402,0.03014930459973521,0.03277098326058175,0.02883846526931194,0.02359510794761886,0.02883846526931194,0.02752762593888867,0.02752762593888867,0.03014930459973521,0.02883846526931194,0.03014930459973521,0.03146014393015848,0.03408182259100502,0.0393251799126981,0.0393251799126981,0.03801434058227483,0.03670350125185156,0.03408182259100502,0.03146014393015848,0.03277098326058175,0.03146014393015848,0.02883846526931194,0.02359510794761886,0.01966258995634905,0.02228426861719559,0.01835175062592578,0.01966258995634905,0.02097342928677232,0.02097342928677232,0.02228426861719559,0.02359510794761886,0.02228426861719559,0.02359510794761886,0.02228426861719559,0.02097342928677232,0.02359510794761886,0.026216786608465402,0.02752762593888867,0.03277098326058175,0.03408182259100502,0.03801434058227483,0.03801434058227483,0.03801434058227483,0.04325769790396791,0.04325769790396791,0.04456853723439118,0.04325769790396791,0.04850105522566099,0.04456853723439118,0.04325769790396791,0.04325769790396791,0.04981189455608426,0.05505525187777734,0.04981189455608426,0.04719021589523772,0.04325769790396791,0.04456853723439118,0.04456853723439118,0.04456853723439118,0.04456853723439118,0.04194685857354464,0.04063601924312137,0.04194685857354464,0.04194685857354464,0.05112273388650753,0.05636609120820061,0.052433573216930804,0.04850105522566099,0.04719021589523772,0.04587937656481445,0.04981189455608426,0.052433573216930804,0.052433573216930804,0.05636609120820061,0.052433573216930804,0.04981189455608426,0.05112273388650753,0.05374441254735407,0.05898776986904715,0.06292028786031696,0.06292028786031696,0.05898776986904715,0.05374441254735407,0.05374441254735407,0.052433573216930804,0.05636609120820061,0.05767693053862388,0.06029860919947042,0.06292028786031696,0.06292028786031696,0.05767693053862388,0.05636609120820061,0.05636609120820061,0.05505525187777734,0.05898776986904715,0.05505525187777734,0.05505525187777734,0.05112273388650753,0.04850105522566099,0.04325769790396791,0.04456853723439118,0.04587937656481445,0.04719021589523772,0.04587937656481445,0.04194685857354464,0.04587937656481445,0.04456853723439118,0.04194685857354464,0.0393251799126981,0.04063601924312137,0.04325769790396791,0.04063601924312137,0.04194685857354464,0.04456853723439118,0.04194685857354464,0.04194685857354464,0.04456853723439118,0.04719021589523772,0.052433573216930804,0.05636609120820061,0.06029860919947042,0.06160944852989369,0.05767693053862388,0.05636609120820061,0.05636609120820061,0.05374441254735407,0.052433573216930804,0.05374441254735407,0.05112273388650753,0.04850105522566099,0.052433573216930804,0.05898776986904715,0.0655419665211635,0.07078532384285659,0.07471784183412639,0.07996119915581947,0.08258287781666601,0.07996119915581947,0.08127203848624275,0.08782623513835909,0.08258287781666601,0.07996119915581947,0.07209616317327985,0.07471784183412639,0.07733952049497293,0.07733952049497293,0.08258287781666601,0.08258287781666601,0.09306959246005217,0.09569127112089872,0.09962378911216851,0.09438043179047544,0.09962378911216851,0.09962378911216851,0.09569127112089872,0.09700211045132198,0.09700211045132198,0.10748882509470814,0.09831294978174525,0.09962378911216851,0.09438043179047544,0.09962378911216851,0.1009346284425918,0.1009346284425918,0.10355630710343833,0.10617798576428487,0.10486714643386161,0.10224546777301506,0.10617798576428487,0.10224546777301506,0.10748882509470814,0.11928637906851758,0.1179755397380943,0.11928637906851758,0.12846225438148046,0.12452973639021066,0.11666470040767103,0.11142134308597795,0.10617798576428487,0.11011050375555469,0.11142134308597795,0.10486714643386161,0.11273218241640122,0.11535386107724777,0.10617798576428487,0.11142134308597795,0.1179755397380943,0.1271514150510572,0.12584057572063392,0.1179755397380943,0.11404302174682449,0.11666470040767103,0.11011050375555469,0.1009346284425918,0.10617798576428487,0.10486714643386161,0.1087996644251314,0.10355630710343833,0.11011050375555469,0.11273218241640122,0.11404302174682449,0.10355630710343833,0.11011050375555469,0.12190805772936411,0.1179755397380943,0.11666470040767103,0.11404302174682449,0.11273218241640122,0.10355630710343833,0.10748882509470814,0.1087996644251314,0.11535386107724777,0.10748882509470814,0.09962378911216851,0.10224546777301506,0.10355630710343833,0.10224546777301506,0.10355630710343833,0.11273218241640122,0.11404302174682449,0.11273218241640122,0.11011050375555469,0.11273218241640122,0.11535386107724777,0.1179755397380943,0.11535386107724777,0.1179755397380943,0.12059721839894084,0.12452973639021066,0.12452973639021066,0.12584057572063392,0.1350164510335968,0.13894896902486661,0.1402598083552899,0.14288148701613643,0.15074652299867605,0.15467904098994587,0.15074652299867605,0.14943568366825277,0.1573007196507924,0.1573007196507924,0.15205736232909933,0.14943568366825277,0.14943568366825277,0.14943568366825277,0.1441923263465597,0.14157064768571317,0.14681400500740624,0.15074652299867605,0.14288148701613643,0.15467904098994587,0.15861155898121568,0.16385491630290874,0.16778743429417856,0.17171995228544837,0.16909827362460184,0.17565247027671818,