CHROM,START,END,MOTIF,STRAND,PVALUE,TE,family_id,class_id
chr3,166482932,166482953,MA1714.1,-,2.32e-12,THE1D-int,ERVL-MaLR,LTR
chr13,112644846,112644867,MA1714.1,+,7.08e-12,THE1D-int,ERVL-MaLR,LTR
chr4,196784,196805,MA1714.1,+,1.42e-11,THE1B-int,ERVL-MaLR,LTR
chr6,68832143,68832164,MA1714.1,-,1.42e-11,THE1B-int,ERVL-MaLR,LTR
chr5,117993497,117993518,MA1714.1,-,1.42e-11,MSTA-int,ERVL-MaLR,LTR
chr7,120535478,120535499,MA1714.1,+,1.42e-11,THE1B-int,ERVL-MaLR,LTR
chrX,137017206,137017227,MA1714.1,+,1.42e-11,THE1B-int,ERVL-MaLR,LTR
chr17,67694696,67694717,MA1714.1,-,1.56e-11,THE1A-int,ERVL-MaLR,LTR
chr2,221791189,221791210,MA1714.1,-,6.07e-11,THE1B-int,ERVL-MaLR,LTR
chr8,78482234,78482255,MA1714.1,-,1.5e-10,THE1D-int,ERVL-MaLR,LTR
chr10,57053063,57053084,MA1714.1,-,1.52e-10,THE1B-int,ERVL-MaLR,LTR
chr5,86064817,86064838,MA1714.1,-,1.66e-10,MSTA-int,ERVL-MaLR,LTR
chr17,69484492,69484513,MA1714.1,+,2e-10,Charlie1a,hAT-Charlie,DNA
chr11,37717002,37717023,MA1714.1,+,2.45e-10,THE1B-int,ERVL-MaLR,LTR
chr1,45723887,45723908,MA1714.1,+,2.45e-10,MSTA-int,ERVL-MaLR,LTR
chr4,12481348,12481369,MA1714.1,-,2.56e-10,MSTA-int,ERVL-MaLR,LTR
chr13,32384584,32384605,MA1714.1,+,2.56e-10,MSTB1-int,ERVL-MaLR,LTR
chr14,39029115,39029136,MA1714.1,-,2.56e-10,MSTA-int,ERVL-MaLR,LTR
chr19,40499695,40499716,MA1714.1,+,2.56e-10,MSTA-int,ERVL-MaLR,LTR
chr12,48006885,48006906,MA1714.1,+,2.56e-10,MSTB1-int,ERVL-MaLR,LTR
chr13,71228102,71228123,MA1714.1,+,2.56e-10,MSTA-int,ERVL-MaLR,LTR
chr12,72847467,72847488,MA1714.1,+,2.56e-10,MSTA-int,ERVL-MaLR,LTR
chr14,76058711,76058732,MA1714.1,-,2.56e-10,MSTB2-int,ERVL-MaLR,LTR
chr1,78977236,78977257,MA1714.1,-,2.56e-10,MSTB-int,ERVL-MaLR,LTR
chr9,90070534,90070555,MA1714.1,-,2.56e-10,MSTA-int,ERVL-MaLR,LTR
chr14,92711346,92711367,MA1714.1,-,2.56e-10,MSTB1-int,ERVL-MaLR,LTR
chrX,94651536,94651557,MA1714.1,+,2.56e-10,MSTA-int,ERVL-MaLR,LTR
chr13,106975143,106975164,MA1714.1,+,2.56e-10,MSTA-int,ERVL-MaLR,LTR
chrX,114167301,114167322,MA1714.1,-,2.56e-10,MSTA-int,ERVL-MaLR,LTR
chr8,115833890,115833911,MA1714.1,-,2.56e-10,MSTA-int,ERVL-MaLR,LTR
chrX,118899353,118899374,MA1714.1,+,2.56e-10,MSTB1-int,ERVL-MaLR,LTR
chr3,125747086,125747107,MA1714.1,+,2.56e-10,MSTA-int,ERVL-MaLR,LTR
chr4,129107952,129107973,MA1714.1,+,2.56e-10,MSTA-int,ERVL-MaLR,LTR
chr8,132706633,132706654,MA1714.1,-,2.56e-10,MSTB-int,ERVL-MaLR,LTR
chr6,147286429,147286450,MA1714.1,+,2.56e-10,MSTA-int,ERVL-MaLR,LTR
chr4,157139832,157139853,MA1714.1,+,2.56e-10,MSTA-int,ERVL-MaLR,LTR
chr20,25783467,25783488,MA1714.1,+,3.05e-10,THE1A-int,ERVL-MaLR,LTR
chr20,25853128,25853149,MA1714.1,+,3.05e-10,THE1A-int,ERVL-MaLR,LTR
chr20,26033689,26033710,MA1714.1,-,3.05e-10,THE1A-int,ERVL-MaLR,LTR
chr20,29574724,29574745,MA1714.1,+,3.05e-10,THE1A-int,ERVL-MaLR,LTR
chr7,57875054,57875075,MA1714.1,-,3.05e-10,THE1A-int,ERVL-MaLR,LTR
chr10,11647238,11647259,MA1714.1,+,3.27e-10,L1MEg,L1,LINE
chr8,131719447,131719468,MA1714.1,-,3.57e-10,MSTA-int,ERVL-MaLR,LTR
chrX,139557357,139557378,MA1714.1,+,3.57e-10,THE1D-int,ERVL-MaLR,LTR
chr3,118073576,118073597,MA1714.1,+,3.95e-10,MSTA-int,ERVL-MaLR,LTR
chr14,28184940,28184961,MA1714.1,+,4e-10,THE1B-int,ERVL-MaLR,LTR
chr15,37744875,37744896,MA1714.1,+,4e-10,THE1C-int,ERVL-MaLR,LTR
chr12,58671198,58671219,MA1714.1,+,4e-10,THE1B-int,ERVL-MaLR,LTR
chrX,85496723,85496744,MA1714.1,+,4e-10,MSTA-int,ERVL-MaLR,LTR
chr7,86834498,86834519,MA1714.1,-,4e-10,THE1B-int,ERVL-MaLR,LTR
chr4,88613403,88613424,MA1714.1,+,4e-10,THE1B-int,ERVL-MaLR,LTR
chr3,171960455,171960476,MA1714.1,-,4e-10,THE1B-int,ERVL-MaLR,LTR
chr15,26592080,26592101,MA1714.1,+,4.59e-10,THE1B-int,ERVL-MaLR,LTR
chr4,66643165,66643186,MA1714.1,+,4.59e-10,THE1B-int,ERVL-MaLR,LTR
chr13,37211343,37211364,MA1714.1,-,4.72e-10,MSTA-int,ERVL-MaLR,LTR
chr1,227473664,227473685,MA1714.1,-,4.8e-10,MSTB1-int,ERVL-MaLR,LTR
chr4_gl000193_random,129454,129475,MA1714.1,+,4.95e-10,THE1B-int,ERVL-MaLR,LTR
chr20,7756953,7756974,MA1714.1,+,4.95e-10,THE1B-int,ERVL-MaLR,LTR
chr18,9050804,9050825,MA1714.1,+,4.95e-10,THE1B-int,ERVL-MaLR,LTR
chr11,13567823,13567844,MA1714.1,+,4.95e-10,THE1B-int,ERVL-MaLR,LTR
chr9,22845423,22845444,MA1714.1,-,4.95e-10,THE1B-int,ERVL-MaLR,LTR
chr19,42089136,42089157,MA1714.1,-,4.95e-10,THE1B-int,ERVL-MaLR,LTR
chr6,49334428,49334449,MA1714.1,-,4.95e-10,THE1D-int,ERVL-MaLR,LTR
chr2,50286778,50286799,MA1714.1,+,4.95e-10,THE1B-int,ERVL-MaLR,LTR
chr5,120667674,120667695,MA1714.1,+,4.95e-10,THE1C-int,ERVL-MaLR,LTR
chrX,122106625,122106646,MA1714.1,+,4.95e-10,THE1C-int,ERVL-MaLR,LTR
chr6,140948318,140948339,MA1714.1,-,4.95e-10,THE1B-int,ERVL-MaLR,LTR
chr2,198438454,198438475,MA1714.1,+,4.95e-10,THE1B-int,ERVL-MaLR,LTR
chr5,123068140,123068161,MA1714.1,+,5.22e-10,THE1A-int,ERVL-MaLR,LTR
chr4,141972375,141972396,MA1714.1,-,5.22e-10,THE1B-int,ERVL-MaLR,LTR
chr4,149558793,149558814,MA1714.1,-,5.22e-10,THE1A-int,ERVL-MaLR,LTR
chrX,23024962,23024983,MA1714.1,-,5.69e-10,THE1B-int,ERVL-MaLR,LTR
chr15,83742614,83742635,MA1714.1,-,7.06e-10,MSTB1-int,ERVL-MaLR,LTR
chrX,77755624,77755645,MA1714.1,-,7.91e-10,MIRc,MIR,SINE
chr6,95437627,95437648,MA1714.1,-,8.24e-10,THE1C-int,ERVL-MaLR,LTR
chr11,24686105,24686126,MA1714.1,+,8.8e-10,THE1C-int,ERVL-MaLR,LTR
chr14,39441102,39441123,MA1714.1,-,8.8e-10,MamGypLTR2c,Gypsy,LTR
chr2,65153647,65153668,MA1714.1,+,8.8e-10,MSTA-int,ERVL-MaLR,LTR
chr4,133605321,133605342,MA1714.1,-,9.15e-10,THE1C-int,ERVL-MaLR,LTR
chr2,40248316,40248337,MA1714.1,+,9.28e-10,THE1B-int,ERVL-MaLR,LTR
chr8,87949959,87949980,MA1714.1,-,9.28e-10,THE1B-int,ERVL-MaLR,LTR
chr2,118203215,118203236,MA1714.1,+,9.28e-10,THE1B-int,ERVL-MaLR,LTR
chr4,134693153,134693174,MA1714.1,-,9.28e-10,THE1B-int,ERVL-MaLR,LTR
chr5,164229112,164229133,MA1714.1,-,9.28e-10,THE1C-int,ERVL-MaLR,LTR
chr3,99524206,99524227,MA1714.1,-,1.04e-09,MSTA-int,ERVL-MaLR,LTR
chr2,125391570,125391591,MA1714.1,-,1.04e-09,MSTA-int,ERVL-MaLR,LTR
chr2,226183338,226183359,MA1714.1,+,1.04e-09,MSTA-int,ERVL-MaLR,LTR
chr20,12284606,12284627,MA1714.1,-,1.18e-09,THE1C-int,ERVL-MaLR,LTR
chr11,26805695,26805716,MA1714.1,+,1.18e-09,THE1D-int,ERVL-MaLR,LTR
chr14,29763612,29763633,MA1714.1,+,1.18e-09,THE1D-int,ERVL-MaLR,LTR
chr2,35473820,35473841,MA1714.1,-,1.18e-09,THE1D-int,ERVL-MaLR,LTR
chr12,41474268,41474289,MA1714.1,+,1.18e-09,THE1B-int,ERVL-MaLR,LTR
chr13,54607799,54607820,MA1714.1,-,1.18e-09,THE1C-int,ERVL-MaLR,LTR
chr4,59813799,59813820,MA1714.1,-,1.18e-09,THE1B-int,ERVL-MaLR,LTR
chr1,66210584,66210605,MA1714.1,+,1.18e-09,THE1D-int,ERVL-MaLR,LTR
chrX,76485128,76485149,MA1714.1,+,1.18e-09,MSTA-int,ERVL-MaLR,LTR
chr2,86169884,86169905,MA1714.1,-,1.18e-09,THE1B-int,ERVL-MaLR,LTR
chr11,95677864,95677885,MA1714.1,+,1.18e-09,THE1D-int,ERVL-MaLR,LTR
chr11,98139783,98139804,MA1714.1,-,1.18e-09,THE1C-int,ERVL-MaLR,LTR
chr7,113906016,113906037,MA1714.1,-,1.18e-09,MSTA-int,ERVL-MaLR,LTR
chr3,118837362,118837383,MA1714.1,-,1.18e-09,THE1B-int,ERVL-MaLR,LTR
chr6,164982863,164982884,MA1714.1,+,1.18e-09,THE1C-int,ERVL-MaLR,LTR
chrUn_gl000227,45799,45820,MA1714.1,-,1.19e-09,THE1B-int,ERVL-MaLR,LTR
chr11,100978,100999,MA1714.1,-,1.19e-09,THE1B-int,ERVL-MaLR,LTR
chr6,119926,119947,MA1714.1,-,1.19e-09,THE1B-int,ERVL-MaLR,LTR
chr8,130112,130133,MA1714.1,-,1.19e-09,THE1B-int,ERVL-MaLR,LTR
chr19,170601,170622,MA1714.1,-,1.19e-09,THE1B-int,ERVL-MaLR,LTR
chr1,354567,354588,MA1714.1,+,1.19e-09,THE1B-int,ERVL-MaLR,LTR
chr1,635104,635125,MA1714.1,-,1.19e-09,THE1B-int,ERVL-MaLR,LTR
chr10,843313,843334,MA1714.1,-,1.19e-09,THE1B-int,ERVL-MaLR,LTR
chr16,1848149,1848170,MA1714.1,+,1.19e-09,THE1C-int,ERVL-MaLR,LTR
chr9,2313691,2313712,MA1714.1,+,1.19e-09,THE1C-int,ERVL-MaLR,LTR
chr10,3404040,3404061,MA1714.1,+,1.19e-09,THE1B-int,ERVL-MaLR,LTR
chr6_dbb_hap3,3699241,3699262,MA1714.1,+,1.19e-09,THE1B-int,ERVL-MaLR,LTR
chr2,4240452,4240473,MA1714.1,-,1.19e-09,THE1C-int,ERVL-MaLR,LTR
chr18,4533097,4533118,MA1714.1,-,1.19e-09,THE1B-int,ERVL-MaLR,LTR
chr4,4790232,4790253,MA1714.1,+,1.19e-09,MSTA-int,ERVL-MaLR,LTR
chr2,4861912,4861933,MA1714.1,-,1.19e-09,THE1B-int,ERVL-MaLR,LTR
chr3,7040560,7040581,MA1714.1,-,1.19e-09,THE1C-int,ERVL-MaLR,LTR
chr19,7822427,7822448,MA1714.1,+,1.19e-09,THE1C-int,ERVL-MaLR,LTR
chr20,8140050,8140071,MA1714.1,-,1.19e-09,THE1B-int,ERVL-MaLR,LTR
chr5,8805946,8805967,MA1714.1,+,1.19e-09,THE1B-int,ERVL-MaLR,LTR
chr11,10156821,10156842,MA1714.1,-,1.19e-09,THE1B-int,ERVL-MaLR,LTR
chr9,12232026,12232047,MA1714.1,-,1.19e-09,MSTA-int,ERVL-MaLR,LTR
chr1,12282946,12282967,MA1714.1,-,1.19e-09,THE1B-int,ERVL-MaLR,LTR
chr5,12565236,12565257,MA1714.1,-,1.19e-09,THE1B-int,ERVL-MaLR,LTR
chrX,13080646,13080667,MA1714.1,-,1.19e-09,THE1B-int,ERVL-MaLR,LTR
chr4,14004138,14004159,MA1714.1,+,1.19e-09,THE1B-int,ERVL-MaLR,LTR
chr4,15270986,15271007,MA1714.1,+,1.19e-09,THE1B-int,ERVL-MaLR,LTR
chr21,15601901,15601922,MA1714.1,+,1.19e-09,THE1D-int,ERVL-MaLR,LTR
chr17,15682623,15682644,MA1714.1,-,1.19e-09,THE1B-int,ERVL-MaLR,LTR
chr3,16123347,16123368,MA1714.1,-,1.19e-09,THE1B-int,ERVL-MaLR,LTR
chr2,16203771,16203792,MA1714.1,-,1.19e-09,THE1C-int,ERVL-MaLR,LTR
chr4,16285830,16285851,MA1714.1,+,1.19e-09,THE1B-int,ERVL-MaLR,LTR
chr7,16987906,16987927,MA1714.1,+,1.19e-09,THE1B-int,ERVL-MaLR,LTR
chr22,17233274,17233295,MA1714.1,+,1.19e-09,THE1A-int,ERVL-MaLR,LTR
chr10,17324490,17324511,MA1714.1,+,1.19e-09,THE1D-int,ERVL-MaLR,LTR
chr7,17434387,17434408,MA1714.1,-,1.19e-09,THE1B-int,ERVL-MaLR,LTR
chr5,18138793,18138814,MA1714.1,-,1.19e-09,THE1B-int,ERVL-MaLR,LTR
chr5,18252837,18252858,MA1714.1,+,1.19e-09,THE1B-int,ERVL-MaLR,LTR
chr2,18814148,18814169,MA1714.1,+,1.19e-09,THE1B-int,ERVL-MaLR,LTR
chr20,19045604,19045625,MA1714.1,+,1.19e-09,THE1B-int,ERVL-MaLR,LTR
chr4,19438770,19438791,MA1714.1,+,1.19e-09,THE1D-int,ERVL-MaLR,LTR
chr9,20276949,20276970,MA1714.1,-,1.19e-09,THE1C-int,ERVL-MaLR,LTR
chrX,20560404,20560425,MA1714.1,+,1.19e-09,THE1D-int,ERVL-MaLR,LTR
chr18,20850061,20850082,MA1714.1,+,1.19e-09,THE1C-int,ERVL-MaLR,LTR
chrX,21337641,21337662,MA1714.1,-,1.19e-09,THE1B-int,ERVL-MaLR,LTR
chr11,21782760,21782781,MA1714.1,-,1.19e-09,THE1C-int,ERVL-MaLR,LTR
chr17,21897781,21897802,MA1714.1,-,1.19e-09,THE1A-int,ERVL-MaLR,LTR
chr9,22316804,22316825,MA1714.1,+,1.19e-09,MSTA-int,ERVL-MaLR,LTR
chr13,22518971,22518992,MA1714.1,-,1.19e-09,THE1D-int,ERVL-MaLR,LTR
chr2,22805151,22805172,MA1714.1,+,1.19e-09,THE1C-int,ERVL-MaLR,LTR
chr13,22946610,22946631,MA1714.1,-,1.19e-09,THE1B-int,ERVL-MaLR,LTR
chr4,23081983,23082004,MA1714.1,-,1.19e-09,THE1C-int,ERVL-MaLR,LTR
chr11,23739476,23739497,MA1714.1,+,1.19e-09,MSTA-int,ERVL-MaLR,LTR
chr7,23834767,23834788,MA1714.1,+,1.19e-09,THE1C-int,ERVL-MaLR,LTR
chr7,23873201,23873222,MA1714.1,+,1.19e-09,THE1B-int,ERVL-MaLR,LTR
chr11,24057717,24057738,MA1714.1,+,1.19e-09,THE1B-int,ERVL-MaLR,LTR
chr9,24180773,24180794,MA1714.1,-,1.19e-09,THE1B-int,ERVL-MaLR,LTR
chr6,24731858,24731879,MA1714.1,+,1.19e-09,THE1B-int,ERVL-MaLR,LTR
chr5,25888581,25888602,MA1714.1,-,1.19e-09,MSTA-int,ERVL-MaLR,LTR
chr3,26129445,26129466,MA1714.1,-,1.19e-09,THE1D-int,ERVL-MaLR,LTR
chr10,26199019,26199040,MA1714.1,+,1.19e-09,THE1B-int,ERVL-MaLR,LTR
chr3,26325562,26325583,MA1714.1,-,1.19e-09,THE1B-int,ERVL-MaLR,LTR
chr3,26645454,26645475,MA1714.1,-,1.19e-09,THE1B-int,ERVL-MaLR,LTR
chr18,27927866,27927887,MA1714.1,-,1.19e-09,THE1B-int,ERVL-MaLR,LTR
chr14,28093222,28093243,MA1714.1,-,1.19e-09,THE1B-int,ERVL-MaLR,LTR
chr21,29243273,29243294,MA1714.1,+,1.19e-09,THE1B-int,ERVL-MaLR,LTR
chr4,29708513,29708534,MA1714.1,-,1.19e-09,THE1D-int,ERVL-MaLR,LTR
chr9,30536679,30536700,MA1714.1,+,1.19e-09,THE1B-int,ERVL-MaLR,LTR
chr7,30874084,30874105,MA1714.1,-,1.19e-09,THE1B-int,ERVL-MaLR,LTR
chr11,31294623,31294644,MA1714.1,-,1.19e-09,THE1B-int,ERVL-MaLR,LTR
chr17,31308815,31308836,MA1714.1,-,1.19e-09,THE1B-int,ERVL-MaLR,LTR
chr8,31463164,31463185,MA1714.1,-,1.19e-09,THE1C-int,ERVL-MaLR,LTR
chr2,31840876,31840897,MA1714.1,+,1.19e-09,THE1B-int,ERVL-MaLR,LTR
chr9,32796228,32796249,MA1714.1,-,1.19e-09,THE1B-int,ERVL-MaLR,LTR
chr10,32946549,32946570,MA1714.1,-,1.19e-09,THE1C-int,ERVL-MaLR,LTR
chrX,33666329,33666350,MA1714.1,-,1.19e-09,THE1B-int,ERVL-MaLR,LTR
chr22,34185086,34185107,MA1714.1,+,1.19e-09,THE1B-int,ERVL-MaLR,LTR
chr7,34422302,34422323,MA1714.1,+,1.19e-09,THE1B-int,ERVL-MaLR,LTR
chr5,35253242,35253263,MA1714.1,-,1.19e-09,THE1B-int,ERVL-MaLR,LTR
chrX,35323354,35323375,MA1714.1,+,1.19e-09,THE1C-int,ERVL-MaLR,LTR
chr14,35503896,35503917,MA1714.1,-,1.19e-09,THE1B-int,ERVL-MaLR,LTR
chr5,35846062,35846083,MA1714.1,-,1.19e-09,THE1C-int,ERVL-MaLR,LTR
chr5,37283541,37283562,MA1714.1,-,1.19e-09,THE1B-int,ERVL-MaLR,LTR
chr3,37609817,37609838,MA1714.1,-,1.19e-09,THE1B-int,ERVL-MaLR,LTR
chr14,37675369,37675390,MA1714.1,+,1.19e-09,THE1B-int,ERVL-MaLR,LTR
chr3,38474778,38474799,MA1714.1,-,1.19e-09,THE1C-int,ERVL-MaLR,LTR
chr14,38947036,38947057,MA1714.1,+,1.19e-09,THE1B-int,ERVL-MaLR,LTR
chr15,40306802,40306823,MA1714.1,-,1.19e-09,THE1B-int,ERVL-MaLR,LTR
chr11,40523247,40523268,MA1714.1,-,1.19e-09,THE1A-int,ERVL-MaLR,LTR
chr14,41206448,41206469,MA1714.1,+,1.19e-09,THE1C-int,ERVL-MaLR,LTR
chr2,41596412,41596433,MA1714.1,-,1.19e-09,THE1C-int,ERVL-MaLR,LTR
chr12,43739054,43739075,MA1714.1,-,1.19e-09,THE1C-int,ERVL-MaLR,LTR
chrX,45228101,45228122,MA1714.1,+,1.19e-09,MSTA-int,ERVL-MaLR,LTR
chr6,45239049,45239070,MA1714.1,+,1.19e-09,THE1B-int,ERVL-MaLR,LTR
chrX,45517797,45517818,MA1714.1,+,1.19e-09,THE1B-int,ERVL-MaLR,LTR
chr4,46181556,46181577,MA1714.1,+,1.19e-09,THE1B-int,ERVL-MaLR,LTR
chr14,46829368,46829389,MA1714.1,-,1.19e-09,THE1B-int,ERVL-MaLR,LTR
chr17,48092243,48092264,MA1714.1,-,1.19e-09,MSTB-int,ERVL-MaLR,LTR
chr7,49971399,49971420,MA1714.1,+,1.19e-09,THE1B-int,ERVL-MaLR,LTR
chr12,51227732,51227753,MA1714.1,+,1.19e-09,THE1D-int,ERVL-MaLR,LTR
chr5,51240482,51240503,MA1714.1,+,1.19e-09,THE1D-int,ERVL-MaLR,LTR
chr7,51802505,51802526,MA1714.1,-,1.19e-09,THE1B-int,ERVL-MaLR,LTR
chr10,52683429,52683450,MA1714.1,-,1.19e-09,THE1B-int,ERVL-MaLR,LTR
chr7,53052995,53053016,MA1714.1,+,1.19e-09,THE1B-int,ERVL-MaLR,LTR
chr17,54070664,54070685,MA1714.1,-,1.19e-09,THE1B-int,ERVL-MaLR,LTR
chr10,55817344,55817365,MA1714.1,-,1.19e-09,THE1B-int,ERVL-MaLR,LTR
chr12,55964026,55964047,MA1714.1,-,1.19e-09,THE1B-int,ERVL-MaLR,LTR
chrX,56691479,56691500,MA1714.1,+,1.19e-09,THE1C-int,ERVL-MaLR,LTR
chr7,57719121,57719142,MA1714.1,+,1.19e-09,THE1A-int,ERVL-MaLR,LTR
chr5,57771444,57771465,MA1714.1,-,1.19e-09,THE1B-int,ERVL-MaLR,LTR
chr8,57863884,57863905,MA1714.1,-,1.19e-09,THE1B-int,ERVL-MaLR,LTR
chr10,57924339,57924360,MA1714.1,+,1.19e-09,THE1D-int,ERVL-MaLR,LTR
chr4,58288354,58288375,MA1714.1,+,1.19e-09,THE1D-int,ERVL-MaLR,LTR
chr13,58525660,58525681,MA1714.1,-,1.19e-09,THE1B-int,ERVL-MaLR,LTR
chr17,58569329,58569350,MA1714.1,+,1.19e-09,THE1B-int,ERVL-MaLR,LTR
chr19,58960393,58960414,MA1714.1,+,1.19e-09,THE1B-int,ERVL-MaLR,LTR
chr2,58979824,58979845,MA1714.1,+,1.19e-09,THE1B-int,ERVL-MaLR,LTR
chr3,59216323,59216344,MA1714.1,-,1.19e-09,THE1B-int,ERVL-MaLR,LTR
chr16,60035605,60035626,MA1714.1,+,1.19e-09,THE1C-int,ERVL-MaLR,LTR
chr11,60445895,60445916,MA1714.1,-,1.19e-09,THE1D-int,ERVL-MaLR,LTR
chr13,61087426,61087447,MA1714.1,-,1.19e-09,THE1B-int,ERVL-MaLR,LTR
chr12,61134137,61134158,MA1714.1,-,1.19e-09,THE1C-int,ERVL-MaLR,LTR
chr13,61427206,61427227,MA1714.1,-,1.19e-09,THE1B-int,ERVL-MaLR,LTR
chr5,62128967,62128988,MA1714.1,-,1.19e-09,THE1A-int,ERVL-MaLR,LTR
chr13,62278216,62278237,MA1714.1,+,1.19e-09,THE1B-int,ERVL-MaLR,LTR
chr5,62328312,62328333,MA1714.1,+,1.19e-09,THE1D-int,ERVL-MaLR,LTR
chr14,62698357,62698378,MA1714.1,+,1.19e-09,THE1B-int,ERVL-MaLR,LTR
chr6,62844058,62844079,MA1714.1,+,1.19e-09,THE1B-int,ERVL-MaLR,LTR
chr14,62964633,62964654,MA1714.1,-,1.19e-09,THE1D-int,ERVL-MaLR,LTR
chr18,63741185,63741206,MA1714.1,-,1.19e-09,THE1C-int,ERVL-MaLR,LTR
chr8,63820095,63820116,MA1714.1,+,1.19e-09,THE1B-int,ERVL-MaLR,LTR
chr15,65429625,65429646,MA1714.1,-,1.19e-09,THE1B-int,ERVL-MaLR,LTR
chr8,65644272,65644293,MA1714.1,+,1.19e-09,THE1C-int,ERVL-MaLR,LTR
chr6,65931209,65931230,MA1714.1,+,1.19e-09,THE1B-int,ERVL-MaLR,LTR
chrX,66462343,66462364,MA1714.1,+,1.19e-09,THE1B-int,ERVL-MaLR,LTR
chr3,67237301,67237322,MA1714.1,-,1.19e-09,THE1B-int,ERVL-MaLR,LTR
chr13,67259315,67259336,MA1714.1,+,1.19e-09,THE1C-int,ERVL-MaLR,LTR
chr6,68216439,68216460,MA1714.1,-,1.19e-09,THE1B-int,ERVL-MaLR,LTR
chr4,68217773,68217794,MA1714.1,-,1.19e-09,THE1B-int,ERVL-MaLR,LTR
chr3,68658106,68658127,MA1714.1,-,1.19e-09,THE1B-int,ERVL-MaLR,LTR
chr9,69019872,69019893,MA1714.1,-,1.19e-09,THE1C-int,ERVL-MaLR,LTR
chr12,69710411,69710432,MA1714.1,-,1.19e-09,THE1B-int,ERVL-MaLR,LTR
chr4,70576086,70576107,MA1714.1,-,1.19e-09,THE1B-int,ERVL-MaLR,LTR
chr18,71631829,71631850,MA1714.1,-,1.19e-09,MSTA-int,ERVL-MaLR,LTR
chr12,71685745,71685766,MA1714.1,-,1.19e-09,THE1B-int,ERVL-MaLR,LTR
chr8,71734055,71734076,MA1714.1,-,1.19e-09,THE1D-int,ERVL-MaLR,LTR
chr14,72751046,72751067,MA1714.1,+,1.19e-09,THE1B-int,ERVL-MaLR,LTR
chr10,72876400,72876421,MA1714.1,+,1.19e-09,MSTB-int,ERVL-MaLR,LTR
chr4,73121193,73121214,MA1714.1,+,1.19e-09,THE1A-int,ERVL-MaLR,LTR
chr4,73472650,73472671,MA1714.1,+,1.19e-09,THE1B-int,ERVL-MaLR,LTR
chr1,73527517,73527538,MA1714.1,+,1.19e-09,THE1C-int,ERVL-MaLR,LTR
chr12,73818474,73818495,MA1714.1,-,1.19e-09,THE1B-int,ERVL-MaLR,LTR
chr14,75169236,75169257,MA1714.1,-,1.19e-09,THE1B-int,ERVL-MaLR,LTR
chr2,76082782,76082803,MA1714.1,+,1.19e-09,THE1D-int,ERVL-MaLR,LTR
chr8,76165637,76165658,MA1714.1,-,1.19e-09,THE1B-int,ERVL-MaLR,LTR
chr11,77983850,77983871,MA1714.1,+,1.19e-09,THE1B-int,ERVL-MaLR,LTR
chr14,78413857,78413878,MA1714.1,+,1.19e-09,THE1D-int,ERVL-MaLR,LTR
chr12,78773046,78773067,MA1714.1,-,1.19e-09,THE1B-int,ERVL-MaLR,LTR
chr7,79674309,79674330,MA1714.1,-,1.19e-09,THE1B-int,ERVL-MaLR,LTR
chrX,80549778,80549799,MA1714.1,+,1.19e-09,THE1A-int,ERVL-MaLR,LTR
chr3,80717430,80717451,MA1714.1,+,1.19e-09,THE1C-int,ERVL-MaLR,LTR
chr3,80754631,80754652,MA1714.1,-,1.19e-09,THE1B-int,ERVL-MaLR,LTR
chr6,81296132,81296153,MA1714.1,+,1.19e-09,THE1B-int,ERVL-MaLR,LTR
chr14,81521374,81521395,MA1714.1,+,1.19e-09,THE1B-int,ERVL-MaLR,LTR
chr16,82899224,82899245,MA1714.1,-,1.19e-09,THE1C-int,ERVL-MaLR,LTR
chr6,83415514,83415535,MA1714.1,-,1.19e-09,THE1B-int,ERVL-MaLR,LTR
chr6,83640694,83640715,MA1714.1,+,1.19e-09,THE1C-int,ERVL-MaLR,LTR
chr9,84570801,84570822,MA1714.1,-,1.19e-09,THE1B-int,ERVL-MaLR,LTR
chr8,85225478,85225499,MA1714.1,-,1.19e-09,THE1D-int,ERVL-MaLR,LTR
chr12,85597778,85597799,MA1714.1,+,1.19e-09,THE1B-int,ERVL-MaLR,LTR
chr6,85743481,85743502,MA1714.1,-,1.19e-09,THE1C-int,ERVL-MaLR,LTR
chr14,86838921,86838942,MA1714.1,+,1.19e-09,THE1C-int,ERVL-MaLR,LTR
chr1,87479171,87479192,MA1714.1,-,1.19e-09,THE1B-int,ERVL-MaLR,LTR
chr12,87559992,87560013,MA1714.1,-,1.19e-09,THE1D-int,ERVL-MaLR,LTR
chrX,88109107,88109128,MA1714.1,+,1.19e-09,THE1B-int,ERVL-MaLR,LTR
chr4,88646613,88646634,MA1714.1,+,1.19e-09,THE1B-int,ERVL-MaLR,LTR
chr7,88704601,88704622,MA1714.1,+,1.19e-09,THE1B-int,ERVL-MaLR,LTR
chr5,88820002,88820023,MA1714.1,-,1.19e-09,THE1B-int,ERVL-MaLR,LTR
chr4,89041175,89041196,MA1714.1,+,1.19e-09,THE1B-int,ERVL-MaLR,LTR
chr10,89371266,89371287,MA1714.1,+,1.19e-09,THE1B-int,ERVL-MaLR,LTR
chr14,90340655,90340676,MA1714.1,-,1.19e-09,THE1B-int,ERVL-MaLR,LTR
chr8,90675889,90675910,MA1714.1,-,1.19e-09,THE1C-int,ERVL-MaLR,LTR
chr13,90679833,90679854,MA1714.1,+,1.19e-09,THE1C-int,ERVL-MaLR,LTR
chr11,91516529,91516550,MA1714.1,-,1.19e-09,THE1B-int,ERVL-MaLR,LTR
chr10,91578964,91578985,MA1714.1,-,1.19e-09,THE1B-int,ERVL-MaLR,LTR
chr11,92480608,92480629,MA1714.1,-,1.19e-09,THE1B-int,ERVL-MaLR,LTR
chrX,92659309,92659330,MA1714.1,-,1.19e-09,THE1B-int,ERVL-MaLR,LTR
chr11,93046776,93046797,MA1714.1,-,1.19e-09,THE1B-int,ERVL-MaLR,LTR
chr1,93708994,93709015,MA1714.1,-,1.19e-09,THE1B-int,ERVL-MaLR,LTR
chrX,93890176,93890197,MA1714.1,+,1.19e-09,THE1C-int,ERVL-MaLR,LTR
chr12,94411180,94411201,MA1714.1,+,1.19e-09,MSTA-int,ERVL-MaLR,LTR
chr6,95876278,95876299,MA1714.1,+,1.19e-09,THE1C-int,ERVL-MaLR,LTR
chr9,96100647,96100668,MA1714.1,+,1.19e-09,THE1D-int,ERVL-MaLR,LTR
chr14,96408399,96408420,MA1714.1,+,1.19e-09,THE1D-int,ERVL-MaLR,LTR
chr5,96906131,96906152,MA1714.1,-,1.19e-09,THE1D-int,ERVL-MaLR,LTR
chrX,97968156,97968177,MA1714.1,+,1.19e-09,THE1B-int,ERVL-MaLR,LTR
chrX,98573071,98573092,MA1714.1,+,1.19e-09,THE1B-int,ERVL-MaLR,LTR
chr1,99502545,99502566,MA1714.1,-,1.19e-09,THE1B-int,ERVL-MaLR,LTR
chr6,100170101,100170122,MA1714.1,+,1.19e-09,THE1D-int,ERVL-MaLR,LTR
chr15,101078865,101078886,MA1714.1,-,1.19e-09,THE1D-int,ERVL-MaLR,LTR
chr13,101342434,101342455,MA1714.1,+,1.19e-09,THE1C-int,ERVL-MaLR,LTR
chr11,101650080,101650101,MA1714.1,+,1.19e-09,THE1B-int,ERVL-MaLR,LTR
chrX,101753850,101753871,MA1714.1,+,1.19e-09,THE1B-int,ERVL-MaLR,LTR
chr12,103392193,103392214,MA1714.1,-,1.19e-09,THE1B-int,ERVL-MaLR,LTR
chrX,104007554,104007575,MA1714.1,-,1.19e-09,THE1C-int,ERVL-MaLR,LTR
chr13,104421016,104421037,MA1714.1,-,1.19e-09,THE1C-int,ERVL-MaLR,LTR
chr4,105036015,105036036,MA1714.1,-,1.19e-09,THE1B-int,ERVL-MaLR,LTR
chr11,105246635,105246656,MA1714.1,-,1.19e-09,THE1B-int,ERVL-MaLR,LTR
chr7,105352657,105352678,MA1714.1,-,1.19e-09,MSTA-int,ERVL-MaLR,LTR
chr9,106420602,106420623,MA1714.1,+,1.19e-09,MSTA-int,ERVL-MaLR,LTR
chr1,107426065,107426086,MA1714.1,-,1.19e-09,THE1D-int,ERVL-MaLR,LTR
chr12,107490446,107490467,MA1714.1,+,1.19e-09,THE1C-int,ERVL-MaLR,LTR
chr5,108887122,108887143,MA1714.1,+,1.19e-09,THE1A-int,ERVL-MaLR,LTR
chr13,109124518,109124539,MA1714.1,+,1.19e-09,THE1D-int,ERVL-MaLR,LTR
chr8,109371304,109371325,MA1714.1,-,1.19e-09,THE1B-int,ERVL-MaLR,LTR
chr6,109512743,109512764,MA1714.1,+,1.19e-09,THE1B-int,ERVL-MaLR,LTR
chr3,110668255,110668276,MA1714.1,-,1.19e-09,THE1B-int,ERVL-MaLR,LTR
chr2,110912590,110912611,MA1714.1,+,1.19e-09,THE1B-int,ERVL-MaLR,LTR
chr5,110975515,110975536,MA1714.1,+,1.19e-09,THE1C-int,ERVL-MaLR,LTR
chr2,111687241,111687262,MA1714.1,+,1.19e-09,THE1B-int,ERVL-MaLR,LTR
chr5,113463244,113463265,MA1714.1,-,1.19e-09,THE1C-int,ERVL-MaLR,LTR
chr8,114045042,114045063,MA1714.1,+,1.19e-09,THE1D-int,ERVL-MaLR,LTR
chr3,115224519,115224540,MA1714.1,+,1.19e-09,THE1B-int,ERVL-MaLR,LTR
chr4,116005678,116005699,MA1714.1,+,1.19e-09,THE1C-int,ERVL-MaLR,LTR
chr11,117269525,117269546,MA1714.1,-,1.19e-09,THE1A-int,ERVL-MaLR,LTR
chr2,117560462,117560483,MA1714.1,-,1.19e-09,THE1B-int,ERVL-MaLR,LTR
chr8,117733351,117733372,MA1714.1,+,1.19e-09,THE1B-int,ERVL-MaLR,LTR
chr6,119404379,119404400,MA1714.1,-,1.19e-09,THE1D-int,ERVL-MaLR,LTR
chr5,119735150,119735171,MA1714.1,+,1.19e-09,THE1C-int,ERVL-MaLR,LTR
chr8,120290242,120290263,MA1714.1,-,1.19e-09,THE1-int,ERVL-MaLR,LTR
chr8,120311650,120311671,MA1714.1,-,1.19e-09,THE1C-int,ERVL-MaLR,LTR
chr8,123253338,123253359,MA1714.1,+,1.19e-09,THE1B-int,ERVL-MaLR,LTR
chrX,124400175,124400196,MA1714.1,+,1.19e-09,THE1B-int,ERVL-MaLR,LTR
chr7,124598180,124598201,MA1714.1,+,1.19e-09,THE1B-int,ERVL-MaLR,LTR
chr7,125732661,125732682,MA1714.1,-,1.19e-09,THE1B-int,ERVL-MaLR,LTR
chrX,126355983,126356004,MA1714.1,+,1.19e-09,THE1B-int,ERVL-MaLR,LTR
chr12,126776737,126776758,MA1714.1,-,1.19e-09,THE1B-int,ERVL-MaLR,LTR
chr7,127186595,127186616,MA1714.1,-,1.19e-09,THE1D-int,ERVL-MaLR,LTR
chr12,130169801,130169822,MA1714.1,+,1.19e-09,THE1C-int,ERVL-MaLR,LTR
chr8,130681681,130681702,MA1714.1,+,1.19e-09,THE1B-int,ERVL-MaLR,LTR
chr10,134030131,134030152,MA1714.1,+,1.19e-09,THE1B-int,ERVL-MaLR,LTR
chr5,135174241,135174262,MA1714.1,+,1.19e-09,THE1B-int,ERVL-MaLR,LTR
chr4,136687344,136687365,MA1714.1,-,1.19e-09,THE1C-int,ERVL-MaLR,LTR
chr9,137955928,137955949,MA1714.1,-,1.19e-09,THE1B-int,ERVL-MaLR,LTR
chr8,138399848,138399869,MA1714.1,-,1.19e-09,THE1B-int,ERVL-MaLR,LTR
chrX,138544276,138544297,MA1714.1,+,1.19e-09,THE1A-int,ERVL-MaLR,LTR
chr2,138548886,138548907,MA1714.1,-,1.19e-09,THE1B-int,ERVL-MaLR,LTR
chrX,141051992,141052013,MA1714.1,-,1.19e-09,THE1B-int,ERVL-MaLR,LTR
chrX,141222499,141222520,MA1714.1,+,1.19e-09,THE1-int,ERVL-MaLR,LTR
chrX,142784713,142784734,MA1714.1,+,1.19e-09,MSTA-int,ERVL-MaLR,LTR
chr4,142894313,142894334,MA1714.1,-,1.19e-09,THE1C-int,ERVL-MaLR,LTR
chr2,143068311,143068332,MA1714.1,-,1.19e-09,THE1D-int,ERVL-MaLR,LTR
chrX,143091988,143092009,MA1714.1,-,1.19e-09,MSTA-int,ERVL-MaLR,LTR
chr3,144086654,144086675,MA1714.1,-,1.19e-09,THE1B-int,ERVL-MaLR,LTR
chr7,144124837,144124858,MA1714.1,-,1.19e-09,THE1B-int,ERVL-MaLR,LTR
chr3,144384686,144384707,MA1714.1,-,1.19e-09,THE1B-int,ERVL-MaLR,LTR
chr6,144763145,144763166,MA1714.1,-,1.19e-09,THE1B-int,ERVL-MaLR,LTR
chr6,145762474,145762495,MA1714.1,-,1.19e-09,THE1A-int,ERVL-MaLR,LTR
chr6,146311419,146311440,MA1714.1,-,1.19e-09,THE1B-int,ERVL-MaLR,LTR
chr4,147519020,147519041,MA1714.1,-,1.19e-09,THE1B-int,ERVL-MaLR,LTR
chrX,148439274,148439295,MA1714.1,+,1.19e-09,THE1B-int,ERVL-MaLR,LTR
chr4,149510511,149510532,MA1714.1,+,1.19e-09,THE1A-int,ERVL-MaLR,LTR
chr3,149548609,149548630,MA1714.1,+,1.19e-09,THE1B-int,ERVL-MaLR,LTR
chr3,149556459,149556480,MA1714.1,-,1.19e-09,THE1B-int,ERVL-MaLR,LTR
chr4,149819485,149819506,MA1714.1,-,1.19e-09,THE1B-int,ERVL-MaLR,LTR
chr6,150229766,150229787,MA1714.1,+,1.19e-09,THE1B-int,ERVL-MaLR,LTR
chrX,151056387,151056408,MA1714.1,+,1.19e-09,THE1B-int,ERVL-MaLR,LTR
chrX,151430658,151430679,MA1714.1,-,1.19e-09,THE1C-int,ERVL-MaLR,LTR
chrX,152217626,152217647,MA1714.1,+,1.19e-09,THE1C-int,ERVL-MaLR,LTR
chr4,152868017,152868038,MA1714.1,+,1.19e-09,THE1C-int,ERVL-MaLR,LTR
chr7,153273363,153273384,MA1714.1,+,1.19e-09,THE1B-int,ERVL-MaLR,LTR
chr3,154770444,154770465,MA1714.1,-,1.19e-09,THE1C-int,ERVL-MaLR,LTR
chr4,154788708,154788729,MA1714.1,+,1.19e-09,THE1B-int,ERVL-MaLR,LTR
chr2,155402968,155402989,MA1714.1,+,1.19e-09,THE1B-int,ERVL-MaLR,LTR
chr2,155959153,155959174,MA1714.1,-,1.19e-09,THE1B-int,ERVL-MaLR,LTR
chr3,156597465,156597486,MA1714.1,+,1.19e-09,THE1B-int,ERVL-MaLR,LTR
chr2,158218227,158218248,MA1714.1,+,1.19e-09,THE1C-int,ERVL-MaLR,LTR
chr3,159652243,159652264,MA1714.1,-,1.19e-09,THE1B-int,ERVL-MaLR,LTR
chr6,160269749,160269770,MA1714.1,+,1.19e-09,THE1B-int,ERVL-MaLR,LTR
chr2,161663567,161663588,MA1714.1,-,1.19e-09,THE1A-int,ERVL-MaLR,LTR
chr3,162844101,162844122,MA1714.1,-,1.19e-09,THE1B-int,ERVL-MaLR,LTR
chr6,165002821,165002842,MA1714.1,-,1.19e-09,THE1C-int,ERVL-MaLR,LTR
chr2,165271037,165271058,MA1714.1,-,1.19e-09,THE1D-int,ERVL-MaLR,LTR
chr2,166448043,166448064,MA1714.1,+,1.19e-09,THE1C-int,ERVL-MaLR,LTR
chr2,167293641,167293662,MA1714.1,+,1.19e-09,THE1C-int,ERVL-MaLR,LTR
chr2,168124921,168124942,MA1714.1,+,1.19e-09,THE1B-int,ERVL-MaLR,LTR
chr4,168652093,168652114,MA1714.1,+,1.19e-09,THE1B-int,ERVL-MaLR,LTR
chr4,168874121,168874142,MA1714.1,+,1.19e-09,THE1B-int,ERVL-MaLR,LTR
chr4,169124553,169124574,MA1714.1,+,1.19e-09,MSTA-int,ERVL-MaLR,LTR
chr6,169490774,169490795,MA1714.1,+,1.19e-09,THE1D-int,ERVL-MaLR,LTR
chr1,170571214,170571235,MA1714.1,-,1.19e-09,THE1B-int,ERVL-MaLR,LTR
chr6,170935586,170935607,MA1714.1,+,1.19e-09,THE1B-int,ERVL-MaLR,LTR
chr2,173668243,173668264,MA1714.1,-,1.19e-09,THE1B-int,ERVL-MaLR,LTR
chr5,173925780,173925801,MA1714.1,+,1.19e-09,THE1A-int,ERVL-MaLR,LTR
chr2,174754115,174754136,MA1714.1,+,1.19e-09,THE1B-int,ERVL-MaLR,LTR
chr5,178827184,178827205,MA1714.1,+,1.19e-09,THE1C-int,ERVL-MaLR,LTR
chr5,180781181,180781202,MA1714.1,+,1.19e-09,THE1B-int,ERVL-MaLR,LTR
chr3,181228470,181228491,MA1714.1,+,1.19e-09,THE1B-int,ERVL-MaLR,LTR
chr2,181722671,181722692,MA1714.1,-,1.19e-09,THE1C-int,ERVL-MaLR,LTR
chr2,184260260,184260281,MA1714.1,+,1.19e-09,THE1B-int,ERVL-MaLR,LTR
chr1,188006877,188006898,MA1714.1,+,1.19e-09,THE1B-int,ERVL-MaLR,LTR
chr4,190373299,190373320,MA1714.1,+,1.19e-09,MSTA-int,ERVL-MaLR,LTR
chr4,190674425,190674446,MA1714.1,+,1.19e-09,THE1A-int,ERVL-MaLR,LTR
chr4,190809752,190809773,MA1714.1,-,1.19e-09,THE1C-int,ERVL-MaLR,LTR
chr2,191005408,191005429,MA1714.1,-,1.19e-09,THE1C-int,ERVL-MaLR,LTR
chr2,193996536,193996557,MA1714.1,-,1.19e-09,MSTA-int,ERVL-MaLR,LTR
chr3,196276112,196276133,MA1714.1,+,1.19e-09,THE1B-int,ERVL-MaLR,LTR
chr3,197087143,197087164,MA1714.1,+,1.19e-09,THE1B-int,ERVL-MaLR,LTR
chr1,199502683,199502704,MA1714.1,+,1.19e-09,THE1B-int,ERVL-MaLR,LTR
chr2,205277680,205277701,MA1714.1,+,1.19e-09,THE1B-int,ERVL-MaLR,LTR
chr2,212633476,212633497,MA1714.1,-,1.19e-09,THE1C-int,ERVL-MaLR,LTR
chr1,216458542,216458563,MA1714.1,+,1.19e-09,THE1C-int,ERVL-MaLR,LTR
chr2,222589023,222589044,MA1714.1,+,1.19e-09,THE1B-int,ERVL-MaLR,LTR
chr2,225601065,225601086,MA1714.1,+,1.19e-09,MSTA-int,ERVL-MaLR,LTR
chr2,225622820,225622841,MA1714.1,+,1.19e-09,THE1B-int,ERVL-MaLR,LTR
chr1,228001892,228001913,MA1714.1,-,1.19e-09,THE1B-int,ERVL-MaLR,LTR
chr2,235606148,235606169,MA1714.1,-,1.19e-09,THE1B-int,ERVL-MaLR,LTR
chr2,3956285,3956306,MA1714.1,-,1.25e-09,THE1A-int,ERVL-MaLR,LTR
chr12,5933240,5933261,MA1714.1,-,1.25e-09,THE1A-int,ERVL-MaLR,LTR
chr9,11301378,11301399,MA1714.1,-,1.25e-09,THE1A-int,ERVL-MaLR,LTR
chr5,26054936,26054957,MA1714.1,-,1.25e-09,THE1D-int,ERVL-MaLR,LTR
chr11,26845711,26845732,MA1714.1,-,1.25e-09,MSTA-int,ERVL-MaLR,LTR
chr14,30309119,30309140,MA1714.1,-,1.25e-09,THE1B-int,ERVL-MaLR,LTR
chr18,31846174,31846195,MA1714.1,+,1.25e-09,THE1A-int,ERVL-MaLR,LTR
chr13,48365070,48365091,MA1714.1,+,1.25e-09,THE1A-int,ERVL-MaLR,LTR
chr14,55779533,55779554,MA1714.1,-,1.25e-09,THE1D-int,ERVL-MaLR,LTR
chr8,65880072,65880093,MA1714.1,-,1.25e-09,THE1A-int,ERVL-MaLR,LTR
chr5,77596642,77596663,MA1714.1,+,1.25e-09,THE1C-int,ERVL-MaLR,LTR
chr14,80703700,80703721,MA1714.1,-,1.25e-09,THE1B-int,ERVL-MaLR,LTR
chr14,83475794,83475815,MA1714.1,+,1.25e-09,THE1B-int,ERVL-MaLR,LTR
chr9,84961120,84961141,MA1714.1,+,1.25e-09,THE1B-int,ERVL-MaLR,LTR
chr12,86392047,86392068,MA1714.1,-,1.25e-09,THE1B-int,ERVL-MaLR,LTR
chr6,92130993,92131014,MA1714.1,+,1.25e-09,THE1B-int,ERVL-MaLR,LTR
chrX,102073401,102073422,MA1714.1,-,1.25e-09,THE1A-int,ERVL-MaLR,LTR
chr9,103419317,103419338,MA1714.1,+,1.25e-09,THE1A-int,ERVL-MaLR,LTR
chr1,108716817,108716838,MA1714.1,+,1.25e-09,THE1C-int,ERVL-MaLR,LTR
chr6,112930298,112930319,MA1714.1,+,1.25e-09,THE1A-int,ERVL-MaLR,LTR
chr5,120289323,120289344,MA1714.1,+,1.25e-09,THE1A-int,ERVL-MaLR,LTR
chr5,123539170,123539191,MA1714.1,+,1.25e-09,THE1D-int,ERVL-MaLR,LTR
chr2,136210817,136210838,MA1714.1,-,1.25e-09,THE1A-int,ERVL-MaLR,LTR
chr8,137782408,137782429,MA1714.1,-,1.25e-09,THE1A-int,ERVL-MaLR,LTR
chr2,62504994,62505015,MA1714.1,+,1.27e-09,MSTA-int,ERVL-MaLR,LTR
chr18,72216999,72217020,MA1714.1,+,1.27e-09,MSTA-int,ERVL-MaLR,LTR
chrX,107062309,107062330,MA1714.1,+,1.27e-09,MSTA-int,ERVL-MaLR,LTR
chr9,121498864,121498885,MA1714.1,+,1.27e-09,MSTA-int,ERVL-MaLR,LTR
chr14,62443425,62443446,MA1714.1,-,1.29e-09,THE1D-int,ERVL-MaLR,LTR
chr1,69986012,69986033,MA1714.1,+,1.29e-09,HAL1,L1,LINE
chr3,102990612,102990633,MA1714.1,-,1.29e-09,THE1B-int,ERVL-MaLR,LTR
chrX,14354190,14354211,MA1714.1,-,1.31e-09,THE1B-int,ERVL-MaLR,LTR
chr12,62292456,62292477,MA1714.1,-,1.31e-09,THE1D-int,ERVL-MaLR,LTR
chr6,65798681,65798702,MA1714.1,+,1.31e-09,THE1D-int,ERVL-MaLR,LTR
chr9,85531370,85531391,MA1714.1,-,1.31e-09,THE1B-int,ERVL-MaLR,LTR
chr8,111023094,111023115,MA1714.1,+,1.31e-09,THE1D-int,ERVL-MaLR,LTR
chrX,125017321,125017342,MA1714.1,+,1.31e-09,THE1C-int,ERVL-MaLR,LTR
chr9,5408762,5408783,MA1714.1,+,1.43e-09,MST-int,ERVL-MaLR,LTR
chrX,32650927,32650948,MA1714.1,-,1.43e-09,MSTA-int,ERVL-MaLR,LTR
chrX,71378824,71378845,MA1714.1,-,1.43e-09,MSTB2-int,ERVL-MaLR,LTR
chr11,106922236,106922257,MA1714.1,+,1.43e-09,THE1B-int,ERVL-MaLR,LTR
chr14,71617652,71617673,MA1714.1,+,1.47e-09,MSTA-int,ERVL-MaLR,LTR
chr18,41608286,41608307,MA1714.1,-,1.53e-09,MSTA-int,ERVL-MaLR,LTR
chr18,32856394,32856415,MA1714.1,+,1.61e-09,THE1C-int,ERVL-MaLR,LTR
chr3,162365260,162365281,MA1714.1,+,1.68e-09,THE1A-int,ERVL-MaLR,LTR
chr9,15709362,15709383,MA1714.1,+,1.7e-09,L1M6,L1,LINE
chr1,164062395,164062416,MA1714.1,-,1.84e-09,THE1B-int,ERVL-MaLR,LTR
chr12,4988862,4988883,MA1714.1,-,2e-09,THE1B-int,ERVL-MaLR,LTR
chrX,89267564,89267585,MA1714.1,+,2e-09,THE1C-int,ERVL-MaLR,LTR
chr4,131445404,131445425,MA1714.1,-,2e-09,THE1B-int,ERVL-MaLR,LTR
chrX,21591854,21591875,MA1714.1,-,2.03e-09,THE1C-int,ERVL-MaLR,LTR
chr18,27185492,27185513,MA1714.1,+,2.03e-09,THE1B-int,ERVL-MaLR,LTR
chr12,33704129,33704150,MA1714.1,+,2.03e-09,THE1B-int,ERVL-MaLR,LTR
chr2,39587032,39587053,MA1714.1,-,2.03e-09,THE1C-int,ERVL-MaLR,LTR
chr12,63570197,63570218,MA1714.1,+,2.03e-09,THE1C-int,ERVL-MaLR,LTR
chr12,63573187,63573208,MA1714.1,+,2.03e-09,THE1B-int,ERVL-MaLR,LTR
chr9,81704161,81704182,MA1714.1,-,2.03e-09,THE1B-int,ERVL-MaLR,LTR
chr12,90180119,90180140,MA1714.1,+,2.03e-09,THE1D-int,ERVL-MaLR,LTR
chr1,90605592,90605613,MA1714.1,-,2.03e-09,THE1B-int,ERVL-MaLR,LTR
chrX,94224471,94224492,MA1714.1,+,2.03e-09,THE1B-int,ERVL-MaLR,LTR
chr4,105020414,105020435,MA1714.1,+,2.03e-09,THE1B-int,ERVL-MaLR,LTR
chr7,114127437,114127458,MA1714.1,-,2.03e-09,THE1B-int,ERVL-MaLR,LTR
chr2,116435848,116435869,MA1714.1,+,2.03e-09,THE1C-int,ERVL-MaLR,LTR
chr8,136025199,136025220,MA1714.1,+,2.03e-09,THE1B-int,ERVL-MaLR,LTR
chrX,147379012,147379033,MA1714.1,+,2.03e-09,THE1B-int,ERVL-MaLR,LTR
chr1,179447708,179447729,MA1714.1,-,2.03e-09,THE1B-int,ERVL-MaLR,LTR
chr2,199022217,199022238,MA1714.1,+,2.03e-09,THE1C-int,ERVL-MaLR,LTR
chr1,215497530,215497551,MA1714.1,-,2.03e-09,THE1B-int,ERVL-MaLR,LTR
chr2,241573296,241573317,MA1714.1,+,2.03e-09,THE1D-int,ERVL-MaLR,LTR
chrUn_gl000236,10046,10067,MA1714.1,-,2.08e-09,MSTB2-int,ERVL-MaLR,LTR
chrY,13556107,13556128,MA1714.1,-,2.08e-09,MSTB2-int,ERVL-MaLR,LTR
chr22,16972106,16972127,MA1714.1,-,2.08e-09,MSTB2-int,ERVL-MaLR,LTR
chr16,32387045,32387066,MA1714.1,+,2.08e-09,MSTB2-int,ERVL-MaLR,LTR
chr10,38994245,38994266,MA1714.1,-,2.08e-09,MSTB2-int,ERVL-MaLR,LTR
chr8,57376945,57376966,MA1714.1,+,2.08e-09,MSTB-int,ERVL-MaLR,LTR
chr10,107694611,107694632,MA1714.1,+,2.08e-09,MSTA-int,ERVL-MaLR,LTR
chr18,39989182,39989203,MA1714.1,-,2.1e-09,MSTA-int,ERVL-MaLR,LTR
chr9,33340441,33340462,MA1714.1,-,2.13e-09,THE1B-int,ERVL-MaLR,LTR
chr2,180794914,180794935,MA1714.1,-,2.13e-09,THE1A-int,ERVL-MaLR,LTR
chr1,238419513,238419534,MA1714.1,-,2.16e-09,MIRc,MIR,SINE
chr9,35028578,35028599,MA1714.1,+,2.19e-09,MSTB1-int,ERVL-MaLR,LTR
chr13,68439403,68439424,MA1714.1,+,2.27e-09,L1MB4,L1,LINE
chr6,68332086,68332107,MA1714.1,+,2.3e-09,THE1B-int,ERVL-MaLR,LTR
chr12,88411924,88411945,MA1714.1,+,2.3e-09,THE1B-int,ERVL-MaLR,LTR
chr2,125930045,125930066,MA1714.1,+,2.33e-09,MIR,MIR,SINE
chr9,45702554,45702575,MA1714.1,-,2.36e-09,THE1B-int,ERVL-MaLR,LTR
chr9,46088730,46088751,MA1714.1,-,2.36e-09,THE1B-int,ERVL-MaLR,LTR
chr9,46415564,46415585,MA1714.1,+,2.36e-09,THE1B-int,ERVL-MaLR,LTR
chr12,103411942,103411963,MA1714.1,-,2.39e-09,MSTB1-int,ERVL-MaLR,LTR
chr4,132601402,132601423,MA1714.1,+,2.48e-09,THE1B-int,ERVL-MaLR,LTR
chr9,26390015,26390036,MA1714.1,+,2.52e-09,THE1C-int,ERVL-MaLR,LTR
chrX,39480734,39480755,MA1714.1,-,2.55e-09,THE1B-int,ERVL-MaLR,LTR
chr17,58304203,58304224,MA1714.1,+,2.55e-09,AluSx1,Alu,SINE
chr11,74116220,74116241,MA1714.1,+,2.55e-09,AluSz,Alu,SINE
chr11,2500845,2500866,MA1714.1,-,2.58e-09,THE1B-int,ERVL-MaLR,LTR
chr13,31929314,31929335,MA1714.1,+,2.58e-09,THE1B-int,ERVL-MaLR,LTR
chr4,59224309,59224330,MA1714.1,+,2.58e-09,THE1B-int,ERVL-MaLR,LTR
chr13,63584450,63584471,MA1714.1,-,2.58e-09,MSTA-int,ERVL-MaLR,LTR
chr10,64734477,64734498,MA1714.1,-,2.58e-09,THE1B-int,ERVL-MaLR,LTR
chr4,70749679,70749700,MA1714.1,-,2.58e-09,THE1D-int,ERVL-MaLR,LTR
chr13,111396255,111396276,MA1714.1,-,2.58e-09,THE1C-int,ERVL-MaLR,LTR
chr9,118318924,118318945,MA1714.1,-,2.58e-09,THE1D-int,ERVL-MaLR,LTR
chr4,131188144,131188165,MA1714.1,+,2.58e-09,THE1D-int,ERVL-MaLR,LTR
chr2,162935658,162935679,MA1714.1,-,2.58e-09,THE1B-int,ERVL-MaLR,LTR
chr1,240142948,240142969,MA1714.1,+,2.58e-09,THE1B-int,ERVL-MaLR,LTR
chr16,59720528,59720549,MA1714.1,-,2.71e-09,MSTA-int,ERVL-MaLR,LTR
chr5,141585879,141585900,MA1714.1,+,2.91e-09,ERV3-16A3_I-int,ERVL,LTR
chr19,11104954,11104975,MA1714.1,-,2.94e-09,AluSx,Alu,SINE
chr13,71064629,71064650,MA1714.1,+,2.98e-09,THE1D-int,ERVL-MaLR,LTR
chr4,113758233,113758254,MA1714.1,+,2.98e-09,THE1D-int,ERVL-MaLR,LTR
chrX,16241695,16241716,MA1714.1,-,3.09e-09,MSTB1-int,ERVL-MaLR,LTR
chr18,32932422,32932443,MA1714.1,+,3.09e-09,MSTA-int,ERVL-MaLR,LTR
chrX,87621531,87621552,MA1714.1,-,3.09e-09,MST-int,ERVL-MaLR,LTR
chr8,138543930,138543951,MA1714.1,+,3.09e-09,MSTA-int,ERVL-MaLR,LTR
chr11,119696568,119696589,MA1714.1,+,3.37e-09,L1MEg,L1,LINE
chr2,72613605,72613626,MA1714.1,+,3.45e-09,MST-int,ERVL-MaLR,LTR
chr2,92133375,92133396,MA1714.1,-,3.45e-09,MSTB2-int,ERVL-MaLR,LTR
chr13,88173553,88173574,MA1714.1,+,3.54e-09,THE1B-int,ERVL-MaLR,LTR
chr18,20268067,20268088,MA1714.1,-,3.66e-09,MSTB-int,ERVL-MaLR,LTR
chr11,125701238,125701259,MA1714.1,-,3.66e-09,MSTB-int,ERVL-MaLR,LTR
chr3,180494466,180494487,MA1714.1,-,3.84e-09,THE1B-int,ERVL-MaLR,LTR
chr4,88207785,88207806,MA1714.1,+,3.93e-09,MSTA-int,ERVL-MaLR,LTR
chr3,88844861,88844882,MA1714.1,-,3.93e-09,THE1D-int,ERVL-MaLR,LTR
chr1_gl000192_random,109457,109478,MA1714.1,+,3.98e-09,THE1B-int,ERVL-MaLR,LTR
chrX,16544372,16544393,MA1714.1,-,3.98e-09,THE1D-int,ERVL-MaLR,LTR
chr5,33108373,33108394,MA1714.1,+,3.98e-09,MSTA-int,ERVL-MaLR,LTR
chr2,40090979,40091000,MA1714.1,+,3.98e-09,THE1B-int,ERVL-MaLR,LTR
chr1,50223648,50223669,MA1714.1,+,3.98e-09,THE1C-int,ERVL-MaLR,LTR
chr2,57478825,57478846,MA1714.1,-,3.98e-09,THE1B-int,ERVL-MaLR,LTR
chr13,65962055,65962076,MA1714.1,+,3.98e-09,THE1B-int,ERVL-MaLR,LTR
chr3,67303994,67304015,MA1714.1,+,3.98e-09,THE1D-int,ERVL-MaLR,LTR
chr16,70904289,70904310,MA1714.1,+,3.98e-09,THE1B-int,ERVL-MaLR,LTR
chrX,98114814,98114835,MA1714.1,+,3.98e-09,THE1B-int,ERVL-MaLR,LTR
chr5,127112347,127112368,MA1714.1,+,3.98e-09,THE1B-int,ERVL-MaLR,LTR
chr2,127145598,127145619,MA1714.1,+,3.98e-09,THE1D-int,ERVL-MaLR,LTR
chr12,131882524,131882545,MA1714.1,-,3.98e-09,THE1D-int,ERVL-MaLR,LTR
chr7,158776894,158776915,MA1714.1,-,3.98e-09,THE1B-int,ERVL-MaLR,LTR
chr7,99494640,99494661,MA1714.1,+,4.02e-09,HERVL32-int,ERVL,LTR
chr11,120489290,120489311,MA1714.1,+,4.02e-09,MSTA-int,ERVL-MaLR,LTR
chr3,32384355,32384376,MA1714.1,-,4.07e-09,MIRb,MIR,SINE
chr2,120179068,120179089,MA1714.1,-,4.27e-09,MSTB1-int,ERVL-MaLR,LTR
chr9,11122867,11122888,MA1714.1,-,4.32e-09,THE1B-int,ERVL-MaLR,LTR
chr9,44965767,44965788,MA1714.1,-,4.37e-09,THE1B-int,ERVL-MaLR,LTR
chr9,67818646,67818667,MA1714.1,+,4.37e-09,THE1B-int,ERVL-MaLR,LTR
chr1,173439934,173439955,MA1714.1,+,4.37e-09,THE1B-int,ERVL-MaLR,LTR
chr3,161602784,161602805,MA1714.1,+,4.48e-09,MSTA-int,ERVL-MaLR,LTR
chr4,190325577,190325598,MA1714.1,+,4.53e-09,THE1D-int,ERVL-MaLR,LTR
chr4,34459470,34459491,MA1714.1,+,4.64e-09,MLT1F1-int,ERVL-MaLR,LTR
chr4,19785615,19785636,MA1714.1,-,4.81e-09,THE1C-int,ERVL-MaLR,LTR
chr7,39701762,39701783,MA1714.1,-,4.81e-09,THE1B-int,ERVL-MaLR,LTR
chr21,41620064,41620085,MA1714.1,-,4.81e-09,THE1A-int,ERVL-MaLR,LTR
chrX,77556627,77556648,MA1714.1,-,4.81e-09,THE1B-int,ERVL-MaLR,LTR
chrX,78537475,78537496,MA1714.1,-,4.81e-09,THE1B-int,ERVL-MaLR,LTR
chr14,87219487,87219508,MA1714.1,-,4.81e-09,THE1C-int,ERVL-MaLR,LTR
chr10,116865332,116865353,MA1714.1,+,4.81e-09,THE1A-int,ERVL-MaLR,LTR
chr6,127067938,127067959,MA1714.1,-,4.81e-09,THE1C-int,ERVL-MaLR,LTR
chrX,128088862,128088883,MA1714.1,-,4.81e-09,THE1B-int,ERVL-MaLR,LTR
chr5,164746352,164746373,MA1714.1,-,4.81e-09,THE1B-int,ERVL-MaLR,LTR
chr12,10799332,10799353,MA1714.1,+,4.87e-09,THE1B-int,ERVL-MaLR,LTR
chr1,32145914,32145935,MA1714.1,+,4.92e-09,MIRb,MIR,SINE
chr5,4999587,4999608,MA1714.1,-,5.04e-09,THE1B-int,ERVL-MaLR,LTR
chr7,10094665,10094686,MA1714.1,+,5.04e-09,THE1B-int,ERVL-MaLR,LTR
chr20,14963118,14963139,MA1714.1,+,5.04e-09,THE1B-int,ERVL-MaLR,LTR
chrY,25355799,25355820,MA1714.1,+,5.04e-09,THE1D-int,ERVL-MaLR,LTR
chrY,26970184,26970205,MA1714.1,+,5.04e-09,THE1D-int,ERVL-MaLR,LTR
chr1,79705738,79705759,MA1714.1,-,5.04e-09,THE1D-int,ERVL-MaLR,LTR
chr9,121348923,121348944,MA1714.1,+,5.04e-09,THE1C-int,ERVL-MaLR,LTR
chr21,25119027,25119048,MA1714.1,-,5.16e-09,THE1B-int,ERVL-MaLR,LTR
chr17,25828534,25828555,MA1714.1,+,5.16e-09,THE1-int,ERVL-MaLR,LTR
chr5,62260450,62260471,MA1714.1,-,5.16e-09,THE1B-int,ERVL-MaLR,LTR
chr8,112544592,112544613,MA1714.1,-,5.16e-09,THE1B-int,ERVL-MaLR,LTR
chr4,167889545,167889566,MA1714.1,+,5.16e-09,MSTA-int,ERVL-MaLR,LTR
chr2,102982421,102982442,MA1714.1,-,5.22e-09,THE1C-int,ERVL-MaLR,LTR
chr3,189921624,189921645,MA1714.1,+,5.22e-09,THE1B-int,ERVL-MaLR,LTR
chr10,142651,142672,MA1714.1,-,5.28e-09,THE1D-int,ERVL-MaLR,LTR
chr10,7734531,7734552,MA1714.1,-,5.28e-09,THE1B-int,ERVL-MaLR,LTR
chr21,14449442,14449463,MA1714.1,+,5.28e-09,THE1D-int,ERVL-MaLR,LTR
chr18,15291366,15291387,MA1714.1,-,5.28e-09,THE1D-int,ERVL-MaLR,LTR
chr2,17260704,17260725,MA1714.1,+,5.28e-09,THE1C-int,ERVL-MaLR,LTR
chr9,26590800,26590821,MA1714.1,-,5.28e-09,THE1B-int,ERVL-MaLR,LTR
chr3,31034706,31034727,MA1714.1,-,5.28e-09,THE1C-int,ERVL-MaLR,LTR
chr16,31588906,31588927,MA1714.1,+,5.28e-09,THE1C-int,ERVL-MaLR,LTR
chr15,31873932,31873953,MA1714.1,-,5.28e-09,THE1B-int,ERVL-MaLR,LTR
chr17,45346530,45346551,MA1714.1,-,5.28e-09,THE1C-int,ERVL-MaLR,LTR
chrX,57474212,57474233,MA1714.1,-,5.28e-09,THE1-int,ERVL-MaLR,LTR
chrX,85143153,85143174,MA1714.1,+,5.28e-09,THE1B-int,ERVL-MaLR,LTR
chr3,89820783,89820804,MA1714.1,-,5.28e-09,THE1B-int,ERVL-MaLR,LTR
chr1,90690956,90690977,MA1714.1,+,5.28e-09,THE1B-int,ERVL-MaLR,LTR
chr12,90884307,90884328,MA1714.1,+,5.28e-09,THE1B-int,ERVL-MaLR,LTR
chrX,121318839,121318860,MA1714.1,-,5.28e-09,THE1B-int,ERVL-MaLR,LTR
chrX,121890553,121890574,MA1714.1,-,5.28e-09,THE1D-int,ERVL-MaLR,LTR
chr6,126976026,126976047,MA1714.1,+,5.28e-09,THE1B-int,ERVL-MaLR,LTR
chr2,132880305,132880326,MA1714.1,-,5.28e-09,THE1D-int,ERVL-MaLR,LTR
chr1,165152362,165152383,MA1714.1,+,5.28e-09,THE1B-int,ERVL-MaLR,LTR
chr2,189450446,189450467,MA1714.1,-,5.28e-09,THE1-int,ERVL-MaLR,LTR
chr2,200781950,200781971,MA1714.1,-,5.28e-09,THE1C-int,ERVL-MaLR,LTR
chrUn_gl000219,149507,149528,MA1714.1,+,5.4e-09,THE1C-int,ERVL-MaLR,LTR
chr11,19633772,19633793,MA1714.1,-,5.4e-09,THE1A-int,ERVL-MaLR,LTR
chr4,30418349,30418370,MA1714.1,+,5.4e-09,THE1B-int,ERVL-MaLR,LTR
chr15,98530189,98530210,MA1714.1,+,5.4e-09,THE1A-int,ERVL-MaLR,LTR
chr15,102403050,102403071,MA1714.1,+,5.4e-09,THE1B-int,ERVL-MaLR,LTR
chr4,161283833,161283854,MA1714.1,-,5.4e-09,THE1B-int,ERVL-MaLR,LTR
chr1,14182228,14182249,MA1714.1,+,5.46e-09,THE1D-int,ERVL-MaLR,LTR
chr9,22713037,22713058,MA1714.1,+,5.46e-09,THE1B-int,ERVL-MaLR,LTR
chr18,27614955,27614976,MA1714.1,+,5.46e-09,THE1B-int,ERVL-MaLR,LTR
chr10,54947762,54947783,MA1714.1,+,5.46e-09,THE1B-int,ERVL-MaLR,LTR
chr2,229864223,229864244,MA1714.1,+,5.46e-09,THE1D-int,ERVL-MaLR,LTR
chr10,23197978,23197999,MA1714.1,-,5.53e-09,THE1B-int,ERVL-MaLR,LTR
chr12,84542286,84542307,MA1714.1,+,5.59e-09,MSTA-int,ERVL-MaLR,LTR
chr2,237093531,237093552,MA1714.1,+,5.59e-09,MSTB-int,ERVL-MaLR,LTR
chr22,45307292,45307313,MA1714.1,+,5.72e-09,THE1B-int,ERVL-MaLR,LTR
chr18,72233426,72233447,MA1714.1,-,5.72e-09,THE1A-int,ERVL-MaLR,LTR
chr4,190446627,190446648,MA1714.1,+,5.72e-09,THE1C-int,ERVL-MaLR,LTR
chr10,1026644,1026665,MA1714.1,-,5.92e-09,MST-int,ERVL-MaLR,LTR
chr11,10720891,10720912,MA1714.1,+,5.92e-09,THE1B-int,ERVL-MaLR,LTR
chr7,34934963,34934984,MA1714.1,+,5.92e-09,MSTA-int,ERVL-MaLR,LTR
chr6,44940637,44940658,MA1714.1,-,5.92e-09,THE1C-int,ERVL-MaLR,LTR
chr5,82644404,82644425,MA1714.1,-,5.92e-09,MSTA-int,ERVL-MaLR,LTR
chr6,95868844,95868865,MA1714.1,-,5.92e-09,MSTA-int,ERVL-MaLR,LTR
chr3,186925216,186925237,MA1714.1,-,5.92e-09,MSTC-int,ERVL-MaLR,LTR
chr9,100384414,100384435,MA1714.1,+,5.99e-09,THE1B-int,ERVL-MaLR,LTR
chr7,14601598,14601619,MA1714.1,+,6.06e-09,THE1B-int,ERVL-MaLR,LTR
chr9,2592163,2592184,MA1714.1,-,6.2e-09,MSTB-int,ERVL-MaLR,LTR
chr3,140424957,140424978,MA1714.1,-,6.2e-09,MSTB-int,ERVL-MaLR,LTR
chr3,194036696,194036717,MA1714.1,-,6.2e-09,MSTB-int,ERVL-MaLR,LTR
chrX,80150498,80150519,MA1714.1,+,6.42e-09,THE1B-int,ERVL-MaLR,LTR
chr4,166812324,166812345,MA1714.1,-,6.42e-09,THE1C-int,ERVL-MaLR,LTR
chr17,48131319,48131340,MA1714.1,+,6.49e-09,MIRc,MIR,SINE
chr4,111618215,111618236,MA1714.1,-,6.49e-09,L1MCc,L1,LINE
chr13,98445332,98445353,MA1714.1,-,6.64e-09,MSTA-int,ERVL-MaLR,LTR
chr5,111916425,111916446,MA1714.1,+,6.8e-09,HERVL32-int,ERVL,LTR
chr5,136717427,136717448,MA1714.1,-,6.95e-09,MSTA-int,ERVL-MaLR,LTR
chr4_ctg9_hap1,60882,60903,MA1714.1,+,7.03e-09,THE1D-int,ERVL-MaLR,LTR
chr10,19277477,19277498,MA1714.1,-,7.03e-09,THE1B-int,ERVL-MaLR,LTR
chr21,22966577,22966598,MA1714.1,-,7.03e-09,THE1B-int,ERVL-MaLR,LTR
chr4,69230960,69230981,MA1714.1,+,7.03e-09,THE1D-int,ERVL-MaLR,LTR
chr1,73735300,73735321,MA1714.1,+,7.03e-09,THE1D-int,ERVL-MaLR,LTR
chr14,79040268,79040289,MA1714.1,+,7.03e-09,THE1D-int,ERVL-MaLR,LTR
chr14,84049719,84049740,MA1714.1,+,7.03e-09,THE1A-int,ERVL-MaLR,LTR
chr1,109328105,109328126,MA1714.1,-,7.03e-09,THE1C-int,ERVL-MaLR,LTR
chr2,213035292,213035313,MA1714.1,+,7.03e-09,THE1D-int,ERVL-MaLR,LTR
chr7,12886562,12886583,MA1714.1,-,7.11e-09,MSTA-int,ERVL-MaLR,LTR
chr14,87258325,87258346,MA1714.1,+,7.11e-09,THE1D-int,ERVL-MaLR,LTR
chr14,53714200,53714221,MA1714.1,-,7.2e-09,MIR,MIR,SINE
chr6,92971233,92971254,MA1714.1,+,7.2e-09,L2a,L2,LINE
chr20,9132991,9133012,MA1714.1,+,7.28e-09,THE1A-int,ERVL-MaLR,LTR
chr16,16075495,16075516,MA1714.1,-,7.28e-09,THE1C-int,ERVL-MaLR,LTR
chr6,63772845,63772866,MA1714.1,+,7.28e-09,THE1C-int,ERVL-MaLR,LTR
chr4,117019325,117019346,MA1714.1,+,7.28e-09,THE1A-int,ERVL-MaLR,LTR
chr10,5253073,5253094,MA1714.1,-,7.36e-09,THE1B-int,ERVL-MaLR,LTR
chr12,20390199,20390220,MA1714.1,+,7.36e-09,THE1C-int,ERVL-MaLR,LTR
chr8,36039013,36039034,MA1714.1,-,7.36e-09,THE1B-int,ERVL-MaLR,LTR
chr7,37815704,37815725,MA1714.1,+,7.36e-09,THE1C-int,ERVL-MaLR,LTR
chr19,39586650,39586671,MA1714.1,-,7.36e-09,THE1A-int,ERVL-MaLR,LTR
chr11,41205639,41205660,MA1714.1,-,7.36e-09,THE1B-int,ERVL-MaLR,LTR
chr21,43415858,43415879,MA1714.1,+,7.36e-09,THE1B-int,ERVL-MaLR,LTR
chr15,45590140,45590161,MA1714.1,+,7.36e-09,THE1A-int,ERVL-MaLR,LTR
chr5,56605028,56605049,MA1714.1,+,7.36e-09,THE1A-int,ERVL-MaLR,LTR
chr5,62290219,62290240,MA1714.1,-,7.36e-09,THE1B-int,ERVL-MaLR,LTR
chrX,62998252,62998273,MA1714.1,-,7.36e-09,THE1C-int,ERVL-MaLR,LTR
chrX,68018410,68018431,MA1714.1,+,7.36e-09,THE1A-int,ERVL-MaLR,LTR
chr12,72465006,72465027,MA1714.1,-,7.36e-09,THE1B-int,ERVL-MaLR,LTR
chr5,74457500,74457521,MA1714.1,+,7.36e-09,THE1B-int,ERVL-MaLR,LTR
chr4,82219009,82219030,MA1714.1,+,7.36e-09,THE1D-int,ERVL-MaLR,LTR
chr7,84261417,84261438,MA1714.1,+,7.36e-09,THE1B-int,ERVL-MaLR,LTR
chr3,96007576,96007597,MA1714.1,+,7.36e-09,THE1A-int,ERVL-MaLR,LTR
chr1,98716862,98716883,MA1714.1,+,7.36e-09,THE1B-int,ERVL-MaLR,LTR
chr13,103920569,103920590,MA1714.1,+,7.36e-09,THE1B-int,ERVL-MaLR,LTR
chr13,104460794,104460815,MA1714.1,+,7.36e-09,THE1C-int,ERVL-MaLR,LTR
chr10,113248583,113248604,MA1714.1,+,7.36e-09,THE1D-int,ERVL-MaLR,LTR
chr8,113289198,113289219,MA1714.1,-,7.36e-09,THE1B-int,ERVL-MaLR,LTR
chr3,118051735,118051756,MA1714.1,+,7.36e-09,THE1D-int,ERVL-MaLR,LTR
chr2,121600796,121600817,MA1714.1,-,7.36e-09,MIRb,MIR,SINE
chr4,126697477,126697498,MA1714.1,+,7.36e-09,THE1B-int,ERVL-MaLR,LTR
chr5,130200471,130200492,MA1714.1,-,7.36e-09,THE1D-int,ERVL-MaLR,LTR
chr6,132496272,132496293,MA1714.1,-,7.36e-09,MSTA-int,ERVL-MaLR,LTR
chr6,138395666,138395687,MA1714.1,+,7.36e-09,THE1B-int,ERVL-MaLR,LTR
chr5,142764789,142764810,MA1714.1,-,7.36e-09,MSTA-int,ERVL-MaLR,LTR
chr3,144780459,144780480,MA1714.1,-,7.36e-09,THE1B-int,ERVL-MaLR,LTR
chr6,158011369,158011390,MA1714.1,+,7.36e-09,THE1C-int,ERVL-MaLR,LTR
chr1,158193407,158193428,MA1714.1,+,7.36e-09,THE1B-int,ERVL-MaLR,LTR
chr1,170176559,170176580,MA1714.1,+,7.36e-09,THE1C-int,ERVL-MaLR,LTR
chr2,183240761,183240782,MA1714.1,-,7.36e-09,THE1B-int,ERVL-MaLR,LTR
chr7,14816050,14816071,MA1714.1,+,7.44e-09,THE1C-int,ERVL-MaLR,LTR
chr13,70218741,70218762,MA1714.1,+,7.44e-09,MSTA-int,ERVL-MaLR,LTR
chr16,83012043,83012064,MA1714.1,+,7.44e-09,THE1C-int,ERVL-MaLR,LTR
chr9,1852758,1852779,MA1714.1,+,7.52e-09,MSTB-int,ERVL-MaLR,LTR
chr3,6709217,6709238,MA1714.1,+,7.52e-09,MSTA-int,ERVL-MaLR,LTR
chr10,45725422,45725443,MA1714.1,+,7.52e-09,MSTB-int,ERVL-MaLR,LTR
chr5,165465747,165465768,MA1714.1,-,7.52e-09,MSTB1-int,ERVL-MaLR,LTR
chr11,2370757,2370778,MA1714.1,+,7.61e-09,MSTB-int,ERVL-MaLR,LTR
chr6_cox_hap2,3891534,3891555,MA1714.1,+,7.61e-09,THE1B-int,ERVL-MaLR,LTR
chr5,5623456,5623477,MA1714.1,+,7.61e-09,MSTB-int,ERVL-MaLR,LTR
chr6,6124070,6124091,MA1714.1,+,7.61e-09,MSTB-int,ERVL-MaLR,LTR
chr8,7265918,7265939,MA1714.1,+,7.61e-09,MSTB-int,ERVL-MaLR,LTR
chr8,7760697,7760718,MA1714.1,-,7.61e-09,MSTB-int,ERVL-MaLR,LTR
chr5,12031269,12031290,MA1714.1,+,7.61e-09,THE1D-int,ERVL-MaLR,LTR
chr1,14265478,14265499,MA1714.1,-,7.61e-09,MSTA-int,ERVL-MaLR,LTR
chr2,14585990,14586011,MA1714.1,-,7.61e-09,MST-int,ERVL-MaLR,LTR
chr2,15264718,15264739,MA1714.1,+,7.61e-09,MSTB-int,ERVL-MaLR,LTR
chr12,16174128,16174149,MA1714.1,+,7.61e-09,MSTB-int,ERVL-MaLR,LTR
chr12,18528668,18528689,MA1714.1,+,7.61e-09,MSTA-int,ERVL-MaLR,LTR
chr20,18840050,18840071,MA1714.1,+,7.61e-09,MSTB-int,ERVL-MaLR,LTR
chr21,19180421,19180442,MA1714.1,+,7.61e-09,MSTA-int,ERVL-MaLR,LTR
chr6,19516320,19516341,MA1714.1,+,7.61e-09,THE1B-int,ERVL-MaLR,LTR
chr6,23672116,23672137,MA1714.1,-,7.61e-09,MSTB-int,ERVL-MaLR,LTR
chr22,25809851,25809872,MA1714.1,-,7.61e-09,MSTA-int,ERVL-MaLR,LTR
chr14,26522983,26523004,MA1714.1,+,7.61e-09,MSTB-int,ERVL-MaLR,LTR
chr18,30477285,30477306,MA1714.1,+,7.61e-09,MSTB-int,ERVL-MaLR,LTR
chr6,32421136,32421157,MA1714.1,+,7.61e-09,THE1B-int,ERVL-MaLR,LTR
chr11,36603263,36603284,MA1714.1,-,7.61e-09,MSTB-int,ERVL-MaLR,LTR
chr21,36823322,36823343,MA1714.1,-,7.61e-09,MSTB-int,ERVL-MaLR,LTR
chr5,41977221,41977242,MA1714.1,-,7.61e-09,MSTB-int,ERVL-MaLR,LTR
chrX,43110849,43110870,MA1714.1,-,7.61e-09,MSTB-int,ERVL-MaLR,LTR
chr8,43321513,43321534,MA1714.1,-,7.61e-09,MSTA-int,ERVL-MaLR,LTR
chr8,43385364,43385385,MA1714.1,+,7.61e-09,MSTA-int,ERVL-MaLR,LTR
chr5,43815788,43815809,MA1714.1,+,7.61e-09,MSTA-int,ERVL-MaLR,LTR
chr22,47152179,47152200,MA1714.1,-,7.61e-09,MSTB-int,ERVL-MaLR,LTR
chr14,49245549,49245570,MA1714.1,+,7.61e-09,MSTA-int,ERVL-MaLR,LTR
chr10,50431581,50431602,MA1714.1,-,7.61e-09,MSTB-int,ERVL-MaLR,LTR
chr2,52285516,52285537,MA1714.1,+,7.61e-09,MSTB-int,ERVL-MaLR,LTR
chr13,61580754,61580775,MA1714.1,+,7.61e-09,MSTB-int,ERVL-MaLR,LTR
chr11,72218260,72218281,MA1714.1,-,7.61e-09,MSTB-int,ERVL-MaLR,LTR
chr18,72813395,72813416,MA1714.1,-,7.61e-09,MSTB-int,ERVL-MaLR,LTR
chr7,79696152,79696173,MA1714.1,-,7.61e-09,MSTB-int,ERVL-MaLR,LTR
chr13,88956512,88956533,MA1714.1,+,7.61e-09,MSTA-int,ERVL-MaLR,LTR
chr6,94894997,94895018,MA1714.1,-,7.61e-09,MSTA-int,ERVL-MaLR,LTR
chr10,95621735,95621756,MA1714.1,+,7.61e-09,MSTB-int,ERVL-MaLR,LTR
chr5,98611117,98611138,MA1714.1,+,7.61e-09,MSTB-int,ERVL-MaLR,LTR
chr6,105857808,105857829,MA1714.1,-,7.61e-09,MSTA-int,ERVL-MaLR,LTR
chr2,107218668,107218689,MA1714.1,-,7.61e-09,MSTB-int,ERVL-MaLR,LTR
chrX,111809147,111809168,MA1714.1,-,7.61e-09,MSTA-int,ERVL-MaLR,LTR
chr2,117287852,117287873,MA1714.1,+,7.61e-09,MSTA-int,ERVL-MaLR,LTR
chr10,134433633,134433654,MA1714.1,-,7.61e-09,MSTB-int,ERVL-MaLR,LTR
chr2,143155952,143155973,MA1714.1,+,7.61e-09,MSTB-int,ERVL-MaLR,LTR
chr6,144380473,144380494,MA1714.1,-,7.61e-09,MSTB-int,ERVL-MaLR,LTR
chr3,149650994,149651015,MA1714.1,-,7.61e-09,MST-int,ERVL-MaLR,LTR
chr1,152120721,152120742,MA1714.1,-,7.61e-09,MSTB-int,ERVL-MaLR,LTR
chr7,152961724,152961745,MA1714.1,-,7.61e-09,THE1B-int,ERVL-MaLR,LTR
chr4,153508441,153508462,MA1714.1,+,7.61e-09,MSTB-int,ERVL-MaLR,LTR
chr7,154518281,154518302,MA1714.1,-,7.61e-09,MSTA-int,ERVL-MaLR,LTR
chr4,154895730,154895751,MA1714.1,+,7.61e-09,MSTA-int,ERVL-MaLR,LTR
chr4,155784310,155784331,MA1714.1,-,7.61e-09,MSTA-int,ERVL-MaLR,LTR
chr1,157941674,157941695,MA1714.1,-,7.61e-09,MSTB-int,ERVL-MaLR,LTR
chr4,160412957,160412978,MA1714.1,+,7.61e-09,MST-int,ERVL-MaLR,LTR
chr4,160893662,160893683,MA1714.1,-,7.61e-09,MSTA-int,ERVL-MaLR,LTR
chr5,175077140,175077161,MA1714.1,-,7.61e-09,MSTB-int,ERVL-MaLR,LTR
chr1,177503142,177503163,MA1714.1,-,7.61e-09,MSTA-int,ERVL-MaLR,LTR
chr2,186636336,186636357,MA1714.1,-,7.61e-09,MSTB-int,ERVL-MaLR,LTR
chr2,190807904,190807925,MA1714.1,+,7.61e-09,MSTA-int,ERVL-MaLR,LTR
chr1,215907686,215907707,MA1714.1,-,7.61e-09,MSTB-int,ERVL-MaLR,LTR
chrX,78057176,78057197,MA1714.1,+,7.69e-09,THE1C-int,ERVL-MaLR,LTR
chr2,113812958,113812979,MA1714.1,-,7.69e-09,THE1B-int,ERVL-MaLR,LTR
chr7,137517333,137517354,MA1714.1,-,7.69e-09,THE1B-int,ERVL-MaLR,LTR
chr3,29081563,29081584,MA1714.1,+,7.86e-09,THE1B-int,ERVL-MaLR,LTR
chr9,29810501,29810522,MA1714.1,+,7.86e-09,THE1D-int,ERVL-MaLR,LTR
chr1,34218861,34218882,MA1714.1,+,7.86e-09,MSTB-int,ERVL-MaLR,LTR
chrX,76245285,76245306,MA1714.1,-,7.86e-09,THE1C-int,ERVL-MaLR,LTR
chr8,117327774,117327795,MA1714.1,-,7.86e-09,THE1C-int,ERVL-MaLR,LTR
chrX,154670963,154670984,MA1714.1,-,7.86e-09,THE1C-int,ERVL-MaLR,LTR
chr5,36383146,36383167,MA1714.1,-,7.95e-09,MLT1L,ERVL-MaLR,LTR
chr19,40104422,40104443,MA1714.1,+,7.95e-09,MSTA-int,ERVL-MaLR,LTR
chr8,108042675,108042696,MA1714.1,+,7.95e-09,MSTB-int,ERVL-MaLR,LTR
chr11,110200423,110200444,MA1714.1,-,7.95e-09,MSTA-int,ERVL-MaLR,LTR
chr11,118419580,118419601,MA1714.1,-,7.95e-09,AluJb,Alu,SINE
chr5,125493796,125493817,MA1714.1,+,7.95e-09,MSTA-int,ERVL-MaLR,LTR
chr4,150300033,150300054,MA1714.1,+,7.95e-09,THE1B-int,ERVL-MaLR,LTR
chr4,160508153,160508174,MA1714.1,-,7.95e-09,MSTA-int,ERVL-MaLR,LTR
chr21,21995955,21995976,MA1714.1,-,8.04e-09,MSTA-int,ERVL-MaLR,LTR
chr12,25860158,25860179,MA1714.1,+,8.04e-09,MSTB-int,ERVL-MaLR,LTR
chrX,39162238,39162259,MA1714.1,+,8.04e-09,MSTA-int,ERVL-MaLR,LTR
chr14,44578848,44578869,MA1714.1,+,8.04e-09,MSTA-int,ERVL-MaLR,LTR
chr4,44800551,44800572,MA1714.1,+,8.04e-09,MSTA-int,ERVL-MaLR,LTR
chr15,46311912,46311933,MA1714.1,+,8.04e-09,MSTA-int,ERVL-MaLR,LTR
chr4,46656256,46656277,MA1714.1,-,8.04e-09,MSTA-int,ERVL-MaLR,LTR
chr4,47660668,47660689,MA1714.1,-,8.04e-09,MSTB-int,ERVL-MaLR,LTR
chr13,48151777,48151798,MA1714.1,-,8.04e-09,MSTA-int,ERVL-MaLR,LTR
chr7,48989961,48989982,MA1714.1,-,8.04e-09,MSTA-int,ERVL-MaLR,LTR
chr2,53936277,53936298,MA1714.1,+,8.04e-09,MSTA-int,ERVL-MaLR,LTR
chrX,73310091,73310112,MA1714.1,-,8.04e-09,MSTA-int,ERVL-MaLR,LTR
chr2,73865737,73865758,MA1714.1,+,8.04e-09,MSTB-int,ERVL-MaLR,LTR
chr2,73925405,73925426,MA1714.1,+,8.04e-09,MSTB-int,ERVL-MaLR,LTR
chr2,95804631,95804652,MA1714.1,+,8.04e-09,MSTA-int,ERVL-MaLR,LTR
chr8,95807111,95807132,MA1714.1,-,8.04e-09,L1MB8,L1,LINE
chr9,96891047,96891068,MA1714.1,+,8.04e-09,MSTA-int,ERVL-MaLR,LTR
chr11,106117416,106117437,MA1714.1,+,8.04e-09,MSTA-int,ERVL-MaLR,LTR
chr8,107000071,107000092,MA1714.1,+,8.04e-09,MSTB-int,ERVL-MaLR,LTR
chr2,116232465,116232486,MA1714.1,+,8.04e-09,MST-int,ERVL-MaLR,LTR
chr9,122879579,122879600,MA1714.1,+,8.04e-09,MSTA-int,ERVL-MaLR,LTR
chr1,151334995,151335016,MA1714.1,+,8.04e-09,MSTA-int,ERVL-MaLR,LTR
chr12,83700842,83700863,MA1714.1,+,8.13e-09,THE1C-int,ERVL-MaLR,LTR
chr8,65853893,65853914,MA1714.1,-,8.22e-09,MSTA-int,ERVL-MaLR,LTR
chr13,76642159,76642180,MA1714.1,+,8.22e-09,THE1B-int,ERVL-MaLR,LTR
chr5,102335550,102335571,MA1714.1,-,8.22e-09,THE1C-int,ERVL-MaLR,LTR
chr2,151133460,151133481,MA1714.1,-,8.22e-09,MSTA-int,ERVL-MaLR,LTR
chr1,193402300,193402321,MA1714.1,-,8.22e-09,THE1C-int,ERVL-MaLR,LTR
chr2,20221365,20221386,MA1714.1,-,8.31e-09,THE1B-int,ERVL-MaLR,LTR
chr14,38481420,38481441,MA1714.1,+,8.31e-09,MSTA-int,ERVL-MaLR,LTR
chr12,78880707,78880728,MA1714.1,-,8.31e-09,THE1A-int,ERVL-MaLR,LTR
chr13,92539598,92539619,MA1714.1,-,8.31e-09,THE1B-int,ERVL-MaLR,LTR
chrX,154638259,154638280,MA1714.1,+,8.31e-09,THE1B-int,ERVL-MaLR,LTR
chr6,5806827,5806848,MA1714.1,+,8.4e-09,MSTA-int,ERVL-MaLR,LTR
chr13,21774914,21774935,MA1714.1,-,8.4e-09,MSTA-int,ERVL-MaLR,LTR
chr13,100161926,100161947,MA1714.1,-,8.4e-09,MSTA-int,ERVL-MaLR,LTR
chr11,100492642,100492663,MA1714.1,-,8.4e-09,MSTA-int,ERVL-MaLR,LTR
chr5,162462048,162462069,MA1714.1,+,8.4e-09,THE1D-int,ERVL-MaLR,LTR
chr3,188733372,188733393,MA1714.1,+,8.4e-09,MSTA-int,ERVL-MaLR,LTR
chrX,36526324,36526345,MA1714.1,-,8.6e-09,MSTA-int,ERVL-MaLR,LTR
chr3,176723701,176723722,MA1714.1,+,8.69e-09,MSTB-int,ERVL-MaLR,LTR
chr18,33618191,33618212,MA1714.1,+,9.29e-09,THE1C-int,ERVL-MaLR,LTR
chr8,107919108,107919129,MA1714.1,-,9.29e-09,L1MEd,L1,LINE
chr13,91304453,91304474,MA1714.1,+,9.4e-09,THE1B-int,ERVL-MaLR,LTR
chr7,144973383,144973404,MA1714.1,+,9.5e-09,THE1B-int,ERVL-MaLR,LTR
chr2,52585483,52585504,MA1714.1,+,9.61e-09,THE1C-int,ERVL-MaLR,LTR
chr6,76792835,76792856,MA1714.1,-,9.61e-09,THE1C-int,ERVL-MaLR,LTR
chr2,82867326,82867347,MA1714.1,+,9.61e-09,THE1C-int,ERVL-MaLR,LTR
chr3,123611260,123611281,MA1714.1,-,9.61e-09,MSTA-int,ERVL-MaLR,LTR
chr5,129665772,129665793,MA1714.1,+,9.61e-09,MSTA-int,ERVL-MaLR,LTR
chr4,165462060,165462081,MA1714.1,-,9.61e-09,THE1D-int,ERVL-MaLR,LTR
chr1,238995647,238995668,MA1714.1,+,9.61e-09,MSTA-int,ERVL-MaLR,LTR
chr1,109426429,109426450,MA1714.1,-,9.93e-09,L1MEd,L1,LINE
chr12,74993892,74993913,MA1714.1,+,1e-08,THE1-int,ERVL-MaLR,LTR
chr4,171737131,171737152,MA1714.1,+,1.04e-08,THE1B-int,ERVL-MaLR,LTR
chr1,197034945,197034966,MA1714.1,+,1.05e-08,L1ME5,L1,LINE
chr1,229050569,229050590,MA1714.1,-,1.05e-08,MIR3,MIR,SINE
chr1,198712269,198712290,MA1714.1,+,1.1e-08,L1ME3C,L1,LINE
chr4,57993679,57993700,MA1714.1,+,1.11e-08,THE1B-int,ERVL-MaLR,LTR
chr9,75152116,75152137,MA1714.1,-,1.11e-08,MSTB1-int,ERVL-MaLR,LTR
chr16,50200912,50200933,MA1714.1,-,1.12e-08,FRAM,Alu,SINE
chr5,118039129,118039150,MA1714.1,-,1.12e-08,THE1B-int,ERVL-MaLR,LTR
chr1,190827497,190827518,MA1714.1,+,1.12e-08,MSTA-int,ERVL-MaLR,LTR
chr8,51684291,51684312,MA1714.1,+,1.13e-08,MSTB1-int,ERVL-MaLR,LTR
chr1,15520813,15520834,MA1714.1,-,1.14e-08,MER33,hAT-Charlie,DNA
chr14,66194307,66194328,MA1714.1,-,1.14e-08,THE1B-int,ERVL-MaLR,LTR
chr5,73014099,73014120,MA1714.1,-,1.14e-08,LTR81B,Gypsy,LTR
chr2,80431235,80431256,MA1714.1,-,1.14e-08,THE1B-int,ERVL-MaLR,LTR
chr4,97390139,97390160,MA1714.1,-,1.14e-08,THE1B-int,ERVL-MaLR,LTR
chr1,106478796,106478817,MA1714.1,-,1.14e-08,L1MEg2,L1,LINE
chr6,107747327,107747348,MA1714.1,+,1.14e-08,THE1B-int,ERVL-MaLR,LTR
chr2,189250149,189250170,MA1714.1,-,1.14e-08,THE1B-int,ERVL-MaLR,LTR
chr1,233199524,233199545,MA1714.1,-,1.14e-08,L1MEd,L1,LINE
chr10,6422656,6422677,MA1714.1,-,1.16e-08,THE1B-int,ERVL-MaLR,LTR
chr20,11985172,11985193,MA1714.1,+,1.16e-08,THE1B-int,ERVL-MaLR,LTR
chr13,22529493,22529514,MA1714.1,-,1.16e-08,THE1B-int,ERVL-MaLR,LTR
chr17,25700909,25700930,MA1714.1,+,1.16e-08,THE1B-int,ERVL-MaLR,LTR
chr5,25980160,25980181,MA1714.1,-,1.16e-08,THE1B-int,ERVL-MaLR,LTR
chrX,27258339,27258360,MA1714.1,+,1.16e-08,THE1B-int,ERVL-MaLR,LTR
chr5,30212273,30212294,MA1714.1,+,1.16e-08,THE1B-int,ERVL-MaLR,LTR
chr7,36361069,36361090,MA1714.1,+,1.16e-08,THE1B-int,ERVL-MaLR,LTR
chrX,36922792,36922813,MA1714.1,+,1.16e-08,THE1B-int,ERVL-MaLR,LTR
chr21,39495697,39495718,MA1714.1,+,1.16e-08,LTR33,ERVL,LTR
chrX,43254698,43254719,MA1714.1,-,1.16e-08,THE1B-int,ERVL-MaLR,LTR
chr13,61582002,61582023,MA1714.1,+,1.16e-08,THE1B-int,ERVL-MaLR,LTR
chr4,64312110,64312131,MA1714.1,-,1.16e-08,THE1B-int,ERVL-MaLR,LTR
chr13,66551807,66551828,MA1714.1,+,1.16e-08,THE1B-int,ERVL-MaLR,LTR
chr17,68209814,68209835,MA1714.1,+,1.16e-08,THE1B-int,ERVL-MaLR,LTR
chr3,68828607,68828628,MA1714.1,+,1.16e-08,THE1B-int,ERVL-MaLR,LTR
chr15,70221453,70221474,MA1714.1,-,1.16e-08,THE1B-int,ERVL-MaLR,LTR
chr5,73819682,73819703,MA1714.1,+,1.16e-08,THE1B-int,ERVL-MaLR,LTR
chr4,82775753,82775774,MA1714.1,-,1.16e-08,THE1B-int,ERVL-MaLR,LTR
chr4,87661685,87661706,MA1714.1,-,1.16e-08,THE1B-int,ERVL-MaLR,LTR
chr4,88205492,88205513,MA1714.1,+,1.16e-08,THE1B-int,ERVL-MaLR,LTR
chr5,89667286,89667307,MA1714.1,-,1.16e-08,THE1B-int,ERVL-MaLR,LTR
chr14,91405151,91405172,MA1714.1,-,1.16e-08,THE1B-int,ERVL-MaLR,LTR
chr5,93452224,93452245,MA1714.1,+,1.16e-08,THE1B-int,ERVL-MaLR,LTR
chr5,96678752,96678773,MA1714.1,-,1.16e-08,THE1B-int,ERVL-MaLR,LTR
chr4,97229477,97229498,MA1714.1,+,1.16e-08,THE1B-int,ERVL-MaLR,LTR
chr1,97930030,97930051,MA1714.1,+,1.16e-08,THE1B-int,ERVL-MaLR,LTR
chr4,106949937,106949958,MA1714.1,+,1.16e-08,THE1B-int,ERVL-MaLR,LTR
chr10,109263945,109263966,MA1714.1,-,1.16e-08,THE1B-int,ERVL-MaLR,LTR
chr3,111306775,111306796,MA1714.1,-,1.16e-08,THE1B-int,ERVL-MaLR,LTR
chr9,117638506,117638527,MA1714.1,-,1.16e-08,THE1C-int,ERVL-MaLR,LTR
chr9,126484795,126484816,MA1714.1,+,1.16e-08,THE1B-int,ERVL-MaLR,LTR
chrX,127158869,127158890,MA1714.1,-,1.16e-08,THE1B-int,ERVL-MaLR,LTR
chr5,147435565,147435586,MA1714.1,+,1.16e-08,THE1B-int,ERVL-MaLR,LTR
chr9,30463074,30463095,MA1714.1,+,1.17e-08,L1MA10,L1,LINE
chr14,104700474,104700495,MA1714.1,+,1.17e-08,THE1C-int,ERVL-MaLR,LTR
chr7,115162435,115162456,MA1714.1,-,1.19e-08,MSTB-int,ERVL-MaLR,LTR
chr3,193432498,193432519,MA1714.1,+,1.19e-08,MSTA-int,ERVL-MaLR,LTR
chr7,94403022,94403043,MA1714.1,+,1.23e-08,THE1B-int,ERVL-MaLR,LTR
chr7,143911787,143911808,MA1714.1,+,1.23e-08,THE1A-int,ERVL-MaLR,LTR
chr7,144033368,144033389,MA1714.1,-,1.23e-08,THE1A-int,ERVL-MaLR,LTR
chr4,161969995,161970016,MA1714.1,-,1.23e-08,THE1C-int,ERVL-MaLR,LTR
chrX,28090733,28090754,MA1714.1,+,1.25e-08,L1MA4,L1,LINE
chr2,98545286,98545307,MA1714.1,+,1.25e-08,L1MC3,L1,LINE
chr13,63830122,63830143,MA1714.1,-,1.26e-08,MSTA-int,ERVL-MaLR,LTR
chr7,123543950,123543971,MA1714.1,-,1.26e-08,MSTA-int,ERVL-MaLR,LTR
chr9,105861134,105861155,MA1714.1,-,1.27e-08,THE1B-int,ERVL-MaLR,LTR
chr15,98477039,98477060,MA1714.1,-,1.29e-08,THE1D-int,ERVL-MaLR,LTR
chr1,201911364,201911385,MA1714.1,-,1.3e-08,L2c,L2,LINE
chrX,45406134,45406155,MA1714.1,-,1.32e-08,MSTA-int,ERVL-MaLR,LTR
chr14,85520705,85520726,MA1714.1,-,1.32e-08,THE1C-int,ERVL-MaLR,LTR
chr5,119714103,119714124,MA1714.1,+,1.32e-08,THE1B-int,ERVL-MaLR,LTR
chr2,146659693,146659714,MA1714.1,+,1.32e-08,THE1B-int,ERVL-MaLR,LTR
chr3,170636673,170636694,MA1714.1,+,1.32e-08,THE1B-int,ERVL-MaLR,LTR
chrX,38321705,38321726,MA1714.1,-,1.33e-08,MSTB1-int,ERVL-MaLR,LTR
chr4,38394023,38394044,MA1714.1,+,1.33e-08,MSTA-int,ERVL-MaLR,LTR
chr13,80998393,80998414,MA1714.1,-,1.33e-08,MSTA-int,ERVL-MaLR,LTR
chr4,138351942,138351963,MA1714.1,+,1.33e-08,MSTB-int,ERVL-MaLR,LTR
chr13,49329873,49329894,MA1714.1,+,1.36e-08,THE1B-int,ERVL-MaLR,LTR
chr11,59901571,59901592,MA1714.1,+,1.36e-08,THE1B-int,ERVL-MaLR,LTR
chr5,61488954,61488975,MA1714.1,+,1.36e-08,MSTB-int,ERVL-MaLR,LTR
chr6,69556345,69556366,MA1714.1,+,1.36e-08,THE1A-int,ERVL-MaLR,LTR
chr3,99164136,99164157,MA1714.1,+,1.36e-08,THE1B-int,ERVL-MaLR,LTR
chr1,103701888,103701909,MA1714.1,+,1.36e-08,THE1A-int,ERVL-MaLR,LTR
chr6,142855823,142855844,MA1714.1,+,1.36e-08,THE1D-int,ERVL-MaLR,LTR
chr4,173784022,173784043,MA1714.1,+,1.36e-08,THE1B-int,ERVL-MaLR,LTR
chr5,119742640,119742661,MA1714.1,+,1.37e-08,THE1B-int,ERVL-MaLR,LTR
chr12,90675432,90675453,MA1714.1,+,1.4e-08,THE1C-int,ERVL-MaLR,LTR
chr1,107352384,107352405,MA1714.1,-,1.4e-08,THE1D-int,ERVL-MaLR,LTR
chr7,120925335,120925356,MA1714.1,-,1.4e-08,THE1C-int,ERVL-MaLR,LTR
chr2,174458034,174458055,MA1714.1,-,1.4e-08,MSTA-int,ERVL-MaLR,LTR
chr2,199850476,199850497,MA1714.1,-,1.4e-08,MSTA-int,ERVL-MaLR,LTR
chr4,5515004,5515025,MA1714.1,-,1.42e-08,THE1B-int,ERVL-MaLR,LTR
chr5,9868656,9868677,MA1714.1,-,1.42e-08,THE1B-int,ERVL-MaLR,LTR
chrX,32182875,32182896,MA1714.1,+,1.42e-08,THE1D-int,ERVL-MaLR,LTR
chr17,37979826,37979847,MA1714.1,+,1.42e-08,THE1D-int,ERVL-MaLR,LTR
chr17,63803657,63803678,MA1714.1,+,1.42e-08,MSTA-int,ERVL-MaLR,LTR
chr17,71956751,71956772,MA1714.1,+,1.42e-08,MSTB-int,ERVL-MaLR,LTR
chr4,81827971,81827992,MA1714.1,-,1.42e-08,THE1C-int,ERVL-MaLR,LTR
chr13,83012344,83012365,MA1714.1,+,1.42e-08,MSTA-int,ERVL-MaLR,LTR
chr14,104533275,104533296,MA1714.1,-,1.42e-08,MSTA-int,ERVL-MaLR,LTR
chr8,138779106,138779127,MA1714.1,+,1.42e-08,THE1D-int,ERVL-MaLR,LTR
chr7,154726466,154726487,MA1714.1,-,1.42e-08,THE1C-int,ERVL-MaLR,LTR
chr2,193142415,193142436,MA1714.1,-,1.42e-08,MSTA-int,ERVL-MaLR,LTR
chr1,198570224,198570245,MA1714.1,-,1.42e-08,MSTA-int,ERVL-MaLR,LTR
chr17,16018574,16018595,MA1714.1,-,1.43e-08,THE1B-int,ERVL-MaLR,LTR
chr5,20894458,20894479,MA1714.1,+,1.45e-08,THE1C-int,ERVL-MaLR,LTR
chr5,34311073,34311094,MA1714.1,-,1.45e-08,THE1C-int,ERVL-MaLR,LTR
chr17,48303264,48303285,MA1714.1,-,1.45e-08,THE1B-int,ERVL-MaLR,LTR
chr15,79436840,79436861,MA1714.1,-,1.45e-08,THE1B-int,ERVL-MaLR,LTR
chr9,111586289,111586310,MA1714.1,-,1.45e-08,THE1B-int,ERVL-MaLR,LTR
chr6,114576996,114577017,MA1714.1,-,1.45e-08,THE1B-int,ERVL-MaLR,LTR
chr2,126361479,126361500,MA1714.1,+,1.45e-08,THE1C-int,ERVL-MaLR,LTR
chr10,9202389,9202410,MA1714.1,+,1.46e-08,MSTB-int,ERVL-MaLR,LTR
chr4,134875566,134875587,MA1714.1,-,1.46e-08,HERVP71A-int,ERV1,LTR
chr2,137217092,137217113,MA1714.1,-,1.46e-08,MSTB-int,ERVL-MaLR,LTR
chr11,22967795,22967816,MA1714.1,-,1.48e-08,L1MC3,L1,LINE
chr1,25218895,25218916,MA1714.1,-,1.48e-08,THE1B-int,ERVL-MaLR,LTR
chr6,79096778,79096799,MA1714.1,-,1.48e-08,THE1B-int,ERVL-MaLR,LTR
chr5,105098645,105098666,MA1714.1,-,1.48e-08,THE1B-int,ERVL-MaLR,LTR
chr6,165649979,165650000,MA1714.1,+,1.48e-08,THE1B-int,ERVL-MaLR,LTR
chr2,234485250,234485271,MA1714.1,-,1.48e-08,THE1B-int,ERVL-MaLR,LTR
chr2,234554890,234554911,MA1714.1,-,1.48e-08,THE1B-int,ERVL-MaLR,LTR
chr8,10234465,10234486,MA1714.1,+,1.49e-08,MIRc,MIR,SINE
chr9,44819329,44819350,MA1714.1,-,1.49e-08,THE1A-int,ERVL-MaLR,LTR
chr9,45051506,45051527,MA1714.1,+,1.49e-08,THE1A-int,ERVL-MaLR,LTR
chr9,45786259,45786280,MA1714.1,+,1.49e-08,THE1A-int,ERVL-MaLR,LTR
chr9,46172608,46172629,MA1714.1,+,1.49e-08,THE1A-int,ERVL-MaLR,LTR
chr9,46331628,46331649,MA1714.1,-,1.49e-08,THE1A-int,ERVL-MaLR,LTR
chr10,55911292,55911313,MA1714.1,+,1.51e-08,AluJr,Alu,SINE
chr10,57667252,57667273,MA1714.1,-,1.51e-08,THE1D-int,ERVL-MaLR,LTR
chr7,88641555,88641576,MA1714.1,-,1.53e-08,THE1D-int,ERVL-MaLR,LTR
chr13,106258248,106258269,MA1714.1,-,1.53e-08,L1MEg,L1,LINE
chr3,164200520,164200541,MA1714.1,+,1.53e-08,MLT1A0-int,ERVL-MaLR,LTR
chr1,179640317,179640338,MA1714.1,-,1.54e-08,L1ME1,L1,LINE
chr7,19279660,19279681,MA1714.1,-,1.56e-08,THE1C-int,ERVL-MaLR,LTR
chr12,47042165,47042186,MA1714.1,-,1.56e-08,THE1D-int,ERVL-MaLR,LTR
chr14,59465266,59465287,MA1714.1,+,1.56e-08,MSTA-int,ERVL-MaLR,LTR
chr18,68145320,68145341,MA1714.1,+,1.56e-08,THE1B-int,ERVL-MaLR,LTR
chr9,71928303,71928324,MA1714.1,-,1.56e-08,MSTA-int,ERVL-MaLR,LTR
chr3,83110539,83110560,MA1714.1,-,1.56e-08,THE1B-int,ERVL-MaLR,LTR
chr8,139105780,139105801,MA1714.1,-,1.56e-08,THE1-int,ERVL-MaLR,LTR
chr3,98878298,98878319,MA1714.1,-,1.58e-08,MSTA-int,ERVL-MaLR,LTR
chr1,227675514,227675535,MA1714.1,-,1.58e-08,THE1B-int,ERVL-MaLR,LTR
chr5,10052224,10052245,MA1714.1,-,1.61e-08,MSTA-int,ERVL-MaLR,LTR
chr3,31189230,31189251,MA1714.1,-,1.61e-08,THE1B-int,ERVL-MaLR,LTR
chr4,177913617,177913638,MA1714.1,+,1.61e-08,MLT1A0-int,ERVL-MaLR,LTR
chr17,12711970,12711991,MA1714.1,-,1.62e-08,THE1B-int,ERVL-MaLR,LTR
chr21,35660809,35660830,MA1714.1,-,1.62e-08,THE1B-int,ERVL-MaLR,LTR
chr12,74828519,74828540,MA1714.1,+,1.62e-08,THE1C-int,ERVL-MaLR,LTR
chr12,78496693,78496714,MA1714.1,-,1.62e-08,THE1A-int,ERVL-MaLR,LTR
chr4,168422157,168422178,MA1714.1,-,1.62e-08,THE1A-int,ERVL-MaLR,LTR
chr9,9234369,9234390,MA1714.1,-,1.64e-08,THE1C-int,ERVL-MaLR,LTR
chr3,11449325,11449346,MA1714.1,-,1.64e-08,THE1B-int,ERVL-MaLR,LTR
chr5,16111897,16111918,MA1714.1,+,1.64e-08,THE1B-int,ERVL-MaLR,LTR
chr5,16196794,16196815,MA1714.1,-,1.64e-08,THE1B-int,ERVL-MaLR,LTR
chr2,16755790,16755811,MA1714.1,+,1.64e-08,THE1B-int,ERVL-MaLR,LTR
chr8,16893455,16893476,MA1714.1,+,1.64e-08,THE1B-int,ERVL-MaLR,LTR
chr3,18214750,18214771,MA1714.1,-,1.64e-08,THE1A-int,ERVL-MaLR,LTR
chr2,22205810,22205831,MA1714.1,-,1.64e-08,THE1A-int,ERVL-MaLR,LTR
chr6,23095767,23095788,MA1714.1,+,1.64e-08,THE1B-int,ERVL-MaLR,LTR
chr14,28720389,28720410,MA1714.1,-,1.64e-08,THE1A-int,ERVL-MaLR,LTR
chr4,30504713,30504734,MA1714.1,+,1.64e-08,THE1B-int,ERVL-MaLR,LTR
chr13,32558662,32558683,MA1714.1,+,1.64e-08,THE1A-int,ERVL-MaLR,LTR
chr15,37754738,37754759,MA1714.1,-,1.64e-08,THE1B-int,ERVL-MaLR,LTR
chr5,45103836,45103857,MA1714.1,+,1.64e-08,THE1A-int,ERVL-MaLR,LTR
chr17,52648030,52648051,MA1714.1,-,1.64e-08,THE1B-int,ERVL-MaLR,LTR
chrX,55412865,55412886,MA1714.1,+,1.64e-08,THE1B-int,ERVL-MaLR,LTR
chr5,61454375,61454396,MA1714.1,+,1.64e-08,THE1B-int,ERVL-MaLR,LTR
chr14,68434931,68434952,MA1714.1,-,1.64e-08,THE1A-int,ERVL-MaLR,LTR
chr12,76754685,76754706,MA1714.1,-,1.64e-08,THE1A-int,ERVL-MaLR,LTR
chrX,77739187,77739208,MA1714.1,-,1.64e-08,THE1B-int,ERVL-MaLR,LTR
chr6,77932181,77932202,MA1714.1,+,1.64e-08,THE1B-int,ERVL-MaLR,LTR
chr14,85030369,85030390,MA1714.1,+,1.64e-08,THE1C-int,ERVL-MaLR,LTR
chr6,85668108,85668129,MA1714.1,+,1.64e-08,THE1B-int,ERVL-MaLR,LTR
chr3,86138747,86138768,MA1714.1,-,1.64e-08,THE1B-int,ERVL-MaLR,LTR
chr11,87190400,87190421,MA1714.1,+,1.64e-08,THE1B-int,ERVL-MaLR,LTR
chr5,93931197,93931218,MA1714.1,-,1.64e-08,THE1B-int,ERVL-MaLR,LTR
chr8,97444680,97444701,MA1714.1,+,1.64e-08,THE1D-int,ERVL-MaLR,LTR
chr1,97522115,97522136,MA1714.1,+,1.64e-08,THE1C-int,ERVL-MaLR,LTR
chr6,106134827,106134848,MA1714.1,+,1.64e-08,THE1C-int,ERVL-MaLR,LTR
chr1,114562701,114562722,MA1714.1,+,1.64e-08,THE1A-int,ERVL-MaLR,LTR
chr4,120633223,120633244,MA1714.1,+,1.64e-08,THE1B-int,ERVL-MaLR,LTR
chr6,135799943,135799964,MA1714.1,+,1.64e-08,MSTA-int,ERVL-MaLR,LTR
chr6,136083713,136083734,MA1714.1,-,1.64e-08,THE1A-int,ERVL-MaLR,LTR
chr6,139555515,139555536,MA1714.1,+,1.64e-08,THE1D-int,ERVL-MaLR,LTR
chrX,145120043,145120064,MA1714.1,+,1.64e-08,THE1B-int,ERVL-MaLR,LTR
chr7,153257340,153257361,MA1714.1,-,1.64e-08,THE1A-int,ERVL-MaLR,LTR
chr3,153710198,153710219,MA1714.1,+,1.64e-08,THE1A-int,ERVL-MaLR,LTR
chr1,159687982,159688003,MA1714.1,+,1.64e-08,THE1D-int,ERVL-MaLR,LTR
chr1,166799832,166799853,MA1714.1,+,1.64e-08,THE1A-int,ERVL-MaLR,LTR
chr3,191495866,191495887,MA1714.1,+,1.64e-08,THE1C-int,ERVL-MaLR,LTR
chr20,20447503,20447524,MA1714.1,-,1.68e-08,L3,CR1,LINE
chr7,149176111,149176132,MA1714.1,+,1.68e-08,L1MEg,L1,LINE
chr19,9248363,9248384,MA1714.1,+,1.71e-08,L1MA9,L1,LINE
chr5,14566751,14566772,MA1714.1,-,1.71e-08,THE1A-int,ERVL-MaLR,LTR
chr4,64493662,64493683,MA1714.1,+,1.71e-08,THE1A-int,ERVL-MaLR,LTR
chr9,74881314,74881335,MA1714.1,-,1.71e-08,THE1A-int,ERVL-MaLR,LTR
chr2,230882114,230882135,MA1714.1,+,1.71e-08,L1MA9,L1,LINE
chr12,16690758,16690779,MA1714.1,-,1.77e-08,THE1A-int,ERVL-MaLR,LTR
chr4,26769944,26769965,MA1714.1,+,1.77e-08,L1MEc,L1,LINE
chr3,33308786,33308807,MA1714.1,-,1.77e-08,THE1A-int,ERVL-MaLR,LTR
chr2,119225890,119225911,MA1714.1,+,1.77e-08,MIRb,MIR,SINE
chr6,122276201,122276222,MA1714.1,-,1.77e-08,THE1A-int,ERVL-MaLR,LTR
chr3,135331359,135331380,MA1714.1,+,1.77e-08,THE1B-int,ERVL-MaLR,LTR
chr3,100727644,100727665,MA1714.1,-,1.79e-08,THE1B-int,ERVL-MaLR,LTR
chr6,124622216,124622237,MA1714.1,+,1.79e-08,THE1B-int,ERVL-MaLR,LTR
chr7,14512784,14512805,MA1714.1,+,1.8e-08,THE1B-int,ERVL-MaLR,LTR
chr6,75254805,75254826,MA1714.1,-,1.8e-08,THE1B-int,ERVL-MaLR,LTR
chr7,138674595,138674616,MA1714.1,-,1.82e-08,L1MA8,L1,LINE
chr14,96620564,96620585,MA1714.1,+,1.84e-08,L1M5,L1,LINE
chr18,11656740,11656761,MA1714.1,+,1.86e-08,FRAM,Alu,SINE
chr7,11905464,11905485,MA1714.1,+,1.86e-08,THE1C-int,ERVL-MaLR,LTR
chr2,13270520,13270541,MA1714.1,+,1.86e-08,MSTA-int,ERVL-MaLR,LTR
chr11,14595811,14595832,MA1714.1,+,1.86e-08,MST-int,ERVL-MaLR,LTR
chr5,23751034,23751055,MA1714.1,-,1.86e-08,THE1-int,ERVL-MaLR,LTR
chr18,30532527,30532548,MA1714.1,-,1.86e-08,THE1C-int,ERVL-MaLR,LTR
chr9,31765425,31765446,MA1714.1,-,1.86e-08,THE1-int,ERVL-MaLR,LTR
chr21,31858684,31858705,MA1714.1,+,1.86e-08,MSTA-int,ERVL-MaLR,LTR
chr12,33467719,33467740,MA1714.1,-,1.86e-08,MSTA-int,ERVL-MaLR,LTR
chr12,33898596,33898617,MA1714.1,+,1.86e-08,MSTA-int,ERVL-MaLR,LTR
chr20,40638966,40638987,MA1714.1,-,1.86e-08,THE1C-int,ERVL-MaLR,LTR
chr20,44029157,44029178,MA1714.1,+,1.86e-08,THE1C-int,ERVL-MaLR,LTR
chr17,50709821,50709842,MA1714.1,+,1.86e-08,MSTA-int,ERVL-MaLR,LTR
chr13,59882473,59882494,MA1714.1,-,1.86e-08,THE1C-int,ERVL-MaLR,LTR
chr12,62064891,62064912,MA1714.1,-,1.86e-08,THE1C-int,ERVL-MaLR,LTR
chr8,63291055,63291076,MA1714.1,+,1.86e-08,THE1D-int,ERVL-MaLR,LTR
chr6,68344029,68344050,MA1714.1,+,1.86e-08,MSTA-int,ERVL-MaLR,LTR
chr6,71051560,71051581,MA1714.1,-,1.86e-08,THE1C-int,ERVL-MaLR,LTR
chr13,83342031,83342052,MA1714.1,+,1.86e-08,THE1C-int,ERVL-MaLR,LTR
chr12,88330840,88330861,MA1714.1,+,1.86e-08,THE1D-int,ERVL-MaLR,LTR
chr12,89232935,89232956,MA1714.1,-,1.86e-08,THE1D-int,ERVL-MaLR,LTR
chr8,97724945,97724966,MA1714.1,-,1.86e-08,THE1C-int,ERVL-MaLR,LTR
chr3,102224544,102224565,MA1714.1,+,1.86e-08,THE1C-int,ERVL-MaLR,LTR
chr11,103598196,103598217,MA1714.1,-,1.86e-08,THE1B-int,ERVL-MaLR,LTR
chr9,106226603,106226624,MA1714.1,-,1.86e-08,THE1B-int,ERVL-MaLR,LTR
chr8,108139827,108139848,MA1714.1,-,1.86e-08,THE1C-int,ERVL-MaLR,LTR
chrX,112382797,112382818,MA1714.1,-,1.86e-08,THE1D-int,ERVL-MaLR,LTR
chr8,135248027,135248048,MA1714.1,-,1.86e-08,THE1D-int,ERVL-MaLR,LTR
chr8,139563493,139563514,MA1714.1,+,1.86e-08,THE1D-int,ERVL-MaLR,LTR
chr2,158815950,158815971,MA1714.1,-,1.86e-08,THE1C-int,ERVL-MaLR,LTR
chr6,164843358,164843379,MA1714.1,+,1.86e-08,MSTA-int,ERVL-MaLR,LTR
chr6,165577239,165577260,MA1714.1,-,1.86e-08,THE1C-int,ERVL-MaLR,LTR
chr5,68530,68551,MA1714.1,+,1.88e-08,THE1C-int,ERVL-MaLR,LTR
chr8,447754,447775,MA1714.1,+,1.88e-08,THE1D-int,ERVL-MaLR,LTR
chr5,934698,934719,MA1714.1,-,1.88e-08,MSTA-int,ERVL-MaLR,LTR
chr6,1156818,1156839,MA1714.1,+,1.88e-08,THE1C-int,ERVL-MaLR,LTR
chr1,2872444,2872465,MA1714.1,-,1.88e-08,THE1C-int,ERVL-MaLR,LTR
chr9,3787832,3787853,MA1714.1,-,1.88e-08,THE1C-int,ERVL-MaLR,LTR
chr1,4318353,4318374,MA1714.1,+,1.88e-08,THE1C-int,ERVL-MaLR,LTR
chr2,4835676,4835697,MA1714.1,-,1.88e-08,THE1D-int,ERVL-MaLR,LTR
chr18,5803274,5803295,MA1714.1,+,1.88e-08,THE1D-int,ERVL-MaLR,LTR
chr3,5886356,5886377,MA1714.1,-,1.88e-08,THE1B-int,ERVL-MaLR,LTR
chr12,10387352,10387373,MA1714.1,-,1.88e-08,THE1D-int,ERVL-MaLR,LTR
chrX,11253513,11253534,MA1714.1,-,1.88e-08,THE1C-int,ERVL-MaLR,LTR
chrX,11873380,11873401,MA1714.1,-,1.88e-08,THE1C-int,ERVL-MaLR,LTR
chr5,12347443,12347464,MA1714.1,+,1.88e-08,THE1D-int,ERVL-MaLR,LTR
chr5,13514559,13514580,MA1714.1,+,1.88e-08,THE1C-int,ERVL-MaLR,LTR
chr4,14693585,14693606,MA1714.1,+,1.88e-08,THE1C-int,ERVL-MaLR,LTR
chr12,15453092,15453113,MA1714.1,-,1.88e-08,THE1D-int,ERVL-MaLR,LTR
chr9,15492957,15492978,MA1714.1,-,1.88e-08,THE1D-int,ERVL-MaLR,LTR
chr11,16270249,16270270,MA1714.1,-,1.88e-08,THE1C-int,ERVL-MaLR,LTR
chr12,17770526,17770547,MA1714.1,-,1.88e-08,THE1C-int,ERVL-MaLR,LTR
chr4,18479179,18479200,MA1714.1,-,1.88e-08,THE1D-int,ERVL-MaLR,LTR
chr3,18725532,18725553,MA1714.1,+,1.88e-08,MSTA-int,ERVL-MaLR,LTR
chr11,19027084,19027105,MA1714.1,+,1.88e-08,THE1D-int,ERVL-MaLR,LTR
chr20,19120420,19120441,MA1714.1,-,1.88e-08,THE1D-int,ERVL-MaLR,LTR
chr9,20540662,20540683,MA1714.1,-,1.88e-08,THE1D-int,ERVL-MaLR,LTR
chr11,20745664,20745685,MA1714.1,-,1.88e-08,THE1D-int,ERVL-MaLR,LTR
chrX,20879397,20879418,MA1714.1,+,1.88e-08,THE1D-int,ERVL-MaLR,LTR
chr2,21128590,21128611,MA1714.1,-,1.88e-08,THE1D-int,ERVL-MaLR,LTR
chr11,21237546,21237567,MA1714.1,+,1.88e-08,THE1C-int,ERVL-MaLR,LTR
chrX,21292489,21292510,MA1714.1,-,1.88e-08,THE1D-int,ERVL-MaLR,LTR
chr5,22607784,22607805,MA1714.1,+,1.88e-08,THE1D-int,ERVL-MaLR,LTR
chr3,22638578,22638599,MA1714.1,+,1.88e-08,MSTA-int,ERVL-MaLR,LTR
chr2,22877185,22877206,MA1714.1,+,1.88e-08,THE1C-int,ERVL-MaLR,LTR
chr15,22988013,22988034,MA1714.1,+,1.88e-08,THE1D-int,ERVL-MaLR,LTR
chr4,23690897,23690918,MA1714.1,+,1.88e-08,THE1C-int,ERVL-MaLR,LTR
chr18,24483857,24483878,MA1714.1,-,1.88e-08,THE1C-int,ERVL-MaLR,LTR
chrX,25636560,25636581,MA1714.1,-,1.88e-08,THE1C-int,ERVL-MaLR,LTR
chr9,26882303,26882324,MA1714.1,+,1.88e-08,THE1B-int,ERVL-MaLR,LTR
chr10,26990321,26990342,MA1714.1,+,1.88e-08,THE1D-int,ERVL-MaLR,LTR
chr21,27220799,27220820,MA1714.1,+,1.88e-08,THE1D-int,ERVL-MaLR,LTR
chr21,27755644,27755665,MA1714.1,+,1.88e-08,THE1C-int,ERVL-MaLR,LTR
chr4,28086268,28086289,MA1714.1,-,1.88e-08,THE1C-int,ERVL-MaLR,LTR
chr12,28522889,28522910,MA1714.1,-,1.88e-08,THE1D-int,ERVL-MaLR,LTR
chr12,28908150,28908171,MA1714.1,-,1.88e-08,THE1B-int,ERVL-MaLR,LTR
chr4,29000038,29000059,MA1714.1,+,1.88e-08,THE1B-int,ERVL-MaLR,LTR
chr21,30777891,30777912,MA1714.1,+,1.88e-08,THE1C-int,ERVL-MaLR,LTR
chr14,31799610,31799631,MA1714.1,-,1.88e-08,THE1C-int,ERVL-MaLR,LTR
chr10,31992020,31992041,MA1714.1,+,1.88e-08,MSTA-int,ERVL-MaLR,LTR
chr21,32479675,32479696,MA1714.1,-,1.88e-08,THE1B-int,ERVL-MaLR,LTR
chr7,32842312,32842333,MA1714.1,-,1.88e-08,THE1D-int,ERVL-MaLR,LTR
chr13,32948314,32948335,MA1714.1,-,1.88e-08,THE1D-int,ERVL-MaLR,LTR
chr3,33007221,33007242,MA1714.1,+,1.88e-08,THE1B-int,ERVL-MaLR,LTR
chr4,33201372,33201393,MA1714.1,+,1.88e-08,THE1B-int,ERVL-MaLR,LTR
chr8,33862004,33862025,MA1714.1,-,1.88e-08,THE1C-int,ERVL-MaLR,LTR
chr13,34662117,34662138,MA1714.1,+,1.88e-08,THE1D-int,ERVL-MaLR,LTR
chr2,34683934,34683955,MA1714.1,+,1.88e-08,THE1D-int,ERVL-MaLR,LTR
chr3,35433886,35433907,MA1714.1,-,1.88e-08,THE1C-int,ERVL-MaLR,LTR
chr1,35930342,35930363,MA1714.1,+,1.88e-08,THE1B-int,ERVL-MaLR,LTR
chrX,36062287,36062308,MA1714.1,-,1.88e-08,THE1-int,ERVL-MaLR,LTR
chr9,36699180,36699201,MA1714.1,-,1.88e-08,THE1D-int,ERVL-MaLR,LTR
chr15,36853987,36854008,MA1714.1,+,1.88e-08,THE1C-int,ERVL-MaLR,LTR
chr5,37137007,37137028,MA1714.1,-,1.88e-08,THE1C-int,ERVL-MaLR,LTR
chr9,37563995,37564016,MA1714.1,+,1.88e-08,THE1D-int,ERVL-MaLR,LTR
chr2,38354582,38354603,MA1714.1,+,1.88e-08,MSTA-int,ERVL-MaLR,LTR
chr8,39611102,39611123,MA1714.1,+,1.88e-08,THE1B-int,ERVL-MaLR,LTR
chr3,40670660,40670681,MA1714.1,+,1.88e-08,THE1D-int,ERVL-MaLR,LTR
chr21,41230562,41230583,MA1714.1,-,1.88e-08,THE1C-int,ERVL-MaLR,LTR
chr12,42150976,42150997,MA1714.1,-,1.88e-08,THE1D-int,ERVL-MaLR,LTR
chr11,42166445,42166466,MA1714.1,-,1.88e-08,MSTA-int,ERVL-MaLR,LTR
chr21,42301296,42301317,MA1714.1,-,1.88e-08,THE1B-int,ERVL-MaLR,LTR
chr4,42834691,42834712,MA1714.1,+,1.88e-08,THE1B-int,ERVL-MaLR,LTR
chr22,44270221,44270242,MA1714.1,+,1.88e-08,THE1C-int,ERVL-MaLR,LTR
chr12,44877594,44877615,MA1714.1,-,1.88e-08,THE1C-int,ERVL-MaLR,LTR
chrX,45315164,45315185,MA1714.1,+,1.88e-08,THE1C-int,ERVL-MaLR,LTR
chr21,46211257,46211278,MA1714.1,+,1.88e-08,THE1D-int,ERVL-MaLR,LTR
chr3,46865014,46865035,MA1714.1,-,1.88e-08,THE1D-int,ERVL-MaLR,LTR
chr18,47971110,47971131,MA1714.1,-,1.88e-08,THE1C-int,ERVL-MaLR,LTR
chr14,48652340,48652361,MA1714.1,+,1.88e-08,THE1D-int,ERVL-MaLR,LTR
chr13,48790529,48790550,MA1714.1,+,1.88e-08,THE1C-int,ERVL-MaLR,LTR
chr7,49147196,49147217,MA1714.1,+,1.88e-08,THE1B-int,ERVL-MaLR,LTR
chrX,50469486,50469507,MA1714.1,+,1.88e-08,THE1D-int,ERVL-MaLR,LTR
chr1,50700555,50700576,MA1714.1,+,1.88e-08,THE1B-int,ERVL-MaLR,LTR
chr8,52394161,52394182,MA1714.1,+,1.88e-08,THE1B-int,ERVL-MaLR,LTR
chr5,52804133,52804154,MA1714.1,-,1.88e-08,MSTA-int,ERVL-MaLR,LTR
chr14,53885068,53885089,MA1714.1,+,1.88e-08,THE1C-int,ERVL-MaLR,LTR
chr7,55686771,55686792,MA1714.1,+,1.88e-08,THE1C-int,ERVL-MaLR,LTR
chr2,55788170,55788191,MA1714.1,+,1.88e-08,THE1D-int,ERVL-MaLR,LTR
chr10,56101990,56102011,MA1714.1,+,1.88e-08,THE1D-int,ERVL-MaLR,LTR
chr15,56777798,56777819,MA1714.1,+,1.88e-08,THE1C-int,ERVL-MaLR,LTR
chr13,57066771,57066792,MA1714.1,-,1.88e-08,MSTA-int,ERVL-MaLR,LTR
chr13,57098050,57098071,MA1714.1,-,1.88e-08,MSTA-int,ERVL-MaLR,LTR
chr2,57226436,57226457,MA1714.1,-,1.88e-08,THE1C-int,ERVL-MaLR,LTR
chr19,57885774,57885795,MA1714.1,-,1.88e-08,THE1D-int,ERVL-MaLR,LTR
chr14,58176805,58176826,MA1714.1,+,1.88e-08,THE1D-int,ERVL-MaLR,LTR
chr1,58307416,58307437,MA1714.1,-,1.88e-08,THE1D-int,ERVL-MaLR,LTR
chr12,58429806,58429827,MA1714.1,-,1.88e-08,THE1D-int,ERVL-MaLR,LTR
chr13,58547529,58547550,MA1714.1,-,1.88e-08,THE1B-int,ERVL-MaLR,LTR
chr8,58732407,58732428,MA1714.1,-,1.88e-08,THE1B-int,ERVL-MaLR,LTR
chr12,59646689,59646710,MA1714.1,+,1.88e-08,MSTA-int,ERVL-MaLR,LTR
chr12,60061591,60061612,MA1714.1,+,1.88e-08,THE1B-int,ERVL-MaLR,LTR
chr14,61072231,61072252,MA1714.1,+,1.88e-08,THE1C-int,ERVL-MaLR,LTR
chr14,61078961,61078982,MA1714.1,-,1.88e-08,THE1C-int,ERVL-MaLR,LTR
chr15,62691141,62691162,MA1714.1,+,1.88e-08,THE1C-int,ERVL-MaLR,LTR
chr4,63454614,63454635,MA1714.1,-,1.88e-08,THE1D-int,ERVL-MaLR,LTR
chr18,64057811,64057832,MA1714.1,+,1.88e-08,THE1D-int,ERVL-MaLR,LTR
chr14,65862380,65862401,MA1714.1,-,1.88e-08,THE1B-int,ERVL-MaLR,LTR
chr8,66847746,66847767,MA1714.1,+,1.88e-08,THE1C-int,ERVL-MaLR,LTR
chr4,67394422,67394443,MA1714.1,+,1.88e-08,THE1B-int,ERVL-MaLR,LTR
chr2,67773768,67773789,MA1714.1,-,1.88e-08,THE1B-int,ERVL-MaLR,LTR
chr1,67850128,67850149,MA1714.1,-,1.88e-08,THE1C-int,ERVL-MaLR,LTR
chr18,67930657,67930678,MA1714.1,+,1.88e-08,THE1B-int,ERVL-MaLR,LTR
chr14,68568885,68568906,MA1714.1,-,1.88e-08,THE1C-int,ERVL-MaLR,LTR
chr18,68653347,68653368,MA1714.1,+,1.88e-08,THE1D-int,ERVL-MaLR,LTR
chr12,69625734,69625755,MA1714.1,+,1.88e-08,MSTA-int,ERVL-MaLR,LTR
chr1,69797481,69797502,MA1714.1,-,1.88e-08,THE1D-int,ERVL-MaLR,LTR
chr1,69805890,69805911,MA1714.1,+,1.88e-08,THE1B-int,ERVL-MaLR,LTR
chrX,69807176,69807197,MA1714.1,+,1.88e-08,THE1D-int,ERVL-MaLR,LTR
chr1,70195824,70195845,MA1714.1,-,1.88e-08,THE1C-int,ERVL-MaLR,LTR
chr13,71434872,71434893,MA1714.1,-,1.88e-08,THE1B-int,ERVL-MaLR,LTR
chr6,71701129,71701150,MA1714.1,+,1.88e-08,THE1D-int,ERVL-MaLR,LTR
chr14,71735910,71735931,MA1714.1,+,1.88e-08,THE1C-int,ERVL-MaLR,LTR
chrX,72657502,72657523,MA1714.1,-,1.88e-08,THE1B-int,ERVL-MaLR,LTR
chr4,72908694,72908715,MA1714.1,+,1.88e-08,THE1C-int,ERVL-MaLR,LTR
chr12,73093843,73093864,MA1714.1,-,1.88e-08,THE1B-int,ERVL-MaLR,LTR
chr2,73758102,73758123,MA1714.1,-,1.88e-08,THE1D-int,ERVL-MaLR,LTR
chr5,74794226,74794247,MA1714.1,+,1.88e-08,THE1C-int,ERVL-MaLR,LTR
chrX,75864172,75864193,MA1714.1,+,1.88e-08,THE1C-int,ERVL-MaLR,LTR
chrX,76076661,76076682,MA1714.1,-,1.88e-08,THE1B-int,ERVL-MaLR,LTR
chr7,76839261,76839282,MA1714.1,-,1.88e-08,MSTA-int,ERVL-MaLR,LTR
chrX,77310127,77310148,MA1714.1,-,1.88e-08,MSTA-int,ERVL-MaLR,LTR
chr15,77528095,77528116,MA1714.1,+,1.88e-08,THE1C-int,ERVL-MaLR,LTR
chrX,77644370,77644391,MA1714.1,-,1.88e-08,MSTA-int,ERVL-MaLR,LTR
chr14,79348257,79348278,MA1714.1,+,1.88e-08,THE1C-int,ERVL-MaLR,LTR
chr2,79779979,79780000,MA1714.1,-,1.88e-08,MSTA-int,ERVL-MaLR,LTR
chr3,80341214,80341235,MA1714.1,-,1.88e-08,THE1D-int,ERVL-MaLR,LTR
chr1,80425538,80425559,MA1714.1,-,1.88e-08,THE1B-int,ERVL-MaLR,LTR
chr12,82675268,82675289,MA1714.1,+,1.88e-08,THE1C-int,ERVL-MaLR,LTR
chr10,82992563,82992584,MA1714.1,+,1.88e-08,THE1D-int,ERVL-MaLR,LTR
chr10,82999086,82999107,MA1714.1,-,1.88e-08,THE1C-int,ERVL-MaLR,LTR
chr9,83339301,83339322,MA1714.1,-,1.88e-08,THE1C-int,ERVL-MaLR,LTR
chr9,83678087,83678108,MA1714.1,+,1.88e-08,THE1C-int,ERVL-MaLR,LTR
chr3,84671186,84671207,MA1714.1,-,1.88e-08,THE1C-int,ERVL-MaLR,LTR
chr5,84767637,84767658,MA1714.1,+,1.88e-08,L1PREC2,L1,LINE
chr12,85222408,85222429,MA1714.1,+,1.88e-08,THE1D-int,ERVL-MaLR,LTR
chr4,86010113,86010134,MA1714.1,+,1.88e-08,THE1C-int,ERVL-MaLR,LTR
chr11,87254364,87254385,MA1714.1,-,1.88e-08,THE1D-int,ERVL-MaLR,LTR
chr13,87455657,87455678,MA1714.1,-,1.88e-08,MSTA-int,ERVL-MaLR,LTR
chrX,88308433,88308454,MA1714.1,-,1.88e-08,THE1C-int,ERVL-MaLR,LTR
chr14,89350654,89350675,MA1714.1,-,1.88e-08,THE1D-int,ERVL-MaLR,LTR
chr12,89485237,89485258,MA1714.1,+,1.88e-08,THE1C-int,ERVL-MaLR,LTR
chr12,90602717,90602738,MA1714.1,+,1.88e-08,THE1C-int,ERVL-MaLR,LTR
chr13,91200000,91200021,MA1714.1,-,1.88e-08,THE1B-int,ERVL-MaLR,LTR
chr5,91307814,91307835,MA1714.1,+,1.88e-08,THE1D-int,ERVL-MaLR,LTR
chr4,92248638,92248659,MA1714.1,-,1.88e-08,MSTA-int,ERVL-MaLR,LTR
chr4,92491853,92491874,MA1714.1,-,1.88e-08,THE1C-int,ERVL-MaLR,LTR
chr4,92591785,92591806,MA1714.1,-,1.88e-08,THE1B-int,ERVL-MaLR,LTR
chr6,93644547,93644568,MA1714.1,-,1.88e-08,THE1C-int,ERVL-MaLR,LTR
chr1,94415885,94415906,MA1714.1,-,1.88e-08,THE1D-int,ERVL-MaLR,LTR
chrX,94666636,94666657,MA1714.1,+,1.88e-08,THE1B-int,ERVL-MaLR,LTR
chr6,94746560,94746581,MA1714.1,+,1.88e-08,THE1C-int,ERVL-MaLR,LTR
chr3,94875459,94875480,MA1714.1,-,1.88e-08,MSTA-int,ERVL-MaLR,LTR
chr7,95090142,95090163,MA1714.1,+,1.88e-08,THE1C-int,ERVL-MaLR,LTR
chr3,95228712,95228733,MA1714.1,+,1.88e-08,MSTA-int,ERVL-MaLR,LTR
chrX,95468554,95468575,MA1714.1,-,1.88e-08,THE1D-int,ERVL-MaLR,LTR
chr4,98368611,98368632,MA1714.1,+,1.88e-08,THE1D-int,ERVL-MaLR,LTR
chr1,98827685,98827706,MA1714.1,-,1.88e-08,THE1C-int,ERVL-MaLR,LTR
chr9,100542068,100542089,MA1714.1,+,1.88e-08,THE1C-int,ERVL-MaLR,LTR
chr10,100827446,100827467,MA1714.1,-,1.88e-08,THE1B-int,ERVL-MaLR,LTR
chr1,101506392,101506413,MA1714.1,-,1.88e-08,MSTA-int,ERVL-MaLR,LTR
chr11,102303466,102303487,MA1714.1,+,1.88e-08,THE1D-int,ERVL-MaLR,LTR
chr5,103057120,103057141,MA1714.1,-,1.88e-08,THE1D-int,ERVL-MaLR,LTR
chr3,103350990,103351011,MA1714.1,+,1.88e-08,THE1C-int,ERVL-MaLR,LTR
chr13,103434115,103434136,MA1714.1,+,1.88e-08,THE1C-int,ERVL-MaLR,LTR
chr13,103640442,103640463,MA1714.1,-,1.88e-08,THE1C-int,ERVL-MaLR,LTR
chr5,103892873,103892894,MA1714.1,-,1.88e-08,THE1D-int,ERVL-MaLR,LTR
chr7,104105211,104105232,MA1714.1,-,1.88e-08,THE1C-int,ERVL-MaLR,LTR
chr1,104595213,104595234,MA1714.1,-,1.88e-08,THE1B-int,ERVL-MaLR,LTR
chrX,105256595,105256616,MA1714.1,+,1.88e-08,THE1C-int,ERVL-MaLR,LTR
chr13,105694704,105694725,MA1714.1,-,1.88e-08,THE1C-int,ERVL-MaLR,LTR
chr8,106930625,106930646,MA1714.1,+,1.88e-08,THE1C-int,ERVL-MaLR,LTR
chr1,108053149,108053170,MA1714.1,+,1.88e-08,THE1C-int,ERVL-MaLR,LTR
chr8,108091286,108091307,MA1714.1,-,1.88e-08,THE1C-int,ERVL-MaLR,LTR
chrX,108139756,108139777,MA1714.1,+,1.88e-08,THE1B-int,ERVL-MaLR,LTR
chr6,108329762,108329783,MA1714.1,-,1.88e-08,THE1C-int,ERVL-MaLR,LTR
chr7,108453898,108453919,MA1714.1,+,1.88e-08,MSTA-int,ERVL-MaLR,LTR
chr13,109258682,109258703,MA1714.1,+,1.88e-08,THE1C-int,ERVL-MaLR,LTR
chr3,109456530,109456551,MA1714.1,-,1.88e-08,THE1D-int,ERVL-MaLR,LTR
chr10,110230950,110230971,MA1714.1,-,1.88e-08,THE1C-int,ERVL-MaLR,LTR
chr7,110313403,110313424,MA1714.1,-,1.88e-08,THE1C-int,ERVL-MaLR,LTR
chr5,110997086,110997107,MA1714.1,-,1.88e-08,THE1B-int,ERVL-MaLR,LTR
chrX,111072742,111072763,MA1714.1,+,1.88e-08,THE1D-int,ERVL-MaLR,LTR
chr9,113623826,113623847,MA1714.1,+,1.88e-08,THE1C-int,ERVL-MaLR,LTR
chr5,114274711,114274732,MA1714.1,+,1.88e-08,THE1D-int,ERVL-MaLR,LTR
chrX,114438817,114438838,MA1714.1,-,1.88e-08,THE1D-int,ERVL-MaLR,LTR
chr1,115554859,115554880,MA1714.1,+,1.88e-08,MSTA-int,ERVL-MaLR,LTR
chr6,116056908,116056929,MA1714.1,+,1.88e-08,THE1D-int,ERVL-MaLR,LTR
chr6,118293008,118293029,MA1714.1,-,1.88e-08,THE1B-int,ERVL-MaLR,LTR
chr6,118413433,118413454,MA1714.1,+,1.88e-08,THE1B-int,ERVL-MaLR,LTR
chr9,118545405,118545426,MA1714.1,+,1.88e-08,THE1B-int,ERVL-MaLR,LTR
chr3,118590049,118590070,MA1714.1,+,1.88e-08,MSTA-int,ERVL-MaLR,LTR
chr6,121390067,121390088,MA1714.1,+,1.88e-08,THE1B-int,ERVL-MaLR,LTR
chr3,121755658,121755679,MA1714.1,+,1.88e-08,MSTA-int,ERVL-MaLR,LTR
chr7,121831268,121831289,MA1714.1,+,1.88e-08,THE1B-int,ERVL-MaLR,LTR
chrX,123066070,123066091,MA1714.1,+,1.88e-08,THE1C-int,ERVL-MaLR,LTR
chr5,126457091,126457112,MA1714.1,-,1.88e-08,THE1B-int,ERVL-MaLR,LTR
chr11,127167818,127167839,MA1714.1,+,1.88e-08,THE1B-int,ERVL-MaLR,LTR
chrX,127265511,127265532,MA1714.1,+,1.88e-08,THE1D-int,ERVL-MaLR,LTR
chrX,127445115,127445136,MA1714.1,-,1.88e-08,THE1D-int,ERVL-MaLR,LTR
chr2,127683749,127683770,MA1714.1,+,1.88e-08,THE1D-int,ERVL-MaLR,LTR
chr11,129665180,129665201,MA1714.1,-,1.88e-08,MSTA-int,ERVL-MaLR,LTR
chr10,130000264,130000285,MA1714.1,+,1.88e-08,MSTA-int,ERVL-MaLR,LTR
chr12,130547010,130547031,MA1714.1,+,1.88e-08,THE1C-int,ERVL-MaLR,LTR
chr7,130991706,130991727,MA1714.1,+,1.88e-08,THE1D-int,ERVL-MaLR,LTR
chr6,131329271,131329292,MA1714.1,+,1.88e-08,THE1C-int,ERVL-MaLR,LTR
chr3,134952813,134952834,MA1714.1,-,1.88e-08,THE1C-int,ERVL-MaLR,LTR
chr3,135803001,135803022,MA1714.1,+,1.88e-08,THE1B-int,ERVL-MaLR,LTR
chrX,136988705,136988726,MA1714.1,+,1.88e-08,THE1C-int,ERVL-MaLR,LTR
chr4,137441440,137441461,MA1714.1,-,1.88e-08,THE1D-int,ERVL-MaLR,LTR
chr8,137612037,137612058,MA1714.1,+,1.88e-08,THE1B-int,ERVL-MaLR,LTR
chr7,137905209,137905230,MA1714.1,+,1.88e-08,THE1B-int,ERVL-MaLR,LTR
chr2,138087473,138087494,MA1714.1,+,1.88e-08,THE1C-int,ERVL-MaLR,LTR
chrX,139254751,139254772,MA1714.1,+,1.88e-08,THE1C-int,ERVL-MaLR,LTR
chr2,140351935,140351956,MA1714.1,+,1.88e-08,MSTA-int,ERVL-MaLR,LTR
chr6,140634475,140634496,MA1714.1,-,1.88e-08,THE1D-int,ERVL-MaLR,LTR
chrX,142693556,142693577,MA1714.1,+,1.88e-08,THE1D-int,ERVL-MaLR,LTR
chr4,142793775,142793796,MA1714.1,-,1.88e-08,THE1D-int,ERVL-MaLR,LTR
chr2,145011481,145011502,MA1714.1,+,1.88e-08,THE1C-int,ERVL-MaLR,LTR
chr2,146070049,146070070,MA1714.1,-,1.88e-08,THE1B-int,ERVL-MaLR,LTR
chr5,146507513,146507534,MA1714.1,-,1.88e-08,THE1D-int,ERVL-MaLR,LTR
chrX,146726287,146726308,MA1714.1,+,1.88e-08,MSTA-int,ERVL-MaLR,LTR
chr2,146852013,146852034,MA1714.1,-,1.88e-08,MSTA-int,ERVL-MaLR,LTR
chr6,147166611,147166632,MA1714.1,-,1.88e-08,THE1C-int,ERVL-MaLR,LTR
chr7,147571659,147571680,MA1714.1,-,1.88e-08,THE1B-int,ERVL-MaLR,LTR
chr2,148078811,148078832,MA1714.1,+,1.88e-08,MSTA-int,ERVL-MaLR,LTR
chr7,149046286,149046307,MA1714.1,-,1.88e-08,THE1C-int,ERVL-MaLR,LTR
chrX,150474314,150474335,MA1714.1,-,1.88e-08,MSTA-int,ERVL-MaLR,LTR
chrX,151675208,151675229,MA1714.1,-,1.88e-08,THE1C-int,ERVL-MaLR,LTR
chrX,151699634,151699655,MA1714.1,-,1.88e-08,THE1D-int,ERVL-MaLR,LTR
chr2,152915347,152915368,MA1714.1,+,1.88e-08,THE1D-int,ERVL-MaLR,LTR
chr4,154802046,154802067,MA1714.1,+,1.88e-08,THE1D-int,ERVL-MaLR,LTR
chr6,156935338,156935359,MA1714.1,-,1.88e-08,THE1D-int,ERVL-MaLR,LTR
chr4,157761357,157761378,MA1714.1,+,1.88e-08,THE1C-int,ERVL-MaLR,LTR
chr3,163087182,163087203,MA1714.1,-,1.88e-08,THE1C-int,ERVL-MaLR,LTR
chr1,163198293,163198314,MA1714.1,-,1.88e-08,THE1D-int,ERVL-MaLR,LTR
chr3,163302884,163302905,MA1714.1,-,1.88e-08,THE1D-int,ERVL-MaLR,LTR
chr2,165228872,165228893,MA1714.1,+,1.88e-08,THE1C-int,ERVL-MaLR,LTR
chr1,170344415,170344436,MA1714.1,-,1.88e-08,MSTB-int,ERVL-MaLR,LTR
chr6,170610478,170610499,MA1714.1,-,1.88e-08,THE1C-int,ERVL-MaLR,LTR
chr3,170615182,170615203,MA1714.1,+,1.88e-08,THE1D-int,ERVL-MaLR,LTR
chr1,172783780,172783801,MA1714.1,-,1.88e-08,THE1C-int,ERVL-MaLR,LTR
chr3,173142012,173142033,MA1714.1,-,1.88e-08,THE1D-int,ERVL-MaLR,LTR
chr2,176250566,176250587,MA1714.1,+,1.88e-08,THE1D-int,ERVL-MaLR,LTR
chr3,178214390,178214411,MA1714.1,+,1.88e-08,MSTA-int,ERVL-MaLR,LTR
chr3,178351410,178351431,MA1714.1,-,1.88e-08,THE1C-int,ERVL-MaLR,LTR
chr3,178708286,178708307,MA1714.1,-,1.88e-08,THE1D-int,ERVL-MaLR,LTR
chr1,181917675,181917696,MA1714.1,+,1.88e-08,THE1C-int,ERVL-MaLR,LTR
chr2,182071483,182071504,MA1714.1,-,1.88e-08,THE1C-int,ERVL-MaLR,LTR
chr2,182568707,182568728,MA1714.1,-,1.88e-08,THE1C-int,ERVL-MaLR,LTR
chr4,187145070,187145091,MA1714.1,+,1.88e-08,THE1D-int,ERVL-MaLR,LTR
chr4,188671989,188672010,MA1714.1,+,1.88e-08,THE1-int,ERVL-MaLR,LTR
chr1,190336545,190336566,MA1714.1,-,1.88e-08,THE1C-int,ERVL-MaLR,LTR
chr1,192170906,192170927,MA1714.1,-,1.88e-08,THE1C-int,ERVL-MaLR,LTR
chr2,211246627,211246648,MA1714.1,+,1.88e-08,THE1B-int,ERVL-MaLR,LTR
chr2,212971427,212971448,MA1714.1,+,1.88e-08,THE1B-int,ERVL-MaLR,LTR
chr2,216398636,216398657,MA1714.1,+,1.88e-08,MSTA-int,ERVL-MaLR,LTR
chr2,221936700,221936721,MA1714.1,-,1.88e-08,THE1C-int,ERVL-MaLR,LTR
chr2,227145183,227145204,MA1714.1,+,1.88e-08,THE1B-int,ERVL-MaLR,LTR
chr1,231635336,231635357,MA1714.1,-,1.88e-08,THE1C-int,ERVL-MaLR,LTR
chr1,233129461,233129482,MA1714.1,+,1.88e-08,THE1D-int,ERVL-MaLR,LTR
chr15,79055440,79055461,MA1714.1,-,1.9e-08,MIRb,MIR,SINE
chr19,49783017,49783038,MA1714.1,+,1.92e-08,HERVL32-int,ERVL,LTR
chr15,82623107,82623128,MA1714.1,+,1.92e-08,MIRb,MIR,SINE
chr15,82920434,82920455,MA1714.1,+,1.92e-08,MIRb,MIR,SINE
chr15,85802468,85802489,MA1714.1,-,1.92e-08,MIRb,MIR,SINE
chr4_ctg9_hap1,422736,422757,MA1714.1,+,1.94e-08,THE1-int,ERVL-MaLR,LTR
chr4,69710485,69710506,MA1714.1,+,1.94e-08,THE1-int,ERVL-MaLR,LTR
chr21,24751067,24751088,MA1714.1,+,1.96e-08,THE1C-int,ERVL-MaLR,LTR
chr13,55599137,55599158,MA1714.1,+,1.96e-08,THE1C-int,ERVL-MaLR,LTR
chr13,56124940,56124961,MA1714.1,+,1.96e-08,MSTA-int,ERVL-MaLR,LTR
chr15,56307085,56307106,MA1714.1,-,1.96e-08,THE1A-int,ERVL-MaLR,LTR
chr12,65878129,65878150,MA1714.1,-,1.96e-08,MSTA-int,ERVL-MaLR,LTR
chr5,99824596,99824617,MA1714.1,-,1.96e-08,THE1B-int,ERVL-MaLR,LTR
chrX,119810187,119810208,MA1714.1,-,1.96e-08,THE1C-int,ERVL-MaLR,LTR
chr2,164749025,164749046,MA1714.1,-,1.96e-08,THE1C-int,ERVL-MaLR,LTR
chr1,218680860,218680881,MA1714.1,+,1.96e-08,THE1C-int,ERVL-MaLR,LTR
chr18,69526603,69526624,MA1714.1,-,1.98e-08,THE1B-int,ERVL-MaLR,LTR
chr8,84116587,84116608,MA1714.1,+,1.98e-08,THE1B-int,ERVL-MaLR,LTR
chr14,49203952,49203973,MA1714.1,-,2e-08,MSTA-int,ERVL-MaLR,LTR
chr5,142805569,142805590,MA1714.1,+,2e-08,L1MB7,L1,LINE
chr4,22548078,22548099,MA1714.1,-,2.02e-08,THE1D-int,ERVL-MaLR,LTR
chr10,25679818,25679839,MA1714.1,+,2.02e-08,THE1B-int,ERVL-MaLR,LTR
chr14,47723303,47723324,MA1714.1,-,2.02e-08,THE1C-int,ERVL-MaLR,LTR
chr13,69479523,69479544,MA1714.1,+,2.02e-08,MSTA-int,ERVL-MaLR,LTR
chr4,121338363,121338384,MA1714.1,+,2.02e-08,THE1C-int,ERVL-MaLR,LTR
chr8,139029264,139029285,MA1714.1,+,2.02e-08,THE1C-int,ERVL-MaLR,LTR
chrX,72637119,72637140,MA1714.1,-,2.06e-08,MSTA-int,ERVL-MaLR,LTR
chr11,94786884,94786905,MA1714.1,+,2.06e-08,MSTA-int,ERVL-MaLR,LTR
chr4,97369624,97369645,MA1714.1,+,2.06e-08,THE1B-int,ERVL-MaLR,LTR
chr5,127839593,127839614,MA1714.1,+,2.06e-08,THE1B-int,ERVL-MaLR,LTR
chr10,16864902,16864923,MA1714.1,+,2.11e-08,MSTB-int,ERVL-MaLR,LTR
chr2,234504117,234504138,MA1714.1,+,2.11e-08,THE1B-int,ERVL-MaLR,LTR
chr11,13213515,13213536,MA1714.1,-,2.13e-08,MSTB-int,ERVL-MaLR,LTR
chrX,41937125,41937146,MA1714.1,-,2.13e-08,MST-int,ERVL-MaLR,LTR
chr11,121184252,121184273,MA1714.1,-,2.13e-08,L1ME2,L1,LINE
chr16,24170793,24170814,MA1714.1,-,2.15e-08,MIR,MIR,SINE
chr22,46143653,46143674,MA1714.1,+,2.15e-08,MIRb,MIR,SINE
chr9,125197113,125197134,MA1714.1,+,2.15e-08,THE1A-int,ERVL-MaLR,LTR
chr2,178422707,178422728,MA1714.1,+,2.17e-08,MSTB2-int,ERVL-MaLR,LTR
chr2,204638832,204638853,MA1714.1,+,2.22e-08,L3,CR1,LINE
chr12,40008276,40008297,MA1714.1,-,2.26e-08,MIR,MIR,SINE
chr11,98568954,98568975,MA1714.1,-,2.26e-08,MSTB1-int,ERVL-MaLR,LTR
chr13,48856928,48856949,MA1714.1,+,2.31e-08,Charlie1b,hAT-Charlie,DNA
chr2,123889765,123889786,MA1714.1,+,2.36e-08,THE1B-int,ERVL-MaLR,LTR
chr5,134312692,134312713,MA1714.1,-,2.36e-08,MSTB-int,ERVL-MaLR,LTR
chr14,32091708,32091729,MA1714.1,+,2.38e-08,THE1D-int,ERVL-MaLR,LTR
chr10,71301610,71301631,MA1714.1,-,2.38e-08,THE1C-int,ERVL-MaLR,LTR
chr6,157081664,157081685,MA1714.1,-,2.38e-08,L1MEe,L1,LINE
chr4,133619641,133619662,MA1714.1,+,2.41e-08,L1MB7,L1,LINE
chr16,55233001,55233022,MA1714.1,+,2.43e-08,MSTB1-int,ERVL-MaLR,LTR
chr6,100562180,100562201,MA1714.1,+,2.45e-08,MIRb,MIR,SINE
chr3,116197729,116197750,MA1714.1,+,2.45e-08,THE1B-int,ERVL-MaLR,LTR
chr5,134907796,134907817,MA1714.1,-,2.45e-08,MIR,MIR,SINE
chr12,10128392,10128413,MA1714.1,+,2.48e-08,THE1B-int,ERVL-MaLR,LTR
chr8,20777897,20777918,MA1714.1,-,2.48e-08,THE1C-int,ERVL-MaLR,LTR
chr5,21717315,21717336,MA1714.1,-,2.48e-08,THE1C-int,ERVL-MaLR,LTR
chr11,23838742,23838763,MA1714.1,-,2.48e-08,THE1B-int,ERVL-MaLR,LTR
chr10,25646360,25646381,MA1714.1,+,2.48e-08,THE1B-int,ERVL-MaLR,LTR
chr14,31303785,31303806,MA1714.1,-,2.48e-08,THE1B-int,ERVL-MaLR,LTR
chr5,38235020,38235041,MA1714.1,+,2.48e-08,THE1C-int,ERVL-MaLR,LTR
chr18,38278255,38278276,MA1714.1,+,2.48e-08,THE1C-int,ERVL-MaLR,LTR
chr15,48195763,48195784,MA1714.1,-,2.48e-08,THE1B-int,ERVL-MaLR,LTR
chr7,80852182,80852203,MA1714.1,+,2.48e-08,THE1B-int,ERVL-MaLR,LTR
chr4,156800711,156800732,MA1714.1,-,2.48e-08,THE1B-int,ERVL-MaLR,LTR
chr3,163380836,163380857,MA1714.1,+,2.48e-08,THE1-int,ERVL-MaLR,LTR
chr3,191200843,191200864,MA1714.1,+,2.48e-08,THE1A-int,ERVL-MaLR,LTR
chr10,32387694,32387715,MA1714.1,-,2.51e-08,THE1D-int,ERVL-MaLR,LTR
chr20,41338971,41338992,MA1714.1,+,2.51e-08,MSTB-int,ERVL-MaLR,LTR
chr13,48447684,48447705,MA1714.1,-,2.51e-08,THE1B-int,ERVL-MaLR,LTR
chr1,56399991,56400012,MA1714.1,-,2.51e-08,THE1A-int,ERVL-MaLR,LTR
chr8,78252405,78252426,MA1714.1,+,2.51e-08,MSTA-int,ERVL-MaLR,LTR
chr4,104281244,104281265,MA1714.1,+,2.51e-08,MSTA-int,ERVL-MaLR,LTR
chr10,109735058,109735079,MA1714.1,-,2.51e-08,THE1A-int,ERVL-MaLR,LTR
chr1,157880221,157880242,MA1714.1,+,2.51e-08,MSTB2-int,ERVL-MaLR,LTR
chr2,234505510,234505531,MA1714.1,+,2.51e-08,THE1B,ERVL-MaLR,LTR
chr1,66524455,66524476,MA1714.1,-,2.53e-08,THE1B-int,ERVL-MaLR,LTR
chr1,102576060,102576081,MA1714.1,-,2.53e-08,THE1B-int,ERVL-MaLR,LTR
chr7,139503421,139503442,MA1714.1,+,2.53e-08,THE1B-int,ERVL-MaLR,LTR
chr22,27668495,27668516,MA1714.1,+,2.56e-08,MIR,MIR,SINE
chr1,69086437,69086458,MA1714.1,-,2.56e-08,THE1-int,ERVL-MaLR,LTR
chrX,80984963,80984984,MA1714.1,+,2.56e-08,THE1B-int,ERVL-MaLR,LTR
chr8,459620,459641,MA1714.1,-,2.58e-08,THE1C-int,ERVL-MaLR,LTR
chr6,50477427,50477448,MA1714.1,+,2.58e-08,HAL1b,L1,LINE
chr14,92826651,92826672,MA1714.1,-,2.58e-08,FRAM,Alu,SINE
chr12,111338748,111338769,MA1714.1,-,2.58e-08,MER68,ERVL,LTR
chr5,160385684,160385705,MA1714.1,-,2.58e-08,AluJr,Alu,SINE
chr10,69472194,69472215,MA1714.1,+,2.61e-08,THE1B-int,ERVL-MaLR,LTR
chrX,91595700,91595721,MA1714.1,-,2.61e-08,MSTA-int,ERVL-MaLR,LTR
chr3,110047643,110047664,MA1714.1,+,2.61e-08,THE1D-int,ERVL-MaLR,LTR
chr3,152610465,152610486,MA1714.1,-,2.61e-08,MSTB-int,ERVL-MaLR,LTR
chr3,192801481,192801502,MA1714.1,+,2.61e-08,MSTA-int,ERVL-MaLR,LTR
chr9,8276043,8276064,MA1714.1,-,2.63e-08,THE1B-int,ERVL-MaLR,LTR
chr2,13239125,13239146,MA1714.1,-,2.63e-08,THE1D-int,ERVL-MaLR,LTR
chr22,16670571,16670592,MA1714.1,-,2.63e-08,THE1D-int,ERVL-MaLR,LTR
chr14,19153039,19153060,MA1714.1,+,2.63e-08,THE1D-int,ERVL-MaLR,LTR
chr9,66683206,66683227,MA1714.1,-,2.63e-08,THE1D-int,ERVL-MaLR,LTR
chr9,69866211,69866232,MA1714.1,-,2.63e-08,THE1D-int,ERVL-MaLR,LTR
chr6,169580591,169580612,MA1714.1,-,2.63e-08,THE1A-int,ERVL-MaLR,LTR
chr11,26244411,26244432,MA1714.1,-,2.66e-08,MSTB-int,ERVL-MaLR,LTR
chr3,40742302,40742323,MA1714.1,+,2.66e-08,MSTC-int,ERVL-MaLR,LTR
chr8,132021466,132021487,MA1714.1,+,2.66e-08,THE1D-int,ERVL-MaLR,LTR
chr10,124612814,124612835,MA1714.1,-,2.69e-08,MER96,hAT,DNA
chr3,129416278,129416299,MA1714.1,-,2.72e-08,THE1C-int,ERVL-MaLR,LTR
chr5,4388235,4388256,MA1714.1,+,2.74e-08,L1MA9,L1,LINE
chr18,11381483,11381504,MA1714.1,-,2.74e-08,THE1D-int,ERVL-MaLR,LTR
chrX,35227477,35227498,MA1714.1,-,2.74e-08,THE1C-int,ERVL-MaLR,LTR
chr4,157918281,157918302,MA1714.1,-,2.74e-08,MSTA-int,ERVL-MaLR,LTR
chr9,88808194,88808215,MA1714.1,+,2.77e-08,MSTB-int,ERVL-MaLR,LTR
chr4,90366929,90366950,MA1714.1,-,2.77e-08,MSTA-int,ERVL-MaLR,LTR
chr14,22700531,22700552,MA1714.1,-,2.8e-08,MSTA-int,ERVL-MaLR,LTR
chr21,29503736,29503757,MA1714.1,-,2.8e-08,MSTA-int,ERVL-MaLR,LTR
chr4,32651942,32651963,MA1714.1,-,2.8e-08,THE1C-int,ERVL-MaLR,LTR
chr14,84710133,84710154,MA1714.1,-,2.8e-08,THE1C-int,ERVL-MaLR,LTR
chr2,86412856,86412877,MA1714.1,+,2.8e-08,MLT1G3-int,ERVL-MaLR,LTR
chr13,99252859,99252880,MA1714.1,+,2.8e-08,L1MB8,L1,LINE
chr18,19556414,19556435,MA1714.1,-,2.82e-08,MIRb,MIR,SINE
chr10,59536646,59536667,MA1714.1,-,2.82e-08,THE1C-int,ERVL-MaLR,LTR
chr1,105603710,105603731,MA1714.1,-,2.82e-08,MSTA-int,ERVL-MaLR,LTR
chrY,3768485,3768506,MA1714.1,-,2.85e-08,MSTA-int,ERVL-MaLR,LTR
chr9,8037105,8037126,MA1714.1,-,2.85e-08,MSTA-int,ERVL-MaLR,LTR
chr18,8349942,8349963,MA1714.1,+,2.85e-08,LTR51,ERV1,LTR
chr5,12745029,12745050,MA1714.1,-,2.85e-08,AluSx3,Alu,SINE
chr18,23151815,23151836,MA1714.1,-,2.85e-08,THE1C-int,ERVL-MaLR,LTR
chr15,24863001,24863022,MA1714.1,-,2.85e-08,MSTA-int,ERVL-MaLR,LTR
chr4,26680828,26680849,MA1714.1,+,2.85e-08,THE1C-int,ERVL-MaLR,LTR
chr4,30567831,30567852,MA1714.1,+,2.85e-08,THE1C-int,ERVL-MaLR,LTR
chr12,40975928,40975949,MA1714.1,-,2.85e-08,THE1D-int,ERVL-MaLR,LTR
chr17,49872464,49872485,MA1714.1,+,2.85e-08,MIR,MIR,SINE
chr13,60880900,60880921,MA1714.1,-,2.85e-08,THE1C-int,ERVL-MaLR,LTR
chrX,89578682,89578703,MA1714.1,-,2.85e-08,MSTA-int,ERVL-MaLR,LTR
chr11,98488972,98488993,MA1714.1,-,2.85e-08,MSTA-int,ERVL-MaLR,LTR
chr6,101741516,101741537,MA1714.1,-,2.85e-08,THE1D-int,ERVL-MaLR,LTR
chr9,103687041,103687062,MA1714.1,+,2.85e-08,THE1C-int,ERVL-MaLR,LTR
chr6,104106523,104106544,MA1714.1,-,2.85e-08,THE1B-int,ERVL-MaLR,LTR
chr3,104110303,104110324,MA1714.1,-,2.85e-08,THE1D-int,ERVL-MaLR,LTR
chr8,113427397,113427418,MA1714.1,+,2.85e-08,THE1D-int,ERVL-MaLR,LTR
chr2,116185203,116185224,MA1714.1,-,2.85e-08,MSTA-int,ERVL-MaLR,LTR
chr3,117811924,117811945,MA1714.1,+,2.85e-08,THE1C-int,ERVL-MaLR,LTR
chr12,120047332,120047353,MA1714.1,+,2.85e-08,THE1C-int,ERVL-MaLR,LTR
chrX,141075175,141075196,MA1714.1,+,2.85e-08,THE1D-int,ERVL-MaLR,LTR
chrX,141324570,141324591,MA1714.1,+,2.85e-08,THE1B-int,ERVL-MaLR,LTR
chr3,160188123,160188144,MA1714.1,+,2.85e-08,THE1C-int,ERVL-MaLR,LTR
chr6,164700387,164700408,MA1714.1,+,2.85e-08,THE1C-int,ERVL-MaLR,LTR
chr2,179947723,179947744,MA1714.1,-,2.85e-08,THE1C-int,ERVL-MaLR,LTR
chr3,183818082,183818103,MA1714.1,+,2.85e-08,MIR,MIR,SINE
chr3,191508928,191508949,MA1714.1,-,2.85e-08,THE1B-int,ERVL-MaLR,LTR
chr2,237744453,237744474,MA1714.1,-,2.85e-08,THE1D-int,ERVL-MaLR,LTR
chr1,247433500,247433521,MA1714.1,-,2.85e-08,MSTA-int,ERVL-MaLR,LTR
chr15,54966528,54966549,MA1714.1,+,2.88e-08,L1PB1,L1,LINE
chr4,190595366,190595387,MA1714.1,-,2.88e-08,Charlie1b,hAT-Charlie,DNA
chr14,40420210,40420231,MA1714.1,+,2.91e-08,L3,CR1,LINE
chr5,84640421,84640442,MA1714.1,+,2.91e-08,THE1B-int,ERVL-MaLR,LTR
chr5,129473121,129473142,MA1714.1,-,2.91e-08,L3,CR1,LINE
chr3,179951880,179951901,MA1714.1,-,2.91e-08,THE1B-int,ERVL-MaLR,LTR
chr2,207214304,207214325,MA1714.1,-,2.91e-08,THE1D-int,ERVL-MaLR,LTR
chr3,9126878,9126899,MA1714.1,+,2.94e-08,LTR16A,ERVL,LTR
chr13,53526069,53526090,MA1714.1,+,2.97e-08,MER77B,ERVL,LTR
chr10,99015716,99015737,MA1714.1,+,3e-08,MLT1F-int,ERVL-MaLR,LTR
chr2,117202833,117202854,MA1714.1,-,3e-08,MSTA-int,ERVL-MaLR,LTR
chr8,32857259,32857280,MA1714.1,-,3.03e-08,L3,CR1,LINE
chr18,75420909,75420930,MA1714.1,-,3.03e-08,MLT2B3,ERVL,LTR
chr14,101114954,101114975,MA1714.1,+,3.03e-08,MLT1A0-int,ERVL-MaLR,LTR
chrX,124417349,124417370,MA1714.1,-,3.03e-08,THE1D-int,ERVL-MaLR,LTR
chr5,3747524,3747545,MA1714.1,+,3.06e-08,THE1D-int,ERVL-MaLR,LTR
chr7,8862119,8862140,MA1714.1,-,3.06e-08,THE1B-int,ERVL-MaLR,LTR
chr21,18067601,18067622,MA1714.1,-,3.06e-08,THE1D-int,ERVL-MaLR,LTR
chr4,22284643,22284664,MA1714.1,+,3.06e-08,THE1C-int,ERVL-MaLR,LTR
chr3,55860242,55860263,MA1714.1,-,3.06e-08,MER117,hAT-Charlie,DNA
chrX,114444798,114444819,MA1714.1,+,3.06e-08,THE1B-int,ERVL-MaLR,LTR
chrX,121287515,121287536,MA1714.1,+,3.06e-08,THE1C-int,ERVL-MaLR,LTR
chr1,24703801,24703822,MA1714.1,+,3.12e-08,L2,L2,LINE
chrX,35328094,35328115,MA1714.1,+,3.12e-08,L1MA3,L1,LINE
chr22,30930349,30930370,MA1714.1,-,3.15e-08,Charlie1b,hAT-Charlie,DNA
chr2,194783363,194783384,MA1714.1,+,3.15e-08,THE1D-int,ERVL-MaLR,LTR
chr4,157442336,157442357,MA1714.1,+,3.22e-08,LTR40a,ERVL,LTR
chrX,6395217,6395238,MA1714.1,-,3.25e-08,L1MA4,L1,LINE
chr9,32660805,32660826,MA1714.1,-,3.28e-08,THE1B-int,ERVL-MaLR,LTR
chr8,88369101,88369122,MA1714.1,+,3.28e-08,MSTB-int,ERVL-MaLR,LTR
chr12,94590575,94590596,MA1714.1,-,3.28e-08,MIR,MIR,SINE
chr14,104738472,104738493,MA1714.1,-,3.31e-08,L1MC3,L1,LINE
chr1,145702030,145702051,MA1714.1,-,3.31e-08,HAL1,L1,LINE
chr3,27894301,27894322,MA1714.1,-,3.35e-08,THE1D-int,ERVL-MaLR,LTR
chr14,30564671,30564692,MA1714.1,+,3.35e-08,THE1B-int,ERVL-MaLR,LTR
chr4,68188913,68188934,MA1714.1,+,3.35e-08,THE1C-int,ERVL-MaLR,LTR
chr5,18594566,18594587,MA1714.1,-,3.38e-08,MSTA-int,ERVL-MaLR,LTR
chr18,73065240,73065261,MA1714.1,+,3.38e-08,THE1C-int,ERVL-MaLR,LTR
chrX,79370194,79370215,MA1714.1,+,3.38e-08,THE1B-int,ERVL-MaLR,LTR
chr10,111569907,111569928,MA1714.1,-,3.38e-08,THE1B-int,ERVL-MaLR,LTR
chr16,28141780,28141801,MA1714.1,+,3.41e-08,CR1_Mam,CR1,LINE
chr1,112379691,112379712,MA1714.1,-,3.41e-08,MIR,MIR,SINE
chr3,126939824,126939845,MA1714.1,+,3.41e-08,L1ME5,L1,LINE
chr20,25495294,25495315,MA1714.1,+,3.48e-08,MSTA-int,ERVL-MaLR,LTR
chr7,39754217,39754238,MA1714.1,+,3.48e-08,MSTA-int,ERVL-MaLR,LTR
chr18,55683489,55683510,MA1714.1,-,3.48e-08,MER91A,hAT-Tip100,DNA
chr3,164458097,164458118,MA1714.1,-,3.48e-08,MSTB-int,ERVL-MaLR,LTR
chr16,59737930,59737951,MA1714.1,-,3.51e-08,MIRb,MIR,SINE
chr2,221266850,221266871,MA1714.1,+,3.51e-08,MSTB-int,ERVL-MaLR,LTR
chr6,99063748,99063769,MA1714.1,-,3.55e-08,THE1B-int,ERVL-MaLR,LTR
chr22,27165690,27165711,MA1714.1,+,3.58e-08,MIRc,MIR,SINE
chr1,28877306,28877327,MA1714.1,+,3.58e-08,AluJo,Alu,SINE
chr5,120477477,120477498,MA1714.1,-,3.58e-08,THE1B-int,ERVL-MaLR,LTR
chr4,144483997,144484018,MA1714.1,+,3.58e-08,MSTB-int,ERVL-MaLR,LTR
chr2,229260909,229260930,MA1714.1,-,3.58e-08,THE1B-int,ERVL-MaLR,LTR
chr11,14863007,14863028,MA1714.1,+,3.62e-08,ERVL-E-int,ERVL,LTR
chr18,31868020,31868041,MA1714.1,-,3.62e-08,MSTB-int,ERVL-MaLR,LTR
chr13,73267198,73267219,MA1714.1,+,3.62e-08,MST-int,ERVL-MaLR,LTR
chr5,91362113,91362134,MA1714.1,+,3.62e-08,MSTB-int,ERVL-MaLR,LTR
chr8,129860794,129860815,MA1714.1,+,3.62e-08,MLT1B,ERVL-MaLR,LTR
chr11,41647286,41647307,MA1714.1,-,3.65e-08,THE1D-int,ERVL-MaLR,LTR
chr12,73274458,73274479,MA1714.1,-,3.65e-08,MSTA-int,ERVL-MaLR,LTR
chr12,73341100,73341121,MA1714.1,-,3.65e-08,AluJb,Alu,SINE
chr9,110904094,110904115,MA1714.1,+,3.65e-08,AluJb,Alu,SINE
chr5,31074633,31074654,MA1714.1,-,3.69e-08,THE1A-int,ERVL-MaLR,LTR
chr10,46561071,46561092,MA1714.1,+,3.69e-08,L1P4a,L1,LINE
chr10,48747961,48747982,MA1714.1,+,3.69e-08,L1P4a,L1,LINE
chr10,49268507,49268528,MA1714.1,+,3.69e-08,L1P4a,L1,LINE
chrY,15124903,15124924,MA1714.1,-,3.72e-08,L1MA5,L1,LINE
chr6,129089544,129089565,MA1714.1,-,3.72e-08,THE1C-int,ERVL-MaLR,LTR
chr2,219626559,219626580,MA1714.1,+,3.72e-08,AluJr,Alu,SINE
chr1,33356556,33356577,MA1714.1,+,3.76e-08,MamRep38,hAT,DNA
chr18,77775095,77775116,MA1714.1,-,3.76e-08,THE1A-int,ERVL-MaLR,LTR
chr11,25632287,25632308,MA1714.1,-,3.8e-08,THE1B-int,ERVL-MaLR,LTR
chr4,45095816,45095837,MA1714.1,-,3.8e-08,MSTB-int,ERVL-MaLR,LTR
chr13,68730742,68730763,MA1714.1,-,3.8e-08,MSTA-int,ERVL-MaLR,LTR
chr11,83570847,83570868,MA1714.1,+,3.8e-08,THE1B-int,ERVL-MaLR,LTR
chr5,90849018,90849039,MA1714.1,+,3.8e-08,MLT1C-int,ERVL-MaLR,LTR
chr1,118417826,118417847,MA1714.1,+,3.8e-08,MSTB1-int,ERVL-MaLR,LTR
chr8,146137926,146137947,MA1714.1,+,3.84e-08,THE1B-int,ERVL-MaLR,LTR
chr22,32498690,32498711,MA1714.1,-,3.87e-08,L1MA3,L1,LINE
chr9,85831225,85831246,MA1714.1,+,3.87e-08,THE1B-int,ERVL-MaLR,LTR
chr17,8714620,8714641,MA1714.1,-,3.91e-08,THE1B-int,ERVL-MaLR,LTR
chr4,18999169,18999190,MA1714.1,-,3.91e-08,THE1B-int,ERVL-MaLR,LTR
chr2,19316901,19316922,MA1714.1,-,3.91e-08,THE1B-int,ERVL-MaLR,LTR
chr5,21133426,21133447,MA1714.1,+,3.91e-08,THE1B-int,ERVL-MaLR,LTR
chr4,22178591,22178612,MA1714.1,-,3.91e-08,THE1B-int,ERVL-MaLR,LTR
chr11,22865792,22865813,MA1714.1,+,3.91e-08,THE1B-int,ERVL-MaLR,LTR
chrX,26755103,26755124,MA1714.1,-,3.91e-08,THE1B-int,ERVL-MaLR,LTR
chr16,32040227,32040248,MA1714.1,-,3.91e-08,THE1B-int,ERVL-MaLR,LTR
chr16,32983789,32983810,MA1714.1,-,3.91e-08,THE1B-int,ERVL-MaLR,LTR
chr16,33683931,33683952,MA1714.1,+,3.91e-08,THE1B-int,ERVL-MaLR,LTR
chr8,56582512,56582533,MA1714.1,+,3.91e-08,THE1B-int,ERVL-MaLR,LTR
chr13,66622341,66622362,MA1714.1,-,3.91e-08,THE1B-int,ERVL-MaLR,LTR
chr8,70427694,70427715,MA1714.1,-,3.91e-08,MSTA-int,ERVL-MaLR,LTR
chr8,79183445,79183466,MA1714.1,-,3.91e-08,THE1C-int,ERVL-MaLR,LTR
chr8,80092798,80092819,MA1714.1,-,3.91e-08,THE1B-int,ERVL-MaLR,LTR
chr10,81503426,81503447,MA1714.1,+,3.91e-08,THE1B-int,ERVL-MaLR,LTR
chrX,83529551,83529572,MA1714.1,-,3.91e-08,THE1B-int,ERVL-MaLR,LTR
chr10,89025647,89025668,MA1714.1,+,3.91e-08,THE1B-int,ERVL-MaLR,LTR
chr10,89231821,89231842,MA1714.1,-,3.91e-08,THE1B-int,ERVL-MaLR,LTR
chr5,92798825,92798846,MA1714.1,+,3.91e-08,THE1B-int,ERVL-MaLR,LTR
chr4,92992959,92992980,MA1714.1,-,3.91e-08,THE1D-int,ERVL-MaLR,LTR
chr6,96766310,96766331,MA1714.1,-,3.91e-08,THE1B-int,ERVL-MaLR,LTR
chr6,97776329,97776350,MA1714.1,+,3.91e-08,THE1B-int,ERVL-MaLR,LTR
chr1,104377705,104377726,MA1714.1,+,3.91e-08,THE1B-int,ERVL-MaLR,LTR
chr3,105210115,105210136,MA1714.1,-,3.91e-08,THE1C-int,ERVL-MaLR,LTR
chr9,107287488,107287509,MA1714.1,-,3.91e-08,THE1B-int,ERVL-MaLR,LTR
chrX,110148180,110148201,MA1714.1,-,3.91e-08,THE1C-int,ERVL-MaLR,LTR
chr4,113412170,113412191,MA1714.1,-,3.91e-08,THE1B-int,ERVL-MaLR,LTR
chr6,122193720,122193741,MA1714.1,-,3.91e-08,THE1B-int,ERVL-MaLR,LTR
chr8,122854318,122854339,MA1714.1,+,3.91e-08,THE1C-int,ERVL-MaLR,LTR
chrX,124734198,124734219,MA1714.1,+,3.91e-08,THE1D-int,ERVL-MaLR,LTR
chr4,156236184,156236205,MA1714.1,+,3.91e-08,THE1B-int,ERVL-MaLR,LTR
chr1,160891632,160891653,MA1714.1,+,3.91e-08,THE1B-int,ERVL-MaLR,LTR
chr2,186129768,186129789,MA1714.1,-,3.91e-08,THE1D-int,ERVL-MaLR,LTR
chr3,190623286,190623307,MA1714.1,+,3.91e-08,THE1B-int,ERVL-MaLR,LTR
chr3,192819036,192819057,MA1714.1,+,3.91e-08,THE1D-int,ERVL-MaLR,LTR
chr2,226883555,226883576,MA1714.1,-,3.91e-08,THE1C-int,ERVL-MaLR,LTR
chr3,34743547,34743568,MA1714.1,-,3.95e-08,THE1B-int,ERVL-MaLR,LTR
chr12,75230532,75230553,MA1714.1,+,3.95e-08,THE1B-int,ERVL-MaLR,LTR
chr6,75332938,75332959,MA1714.1,+,3.95e-08,THE1D-int,ERVL-MaLR,LTR
chrX,88288932,88288953,MA1714.1,-,3.95e-08,MSTA-int,ERVL-MaLR,LTR
chr2,128585894,128585915,MA1714.1,+,3.95e-08,THE1B-int,ERVL-MaLR,LTR
chr5,173013349,173013370,MA1714.1,-,3.95e-08,THE1B-int,ERVL-MaLR,LTR
chr1,172625093,172625114,MA1714.1,-,3.99e-08,MIR,MIR,SINE
chr21,38721568,38721589,MA1714.1,-,4.03e-08,L1MEg,L1,LINE
chr6,92769455,92769476,MA1714.1,+,4.03e-08,THE1B-int,ERVL-MaLR,LTR
chr2,44507449,44507470,MA1714.1,-,4.07e-08,AluSx,Alu,SINE
chr1,64636162,64636183,MA1714.1,-,4.07e-08,THE1B-int,ERVL-MaLR,LTR
chr2,163702243,163702264,MA1714.1,+,4.07e-08,L1MEc,L1,LINE
chr14,20369305,20369326,MA1714.1,+,4.11e-08,MSTB-int,ERVL-MaLR,LTR
chr11,37217134,37217155,MA1714.1,-,4.11e-08,MSTB1-int,ERVL-MaLR,LTR
chr4,70673238,70673259,MA1714.1,+,4.11e-08,THE1B-int,ERVL-MaLR,LTR
chr7,150141507,150141528,MA1714.1,-,4.11e-08,MIR,MIR,SINE
chr6,139937002,139937023,MA1714.1,-,4.15e-08,L1PB1,L1,LINE
chr11,58413524,58413545,MA1714.1,-,4.19e-08,THE1A-int,ERVL-MaLR,LTR
chr18,66662640,66662661,MA1714.1,+,4.19e-08,THE1D-int,ERVL-MaLR,LTR
chr4,122811176,122811197,MA1714.1,+,4.19e-08,L1MA6,L1,LINE
chr18,5117353,5117374,MA1714.1,+,4.23e-08,MSTA-int,ERVL-MaLR,LTR
chrX,34632106,34632127,MA1714.1,-,4.27e-08,THE1C-int,ERVL-MaLR,LTR
chr6,164626252,164626273,MA1714.1,+,4.27e-08,THE1B-int,ERVL-MaLR,LTR
chr17,61006707,61006728,MA1714.1,+,4.31e-08,L1MEd,L1,LINE
chr2,108862124,108862145,MA1714.1,-,4.31e-08,THE1B-int,ERVL-MaLR,LTR
chr2,139494106,139494127,MA1714.1,-,4.31e-08,THE1B-int,ERVL-MaLR,LTR
chr9,93150736,93150757,MA1714.1,+,4.35e-08,L1MEg,L1,LINE
chr6,139348924,139348945,MA1714.1,-,4.35e-08,MLT1M,ERVL-MaLR,LTR
chr12,90092837,90092858,MA1714.1,-,4.39e-08,HAL1,L1,LINE
chr14,90681312,90681333,MA1714.1,-,4.44e-08,THE1B-int,ERVL-MaLR,LTR
chr18,10714169,10714190,MA1714.1,+,4.48e-08,MIR,MIR,SINE
chr1,227341243,227341264,MA1714.1,+,4.48e-08,L1MEd,L1,LINE
chr18,50250594,50250615,MA1714.1,-,4.52e-08,AluJb,Alu,SINE
chr8,64466864,64466885,MA1714.1,-,4.52e-08,THE1B-int,ERVL-MaLR,LTR
chr3,127836116,127836137,MA1714.1,+,4.52e-08,L1MEe,L1,LINE
chr5,175691566,175691587,MA1714.1,-,4.52e-08,MSTB-int,ERVL-MaLR,LTR
chr5,177074722,177074743,MA1714.1,+,4.52e-08,MSTB-int,ERVL-MaLR,LTR
chrX,63669230,63669251,MA1714.1,-,4.57e-08,THE1D-int,ERVL-MaLR,LTR
chrX,74129554,74129575,MA1714.1,+,4.57e-08,THE1A-int,ERVL-MaLR,LTR
chr5,94964804,94964825,MA1714.1,-,4.61e-08,MSTA-int,ERVL-MaLR,LTR
chrY,5991037,5991058,MA1714.1,-,4.66e-08,THE1C-int,ERVL-MaLR,LTR
chr19,16106448,16106469,MA1714.1,+,4.66e-08,THE1B-int,ERVL-MaLR,LTR
chr5,32657642,32657663,MA1714.1,-,4.66e-08,THE1B-int,ERVL-MaLR,LTR
chr11,34840695,34840716,MA1714.1,-,4.66e-08,THE1B-int,ERVL-MaLR,LTR
chr11,42525632,42525653,MA1714.1,-,4.66e-08,THE1D-int,ERVL-MaLR,LTR
chr10,54341598,54341619,MA1714.1,-,4.66e-08,THE1B-int,ERVL-MaLR,LTR
chrX,92261737,92261758,MA1714.1,-,4.66e-08,THE1C-int,ERVL-MaLR,LTR
chr1,98425428,98425449,MA1714.1,+,4.66e-08,L1ME3A,L1,LINE
chr3,109188478,109188499,MA1714.1,+,4.66e-08,THE1B-int,ERVL-MaLR,LTR
chr2,116161182,116161203,MA1714.1,-,4.66e-08,AluSx1,Alu,SINE
chr4,132047449,132047470,MA1714.1,-,4.66e-08,THE1B-int,ERVL-MaLR,LTR
chr8,139019261,139019282,MA1714.1,+,4.66e-08,THE1C-int,ERVL-MaLR,LTR
chr6,154280180,154280201,MA1714.1,-,4.66e-08,MSTB-int,ERVL-MaLR,LTR
chr2,226436382,226436403,MA1714.1,-,4.66e-08,THE1D-int,ERVL-MaLR,LTR
chr2,239440066,239440087,MA1714.1,+,4.66e-08,MSTA-int,ERVL-MaLR,LTR
chr16,20759427,20759448,MA1714.1,+,4.75e-08,AluJb,Alu,SINE
chr16,23509716,23509737,MA1714.1,+,4.75e-08,AluJb,Alu,SINE
chr4,38749128,38749149,MA1714.1,+,4.75e-08,MSTA-int,ERVL-MaLR,LTR
chr3,111381104,111381125,MA1714.1,-,4.75e-08,MSTA-int,ERVL-MaLR,LTR
chr5,141745582,141745603,MA1714.1,-,4.75e-08,L1ME3F,L1,LINE
chr4,60517122,60517143,MA1714.1,+,4.79e-08,THE1A-int,ERVL-MaLR,LTR
chr16,78998658,78998679,MA1714.1,+,4.79e-08,THE1A-int,ERVL-MaLR,LTR
chr9,117005379,117005400,MA1714.1,-,4.79e-08,Charlie1b,hAT-Charlie,DNA
chr12,33412779,33412800,MA1714.1,+,4.84e-08,THE1C-int,ERVL-MaLR,LTR
chr5,86892678,86892699,MA1714.1,-,4.84e-08,THE1B-int,ERVL-MaLR,LTR
chr3,87523277,87523298,MA1714.1,+,4.84e-08,THE1D-int,ERVL-MaLR,LTR
chr11,109399455,109399476,MA1714.1,+,4.84e-08,L1PB1,L1,LINE
chr11,7307662,7307683,MA1714.1,-,4.88e-08,THE1C-int,ERVL-MaLR,LTR
chr5,23362347,23362368,MA1714.1,-,4.88e-08,THE1C-int,ERVL-MaLR,LTR
chr3,28074587,28074608,MA1714.1,+,4.88e-08,MSTA-int,ERVL-MaLR,LTR
chr21,31751462,31751483,MA1714.1,+,4.88e-08,THE1D-int,ERVL-MaLR,LTR
chr5,42393208,42393229,MA1714.1,-,4.88e-08,THE1D-int,ERVL-MaLR,LTR
chrX,49662588,49662609,MA1714.1,+,4.88e-08,THE1D-int,ERVL-MaLR,LTR
chr6,50230447,50230468,MA1714.1,-,4.88e-08,THE1B-int,ERVL-MaLR,LTR
chr13,61127082,61127103,MA1714.1,-,4.88e-08,THE1D-int,ERVL-MaLR,LTR
chrX,63051056,63051077,MA1714.1,+,4.88e-08,THE1C-int,ERVL-MaLR,LTR
chr8,73903180,73903201,MA1714.1,+,4.88e-08,THE1C-int,ERVL-MaLR,LTR
chr12,80232306,80232327,MA1714.1,+,4.88e-08,THE1C-int,ERVL-MaLR,LTR
chr12,89184223,89184244,MA1714.1,-,4.88e-08,MSTA-int,ERVL-MaLR,LTR
chr5,90292044,90292065,MA1714.1,+,4.88e-08,MSTA-int,ERVL-MaLR,LTR
chr11,102697147,102697168,MA1714.1,-,4.88e-08,THE1B-int,ERVL-MaLR,LTR
chr2,109564202,109564223,MA1714.1,-,4.88e-08,THE1D-int,ERVL-MaLR,LTR
chr11,114809662,114809683,MA1714.1,+,4.88e-08,MSTA-int,ERVL-MaLR,LTR
chr2,115579980,115580001,MA1714.1,-,4.88e-08,THE1C-int,ERVL-MaLR,LTR
chr5,116577108,116577129,MA1714.1,+,4.88e-08,MSTA-int,ERVL-MaLR,LTR
chr7,123375833,123375854,MA1714.1,+,4.88e-08,L1MEc,L1,LINE
chr7,124959829,124959850,MA1714.1,+,4.88e-08,MSTA-int,ERVL-MaLR,LTR
chr4,125882746,125882767,MA1714.1,-,4.88e-08,THE1D-int,ERVL-MaLR,LTR
chr5,131178881,131178902,MA1714.1,-,4.88e-08,MSTA-int,ERVL-MaLR,LTR
chr9,139453931,139453952,MA1714.1,+,4.88e-08,MSTA-int,ERVL-MaLR,LTR
chr5,18198033,18198054,MA1714.1,+,4.93e-08,MST-int,ERVL-MaLR,LTR
chr4,22305419,22305440,MA1714.1,+,4.93e-08,THE1B-int,ERVL-MaLR,LTR
chr1,29731797,29731818,MA1714.1,+,4.93e-08,MSTA-int,ERVL-MaLR,LTR
chr1,30624836,30624857,MA1714.1,+,4.93e-08,MSTA-int,ERVL-MaLR,LTR
chr5,42110167,42110188,MA1714.1,+,4.93e-08,MST-int,ERVL-MaLR,LTR
chr20,53988199,53988220,MA1714.1,-,4.93e-08,L1MA8,L1,LINE
chrX,63775666,63775687,MA1714.1,+,4.93e-08,L1PA16,L1,LINE
chr1,72712780,72712801,MA1714.1,-,4.93e-08,MSTA-int,ERVL-MaLR,LTR
chr5,82131520,82131541,MA1714.1,-,4.93e-08,MSTB1-int,ERVL-MaLR,LTR
chr8,82332825,82332846,MA1714.1,+,4.93e-08,HERVL32-int,ERVL,LTR
chr2,107287481,107287502,MA1714.1,+,4.93e-08,MSTA-int,ERVL-MaLR,LTR
chrX,144569617,144569638,MA1714.1,-,4.93e-08,MSTB1-int,ERVL-MaLR,LTR
chr1,34920225,34920246,MA1714.1,-,4.98e-08,MIR,MIR,SINE
chr1,45602558,45602579,MA1714.1,-,4.98e-08,L1MEg,L1,LINE
chr11,55573930,55573951,MA1714.1,-,4.98e-08,THE1B-int,ERVL-MaLR,LTR
chr6,83652237,83652258,MA1714.1,+,4.98e-08,THE1D-int,ERVL-MaLR,LTR
chr6_qbl_hap6,1668085,1668106,MA1714.1,+,5.02e-08,THE1A-int,ERVL-MaLR,LTR
chr6_dbb_hap3,1668838,1668859,MA1714.1,+,5.02e-08,THE1A-int,ERVL-MaLR,LTR
chr6_apd_hap1,1686815,1686836,MA1714.1,+,5.02e-08,THE1A-int,ERVL-MaLR,LTR
chr6_ssto_hap7,1705159,1705180,MA1714.1,+,5.02e-08,THE1A-int,ERVL-MaLR,LTR
chr6_mann_hap4,1723260,1723281,MA1714.1,+,5.02e-08,THE1A-int,ERVL-MaLR,LTR
chr6_mcf_hap5,1757029,1757050,MA1714.1,+,5.02e-08,THE1A-int,ERVL-MaLR,LTR
chr6_cox_hap2,1887193,1887214,MA1714.1,+,5.02e-08,THE1A-int,ERVL-MaLR,LTR
chr6,30375180,30375201,MA1714.1,+,5.02e-08,THE1A-int,ERVL-MaLR,LTR
chr21,30625734,30625755,MA1714.1,-,5.02e-08,THE1A-int,ERVL-MaLR,LTR
chr8,33509437,33509458,MA1714.1,+,5.02e-08,THE1C-int,ERVL-MaLR,LTR
chrX,82037218,82037239,MA1714.1,-,5.02e-08,THE1B-int,ERVL-MaLR,LTR
chr13,84883707,84883728,MA1714.1,+,5.02e-08,THE1A-int,ERVL-MaLR,LTR
chr2,118212128,118212149,MA1714.1,+,5.02e-08,MSTB-int,ERVL-MaLR,LTR
chr11,37005758,37005779,MA1714.1,-,5.07e-08,MIR,MIR,SINE
chr11,68071607,68071628,MA1714.1,+,5.07e-08,MSTA-int,ERVL-MaLR,LTR
chr12,3593750,3593771,MA1714.1,-,5.12e-08,MIRb,MIR,SINE
chr8,66816776,66816797,MA1714.1,+,5.12e-08,THE1D-int,ERVL-MaLR,LTR
chr12,12801407,12801428,MA1714.1,-,5.17e-08,MSTA-int,ERVL-MaLR,LTR
chr8,34572428,34572449,MA1714.1,-,5.17e-08,MSTA-int,ERVL-MaLR,LTR
chr9,38034572,38034593,MA1714.1,-,5.17e-08,L3,CR1,LINE
chrX,42408000,42408021,MA1714.1,-,5.17e-08,MSTA-int,ERVL-MaLR,LTR
chr19,43834401,43834422,MA1714.1,-,5.17e-08,MST-int,ERVL-MaLR,LTR
chr15,60743969,60743990,MA1714.1,-,5.17e-08,L1MEg,L1,LINE
chr1,76922103,76922124,MA1714.1,-,5.17e-08,AluSx,Alu,SINE
chr9,89132562,89132583,MA1714.1,-,5.17e-08,L1MA9,L1,LINE
chr10,95770078,95770099,MA1714.1,-,5.17e-08,MSTB-int,ERVL-MaLR,LTR
chr3,122947473,122947494,MA1714.1,+,5.17e-08,L1MB7,L1,LINE
chr6_qbl_hap6,1515724,1515745,MA1714.1,-,5.22e-08,THE1A-int,ERVL-MaLR,LTR
chr6_dbb_hap3,1516487,1516508,MA1714.1,-,5.22e-08,THE1A-int,ERVL-MaLR,LTR
chr6_ssto_hap7,1552810,1552831,MA1714.1,-,5.22e-08,THE1A-int,ERVL-MaLR,LTR
chr6_mann_hap4,1570887,1570908,MA1714.1,-,5.22e-08,THE1A-int,ERVL-MaLR,LTR
chr6_cox_hap2,1734904,1734925,MA1714.1,-,5.22e-08,THE1A-int,ERVL-MaLR,LTR
chr6,30222811,30222832,MA1714.1,-,5.22e-08,THE1A-int,ERVL-MaLR,LTR
chr6,114403181,114403202,MA1714.1,-,5.22e-08,L1MB8,L1,LINE
chr2,4530823,4530844,MA1714.1,+,5.27e-08,THE1B-int,ERVL-MaLR,LTR
chr11,10939542,10939563,MA1714.1,-,5.27e-08,MSTB-int,ERVL-MaLR,LTR
chr2,13214434,13214455,MA1714.1,-,5.27e-08,THE1C-int,ERVL-MaLR,LTR
chr1,55634992,55635013,MA1714.1,+,5.27e-08,L1MEd,L1,LINE
chr3,64420879,64420900,MA1714.1,+,5.27e-08,THE1B-int,ERVL-MaLR,LTR
chr4,65049875,65049896,MA1714.1,-,5.27e-08,MSTA-int,ERVL-MaLR,LTR
chr4,118674160,118674181,MA1714.1,+,5.27e-08,THE1B-int,ERVL-MaLR,LTR
chr4,175736922,175736943,MA1714.1,-,5.27e-08,THE1B-int,ERVL-MaLR,LTR
chr21,28323246,28323267,MA1714.1,-,5.32e-08,AluJr,Alu,SINE
chr17,61100068,61100089,MA1714.1,+,5.32e-08,MSTD-int,ERVL-MaLR,LTR
chr6,87827123,87827144,MA1714.1,+,5.32e-08,L4,RTE,LINE
chr4,114321811,114321832,MA1714.1,+,5.32e-08,THE1A-int,ERVL-MaLR,LTR
chr3,16657762,16657783,MA1714.1,+,5.42e-08,THE1D-int,ERVL-MaLR,LTR
chr1,55408826,55408847,MA1714.1,+,5.42e-08,THE1C-int,ERVL-MaLR,LTR
chr16,58515098,58515119,MA1714.1,+,5.42e-08,MIR,MIR,SINE
chr15,64139225,64139246,MA1714.1,+,5.42e-08,THE1A-int,ERVL-MaLR,LTR
chr5,103235623,103235644,MA1714.1,+,5.42e-08,THE1B-int,ERVL-MaLR,LTR
chr3,125224305,125224326,MA1714.1,+,5.42e-08,L1MB2,L1,LINE
chr6,140024400,140024421,MA1714.1,+,5.42e-08,MamRep605,MamRep605,Unknown
chr11,35904541,35904562,MA1714.1,-,5.47e-08,L1MA7,L1,LINE
chr14,95750345,95750366,MA1714.1,+,5.47e-08,THE1A-int,ERVL-MaLR,LTR
chr5,112826889,112826910,MA1714.1,+,5.47e-08,MSTC-int,ERVL-MaLR,LTR
chr13,113461113,113461134,MA1714.1,-,5.47e-08,L1MB7,L1,LINE
chr3,12931859,12931880,MA1714.1,-,5.52e-08,L1MC4,L1,LINE
chr16,15393403,15393424,MA1714.1,+,5.52e-08,AluJr,Alu,SINE
chr16,16550353,16550374,MA1714.1,-,5.52e-08,AluJr,Alu,SINE
chr16,18349256,18349277,MA1714.1,+,5.52e-08,AluJr,Alu,SINE
chr16,56007443,56007464,MA1714.1,-,5.52e-08,MSTB2-int,ERVL-MaLR,LTR
chrX,63133777,63133798,MA1714.1,+,5.52e-08,THE1B-int,ERVL-MaLR,LTR
chr5,180306495,180306516,MA1714.1,-,5.52e-08,L1MA9,L1,LINE
chr11,80115478,80115499,MA1714.1,+,5.58e-08,THE1B-int,ERVL-MaLR,LTR
chr2,185796318,185796339,MA1714.1,-,5.58e-08,THE1B-int,ERVL-MaLR,LTR
chr11,7106617,7106638,MA1714.1,-,5.63e-08,L1MB2,L1,LINE
chr13,25361339,25361360,MA1714.1,-,5.63e-08,L1M4c,L1,LINE
chr11,41760214,41760235,MA1714.1,-,5.63e-08,MSTA-int,ERVL-MaLR,LTR
chr3,55206392,55206413,MA1714.1,+,5.63e-08,MLT1E1A,ERVL-MaLR,LTR
chr3,117877382,117877403,MA1714.1,-,5.63e-08,THE1C-int,ERVL-MaLR,LTR
chr3,4371285,4371306,MA1714.1,-,5.68e-08,THE1B-int,ERVL-MaLR,LTR
chr18,4573894,4573915,MA1714.1,+,5.68e-08,THE1D-int,ERVL-MaLR,LTR
chr6,19202120,19202141,MA1714.1,-,5.68e-08,THE1B-int,ERVL-MaLR,LTR
chr11,40835993,40836014,MA1714.1,-,5.68e-08,THE1B-int,ERVL-MaLR,LTR
chr22,40949366,40949387,MA1714.1,+,5.68e-08,THE1C-int,ERVL-MaLR,LTR
chr1,58837327,58837348,MA1714.1,+,5.68e-08,THE1D-int,ERVL-MaLR,LTR
chr14,84660076,84660097,MA1714.1,+,5.68e-08,THE1C-int,ERVL-MaLR,LTR
chrX,85786366,85786387,MA1714.1,+,5.68e-08,THE1D-int,ERVL-MaLR,LTR
chr6,104588240,104588261,MA1714.1,-,5.68e-08,MSTA-int,ERVL-MaLR,LTR
chr3,106889985,106890006,MA1714.1,+,5.68e-08,THE1D-int,ERVL-MaLR,LTR
chr10,108548954,108548975,MA1714.1,-,5.68e-08,THE1D-int,ERVL-MaLR,LTR
chr4,115879799,115879820,MA1714.1,-,5.68e-08,THE1B-int,ERVL-MaLR,LTR
chr11,124555045,124555066,MA1714.1,+,5.68e-08,THE1C-int,ERVL-MaLR,LTR
chr3,125756724,125756745,MA1714.1,+,5.68e-08,MSTB-int,ERVL-MaLR,LTR
chr9,129660230,129660251,MA1714.1,+,5.68e-08,ERVL-E-int,ERVL,LTR
chr9,133663779,133663800,MA1714.1,-,5.68e-08,L1MC4,L1,LINE
chr3,161643708,161643729,MA1714.1,+,5.68e-08,THE1D-int,ERVL-MaLR,LTR
chr5,26285571,26285592,MA1714.1,-,5.79e-08,THE1B-int,ERVL-MaLR,LTR
chr19,44552874,44552895,MA1714.1,+,5.79e-08,MLT1A0-int,ERVL-MaLR,LTR
chr11,84320334,84320355,MA1714.1,+,5.79e-08,MIR,MIR,SINE
chr4,20689310,20689331,MA1714.1,-,5.85e-08,ERVL-B4-int,ERVL,LTR
chr20,50837914,50837935,MA1714.1,-,5.85e-08,THE1D-int,ERVL-MaLR,LTR
chr6,4214635,4214656,MA1714.1,-,5.9e-08,THE1C-int,ERVL-MaLR,LTR
chr4,55669769,55669790,MA1714.1,-,5.9e-08,MER39B,ERV1,LTR
chr7,85562034,85562055,MA1714.1,+,5.9e-08,THE1D-int,ERVL-MaLR,LTR
chr3,85748847,85748868,MA1714.1,-,5.9e-08,MSTA-int,ERVL-MaLR,LTR
chr8,133488157,133488178,MA1714.1,+,5.9e-08,THE1D-int,ERVL-MaLR,LTR
chr5,134773534,134773555,MA1714.1,-,5.9e-08,MIRb,MIR,SINE
chr7,141553441,141553462,MA1714.1,-,5.9e-08,THE1D-int,ERVL-MaLR,LTR
chr18,46718245,46718266,MA1714.1,+,5.96e-08,MIR,MIR,SINE
chr5,75945911,75945932,MA1714.1,-,5.96e-08,THE1-int,ERVL-MaLR,LTR
chrX,91513234,91513255,MA1714.1,-,5.96e-08,MSTA-int,ERVL-MaLR,LTR
chr9,13835021,13835042,MA1714.1,+,6.01e-08,THE1B-int,ERVL-MaLR,LTR
chr4,28498795,28498816,MA1714.1,+,6.01e-08,THE1D-int,ERVL-MaLR,LTR
chr20,31710244,31710265,MA1714.1,+,6.01e-08,THE1A-int,ERVL-MaLR,LTR
chr21,47381524,47381545,MA1714.1,-,6.01e-08,THE1B-int,ERVL-MaLR,LTR
chr17,55739945,55739966,MA1714.1,-,6.01e-08,MIR,MIR,SINE
chr11,92658405,92658426,MA1714.1,+,6.01e-08,MSTA-int,ERVL-MaLR,LTR
chr12,102748523,102748544,MA1714.1,-,6.01e-08,THE1C-int,ERVL-MaLR,LTR
chr12,105929025,105929046,MA1714.1,-,6.01e-08,THE1D-int,ERVL-MaLR,LTR
chr10,108911741,108911762,MA1714.1,+,6.01e-08,THE1C-int,ERVL-MaLR,LTR
chr7,115885089,115885110,MA1714.1,-,6.01e-08,THE1C-int,ERVL-MaLR,LTR
chr12,127168714,127168735,MA1714.1,-,6.01e-08,THE1D-int,ERVL-MaLR,LTR
chr8,132213777,132213798,MA1714.1,+,6.01e-08,MSTA-int,ERVL-MaLR,LTR
chr4,144720549,144720570,MA1714.1,-,6.01e-08,MSTA-int,ERVL-MaLR,LTR
chr4,144961431,144961452,MA1714.1,-,6.01e-08,MSTA-int,ERVL-MaLR,LTR
chr7,153268473,153268494,MA1714.1,+,6.01e-08,THE1B-int,ERVL-MaLR,LTR
chrX,154142526,154142547,MA1714.1,-,6.01e-08,THE1D-int,ERVL-MaLR,LTR
chr2,226248764,226248785,MA1714.1,+,6.01e-08,MSTA-int,ERVL-MaLR,LTR
chr8,14655234,14655255,MA1714.1,+,6.07e-08,THE1C-int,ERVL-MaLR,LTR
chr7,24122612,24122633,MA1714.1,-,6.07e-08,MSTB-int,ERVL-MaLR,LTR
chr21,26527010,26527031,MA1714.1,+,6.07e-08,THE1B-int,ERVL-MaLR,LTR
chr3,28471169,28471190,MA1714.1,+,6.07e-08,THE1C-int,ERVL-MaLR,LTR
chr21,31505515,31505536,MA1714.1,-,6.07e-08,THE1D-int,ERVL-MaLR,LTR
chr13,76698552,76698573,MA1714.1,+,6.07e-08,THE1B-int,ERVL-MaLR,LTR
chr11,77566194,77566215,MA1714.1,-,6.07e-08,MSTA-int,ERVL-MaLR,LTR
chrX,79327461,79327482,MA1714.1,-,6.07e-08,THE1C-int,ERVL-MaLR,LTR
chr6,87078299,87078320,MA1714.1,+,6.07e-08,MSTB-int,ERVL-MaLR,LTR
chr8,88797627,88797648,MA1714.1,-,6.07e-08,THE1B-int,ERVL-MaLR,LTR
chr13,89320503,89320524,MA1714.1,+,6.07e-08,MIRc,MIR,SINE
chrX,94445603,94445624,MA1714.1,-,6.07e-08,THE1B-int,ERVL-MaLR,LTR
chr8,130835654,130835675,MA1714.1,+,6.07e-08,MST-int,ERVL-MaLR,LTR
chrX,143373025,143373046,MA1714.1,+,6.07e-08,MSTA-int,ERVL-MaLR,LTR
chr6,147722299,147722320,MA1714.1,-,6.07e-08,THE1D-int,ERVL-MaLR,LTR
chr2,154445105,154445126,MA1714.1,-,6.07e-08,THE1B-int,ERVL-MaLR,LTR
chr1,191943348,191943369,MA1714.1,-,6.07e-08,THE1C-int,ERVL-MaLR,LTR
chr1,220423022,220423043,MA1714.1,+,6.07e-08,THE1C-int,ERVL-MaLR,LTR
chr17,3266326,3266347,MA1714.1,-,6.13e-08,MSTA-int,ERVL-MaLR,LTR
chr4,4976382,4976403,MA1714.1,+,6.13e-08,MSTA-int,ERVL-MaLR,LTR
chr9,11949827,11949848,MA1714.1,-,6.13e-08,THE1D-int,ERVL-MaLR,LTR
chr17,17680556,17680577,MA1714.1,-,6.13e-08,L1MC,L1,LINE
chr12,22982494,22982515,MA1714.1,+,6.13e-08,THE1B-int,ERVL-MaLR,LTR
chr18,24204323,24204344,MA1714.1,+,6.13e-08,THE1C-int,ERVL-MaLR,LTR
chr13,30860421,30860442,MA1714.1,+,6.13e-08,THE1D-int,ERVL-MaLR,LTR
chr8,36155028,36155049,MA1714.1,+,6.13e-08,THE1C-int,ERVL-MaLR,LTR
chr9,36690396,36690417,MA1714.1,+,6.13e-08,MIRb,MIR,SINE
chr11,39277103,39277124,MA1714.1,-,6.13e-08,THE1D-int,ERVL-MaLR,LTR
chr4,45204503,45204524,MA1714.1,-,6.13e-08,L1PB4,L1,LINE
chr6,49594732,49594753,MA1714.1,-,6.13e-08,THE1B-int,ERVL-MaLR,LTR
chr19,52703724,52703745,MA1714.1,+,6.13e-08,MIR,MIR,SINE
chr2,52893556,52893577,MA1714.1,-,6.13e-08,THE1D-int,ERVL-MaLR,LTR
chr1,53671345,53671366,MA1714.1,+,6.13e-08,THE1D-int,ERVL-MaLR,LTR
chr15,54071024,54071045,MA1714.1,-,6.13e-08,THE1B-int,ERVL-MaLR,LTR
chr10,55738253,55738274,MA1714.1,-,6.13e-08,THE1C-int,ERVL-MaLR,LTR
chr14,70958542,70958563,MA1714.1,-,6.13e-08,THE1D-int,ERVL-MaLR,LTR
chr8,71414467,71414488,MA1714.1,+,6.13e-08,THE1D-int,ERVL-MaLR,LTR
chrX,72945052,72945073,MA1714.1,-,6.13e-08,THE1D-int,ERVL-MaLR,LTR
chr1,81152237,81152258,MA1714.1,-,6.13e-08,THE1D-int,ERVL-MaLR,LTR
chr2,81293386,81293407,MA1714.1,-,6.13e-08,THE1B-int,ERVL-MaLR,LTR
chr9,88089990,88090011,MA1714.1,+,6.13e-08,THE1C-int,ERVL-MaLR,LTR
chrX,93913612,93913633,MA1714.1,+,6.13e-08,THE1C-int,ERVL-MaLR,LTR
chr14,98286788,98286809,MA1714.1,+,6.13e-08,THE1D-int,ERVL-MaLR,LTR
chr3,102205620,102205641,MA1714.1,+,6.13e-08,THE1D-int,ERVL-MaLR,LTR
chr7,103839276,103839297,MA1714.1,+,6.13e-08,THE1D-int,ERVL-MaLR,LTR
chr6,123459297,123459318,MA1714.1,+,6.13e-08,THE1C-int,ERVL-MaLR,LTR
chr3,125957616,125957637,MA1714.1,-,6.13e-08,THE1C-int,ERVL-MaLR,LTR
chr8,127912073,127912094,MA1714.1,+,6.13e-08,THE1D-int,ERVL-MaLR,LTR
chrX,144206271,144206292,MA1714.1,-,6.13e-08,THE1B-int,ERVL-MaLR,LTR
chr7,158909737,158909758,MA1714.1,-,6.13e-08,MIRc,MIR,SINE
chr3,193472676,193472697,MA1714.1,+,6.13e-08,THE1D-int,ERVL-MaLR,LTR
chrX,36520697,36520718,MA1714.1,-,6.18e-08,THE1B-int,ERVL-MaLR,LTR
chr14,77327417,77327438,MA1714.1,+,6.18e-08,MIRb,MIR,SINE
chr1,186215274,186215295,MA1714.1,-,6.18e-08,THE1D-int,ERVL-MaLR,LTR
chr16,16057616,16057637,MA1714.1,-,6.24e-08,THE1C-int,ERVL-MaLR,LTR
chr2,16532573,16532594,MA1714.1,+,6.24e-08,MSTA-int,ERVL-MaLR,LTR
chr7,20248431,20248452,MA1714.1,+,6.24e-08,THE1D-int,ERVL-MaLR,LTR
chr18,30887633,30887654,MA1714.1,+,6.24e-08,THE1C-int,ERVL-MaLR,LTR
chr2,31580422,31580443,MA1714.1,+,6.24e-08,L1MA3,L1,LINE
chr18,48503928,48503949,MA1714.1,-,6.24e-08,THE1B-int,ERVL-MaLR,LTR
chr14,60477180,60477201,MA1714.1,-,6.24e-08,THE1B-int,ERVL-MaLR,LTR
chr16,64866266,64866287,MA1714.1,+,6.24e-08,THE1B-int,ERVL-MaLR,LTR
chr8,65699639,65699660,MA1714.1,-,6.24e-08,THE1C-int,ERVL-MaLR,LTR
chr1,79686374,79686395,MA1714.1,+,6.24e-08,THE1B-int,ERVL-MaLR,LTR
chr3,121841587,121841608,MA1714.1,+,6.24e-08,THE1C-int,ERVL-MaLR,LTR
chr4,136633005,136633026,MA1714.1,+,6.24e-08,THE1D-int,ERVL-MaLR,LTR
chrX,144740812,144740833,MA1714.1,+,6.24e-08,MSTA-int,ERVL-MaLR,LTR
chr3,190677093,190677114,MA1714.1,+,6.24e-08,THE1B-int,ERVL-MaLR,LTR
chr2,3253501,3253522,MA1714.1,+,6.3e-08,MSTB-int,ERVL-MaLR,LTR
chr5,35981962,35981983,MA1714.1,+,6.3e-08,MSTA-int,ERVL-MaLR,LTR
chr13,39870516,39870537,MA1714.1,+,6.3e-08,THE1D-int,ERVL-MaLR,LTR
chr17,66514757,66514778,MA1714.1,-,6.3e-08,THE1C-int,ERVL-MaLR,LTR
chr13,68980231,68980252,MA1714.1,-,6.3e-08,THE1C-int,ERVL-MaLR,LTR
chr18,74855156,74855177,MA1714.1,+,6.3e-08,THE1B-int,ERVL-MaLR,LTR
chr5,83966123,83966144,MA1714.1,+,6.3e-08,MSTA-int,ERVL-MaLR,LTR
chr11,102439816,102439837,MA1714.1,-,6.3e-08,THE1D-int,ERVL-MaLR,LTR
chr6,105264167,105264188,MA1714.1,+,6.3e-08,MSTA-int,ERVL-MaLR,LTR
chr4,185198304,185198325,MA1714.1,+,6.3e-08,THE1D-int,ERVL-MaLR,LTR
chr2,195844497,195844518,MA1714.1,-,6.3e-08,THE1D-int,ERVL-MaLR,LTR
chr6,16644314,16644335,MA1714.1,+,6.36e-08,L1MB4,L1,LINE
chr3,24606839,24606860,MA1714.1,+,6.36e-08,L1M3,L1,LINE
chr16,53108420,53108441,MA1714.1,+,6.36e-08,THE1A-int,ERVL-MaLR,LTR
chr15,53303789,53303810,MA1714.1,-,6.36e-08,THE1A-int,ERVL-MaLR,LTR
chr10,112813561,112813582,MA1714.1,-,6.36e-08,L1MB7,L1,LINE
chr7,119173017,119173038,MA1714.1,+,6.36e-08,MSTB-int,ERVL-MaLR,LTR
chr5,85146364,85146385,MA1714.1,-,6.42e-08,MSTA-int,ERVL-MaLR,LTR
chr5,97712109,97712130,MA1714.1,-,6.42e-08,L1ME5,L1,LINE
chr11,101391914,101391935,MA1714.1,+,6.42e-08,MSTA-int,ERVL-MaLR,LTR
chr2,134920214,134920235,MA1714.1,-,6.42e-08,MIRb,MIR,SINE
chr9,23286842,23286863,MA1714.1,-,6.48e-08,L1MA10,L1,LINE
chr17,30716730,30716751,MA1714.1,+,6.48e-08,AluJb,Alu,SINE
chr1,31317746,31317767,MA1714.1,-,6.48e-08,LTR81A,Gypsy,LTR
chr4,133539677,133539698,MA1714.1,-,6.48e-08,THE1D-int,ERVL-MaLR,LTR
chr1,239283099,239283120,MA1714.1,-,6.54e-08,MIR,MIR,SINE
chr15,45179235,45179256,MA1714.1,-,6.6e-08,MSTB1-int,ERVL-MaLR,LTR
chr15,45292785,45292806,MA1714.1,+,6.6e-08,MSTB1-int,ERVL-MaLR,LTR
chr18,66944351,66944372,MA1714.1,-,6.6e-08,L1MC3,L1,LINE
chr1,77158684,77158705,MA1714.1,-,6.6e-08,MSTA-int,ERVL-MaLR,LTR
chr7,113999121,113999142,MA1714.1,+,6.6e-08,THE1B-int,ERVL-MaLR,LTR
chr2,228447948,228447969,MA1714.1,+,6.6e-08,MSTB-int,ERVL-MaLR,LTR
chr14,42527899,42527920,MA1714.1,-,6.66e-08,MLT1L,ERVL-MaLR,LTR
chr12,76472635,76472656,MA1714.1,+,6.66e-08,L1MEg,L1,LINE
chr9,83209168,83209189,MA1714.1,+,6.66e-08,THE1C-int,ERVL-MaLR,LTR
chr4,36588603,36588624,MA1714.1,+,6.72e-08,THE1B-int,ERVL-MaLR,LTR
chr5,40993286,40993307,MA1714.1,-,6.72e-08,THE1C-int,ERVL-MaLR,LTR
chr14,43017829,43017850,MA1714.1,-,6.72e-08,MSTB-int,ERVL-MaLR,LTR
chr14,72824618,72824639,MA1714.1,+,6.72e-08,THE1C-int,ERVL-MaLR,LTR
chr8,88527228,88527249,MA1714.1,+,6.72e-08,THE1D-int,ERVL-MaLR,LTR
chr4,111250849,111250870,MA1714.1,+,6.72e-08,MSTA-int,ERVL-MaLR,LTR
chr5,142509054,142509075,MA1714.1,-,6.72e-08,MIRb,MIR,SINE
chr6,166467554,166467575,MA1714.1,-,6.72e-08,L1ME1,L1,LINE
chr5,44839287,44839308,MA1714.1,+,6.79e-08,THE1D-int,ERVL-MaLR,LTR
chr12,57202924,57202945,MA1714.1,-,6.79e-08,MER52A,ERV1,LTR
chr3,76701620,76701641,MA1714.1,-,6.79e-08,MIR,MIR,SINE
chr6,80703660,80703681,MA1714.1,+,6.79e-08,MSTB-int,ERVL-MaLR,LTR
chr12,97249978,97249999,MA1714.1,-,6.79e-08,THE1C-int,ERVL-MaLR,LTR
chr11,116673303,116673324,MA1714.1,+,6.79e-08,L1MEg,L1,LINE
chr6,132546546,132546567,MA1714.1,+,6.79e-08,THE1C-int,ERVL-MaLR,LTR
chr2,8225704,8225725,MA1714.1,-,6.85e-08,L1MA10,L1,LINE
chr9,10899697,10899718,MA1714.1,-,6.85e-08,THE1B-int,ERVL-MaLR,LTR
chr1,99324187,99324208,MA1714.1,-,6.85e-08,L1MEg,L1,LINE
chr8,114143533,114143554,MA1714.1,+,6.85e-08,MSTA-int,ERVL-MaLR,LTR
chr4,123512383,123512404,MA1714.1,-,6.85e-08,MSTB2-int,ERVL-MaLR,LTR
chr6,135969934,135969955,MA1714.1,-,6.85e-08,THE1B-int,ERVL-MaLR,LTR
chr12,40272709,40272730,MA1714.1,+,6.92e-08,MSTA-int,ERVL-MaLR,LTR
chr11,106313562,106313583,MA1714.1,-,6.92e-08,L1MC4a,L1,LINE
chr13,93768631,93768652,MA1714.1,-,6.98e-08,MLT1B,ERVL-MaLR,LTR
chr10,104983699,104983720,MA1714.1,-,6.98e-08,MSTA-int,ERVL-MaLR,LTR
chr4,145117862,145117883,MA1714.1,+,6.98e-08,MSTA-int,ERVL-MaLR,LTR
chr2,31901322,31901343,MA1714.1,-,7.04e-08,L1PB3,L1,LINE
chr7,2832850,2832871,MA1714.1,+,7.11e-08,L1MC4a,L1,LINE
chr6,19475764,19475785,MA1714.1,-,7.11e-08,THE1A-int,ERVL-MaLR,LTR
chr16,20519061,20519082,MA1714.1,-,7.11e-08,THE1B-int,ERVL-MaLR,LTR
chr19,50569282,50569303,MA1714.1,-,7.11e-08,MIR,MIR,SINE
chr14,80444933,80444954,MA1714.1,+,7.11e-08,THE1D-int,ERVL-MaLR,LTR
chr5,99208355,99208376,MA1714.1,+,7.18e-08,L1PB1,L1,LINE
chrX,111463654,111463675,MA1714.1,-,7.18e-08,THE1C-int,ERVL-MaLR,LTR
chr7,118799367,118799388,MA1714.1,-,7.18e-08,L1PB1,L1,LINE
chr6,119814514,119814535,MA1714.1,+,7.18e-08,L1PB1,L1,LINE
chr2,143833467,143833488,MA1714.1,+,7.18e-08,THE1B-int,ERVL-MaLR,LTR
chr1,160830392,160830413,MA1714.1,+,7.18e-08,L1MC4,L1,LINE
chr1,98114281,98114302,MA1714.1,-,7.24e-08,MIR,MIR,SINE
chr6,169672394,169672415,MA1714.1,+,7.24e-08,L1MEc,L1,LINE
chr2,192792223,192792244,MA1714.1,-,7.24e-08,CR1_Mam,CR1,LINE
chr9,25683654,25683675,MA1714.1,+,7.31e-08,MSTA-int,ERVL-MaLR,LTR
chr12,34012390,34012411,MA1714.1,-,7.31e-08,THE1B-int,ERVL-MaLR,LTR
chr3,41024730,41024751,MA1714.1,+,7.31e-08,L1MEd,L1,LINE
chr14,69305091,69305112,MA1714.1,+,7.31e-08,MSTB-int,ERVL-MaLR,LTR
chrX,93451608,93451629,MA1714.1,+,7.31e-08,THE1B-int,ERVL-MaLR,LTR
chr9,105387964,105387985,MA1714.1,-,7.31e-08,THE1B-int,ERVL-MaLR,LTR
chrX,110714888,110714909,MA1714.1,-,7.31e-08,MSTB-int,ERVL-MaLR,LTR
chr10,111021668,111021689,MA1714.1,-,7.31e-08,THE1B-int,ERVL-MaLR,LTR
chr7,120485271,120485292,MA1714.1,-,7.31e-08,MSTA-int,ERVL-MaLR,LTR
chr8,133963020,133963041,MA1714.1,+,7.31e-08,MIR,MIR,SINE
chr1,197197209,197197230,MA1714.1,-,7.31e-08,THE1A-int,ERVL-MaLR,LTR
chr8,91353062,91353083,MA1714.1,+,7.38e-08,THE1A-int,ERVL-MaLR,LTR
chr4,110110968,110110989,MA1714.1,-,7.38e-08,L1ME4a,L1,LINE
chr7,110703431,110703452,MA1714.1,-,7.38e-08,THE1B-int,ERVL-MaLR,LTR
chr4,126344442,126344463,MA1714.1,+,7.38e-08,THE1C-int,ERVL-MaLR,LTR
chr14,51813524,51813545,MA1714.1,+,7.52e-08,MSTA-int,ERVL-MaLR,LTR
chr5,25133949,25133970,MA1714.1,+,7.59e-08,THE1B-int,ERVL-MaLR,LTR
chr4,65319572,65319593,MA1714.1,-,7.59e-08,THE1C-int,ERVL-MaLR,LTR
chrX,116109655,116109676,MA1714.1,+,7.59e-08,MSTA-int,ERVL-MaLR,LTR
chr4,3073432,3073453,MA1714.1,+,7.66e-08,MLT1B,ERVL-MaLR,LTR
chr4,63011236,63011257,MA1714.1,+,7.66e-08,MSTA-int,ERVL-MaLR,LTR
chr6,66748627,66748648,MA1714.1,-,7.66e-08,MSTA-int,ERVL-MaLR,LTR
chr13,70084879,70084900,MA1714.1,+,7.66e-08,THE1A-int,ERVL-MaLR,LTR
chr14,93255590,93255611,MA1714.1,-,7.66e-08,LTR78B,ERV1,LTR
chr2,115687640,115687661,MA1714.1,-,7.66e-08,MSTB1-int,ERVL-MaLR,LTR
chr12,118389797,118389818,MA1714.1,+,7.66e-08,L1MA9,L1,LINE
chr12,120296245,120296266,MA1714.1,+,7.66e-08,AluSz,Alu,SINE
chr12,3515438,3515459,MA1714.1,-,7.73e-08,THE1C-int,ERVL-MaLR,LTR
chr8,6774465,6774486,MA1714.1,-,7.73e-08,MIRc,MIR,SINE
chr5,16495541,16495562,MA1714.1,+,7.73e-08,MSTA-int,ERVL-MaLR,LTR
chr22,22446873,22446894,MA1714.1,+,7.73e-08,L1MA6,L1,LINE
chr7,48778117,48778138,MA1714.1,+,7.73e-08,THE1C-int,ERVL-MaLR,LTR
chr7,118736147,118736168,MA1714.1,-,7.73e-08,THE1B-int,ERVL-MaLR,LTR
chr6,142392871,142392892,MA1714.1,+,7.73e-08,THE1B-int,ERVL-MaLR,LTR
chr2,2383342,2383363,MA1714.1,+,7.8e-08,THE1D-int,ERVL-MaLR,LTR
chr2,6349323,6349344,MA1714.1,+,7.8e-08,THE1D-int,ERVL-MaLR,LTR
chr5,34727635,34727656,MA1714.1,+,7.8e-08,THE1B-int,ERVL-MaLR,LTR
chr7,73797614,73797635,MA1714.1,-,7.8e-08,L1MC4a,L1,LINE
chr13,87017790,87017811,MA1714.1,+,7.8e-08,MST-int,ERVL-MaLR,LTR
chr12,89606866,89606887,MA1714.1,-,7.8e-08,MIRc,MIR,SINE
chrX,142207619,142207640,MA1714.1,-,7.8e-08,THE1D-int,ERVL-MaLR,LTR
chr18,23531310,23531331,MA1714.1,+,7.87e-08,LTR78,ERV1,LTR
chr18,70445384,70445405,MA1714.1,-,7.87e-08,MLT1A0-int,ERVL-MaLR,LTR
chr15,85233734,85233755,MA1714.1,+,7.87e-08,AluJo,Alu,SINE
chr20,7003149,7003170,MA1714.1,+,7.94e-08,THE1C-int,ERVL-MaLR,LTR
chr9,85055511,85055532,MA1714.1,+,7.94e-08,MSTB-int,ERVL-MaLR,LTR
chr10,95127206,95127227,MA1714.1,+,7.94e-08,LTR88b,Gypsy,LTR
chr10,96392890,96392911,MA1714.1,+,7.94e-08,MSTA-int,ERVL-MaLR,LTR
chrX,106492403,106492424,MA1714.1,-,7.94e-08,L1MEg,L1,LINE
chr6,113289376,113289397,MA1714.1,-,7.94e-08,THE1D-int,ERVL-MaLR,LTR
chr2,123546265,123546286,MA1714.1,+,7.94e-08,THE1B-int,ERVL-MaLR,LTR
chr3,512465,512486,MA1714.1,+,8.01e-08,MSTA-int,ERVL-MaLR,LTR
chr5,9278717,9278738,MA1714.1,+,8.01e-08,MSTA-int,ERVL-MaLR,LTR
chr5,20545791,20545812,MA1714.1,-,8.01e-08,THE1D-int,ERVL-MaLR,LTR
chr11,24931954,24931975,MA1714.1,+,8.01e-08,THE1D-int,ERVL-MaLR,LTR
chr5,27330953,27330974,MA1714.1,+,8.01e-08,THE1D-int,ERVL-MaLR,LTR
chr21,27792584,27792605,MA1714.1,-,8.01e-08,THE1C-int,ERVL-MaLR,LTR
chr5,30143179,30143200,MA1714.1,-,8.01e-08,THE1C-int,ERVL-MaLR,LTR
chr14,38360890,38360911,MA1714.1,+,8.01e-08,THE1B-int,ERVL-MaLR,LTR
chrX,38822938,38822959,MA1714.1,-,8.01e-08,THE1D-int,ERVL-MaLR,LTR
chr17,42051926,42051947,MA1714.1,+,8.01e-08,MIRb,MIR,SINE
chr5,42149355,42149376,MA1714.1,+,8.01e-08,THE1D-int,ERVL-MaLR,LTR
chr5,42247227,42247248,MA1714.1,-,8.01e-08,MSTA-int,ERVL-MaLR,LTR
chr13,54237465,54237486,MA1714.1,+,8.01e-08,THE1D-int,ERVL-MaLR,LTR
chr5,63532506,63532527,MA1714.1,+,8.01e-08,THE1D-int,ERVL-MaLR,LTR
chr18,68526566,68526587,MA1714.1,+,8.01e-08,THE1C-int,ERVL-MaLR,LTR
chr9,81562882,81562903,MA1714.1,+,8.01e-08,THE1C-int,ERVL-MaLR,LTR
chr14,82302686,82302707,MA1714.1,+,8.01e-08,MSTA-int,ERVL-MaLR,LTR
chr8,100280128,100280149,MA1714.1,+,8.01e-08,THE1C-int,ERVL-MaLR,LTR
chr15,101334381,101334402,MA1714.1,-,8.01e-08,THE1-int,ERVL-MaLR,LTR
chr1,107205053,107205074,MA1714.1,+,8.01e-08,MSTA-int,ERVL-MaLR,LTR
chr13,111517944,111517965,MA1714.1,-,8.01e-08,THE1D-int,ERVL-MaLR,LTR
chr9,114028502,114028523,MA1714.1,-,8.01e-08,THE1B-int,ERVL-MaLR,LTR
chr2,116203450,116203471,MA1714.1,+,8.01e-08,THE1D-int,ERVL-MaLR,LTR
chr5,119027361,119027382,MA1714.1,-,8.01e-08,THE1C-int,ERVL-MaLR,LTR
chr6,122822808,122822829,MA1714.1,-,8.01e-08,MSTA-int,ERVL-MaLR,LTR
chr9,125232462,125232483,MA1714.1,+,8.01e-08,THE1A-int,ERVL-MaLR,LTR
chr4,127677117,127677138,MA1714.1,+,8.01e-08,L4,RTE,LINE
chr4,130173328,130173349,MA1714.1,+,8.01e-08,MSTA-int,ERVL-MaLR,LTR
chr6,130659195,130659216,MA1714.1,+,8.01e-08,THE1D-int,ERVL-MaLR,LTR
chr4,133864507,133864528,MA1714.1,-,8.01e-08,MSTA-int,ERVL-MaLR,LTR
chr6,140755042,140755063,MA1714.1,+,8.01e-08,MSTA-int,ERVL-MaLR,LTR
chr3,144317333,144317354,MA1714.1,-,8.01e-08,THE1C-int,ERVL-MaLR,LTR
chr6,144691367,144691388,MA1714.1,+,8.01e-08,THE1B-int,ERVL-MaLR,LTR
chr3,144959894,144959915,MA1714.1,-,8.01e-08,THE1C-int,ERVL-MaLR,LTR
chr6,146570457,146570478,MA1714.1,+,8.01e-08,THE1D-int,ERVL-MaLR,LTR
chr3,147976079,147976100,MA1714.1,+,8.01e-08,THE1C-int,ERVL-MaLR,LTR
chr3,184778602,184778623,MA1714.1,+,8.01e-08,MSTA-int,ERVL-MaLR,LTR
chr2,188193282,188193303,MA1714.1,+,8.01e-08,MSTA-int,ERVL-MaLR,LTR
chr3,190706054,190706075,MA1714.1,+,8.01e-08,MSTA-int,ERVL-MaLR,LTR
chr1,205124971,205124992,MA1714.1,+,8.01e-08,THE1C-int,ERVL-MaLR,LTR
chr2,241202117,241202138,MA1714.1,+,8.01e-08,MSTA-int,ERVL-MaLR,LTR
chr11,70871813,70871834,MA1714.1,-,8.09e-08,Tigger9a,TcMar-Tigger,DNA
chr12,105953366,105953387,MA1714.1,+,8.09e-08,MIRb,MIR,SINE
chr5,110745163,110745184,MA1714.1,-,8.09e-08,THE1B-int,ERVL-MaLR,LTR
chr1,113634678,113634699,MA1714.1,-,8.09e-08,Tigger15a,TcMar-Tigger,DNA
chrX,124503939,124503960,MA1714.1,-,8.09e-08,THE1C-int,ERVL-MaLR,LTR
chr4,133302699,133302720,MA1714.1,-,8.09e-08,THE1C-int,ERVL-MaLR,LTR
chr5,161796331,161796352,MA1714.1,-,8.09e-08,THE1C-int,ERVL-MaLR,LTR
chr8,13331612,13331633,MA1714.1,+,8.16e-08,THE1B-int,ERVL-MaLR,LTR
chr8,16178160,16178181,MA1714.1,+,8.16e-08,THE1C-int,ERVL-MaLR,LTR
chr21,19013084,19013105,MA1714.1,-,8.16e-08,MSTA-int,ERVL-MaLR,LTR
chr12,22160950,22160971,MA1714.1,+,8.16e-08,THE1B-int,ERVL-MaLR,LTR
chr2,24450797,24450818,MA1714.1,+,8.16e-08,L1MEd,L1,LINE
chr13,38123807,38123828,MA1714.1,+,8.16e-08,THE1B-int,ERVL-MaLR,LTR
chr13,46140562,46140583,MA1714.1,+,8.16e-08,THE1B-int,ERVL-MaLR,LTR
chr13,63674647,63674668,MA1714.1,+,8.16e-08,MSTA-int,ERVL-MaLR,LTR
chr11,71538295,71538316,MA1714.1,+,8.16e-08,THE1-int,ERVL-MaLR,LTR
chr11,81758122,81758143,MA1714.1,+,8.16e-08,THE1C-int,ERVL-MaLR,LTR
chr14,82743562,82743583,MA1714.1,+,8.16e-08,MSTA-int,ERVL-MaLR,LTR
chr5,91520617,91520638,MA1714.1,-,8.16e-08,THE1C-int,ERVL-MaLR,LTR
chr2,102541167,102541188,MA1714.1,+,8.16e-08,MSTA-int,ERVL-MaLR,LTR
chr3,103886858,103886879,MA1714.1,-,8.16e-08,THE1B-int,ERVL-MaLR,LTR
chr13,105922364,105922385,MA1714.1,+,8.16e-08,THE1B-int,ERVL-MaLR,LTR
chr5,113041587,113041608,MA1714.1,-,8.16e-08,MSTA-int,ERVL-MaLR,LTR
chr3,119874172,119874193,MA1714.1,-,8.16e-08,THE1D-int,ERVL-MaLR,LTR
chr3,120377832,120377853,MA1714.1,-,8.16e-08,MSTA-int,ERVL-MaLR,LTR
chr9,121005494,121005515,MA1714.1,-,8.16e-08,THE1C-int,ERVL-MaLR,LTR
chr4,132245022,132245043,MA1714.1,+,8.16e-08,THE1B-int,ERVL-MaLR,LTR
chr2,158836699,158836720,MA1714.1,+,8.16e-08,THE1B-int,ERVL-MaLR,LTR
chr6,170351396,170351417,MA1714.1,-,8.16e-08,MSTA-int,ERVL-MaLR,LTR
chr3,191368915,191368936,MA1714.1,-,8.16e-08,THE1B-int,ERVL-MaLR,LTR
chr2,892556,892577,MA1714.1,+,8.24e-08,MSTA-int,ERVL-MaLR,LTR
chr17,3074731,3074752,MA1714.1,+,8.24e-08,MSTA-int,ERVL-MaLR,LTR
chrY,4602970,4602991,MA1714.1,-,8.24e-08,MSTA-int,ERVL-MaLR,LTR
chr4,4823900,4823921,MA1714.1,+,8.24e-08,MSTA-int,ERVL-MaLR,LTR
chr4,5583503,5583524,MA1714.1,+,8.24e-08,MSTA-int,ERVL-MaLR,LTR
chrY,6070519,6070540,MA1714.1,+,8.24e-08,MSTA-int,ERVL-MaLR,LTR
chr5,6330220,6330241,MA1714.1,+,8.24e-08,MSTA-int,ERVL-MaLR,LTR
chr12,8319436,8319457,MA1714.1,-,8.24e-08,THE1-int,ERVL-MaLR,LTR
chr4,9396460,9396481,MA1714.1,+,8.24e-08,THE1-int,ERVL-MaLR,LTR
chr6,16789729,16789750,MA1714.1,-,8.24e-08,MSTA-int,ERVL-MaLR,LTR
chr3,17244079,17244100,MA1714.1,+,8.24e-08,MSTA-int,ERVL-MaLR,LTR
chr8,18462198,18462219,MA1714.1,+,8.24e-08,MSTA-int,ERVL-MaLR,LTR
chr9,18695142,18695163,MA1714.1,-,8.24e-08,MSTA-int,ERVL-MaLR,LTR
chr20,20810504,20810525,MA1714.1,+,8.24e-08,THE1D-int,ERVL-MaLR,LTR
chr7,21566244,21566265,MA1714.1,+,8.24e-08,MSTA-int,ERVL-MaLR,LTR
chr3,22860911,22860932,MA1714.1,-,8.24e-08,MSTA-int,ERVL-MaLR,LTR
chr5,23614176,23614197,MA1714.1,+,8.24e-08,MSTB-int,ERVL-MaLR,LTR
chr21,25272077,25272098,MA1714.1,-,8.24e-08,MSTA-int,ERVL-MaLR,LTR
chr5,28823242,28823263,MA1714.1,+,8.24e-08,MSTA-int,ERVL-MaLR,LTR
chr22,33399833,33399854,MA1714.1,+,8.24e-08,THE1C-int,ERVL-MaLR,LTR
chr1,34781752,34781773,MA1714.1,+,8.24e-08,MSTA-int,ERVL-MaLR,LTR
chr20,35618422,35618443,MA1714.1,+,8.24e-08,MSTA-int,ERVL-MaLR,LTR
chr18,40028123,40028144,MA1714.1,-,8.24e-08,MSTA-int,ERVL-MaLR,LTR
chr18,41532994,41533015,MA1714.1,+,8.24e-08,MSTB-int,ERVL-MaLR,LTR
chr4,42804966,42804987,MA1714.1,-,8.24e-08,MSTA-int,ERVL-MaLR,LTR
chr17,49676425,49676446,MA1714.1,+,8.24e-08,MSTA-int,ERVL-MaLR,LTR
chr13,52671025,52671046,MA1714.1,+,8.24e-08,MSTA-int,ERVL-MaLR,LTR
chr4,55149686,55149707,MA1714.1,-,8.24e-08,MSTA-int,ERVL-MaLR,LTR
chr13,57409786,57409807,MA1714.1,-,8.24e-08,MSTA-int,ERVL-MaLR,LTR
chrX,65032726,65032747,MA1714.1,+,8.24e-08,MSTA-int,ERVL-MaLR,LTR
chr17,68915526,68915547,MA1714.1,+,8.24e-08,MST-int,ERVL-MaLR,LTR
chr12,69692093,69692114,MA1714.1,+,8.24e-08,MSTB-int,ERVL-MaLR,LTR
chr17,70821268,70821289,MA1714.1,+,8.24e-08,MSTA-int,ERVL-MaLR,LTR
chr10,74966331,74966352,MA1714.1,+,8.24e-08,MSTA-int,ERVL-MaLR,LTR
chr5,75175934,75175955,MA1714.1,-,8.24e-08,MSTB-int,ERVL-MaLR,LTR
chr11,76046003,76046024,MA1714.1,+,8.24e-08,MSTA-int,ERVL-MaLR,LTR
chr5,76150672,76150693,MA1714.1,+,8.24e-08,MSTA-int,ERVL-MaLR,LTR
chr6,76972120,76972141,MA1714.1,+,8.24e-08,THE1D-int,ERVL-MaLR,LTR
chr3,78355553,78355574,MA1714.1,+,8.24e-08,MSTA-int,ERVL-MaLR,LTR
chrX,82678018,82678039,MA1714.1,+,8.24e-08,MSTA-int,ERVL-MaLR,LTR
chrX,87622564,87622585,MA1714.1,-,8.24e-08,MSTA-int,ERVL-MaLR,LTR
chr10,87998012,87998033,MA1714.1,+,8.24e-08,MSTA-int,ERVL-MaLR,LTR
chr4,89957848,89957869,MA1714.1,+,8.24e-08,MSTA-int,ERVL-MaLR,LTR
chr14,90222392,90222413,MA1714.1,-,8.24e-08,THE1C-int,ERVL-MaLR,LTR
chrX,90748631,90748652,MA1714.1,-,8.24e-08,MSTA-int,ERVL-MaLR,LTR
chr14,91905366,91905387,MA1714.1,+,8.24e-08,MSTA-int,ERVL-MaLR,LTR
chrX,92343433,92343454,MA1714.1,+,8.24e-08,MSTA-int,ERVL-MaLR,LTR
chr14,93976551,93976572,MA1714.1,-,8.24e-08,MSTA-int,ERVL-MaLR,LTR
chr3,97105916,97105937,MA1714.1,-,8.24e-08,MSTA-int,ERVL-MaLR,LTR
chr10,101008497,101008518,MA1714.1,+,8.24e-08,MSTA-int,ERVL-MaLR,LTR
chr2,101784483,101784504,MA1714.1,+,8.24e-08,MSTA-int,ERVL-MaLR,LTR
chr8,103186089,103186110,MA1714.1,-,8.24e-08,MSTA-int,ERVL-MaLR,LTR
chr14,104868393,104868414,MA1714.1,+,8.24e-08,MSTA-int,ERVL-MaLR,LTR
chr5,107983180,107983201,MA1714.1,+,8.24e-08,MSTA-int,ERVL-MaLR,LTR
chr5,109693460,109693481,MA1714.1,+,8.24e-08,THE1C-int,ERVL-MaLR,LTR
chr5,111899044,111899065,MA1714.1,+,8.24e-08,MSTA-int,ERVL-MaLR,LTR
chr7,123545967,123545988,MA1714.1,-,8.24e-08,MSTA-int,ERVL-MaLR,LTR
chr7,125957336,125957357,MA1714.1,-,8.24e-08,THE1D-int,ERVL-MaLR,LTR
chr5,130402161,130402182,MA1714.1,+,8.24e-08,MSTA-int,ERVL-MaLR,LTR
chr3,131062686,131062707,MA1714.1,-,8.24e-08,MSTA-int,ERVL-MaLR,LTR
chr4,133997741,133997762,MA1714.1,-,8.24e-08,MSTA-int,ERVL-MaLR,LTR
chrX,142639304,142639325,MA1714.1,+,8.24e-08,MSTA-int,ERVL-MaLR,LTR
chr5,144032571,144032592,MA1714.1,-,8.24e-08,THE1B-int,ERVL-MaLR,LTR
chr7,144414814,144414835,MA1714.1,+,8.24e-08,MSTA-int,ERVL-MaLR,LTR
chr5,152305122,152305143,MA1714.1,+,8.24e-08,MSTA-int,ERVL-MaLR,LTR
chr4,156220007,156220028,MA1714.1,-,8.24e-08,MSTA-int,ERVL-MaLR,LTR
chr6,161404324,161404345,MA1714.1,+,8.24e-08,MSTA-int,ERVL-MaLR,LTR
chr2,164163286,164163307,MA1714.1,+,8.24e-08,MSTA-int,ERVL-MaLR,LTR
chr6,165672461,165672482,MA1714.1,-,8.24e-08,MSTA-int,ERVL-MaLR,LTR
chr3,174107626,174107647,MA1714.1,-,8.24e-08,MSTA-int,ERVL-MaLR,LTR
chr1,195074655,195074676,MA1714.1,-,8.24e-08,MSTA-int,ERVL-MaLR,LTR
chr1,209132349,209132370,MA1714.1,+,8.24e-08,MSTA-int,ERVL-MaLR,LTR
chr2,209380030,209380051,MA1714.1,-,8.24e-08,MSTA-int,ERVL-MaLR,LTR
chr1,217503710,217503731,MA1714.1,-,8.24e-08,MSTA-int,ERVL-MaLR,LTR
chr1,4962212,4962233,MA1714.1,-,8.31e-08,THE1B-int,ERVL-MaLR,LTR
chr4,23593244,23593265,MA1714.1,+,8.31e-08,THE1C-int,ERVL-MaLR,LTR
chr12,60006214,60006235,MA1714.1,-,8.31e-08,THE1C-int,ERVL-MaLR,LTR
chr5,66964885,66964906,MA1714.1,+,8.31e-08,THE1D-int,ERVL-MaLR,LTR
chr6,78663423,78663444,MA1714.1,+,8.31e-08,MSTA-int,ERVL-MaLR,LTR
chr2,120868700,120868721,MA1714.1,-,8.31e-08,L1MC4a,L1,LINE
chr6,137153506,137153527,MA1714.1,-,8.31e-08,THE1D-int,ERVL-MaLR,LTR
chr3,190934076,190934097,MA1714.1,-,8.31e-08,THE1D-int,ERVL-MaLR,LTR
chr4,7919027,7919048,MA1714.1,+,8.39e-08,L1ME4a,L1,LINE
chr18,14985757,14985778,MA1714.1,-,8.39e-08,MSTA-int,ERVL-MaLR,LTR
chr22,16058754,16058775,MA1714.1,+,8.39e-08,MSTA-int,ERVL-MaLR,LTR
chr14,19784230,19784251,MA1714.1,-,8.39e-08,MSTA-int,ERVL-MaLR,LTR
chr7,72257854,72257875,MA1714.1,+,8.39e-08,L1ME4a,L1,LINE
chr10,117376089,117376110,MA1714.1,+,8.39e-08,MSTA-int,ERVL-MaLR,LTR
chr2,132571440,132571461,MA1714.1,-,8.39e-08,MSTA-int,ERVL-MaLR,LTR
chr2,48853275,48853296,MA1714.1,-,8.47e-08,L1MA9,L1,LINE
chr18,52836376,52836397,MA1714.1,+,8.47e-08,THE1C-int,ERVL-MaLR,LTR
chr14,87697276,87697297,MA1714.1,-,8.47e-08,THE1C-int,ERVL-MaLR,LTR
chrX,93871268,93871289,MA1714.1,-,8.47e-08,THE1D-int,ERVL-MaLR,LTR
chr6,107725022,107725043,MA1714.1,-,8.47e-08,THE1B-int,ERVL-MaLR,LTR
chr4,117890156,117890177,MA1714.1,-,8.47e-08,THE1C-int,ERVL-MaLR,LTR
chrX,127583319,127583340,MA1714.1,-,8.47e-08,THE1C-int,ERVL-MaLR,LTR
chr6_qbl_hap6,4087710,4087731,MA1714.1,-,8.54e-08,L1M7,L1,LINE
chr6_dbb_hap3,4136934,4136955,MA1714.1,-,8.54e-08,L1M7,L1,LINE
chr6_apd_hap1,4142566,4142587,MA1714.1,-,8.54e-08,L1M7,L1,LINE
chr6_mcf_hap5,4192439,4192460,MA1714.1,-,8.54e-08,L1M7,L1,LINE
chr6_ssto_hap7,4286333,4286354,MA1714.1,-,8.54e-08,L1M7,L1,LINE
chr6_cox_hap2,4300132,4300153,MA1714.1,-,8.54e-08,L1M7,L1,LINE
chr6_mann_hap4,4312800,4312821,MA1714.1,-,8.54e-08,L1M7,L1,LINE
chr2,24772219,24772240,MA1714.1,-,8.54e-08,THE1B-int,ERVL-MaLR,LTR
chr6,32855608,32855629,MA1714.1,-,8.54e-08,L1M7,L1,LINE
chr4,10941646,10941667,MA1714.1,+,8.62e-08,THE1C-int,ERVL-MaLR,LTR
chr18,13775277,13775298,MA1714.1,-,8.62e-08,MSTB-int,ERVL-MaLR,LTR
chr19,44880893,44880914,MA1714.1,+,8.62e-08,AluJb,Alu,SINE
chr3,79402955,79402976,MA1714.1,+,8.62e-08,AluSz6,Alu,SINE
chr11,110656290,110656311,MA1714.1,+,8.62e-08,MSTB-int,ERVL-MaLR,LTR
chr7,125467595,125467616,MA1714.1,-,8.62e-08,L1MB3,L1,LINE
chrX,126967226,126967247,MA1714.1,-,8.62e-08,L1MA7,L1,LINE
chr2,133085406,133085427,MA1714.1,-,8.62e-08,AluJb,Alu,SINE
chr6,140169472,140169493,MA1714.1,-,8.62e-08,MIR,MIR,SINE
chr9,31496951,31496972,MA1714.1,-,8.7e-08,THE1D-int,ERVL-MaLR,LTR
chr13,63844488,63844509,MA1714.1,-,8.7e-08,MSTA-int,ERVL-MaLR,LTR
chrX,83796273,83796294,MA1714.1,+,8.7e-08,THE1D-int,ERVL-MaLR,LTR
chr13,93855394,93855415,MA1714.1,-,8.7e-08,L1PB1,L1,LINE
chr13,98858078,98858099,MA1714.1,-,8.7e-08,L1M7,L1,LINE
chr1,115938331,115938352,MA1714.1,-,8.7e-08,THE1A-int,ERVL-MaLR,LTR
chr4,122124611,122124632,MA1714.1,+,8.7e-08,L1PB1,L1,LINE
chr2,180768388,180768409,MA1714.1,-,8.7e-08,MSTA-int,ERVL-MaLR,LTR
chr20,15878196,15878217,MA1714.1,-,8.78e-08,L1MEg,L1,LINE
chr5,27157966,27157987,MA1714.1,+,8.78e-08,THE1D-int,ERVL-MaLR,LTR
chrX,32769859,32769880,MA1714.1,+,8.78e-08,THE1B-int,ERVL-MaLR,LTR
chr13,65776804,65776825,MA1714.1,+,8.78e-08,THE1B-int,ERVL-MaLR,LTR
chr6,79916029,79916050,MA1714.1,+,8.78e-08,THE1B-int,ERVL-MaLR,LTR
chr13,83456453,83456474,MA1714.1,+,8.78e-08,THE1D-int,ERVL-MaLR,LTR
chr5,84108487,84108508,MA1714.1,+,8.78e-08,THE1B-int,ERVL-MaLR,LTR
chr14,87723965,87723986,MA1714.1,+,8.78e-08,THE1D-int,ERVL-MaLR,LTR
chr13,91134301,91134322,MA1714.1,-,8.78e-08,THE1C-int,ERVL-MaLR,LTR
chr1,106381854,106381875,MA1714.1,+,8.78e-08,THE1D-int,ERVL-MaLR,LTR
chr13,111434733,111434754,MA1714.1,-,8.78e-08,THE1D-int,ERVL-MaLR,LTR
chr2,122745637,122745658,MA1714.1,+,8.78e-08,L1MB1,L1,LINE
chr7,125698691,125698712,MA1714.1,+,8.78e-08,THE1C-int,ERVL-MaLR,LTR
chr1,168900597,168900618,MA1714.1,+,8.78e-08,L1MEe,L1,LINE
chr1,179422014,179422035,MA1714.1,+,8.78e-08,THE1B-int,ERVL-MaLR,LTR
chr1,179444019,179444040,MA1714.1,+,8.78e-08,THE1D-int,ERVL-MaLR,LTR
chr10,24178917,24178938,MA1714.1,-,8.86e-08,L1ME2,L1,LINE
chr3,68520094,68520115,MA1714.1,+,8.86e-08,THE1B-int,ERVL-MaLR,LTR
chr15,84426267,84426288,MA1714.1,-,8.86e-08,THE1B-int,ERVL-MaLR,LTR
chr2,134442070,134442091,MA1714.1,+,8.86e-08,MIRb,MIR,SINE
chr6,147625311,147625332,MA1714.1,+,8.86e-08,THE1C-int,ERVL-MaLR,LTR
chr3,151798014,151798035,MA1714.1,-,8.86e-08,THE1D-int,ERVL-MaLR,LTR
chr12,47911100,47911121,MA1714.1,-,8.94e-08,THE1C-int,ERVL-MaLR,LTR
chr2,54552464,54552485,MA1714.1,+,8.94e-08,THE1D-int,ERVL-MaLR,LTR
chr10,54628259,54628280,MA1714.1,+,8.94e-08,THE1D-int,ERVL-MaLR,LTR
chr12,55941028,55941049,MA1714.1,-,8.94e-08,MSTC-int,ERVL-MaLR,LTR
chr17,26318184,26318205,MA1714.1,-,9.02e-08,LTR88a,Gypsy,LTR
chr8,113104546,113104567,MA1714.1,-,9.02e-08,L1P4b,L1,LINE
chr1,212923844,212923865,MA1714.1,+,9.02e-08,HAL1,L1,LINE
chr10,2069244,2069265,MA1714.1,-,9.1e-08,MLT1H-int,ERVL-MaLR,LTR
chr2,18407921,18407942,MA1714.1,+,9.1e-08,THE1C-int,ERVL-MaLR,LTR
chr13,59681585,59681606,MA1714.1,+,9.1e-08,THE1D-int,ERVL-MaLR,LTR
chr3,166930973,166930994,MA1714.1,+,9.1e-08,L1PA14,L1,LINE
chr18,37328871,37328892,MA1714.1,+,9.19e-08,MSTB1-int,ERVL-MaLR,LTR
chr18,49861281,49861302,MA1714.1,-,9.19e-08,MLT1D-int,ERVL-MaLR,LTR
chr6,78899639,78899660,MA1714.1,-,9.19e-08,THE1B-int,ERVL-MaLR,LTR
chr2,81236926,81236947,MA1714.1,+,9.19e-08,AluJb,Alu,SINE
chr9,100732602,100732623,MA1714.1,-,9.19e-08,HAL1,L1,LINE
chr3,26029462,26029483,MA1714.1,-,9.27e-08,ERVL-E-int,ERVL,LTR
chr11,117807400,117807421,MA1714.1,-,9.27e-08,MIRb,MIR,SINE
chr14,41186458,41186479,MA1714.1,+,9.36e-08,THE1B-int,ERVL-MaLR,LTR
chr4,59571222,59571243,MA1714.1,+,9.44e-08,THE1B-int,ERVL-MaLR,LTR
chrX,123765288,123765309,MA1714.1,+,9.44e-08,L1MEd,L1,LINE
chr1,203367991,203368012,MA1714.1,-,9.44e-08,L1MA9,L1,LINE
chr8,71629865,71629886,MA1714.1,-,9.52e-08,THE1C-int,ERVL-MaLR,LTR
chr14,93348327,93348348,MA1714.1,+,9.52e-08,L1MEe,L1,LINE
chr3,103437712,103437733,MA1714.1,-,9.52e-08,THE1A-int,ERVL-MaLR,LTR
chrX,125438904,125438925,MA1714.1,+,9.52e-08,THE1B-int,ERVL-MaLR,LTR
chr10,132470364,132470385,MA1714.1,-,9.52e-08,THE1A-int,ERVL-MaLR,LTR
chr18,40415200,40415221,MA1714.1,+,9.61e-08,L1MA9,L1,LINE
chr12,49824555,49824576,MA1714.1,-,9.61e-08,AluSz,Alu,SINE
chr10,113381161,113381182,MA1714.1,+,9.61e-08,THE1D-int,ERVL-MaLR,LTR
chr13,22877623,22877644,MA1714.1,-,9.7e-08,THE1C-int,ERVL-MaLR,LTR
chr3,26559174,26559195,MA1714.1,+,9.7e-08,THE1B-int,ERVL-MaLR,LTR
chr15,35779817,35779838,MA1714.1,-,9.7e-08,THE1D-int,ERVL-MaLR,LTR
chr13,66808334,66808355,MA1714.1,+,9.7e-08,THE1D-int,ERVL-MaLR,LTR
chr6,81105486,81105507,MA1714.1,+,9.7e-08,THE1C-int,ERVL-MaLR,LTR
chrX,125628156,125628177,MA1714.1,+,9.7e-08,THE1B-int,ERVL-MaLR,LTR
chr4,171058065,171058086,MA1714.1,-,9.7e-08,HERVL32-int,ERVL,LTR
chr14,27766269,27766290,MA1714.1,-,9.79e-08,MSTA-int,ERVL-MaLR,LTR
chr6,55998453,55998474,MA1714.1,+,9.79e-08,THE1B-int,ERVL-MaLR,LTR
chr15,69648978,69648999,MA1714.1,-,9.79e-08,L1MB3,L1,LINE
chr4,75210211,75210232,MA1714.1,-,9.79e-08,MSTA-int,ERVL-MaLR,LTR
chr5,88152372,88152393,MA1714.1,+,9.79e-08,THE1C-int,ERVL-MaLR,LTR
chr11,99799409,99799430,MA1714.1,-,9.79e-08,THE1C-int,ERVL-MaLR,LTR
chr4,107694649,107694670,MA1714.1,+,9.79e-08,THE1C-int,ERVL-MaLR,LTR
chr7,120097215,120097236,MA1714.1,-,9.79e-08,THE1C-int,ERVL-MaLR,LTR
chr6,146698893,146698914,MA1714.1,+,9.79e-08,THE1B-int,ERVL-MaLR,LTR
chr6,115585286,115585307,MA1714.1,-,9.88e-08,L1MC3,L1,LINE
chr7,8046284,8046305,MA1714.1,-,9.96e-08,MER115,hAT-Tip100,DNA
chr9,10244017,10244038,MA1714.1,+,9.96e-08,MIR,MIR,SINE
chr8,18501554,18501575,MA1714.1,-,9.96e-08,MSTD-int,ERVL-MaLR,LTR
chr7,29617040,29617061,MA1714.1,+,9.96e-08,THE1D-int,ERVL-MaLR,LTR
chr3,187798980,187799001,MA1714.1,+,1.01e-07,MIRb,MIR,SINE
chr6,68104332,68104353,MA1714.1,+,1.01e-07,THE1B-int,ERVL-MaLR,LTR
chr12,124437570,124437591,MA1714.1,+,1.01e-07,MIRb,MIR,SINE
chr5,179915846,179915867,MA1714.1,-,1.01e-07,MLT-int,ERVL-MaLR,LTR
chr1,231822320,231822341,MA1714.1,-,1.01e-07,THE1A-int,ERVL-MaLR,LTR
chr2,4433207,4433228,MA1714.1,-,1.02e-07,L1MA4,L1,LINE
chr11,77691535,77691556,MA1714.1,-,1.02e-07,AluJo,Alu,SINE
chrX,79949531,79949552,MA1714.1,+,1.02e-07,THE1D-int,ERVL-MaLR,LTR
chr5,81828101,81828122,MA1714.1,-,1.02e-07,THE1B-int,ERVL-MaLR,LTR
chr5,102451218,102451239,MA1714.1,+,1.02e-07,L1MB3,L1,LINE
chr9,135383990,135384011,MA1714.1,+,1.02e-07,L3,CR1,LINE
chr2,215705884,215705905,MA1714.1,-,1.02e-07,MSTB1-int,ERVL-MaLR,LTR
chr9,1904126,1904147,MA1714.1,+,1.03e-07,THE1A-int,ERVL-MaLR,LTR
chr11,7084581,7084602,MA1714.1,-,1.03e-07,LTR40c,ERVL,LTR
chr16,14668720,14668741,MA1714.1,+,1.03e-07,THE1B-int,ERVL-MaLR,LTR
chr13,42609946,42609967,MA1714.1,+,1.03e-07,L1MEe,L1,LINE
chr5,43697008,43697029,MA1714.1,-,1.03e-07,THE1B-int,ERVL-MaLR,LTR
chr2,117190944,117190965,MA1714.1,-,1.03e-07,THE1B-int,ERVL-MaLR,LTR
chr17,32086630,32086651,MA1714.1,+,1.04e-07,MSTC-int,ERVL-MaLR,LTR
chr18,31444089,31444110,MA1714.1,-,1.05e-07,THE1D-int,ERVL-MaLR,LTR
chr19,33944648,33944669,MA1714.1,-,1.05e-07,MIR,MIR,SINE
chr9,119290963,119290984,MA1714.1,+,1.05e-07,THE1D-int,ERVL-MaLR,LTR
chr2,119502558,119502579,MA1714.1,-,1.05e-07,THE1B-int,ERVL-MaLR,LTR
chr2,15860041,15860062,MA1714.1,-,1.06e-07,L3,CR1,LINE
chr3,46380795,46380816,MA1714.1,-,1.06e-07,MSTA-int,ERVL-MaLR,LTR
chr16,82408356,82408377,MA1714.1,+,1.06e-07,Charlie1b,hAT-Charlie,DNA
chr3,103474948,103474969,MA1714.1,-,1.06e-07,Tigger1,TcMar-Tigger,DNA
chr6,146029515,146029536,MA1714.1,+,1.06e-07,THE1B-int,ERVL-MaLR,LTR
chrX,32283249,32283270,MA1714.1,+,1.07e-07,THE1C-int,ERVL-MaLR,LTR
chr14,82775730,82775751,MA1714.1,+,1.07e-07,THE1D-int,ERVL-MaLR,LTR
chr9,85015088,85015109,MA1714.1,+,1.07e-07,HAL1,L1,LINE
chr6,107268335,107268356,MA1714.1,+,1.07e-07,HERV35I-int,ERV1,LTR
chr11,109669569,109669590,MA1714.1,+,1.07e-07,MIR,MIR,SINE
chr2,19350704,19350725,MA1714.1,-,1.08e-07,MSTA-int,ERVL-MaLR,LTR
chr4,22578470,22578491,MA1714.1,+,1.08e-07,L1MB3,L1,LINE
chr13,23031110,23031131,MA1714.1,-,1.08e-07,THE1D-int,ERVL-MaLR,LTR
chr16,71830833,71830854,MA1714.1,+,1.08e-07,FLAM_C,Alu,SINE
chr8,80854112,80854133,MA1714.1,+,1.08e-07,Charlie13a,hAT-Charlie,DNA
chrX,88360417,88360438,MA1714.1,-,1.08e-07,MSTA-int,ERVL-MaLR,LTR
chr19,31974568,31974589,MA1714.1,-,1.09e-07,MSTB-int,ERVL-MaLR,LTR
chr6,42276193,42276214,MA1714.1,+,1.09e-07,L1MB5,L1,LINE
chrX,45495654,45495675,MA1714.1,-,1.1e-07,L1MD3,L1,LINE
chr12,54599013,54599034,MA1714.1,+,1.1e-07,MER5B,hAT-Charlie,DNA
chr3,121443639,121443660,MA1714.1,+,1.1e-07,MSTC-int,ERVL-MaLR,LTR
chr3,122891872,122891893,MA1714.1,+,1.1e-07,AluJb,Alu,SINE
chrX,143970584,143970605,MA1714.1,-,1.1e-07,MLT1A0-int,ERVL-MaLR,LTR
chr6,24868811,24868832,MA1714.1,+,1.11e-07,L3,CR1,LINE
chr9,29510479,29510500,MA1714.1,-,1.11e-07,THE1B-int,ERVL-MaLR,LTR
chr4,31917790,31917811,MA1714.1,+,1.11e-07,THE1C-int,ERVL-MaLR,LTR
chr20,47255294,47255315,MA1714.1,-,1.11e-07,MIR,MIR,SINE
chr14,48774230,48774251,MA1714.1,-,1.11e-07,LTR51,ERV1,LTR
chr10,130607913,130607934,MA1714.1,+,1.11e-07,MSTC,ERVL-MaLR,LTR
chr3,137596907,137596928,MA1714.1,+,1.11e-07,THE1B-int,ERVL-MaLR,LTR
chr12,21058166,21058187,MA1714.1,-,1.12e-07,MSTA-int,ERVL-MaLR,LTR
chr5,68605123,68605144,MA1714.1,+,1.13e-07,THE1A-int,ERVL-MaLR,LTR
chr8,81709915,81709936,MA1714.1,-,1.13e-07,MSTC-int,ERVL-MaLR,LTR
chr7,101123450,101123471,MA1714.1,-,1.13e-07,L1MEg,L1,LINE
chr10,121214079,121214100,MA1714.1,-,1.13e-07,MIR,MIR,SINE
chr1,193576000,193576021,MA1714.1,+,1.13e-07,L1MC3,L1,LINE
chr10,31282206,31282227,MA1714.1,+,1.14e-07,MSTC-int,ERVL-MaLR,LTR
chr3,31357147,31357168,MA1714.1,+,1.14e-07,MSTA-int,ERVL-MaLR,LTR
chr12,43409351,43409372,MA1714.1,+,1.14e-07,MSTA-int,ERVL-MaLR,LTR
chr16,66114028,66114049,MA1714.1,+,1.14e-07,L1ME2,L1,LINE
chr3,82501890,82501911,MA1714.1,+,1.14e-07,MSTA-int,ERVL-MaLR,LTR
chr6,82671537,82671558,MA1714.1,+,1.14e-07,L1MB3,L1,LINE
chr4,123875764,123875785,MA1714.1,-,1.14e-07,HERVL32-int,ERVL,LTR
chr2,238159167,238159188,MA1714.1,+,1.14e-07,L1MC3,L1,LINE
chr20,18767888,18767909,MA1714.1,-,1.15e-07,THE1B-int,ERVL-MaLR,LTR
chr5,58703972,58703993,MA1714.1,+,1.15e-07,MSTB-int,ERVL-MaLR,LTR
chr4,64580557,64580578,MA1714.1,-,1.15e-07,MSTA-int,ERVL-MaLR,LTR
chr7,80810102,80810123,MA1714.1,+,1.15e-07,MSTA-int,ERVL-MaLR,LTR
chr12,19185952,19185973,MA1714.1,-,1.16e-07,THE1D-int,ERVL-MaLR,LTR
chr12,29051204,29051225,MA1714.1,+,1.16e-07,THE1B-int,ERVL-MaLR,LTR
chr19,31976470,31976491,MA1714.1,-,1.16e-07,THE1B-int,ERVL-MaLR,LTR
chr22,33551797,33551818,MA1714.1,+,1.16e-07,THE1B-int,ERVL-MaLR,LTR
chr4,43037349,43037370,MA1714.1,+,1.16e-07,THE1B-int,ERVL-MaLR,LTR
chr9,80477515,80477536,MA1714.1,-,1.16e-07,THE1B-int,ERVL-MaLR,LTR
chr9,81531981,81532002,MA1714.1,+,1.16e-07,THE1D-int,ERVL-MaLR,LTR
chrX,127508475,127508496,MA1714.1,+,1.16e-07,L1MA7,L1,LINE
chr6,144237201,144237222,MA1714.1,+,1.16e-07,THE1B-int,ERVL-MaLR,LTR
chr2,169271860,169271881,MA1714.1,-,1.16e-07,THE1B-int,ERVL-MaLR,LTR
chr1,180029406,180029427,MA1714.1,+,1.16e-07,L1ME3C,L1,LINE
chr3,44080165,44080186,MA1714.1,-,1.17e-07,AluJb,Alu,SINE
chr18,53700799,53700820,MA1714.1,-,1.17e-07,THE1C-int,ERVL-MaLR,LTR
chr20,59877941,59877962,MA1714.1,+,1.17e-07,MLT1D,ERVL-MaLR,LTR
chr7,69694738,69694759,MA1714.1,-,1.17e-07,L1M4b,L1,LINE
chr1,86025570,86025591,MA1714.1,+,1.17e-07,L1MEf,L1,LINE
chr2,102523719,102523740,MA1714.1,-,1.17e-07,THE1C-int,ERVL-MaLR,LTR
chr3,154639299,154639320,MA1714.1,-,1.17e-07,MSTA-int,ERVL-MaLR,LTR
chr2,199701530,199701551,MA1714.1,+,1.17e-07,L1MB3,L1,LINE
chr3,7953060,7953081,MA1714.1,-,1.18e-07,MIRb,MIR,SINE
chr11,15538897,15538918,MA1714.1,-,1.18e-07,L1ME2,L1,LINE
chr3,47272595,47272616,MA1714.1,+,1.18e-07,L1MEd,L1,LINE
chr18,62789471,62789492,MA1714.1,+,1.18e-07,THE1D-int,ERVL-MaLR,LTR
chr10,66802204,66802225,MA1714.1,-,1.18e-07,L1MA3,L1,LINE
chrX,81757587,81757608,MA1714.1,-,1.18e-07,L1PREC2,L1,LINE
chr5,97390949,97390970,MA1714.1,+,1.18e-07,L1MA3,L1,LINE
chr10,134135386,134135407,MA1714.1,-,1.18e-07,L1ME3F,L1,LINE
chr1,233914210,233914231,MA1714.1,-,1.18e-07,L1PB4,L1,LINE
chrY,4308140,4308161,MA1714.1,+,1.19e-07,MSTA-int,ERVL-MaLR,LTR
chr20,23889291,23889312,MA1714.1,-,1.19e-07,L1PA12,L1,LINE
chr15,33918819,33918840,MA1714.1,+,1.19e-07,THE1-int,ERVL-MaLR,LTR
chr5,36013479,36013500,MA1714.1,+,1.19e-07,THE1D-int,ERVL-MaLR,LTR
chr18,51254053,51254074,MA1714.1,-,1.19e-07,MSTA-int,ERVL-MaLR,LTR
chrX,64117892,64117913,MA1714.1,-,1.19e-07,THE1B-int,ERVL-MaLR,LTR
chrX,90112649,90112670,MA1714.1,+,1.19e-07,MSTA-int,ERVL-MaLR,LTR
chr13,93011082,93011103,MA1714.1,-,1.19e-07,MSTA-int,ERVL-MaLR,LTR
chr11,126573350,126573371,MA1714.1,-,1.19e-07,MIRb,MIR,SINE
chr2,139952941,139952962,MA1714.1,-,1.19e-07,MIRb,MIR,SINE
chrX,152173513,152173534,MA1714.1,-,1.19e-07,MSTA-int,ERVL-MaLR,LTR
chr5,155570045,155570066,MA1714.1,+,1.19e-07,MSTA-int,ERVL-MaLR,LTR
chr4_ctg9_hap1,385379,385400,MA1714.1,+,1.2e-07,THE1B-int,ERVL-MaLR,LTR
chr1,4918515,4918536,MA1714.1,+,1.2e-07,THE1B-int,ERVL-MaLR,LTR
chr20,7157654,7157675,MA1714.1,-,1.2e-07,THE1B-int,ERVL-MaLR,LTR
chr16,9874379,9874400,MA1714.1,+,1.2e-07,L1ME2z,L1,LINE
chr11,42501583,42501604,MA1714.1,+,1.2e-07,THE1B-int,ERVL-MaLR,LTR
chr14,44701921,44701942,MA1714.1,-,1.2e-07,THE1D-int,ERVL-MaLR,LTR
chr2,45119424,45119445,MA1714.1,-,1.2e-07,THE1C-int,ERVL-MaLR,LTR
chr5,53649914,53649935,MA1714.1,+,1.2e-07,THE1B-int,ERVL-MaLR,LTR
chr3,58880787,58880808,MA1714.1,-,1.2e-07,THE1B-int,ERVL-MaLR,LTR
chr4,63909135,63909156,MA1714.1,-,1.2e-07,THE1D-int,ERVL-MaLR,LTR
chr13,66330382,66330403,MA1714.1,+,1.2e-07,THE1B-int,ERVL-MaLR,LTR
chr4,69673128,69673149,MA1714.1,+,1.2e-07,THE1B-int,ERVL-MaLR,LTR
chr13,73951656,73951677,MA1714.1,-,1.2e-07,THE1B-int,ERVL-MaLR,LTR
chr1,74024085,74024106,MA1714.1,+,1.2e-07,THE1C-int,ERVL-MaLR,LTR
chr13,76929786,76929807,MA1714.1,+,1.2e-07,THE1B-int,ERVL-MaLR,LTR
chrX,78245024,78245045,MA1714.1,+,1.2e-07,THE1B-int,ERVL-MaLR,LTR
chr8,85583991,85584012,MA1714.1,-,1.2e-07,THE1B-int,ERVL-MaLR,LTR
chr6,86518165,86518186,MA1714.1,-,1.2e-07,THE1C-int,ERVL-MaLR,LTR
chr4,90497111,90497132,MA1714.1,+,1.2e-07,MSTA-int,ERVL-MaLR,LTR
chr8,91287334,91287355,MA1714.1,+,1.2e-07,THE1B-int,ERVL-MaLR,LTR
chr10,92857268,92857289,MA1714.1,-,1.2e-07,THE1C-int,ERVL-MaLR,LTR
chr14,94885289,94885310,MA1714.1,+,1.2e-07,THE1B-int,ERVL-MaLR,LTR
chr14,102577580,102577601,MA1714.1,+,1.2e-07,THE1B-int,ERVL-MaLR,LTR
chr11,103595489,103595510,MA1714.1,-,1.2e-07,THE1D-int,ERVL-MaLR,LTR
chr4,103799109,103799130,MA1714.1,-,1.2e-07,THE1C-int,ERVL-MaLR,LTR
chr4,103887793,103887814,MA1714.1,-,1.2e-07,MSTB2-int,ERVL-MaLR,LTR
chr7,110121222,110121243,MA1714.1,-,1.2e-07,THE1B-int,ERVL-MaLR,LTR
chrX,113440027,113440048,MA1714.1,-,1.2e-07,THE1B-int,ERVL-MaLR,LTR
chr12,117198755,117198776,MA1714.1,-,1.2e-07,AluJo,Alu,SINE
chr7,119677239,119677260,MA1714.1,-,1.2e-07,THE1B-int,ERVL-MaLR,LTR
chr7,125469409,125469430,MA1714.1,-,1.2e-07,THE1B-int,ERVL-MaLR,LTR
chr2,127996179,127996200,MA1714.1,+,1.2e-07,THE1D-int,ERVL-MaLR,LTR
chr9,136116211,136116232,MA1714.1,-,1.2e-07,AluJb,Alu,SINE
chrX,143992397,143992418,MA1714.1,-,1.2e-07,THE1C-int,ERVL-MaLR,LTR
chr6,146112321,146112342,MA1714.1,-,1.2e-07,THE1B-int,ERVL-MaLR,LTR
chr2,146895412,146895433,MA1714.1,-,1.2e-07,THE1B-int,ERVL-MaLR,LTR
chr5,147077098,147077119,MA1714.1,+,1.2e-07,THE1C-int,ERVL-MaLR,LTR
chr2,166528103,166528124,MA1714.1,-,1.2e-07,THE1B-int,ERVL-MaLR,LTR
chr1,170712423,170712444,MA1714.1,-,1.2e-07,THE1B-int,ERVL-MaLR,LTR
chr4,180866190,180866211,MA1714.1,+,1.2e-07,THE1B-int,ERVL-MaLR,LTR
chr1,185493439,185493460,MA1714.1,-,1.2e-07,THE1B-int,ERVL-MaLR,LTR
chr1,191186986,191187007,MA1714.1,-,1.2e-07,MSTA-int,ERVL-MaLR,LTR
chr2,224715007,224715028,MA1714.1,+,1.2e-07,THE1B-int,ERVL-MaLR,LTR
chr12,99979669,99979690,MA1714.1,-,1.21e-07,THE1B-int,ERVL-MaLR,LTR
chr4,176616012,176616033,MA1714.1,+,1.21e-07,MSTA-int,ERVL-MaLR,LTR
chr1,224729118,224729139,MA1714.1,+,1.21e-07,MamRep1161,TcMar,DNA
chr5,61908607,61908628,MA1714.1,+,1.22e-07,Charlie1,hAT-Charlie,DNA
chr16,82042481,82042502,MA1714.1,+,1.22e-07,THE1B-int,ERVL-MaLR,LTR
chr12,86053695,86053716,MA1714.1,+,1.22e-07,THE1B-int,ERVL-MaLR,LTR
chr13,86466594,86466615,MA1714.1,+,1.22e-07,THE1D-int,ERVL-MaLR,LTR
chr21,19590797,19590818,MA1714.1,-,1.23e-07,THE1C-int,ERVL-MaLR,LTR
chr14,40631505,40631526,MA1714.1,+,1.23e-07,THE1C-int,ERVL-MaLR,LTR
chr10,65143346,65143367,MA1714.1,+,1.23e-07,AluJb,Alu,SINE
chr6,105413322,105413343,MA1714.1,+,1.23e-07,AluJb,Alu,SINE
chr13,111390919,111390940,MA1714.1,+,1.23e-07,MSTA-int,ERVL-MaLR,LTR
chr6,111512031,111512052,MA1714.1,-,1.23e-07,THE1B-int,ERVL-MaLR,LTR
chr9,118729975,118729996,MA1714.1,-,1.23e-07,MSTA-int,ERVL-MaLR,LTR
chr4,162064952,162064973,MA1714.1,+,1.23e-07,MSTB-int,ERVL-MaLR,LTR
chr2,4066340,4066361,MA1714.1,-,1.24e-07,THE1B-int,ERVL-MaLR,LTR
chr5,34474008,34474029,MA1714.1,+,1.24e-07,L1MD3,L1,LINE
chr1,54033285,54033306,MA1714.1,+,1.24e-07,MSTA-int,ERVL-MaLR,LTR
chr1,65076845,65076866,MA1714.1,-,1.24e-07,THE1C-int,ERVL-MaLR,LTR
chr16,90121140,90121161,MA1714.1,+,1.24e-07,MSTA-int,ERVL-MaLR,LTR
chr2,20989674,20989695,MA1714.1,+,1.26e-07,MER1B,hAT-Charlie,DNA
chr19,40280345,40280366,MA1714.1,+,1.26e-07,L1PB1,L1,LINE
chr14,96477662,96477683,MA1714.1,-,1.26e-07,MSTB-int,ERVL-MaLR,LTR
chr3,104460250,104460271,MA1714.1,-,1.26e-07,MLT1A0-int,ERVL-MaLR,LTR
chrX,141538381,141538402,MA1714.1,-,1.26e-07,L1MA4,L1,LINE
chr5,151389186,151389207,MA1714.1,-,1.26e-07,L1MA4,L1,LINE
chr1,157692003,157692024,MA1714.1,-,1.26e-07,MSTA-int,ERVL-MaLR,LTR
chr3,157810110,157810131,MA1714.1,-,1.26e-07,MIR,MIR,SINE
chr14,27754472,27754493,MA1714.1,+,1.27e-07,MSTB-int,ERVL-MaLR,LTR
chr7,33666693,33666714,MA1714.1,+,1.27e-07,MSTA-int,ERVL-MaLR,LTR
chr2,35846184,35846205,MA1714.1,-,1.27e-07,L1MEg,L1,LINE
chr5,39940824,39940845,MA1714.1,+,1.27e-07,L1MEg,L1,LINE
chr7,52206974,52206995,MA1714.1,-,1.27e-07,THE1D-int,ERVL-MaLR,LTR
chr18,62926202,62926223,MA1714.1,+,1.27e-07,L1M2,L1,LINE
chrX,72422954,72422975,MA1714.1,-,1.27e-07,THE1A-int,ERVL-MaLR,LTR
chr9,75869759,75869780,MA1714.1,+,1.27e-07,THE1B-int,ERVL-MaLR,LTR
chr4,83688501,83688522,MA1714.1,-,1.27e-07,L1MEc,L1,LINE
chr10,86190362,86190383,MA1714.1,-,1.27e-07,L1M4,L1,LINE
chr12,87442543,87442564,MA1714.1,+,1.27e-07,L1MC3,L1,LINE
chr6,94615018,94615039,MA1714.1,-,1.27e-07,THE1C-int,ERVL-MaLR,LTR
chrX,101417594,101417615,MA1714.1,-,1.27e-07,MSTB-int,ERVL-MaLR,LTR
chr4,144705904,144705925,MA1714.1,+,1.27e-07,MSTB-int,ERVL-MaLR,LTR
chr6,165454828,165454849,MA1714.1,-,1.27e-07,L1MA9,L1,LINE
chr2,180042759,180042780,MA1714.1,+,1.27e-07,L1MB7,L1,LINE
chr2,188456434,188456455,MA1714.1,-,1.27e-07,THE1B-int,ERVL-MaLR,LTR
chr2,197517761,197517782,MA1714.1,-,1.27e-07,MSTB-int,ERVL-MaLR,LTR
chr1,198924534,198924555,MA1714.1,+,1.27e-07,L1MA9,L1,LINE
chr11,27867576,27867597,MA1714.1,+,1.28e-07,L2c,L2,LINE
chr18,32206658,32206679,MA1714.1,+,1.28e-07,Plat_L3,CR1,LINE
chr15,77153059,77153080,MA1714.1,+,1.28e-07,L1M4,L1,LINE
chrX,152623518,152623539,MA1714.1,+,1.28e-07,THE1B-int,ERVL-MaLR,LTR
chr2,9998993,9999014,MA1714.1,-,1.29e-07,THE1D-int,ERVL-MaLR,LTR
chr15,28084136,28084157,MA1714.1,+,1.29e-07,L1MD1,L1,LINE
chr11,37445745,37445766,MA1714.1,-,1.29e-07,THE1B-int,ERVL-MaLR,LTR
chr5,40924988,40925009,MA1714.1,-,1.29e-07,MSTA-int,ERVL-MaLR,LTR
chr12,44861558,44861579,MA1714.1,+,1.29e-07,MSTA-int,ERVL-MaLR,LTR
chr2,55494824,55494845,MA1714.1,+,1.29e-07,MIRc,MIR,SINE
chr18,61292336,61292357,MA1714.1,-,1.29e-07,MSTA-int,ERVL-MaLR,LTR
chr6,63319989,63320010,MA1714.1,-,1.29e-07,MSTA-int,ERVL-MaLR,LTR
chr4,71595317,71595338,MA1714.1,+,1.29e-07,MIR,MIR,SINE
chr6,91043876,91043897,MA1714.1,-,1.29e-07,THE1C-int,ERVL-MaLR,LTR
chr8,100177867,100177888,MA1714.1,+,1.29e-07,L1M5,L1,LINE
chr8,103039305,103039326,MA1714.1,-,1.29e-07,THE1C-int,ERVL-MaLR,LTR
chrX,108174236,108174257,MA1714.1,+,1.29e-07,THE1D-int,ERVL-MaLR,LTR
chr5,123309804,123309825,MA1714.1,-,1.29e-07,MSTA-int,ERVL-MaLR,LTR
chr6,158814789,158814810,MA1714.1,-,1.29e-07,THE1B-int,ERVL-MaLR,LTR
chr1,159183055,159183076,MA1714.1,+,1.29e-07,L3,CR1,LINE
chrY,3692413,3692434,MA1714.1,-,1.3e-07,THE1B-int,ERVL-MaLR,LTR
chr4,12504968,12504989,MA1714.1,-,1.3e-07,THE1C-int,ERVL-MaLR,LTR
chr7,12576078,12576099,MA1714.1,-,1.3e-07,THE1B-int,ERVL-MaLR,LTR
chr2,23029258,23029279,MA1714.1,-,1.3e-07,THE1B-int,ERVL-MaLR,LTR
chr3,30107270,30107291,MA1714.1,-,1.3e-07,THE1B-int,ERVL-MaLR,LTR
chr14,30560304,30560325,MA1714.1,-,1.3e-07,MSTA-int,ERVL-MaLR,LTR
chr13,35226156,35226177,MA1714.1,+,1.3e-07,THE1B-int,ERVL-MaLR,LTR
chr15,42790734,42790755,MA1714.1,-,1.3e-07,THE1D-int,ERVL-MaLR,LTR
chr14,43293395,43293416,MA1714.1,+,1.3e-07,THE1B-int,ERVL-MaLR,LTR
chr12,43478900,43478921,MA1714.1,+,1.3e-07,THE1B-int,ERVL-MaLR,LTR
chr2,43511420,43511441,MA1714.1,+,1.3e-07,MSTA-int,ERVL-MaLR,LTR
chr4,43824849,43824870,MA1714.1,-,1.3e-07,MSTA-int,ERVL-MaLR,LTR
chr8,64730341,64730362,MA1714.1,-,1.3e-07,THE1D-int,ERVL-MaLR,LTR
chr4,70605283,70605304,MA1714.1,-,1.3e-07,THE1D-int,ERVL-MaLR,LTR
chr4,74341063,74341084,MA1714.1,-,1.3e-07,THE1D-int,ERVL-MaLR,LTR
chr8,80208802,80208823,MA1714.1,+,1.3e-07,THE1C-int,ERVL-MaLR,LTR
chr8,80495925,80495946,MA1714.1,+,1.3e-07,THE1D-int,ERVL-MaLR,LTR
chr6,84750741,84750762,MA1714.1,+,1.3e-07,THE1C-int,ERVL-MaLR,LTR
chr16,89215218,89215239,MA1714.1,-,1.3e-07,MSTA-int,ERVL-MaLR,LTR
chrX,89510073,89510094,MA1714.1,-,1.3e-07,THE1B-int,ERVL-MaLR,LTR
chr1,93753888,93753909,MA1714.1,+,1.3e-07,THE1C-int,ERVL-MaLR,LTR
chr3,105481240,105481261,MA1714.1,+,1.3e-07,THE1B-int,ERVL-MaLR,LTR
chr4,107259498,107259519,MA1714.1,+,1.3e-07,THE1B-int,ERVL-MaLR,LTR
chr3,107997476,107997497,MA1714.1,-,1.3e-07,THE1B-int,ERVL-MaLR,LTR
chr13,108105894,108105915,MA1714.1,-,1.3e-07,THE1C-int,ERVL-MaLR,LTR
chr8,116484661,116484682,MA1714.1,-,1.3e-07,THE1C-int,ERVL-MaLR,LTR
chr8,133285705,133285726,MA1714.1,-,1.3e-07,THE1B-int,ERVL-MaLR,LTR
chr3,134288939,134288960,MA1714.1,-,1.3e-07,THE1B-int,ERVL-MaLR,LTR
chr3,162052502,162052523,MA1714.1,+,1.3e-07,THE1C-int,ERVL-MaLR,LTR
chr5,170407443,170407464,MA1714.1,+,1.3e-07,THE1B-int,ERVL-MaLR,LTR
chr1,225365238,225365259,MA1714.1,+,1.3e-07,THE1B-int,ERVL-MaLR,LTR
chr12,1057430,1057451,MA1714.1,+,1.31e-07,L1MB7,L1,LINE
chrX,38453608,38453629,MA1714.1,-,1.31e-07,L1MC4a,L1,LINE
chr6,40168420,40168441,MA1714.1,-,1.31e-07,L1MA9,L1,LINE
chr1,56674226,56674247,MA1714.1,+,1.31e-07,L1MA9,L1,LINE
chr9,94201056,94201077,MA1714.1,-,1.31e-07,L1MA9,L1,LINE
chr10,118788028,118788049,MA1714.1,+,1.31e-07,MSTA-int,ERVL-MaLR,LTR
chr11,120638521,120638542,MA1714.1,-,1.31e-07,L1MA9,L1,LINE
chr5,168461521,168461542,MA1714.1,-,1.31e-07,L1MA9,L1,LINE
chr5,20986431,20986452,MA1714.1,-,1.32e-07,L1PA8,L1,LINE
chr1,41793301,41793322,MA1714.1,+,1.32e-07,MIRb,MIR,SINE
chr1,67533245,67533266,MA1714.1,+,1.32e-07,THE1C-int,ERVL-MaLR,LTR
chr2,76045688,76045709,MA1714.1,-,1.32e-07,THE1A-int,ERVL-MaLR,LTR
chr8,120704158,120704179,MA1714.1,+,1.32e-07,THE1C-int,ERVL-MaLR,LTR
chr11,122529242,122529263,MA1714.1,-,1.32e-07,MIR,MIR,SINE
chr4,124610733,124610754,MA1714.1,-,1.32e-07,MSTA-int,ERVL-MaLR,LTR
chrX,144861174,144861195,MA1714.1,+,1.32e-07,MSTA-int,ERVL-MaLR,LTR
chr5,178356138,178356159,MA1714.1,-,1.32e-07,MSTA-int,ERVL-MaLR,LTR
chr2,18951525,18951546,MA1714.1,-,1.34e-07,L2c,L2,LINE
chr15,55864471,55864492,MA1714.1,+,1.34e-07,L1M3,L1,LINE
chr2,158648022,158648043,MA1714.1,-,1.34e-07,L2a,L2,LINE
chr16,31791846,31791867,MA1714.1,+,1.35e-07,THE1B-int,ERVL-MaLR,LTR
chr18,36115031,36115052,MA1714.1,+,1.35e-07,L1M3c,L1,LINE
chr1,48725040,48725061,MA1714.1,-,1.35e-07,MIR,MIR,SINE
chr14,59402998,59403019,MA1714.1,-,1.35e-07,THE1B-int,ERVL-MaLR,LTR
chr15,68787385,68787406,MA1714.1,+,1.35e-07,HAL1,L1,LINE
chr1,87579781,87579802,MA1714.1,-,1.35e-07,MIR,MIR,SINE
chr9,98750363,98750384,MA1714.1,-,1.35e-07,THE1B-int,ERVL-MaLR,LTR
chr11,121624950,121624971,MA1714.1,-,1.35e-07,MIRb,MIR,SINE
chr6,169835052,169835073,MA1714.1,+,1.35e-07,THE1B-int,ERVL-MaLR,LTR
chrY,3755238,3755259,MA1714.1,-,1.36e-07,MSTA-int,ERVL-MaLR,LTR
chr6,4243984,4244005,MA1714.1,-,1.36e-07,THE1D-int,ERVL-MaLR,LTR
chr3,36050078,36050099,MA1714.1,-,1.36e-07,MSTA-int,ERVL-MaLR,LTR
chr4,42972687,42972708,MA1714.1,-,1.36e-07,MSTA-int,ERVL-MaLR,LTR
chr19,44847760,44847781,MA1714.1,+,1.36e-07,MIR,MIR,SINE
chr15,49794014,49794035,MA1714.1,+,1.36e-07,MSTB-int,ERVL-MaLR,LTR
chr10,80618613,80618634,MA1714.1,-,1.36e-07,L1MB8,L1,LINE
chr6,87175839,87175860,MA1714.1,+,1.36e-07,THE1B-int,ERVL-MaLR,LTR
chrX,89565123,89565144,MA1714.1,-,1.36e-07,MSTA-int,ERVL-MaLR,LTR
chr3,95769855,95769876,MA1714.1,-,1.36e-07,MSTA-int,ERVL-MaLR,LTR
chr10,113844872,113844893,MA1714.1,+,1.36e-07,HAL1,L1,LINE
chrX,115542219,115542240,MA1714.1,+,1.36e-07,THE1B-int,ERVL-MaLR,LTR
chr2,135632083,135632104,MA1714.1,+,1.36e-07,HAL1,L1,LINE
chr4,190169835,190169856,MA1714.1,+,1.36e-07,L1PA14,L1,LINE
chr2,4438766,4438787,MA1714.1,-,1.37e-07,MSTB-int,ERVL-MaLR,LTR
chr3,12152192,12152213,MA1714.1,-,1.37e-07,THE1-int,ERVL-MaLR,LTR
chr9,24755731,24755752,MA1714.1,+,1.37e-07,THE1C-int,ERVL-MaLR,LTR
chrX,26889380,26889401,MA1714.1,-,1.37e-07,MSTA-int,ERVL-MaLR,LTR
chr21,28890252,28890273,MA1714.1,+,1.37e-07,THE1D-int,ERVL-MaLR,LTR
chr2,31329446,31329467,MA1714.1,-,1.37e-07,L1M7,L1,LINE
chr2,34397252,34397273,MA1714.1,-,1.37e-07,THE1C-int,ERVL-MaLR,LTR
chr5,42348067,42348088,MA1714.1,+,1.37e-07,THE1B-int,ERVL-MaLR,LTR
chr17,42412210,42412231,MA1714.1,-,1.37e-07,MIRb,MIR,SINE
chr10,57621705,57621726,MA1714.1,+,1.37e-07,THE1D-int,ERVL-MaLR,LTR
chr8,73188495,73188516,MA1714.1,+,1.37e-07,THE1B-int,ERVL-MaLR,LTR
chr1,80389665,80389686,MA1714.1,+,1.37e-07,THE1C-int,ERVL-MaLR,LTR
chr9,81723365,81723386,MA1714.1,+,1.37e-07,THE1A-int,ERVL-MaLR,LTR
chr8,89464656,89464677,MA1714.1,-,1.37e-07,THE1B-int,ERVL-MaLR,LTR
chr6,91625135,91625156,MA1714.1,+,1.37e-07,THE1D-int,ERVL-MaLR,LTR
chr9,103515717,103515738,MA1714.1,-,1.37e-07,THE1B-int,ERVL-MaLR,LTR
chr13,104439341,104439362,MA1714.1,-,1.37e-07,THE1C-int,ERVL-MaLR,LTR
chr8,131786914,131786935,MA1714.1,+,1.37e-07,THE1B-int,ERVL-MaLR,LTR
chrX,143815385,143815406,MA1714.1,-,1.37e-07,THE1D-int,ERVL-MaLR,LTR
chr4,148473928,148473949,MA1714.1,+,1.37e-07,THE1B-int,ERVL-MaLR,LTR
chr2,156675392,156675413,MA1714.1,+,1.37e-07,THE1D-int,ERVL-MaLR,LTR
chr1,204546496,204546517,MA1714.1,+,1.37e-07,MIRc,MIR,SINE
chr2,209401613,209401634,MA1714.1,-,1.37e-07,THE1B-int,ERVL-MaLR,LTR
chr2,235061640,235061661,MA1714.1,-,1.37e-07,THE1B-int,ERVL-MaLR,LTR
chr2,32045584,32045605,MA1714.1,-,1.38e-07,MSTA-int,ERVL-MaLR,LTR
chr18,73252214,73252235,MA1714.1,+,1.38e-07,L1MD2,L1,LINE
chr2,82525154,82525175,MA1714.1,-,1.38e-07,MSTB-int,ERVL-MaLR,LTR
chr13,88650481,88650502,MA1714.1,+,1.38e-07,MSTA-int,ERVL-MaLR,LTR
chr9,91461200,91461221,MA1714.1,+,1.38e-07,MST-int,ERVL-MaLR,LTR
chr5,127996164,127996185,MA1714.1,+,1.38e-07,THE1C-int,ERVL-MaLR,LTR
chr6,133261284,133261305,MA1714.1,+,1.38e-07,MSTB-int,ERVL-MaLR,LTR
chrY,4009851,4009872,MA1714.1,+,1.4e-07,THE1D-int,ERVL-MaLR,LTR
chr16,11426111,11426132,MA1714.1,+,1.4e-07,MIR,MIR,SINE
chr5,15744137,15744158,MA1714.1,-,1.4e-07,THE1C-int,ERVL-MaLR,LTR
chr2,19892636,19892657,MA1714.1,-,1.4e-07,L1MC3,L1,LINE
chr7,23952843,23952864,MA1714.1,+,1.4e-07,THE1C-int,ERVL-MaLR,LTR
chr15,58018941,58018962,MA1714.1,+,1.4e-07,L2a,L2,LINE
chr5,87312566,87312587,MA1714.1,-,1.4e-07,L1MEd,L1,LINE
chr9,94858004,94858025,MA1714.1,+,1.4e-07,HAL1,L1,LINE
chr5,121936812,121936833,MA1714.1,-,1.4e-07,THE1D-int,ERVL-MaLR,LTR
chr7,124273937,124273958,MA1714.1,+,1.4e-07,THE1B-int,ERVL-MaLR,LTR
chr6,142784112,142784133,MA1714.1,-,1.4e-07,THE1C-int,ERVL-MaLR,LTR
chr1,221755073,221755094,MA1714.1,+,1.4e-07,MIRb,MIR,SINE
chr7,4205490,4205511,MA1714.1,-,1.41e-07,AluJr4,Alu,SINE
chr7,5001745,5001766,MA1714.1,+,1.41e-07,AluJr4,Alu,SINE
chrY,21384581,21384602,MA1714.1,-,1.41e-07,AluJr4,Alu,SINE
chr19,35484324,35484345,MA1714.1,+,1.41e-07,AluSc8,Alu,SINE
chr12,50644272,50644293,MA1714.1,+,1.41e-07,AluJr4,Alu,SINE
chr11,87863527,87863548,MA1714.1,+,1.41e-07,L3,CR1,LINE
chr9,98876742,98876763,MA1714.1,-,1.41e-07,AluJr,Alu,SINE
chrX,99708129,99708150,MA1714.1,+,1.41e-07,THE1D-int,ERVL-MaLR,LTR
chr9,100940400,100940421,MA1714.1,-,1.41e-07,AluJr4,Alu,SINE
chr5,110814647,110814668,MA1714.1,-,1.41e-07,AluJr,Alu,SINE
chr9,133282200,133282221,MA1714.1,+,1.41e-07,MIRb,MIR,SINE
chr11,20577534,20577555,MA1714.1,-,1.42e-07,THE1C-int,ERVL-MaLR,LTR
chr7,49533408,49533429,MA1714.1,+,1.42e-07,MLT1E,ERVL-MaLR,LTR
chr12,52874037,52874058,MA1714.1,+,1.42e-07,THE1D-int,ERVL-MaLR,LTR
chr7,52889760,52889781,MA1714.1,-,1.42e-07,MSTA-int,ERVL-MaLR,LTR
chr3,57319501,57319522,MA1714.1,-,1.42e-07,HAL1,L1,LINE
chr12,61720104,61720125,MA1714.1,-,1.42e-07,THE1A-int,ERVL-MaLR,LTR
chr4,65265276,65265297,MA1714.1,+,1.42e-07,MSTA-int,ERVL-MaLR,LTR
chr17,79819944,79819965,MA1714.1,+,1.42e-07,MER33,hAT-Charlie,DNA
chr9,82367165,82367186,MA1714.1,-,1.42e-07,THE1B-int,ERVL-MaLR,LTR
chr5,108750619,108750640,MA1714.1,+,1.42e-07,THE1B-int,ERVL-MaLR,LTR
chr6,124891564,124891585,MA1714.1,+,1.42e-07,THE1A-int,ERVL-MaLR,LTR
chr1,171926145,171926166,MA1714.1,-,1.42e-07,THE1B-int,ERVL-MaLR,LTR
chr2,191734016,191734037,MA1714.1,-,1.42e-07,MSTD-int,ERVL-MaLR,LTR
chr18,34730376,34730397,MA1714.1,-,1.43e-07,MER20,hAT-Charlie,DNA
chr18,63052152,63052173,MA1714.1,+,1.43e-07,L1MD3,L1,LINE
chr2,78509069,78509090,MA1714.1,+,1.43e-07,THE1B-int,ERVL-MaLR,LTR
chr6,122628890,122628911,MA1714.1,+,1.43e-07,MSTB-int,ERVL-MaLR,LTR
chrX,142841218,142841239,MA1714.1,-,1.43e-07,MST-int,ERVL-MaLR,LTR
chr3,191067940,191067961,MA1714.1,+,1.43e-07,MIRc,MIR,SINE
chr16,13353680,13353701,MA1714.1,-,1.45e-07,THE1A-int,ERVL-MaLR,LTR
chr8,64016922,64016943,MA1714.1,+,1.45e-07,LTR78,ERV1,LTR
chr10,97458353,97458374,MA1714.1,+,1.45e-07,MSTC-int,ERVL-MaLR,LTR
chr1,231889262,231889283,MA1714.1,-,1.45e-07,MSTA-int,ERVL-MaLR,LTR
chr21,25218205,25218226,MA1714.1,-,1.46e-07,MSTA-int,ERVL-MaLR,LTR
chr18,46118190,46118211,MA1714.1,-,1.46e-07,AluJr,Alu,SINE
chr15,54900504,54900525,MA1714.1,-,1.46e-07,MIRb,MIR,SINE
chr8,70762910,70762931,MA1714.1,+,1.46e-07,AluJr4,Alu,SINE
chr14,85579351,85579372,MA1714.1,-,1.46e-07,THE1B-int,ERVL-MaLR,LTR
chr12,91788782,91788803,MA1714.1,+,1.46e-07,THE1D-int,ERVL-MaLR,LTR
chrX,115663508,115663529,MA1714.1,-,1.46e-07,MSTB-int,ERVL-MaLR,LTR
chr3,125350310,125350331,MA1714.1,+,1.46e-07,AluJb,Alu,SINE
chr4,179082661,179082682,MA1714.1,-,1.46e-07,THE1B-int,ERVL-MaLR,LTR
chr6,170791774,170791795,MA1714.1,+,1.47e-07,L1MC2,L1,LINE
chr3,183928963,183928984,MA1714.1,+,1.47e-07,AluSx,Alu,SINE
chr12,21936424,21936445,MA1714.1,-,1.48e-07,L1MEd,L1,LINE
chr22,47502067,47502088,MA1714.1,+,1.48e-07,L1MEg,L1,LINE
chr2,58442997,58443018,MA1714.1,+,1.48e-07,L1MEg1,L1,LINE
chr11,97440935,97440956,MA1714.1,-,1.48e-07,THE1D-int,ERVL-MaLR,LTR
chr4,135386735,135386756,MA1714.1,-,1.48e-07,MLT1B,ERVL-MaLR,LTR
chr4,164408645,164408666,MA1714.1,-,1.48e-07,THE1D-int,ERVL-MaLR,LTR
chr2,211054473,211054494,MA1714.1,-,1.48e-07,MIRc,MIR,SINE
chr16,53219577,53219598,MA1714.1,+,1.5e-07,THE1C-int,ERVL-MaLR,LTR
chr13,78262922,78262943,MA1714.1,+,1.5e-07,L1PB4,L1,LINE
chr3,166590522,166590543,MA1714.1,+,1.5e-07,MSTA-int,ERVL-MaLR,LTR
chr1,248060880,248060901,MA1714.1,-,1.5e-07,MIRb,MIR,SINE
chrX,53751983,53752004,MA1714.1,+,1.51e-07,MSTB1-int,ERVL-MaLR,LTR
chr12,11008554,11008575,MA1714.1,+,1.52e-07,MSTA-int,ERVL-MaLR,LTR
chrX,64490138,64490159,MA1714.1,+,1.52e-07,L1M4,L1,LINE
chr8,67112064,67112085,MA1714.1,+,1.52e-07,FordPrefect,hAT-Tip100,DNA
chr10,111609215,111609236,MA1714.1,+,1.52e-07,MIR,MIR,SINE
chr10,124872776,124872797,MA1714.1,-,1.52e-07,LTR88a,Gypsy,LTR
chr2,188433193,188433214,MA1714.1,-,1.52e-07,MamGypLTR2c,Gypsy,LTR
chr5,2268127,2268148,MA1714.1,-,1.54e-07,MER63C,hAT-Blackjack,DNA
chr2,31842423,31842444,MA1714.1,-,1.54e-07,THE1B-int,ERVL-MaLR,LTR
chr8,33603111,33603132,MA1714.1,-,1.54e-07,THE1B-int,ERVL-MaLR,LTR
chr12,38831301,38831322,MA1714.1,-,1.54e-07,THE1B-int,ERVL-MaLR,LTR
chr4,43408555,43408576,MA1714.1,+,1.54e-07,THE1C-int,ERVL-MaLR,LTR
chr8,48161500,48161521,MA1714.1,-,1.54e-07,L1MA9,L1,LINE
chr5,55538287,55538308,MA1714.1,+,1.54e-07,THE1D-int,ERVL-MaLR,LTR
chr12,61783024,61783045,MA1714.1,-,1.54e-07,THE1C-int,ERVL-MaLR,LTR
chr1,76335199,76335220,MA1714.1,+,1.54e-07,THE1B-int,ERVL-MaLR,LTR
chr9,76584756,76584777,MA1714.1,+,1.54e-07,MSTA-int,ERVL-MaLR,LTR
chr2,77250399,77250420,MA1714.1,-,1.54e-07,THE1A-int,ERVL-MaLR,LTR
chr8,90295934,90295955,MA1714.1,+,1.54e-07,THE1C-int,ERVL-MaLR,LTR
chr7,90459771,90459792,MA1714.1,-,1.54e-07,THE1D-int,ERVL-MaLR,LTR
chr7,96678142,96678163,MA1714.1,-,1.54e-07,MER106A,hAT-Charlie,DNA
chr9,126956734,126956755,MA1714.1,-,1.54e-07,L1MA9,L1,LINE
chr2,187892845,187892866,MA1714.1,+,1.54e-07,THE1C-int,ERVL-MaLR,LTR
chr1,190167339,190167360,MA1714.1,-,1.54e-07,THE1B-int,ERVL-MaLR,LTR
chrY,3308961,3308982,MA1714.1,-,1.55e-07,THE1D-int,ERVL-MaLR,LTR
chr5,8815774,8815795,MA1714.1,+,1.55e-07,MSTA-int,ERVL-MaLR,LTR
chr11,16657242,16657263,MA1714.1,+,1.55e-07,THE1C-int,ERVL-MaLR,LTR
chr9,23145728,23145749,MA1714.1,-,1.55e-07,THE1D-int,ERVL-MaLR,LTR
chr2,23311741,23311762,MA1714.1,-,1.55e-07,THE1B-int,ERVL-MaLR,LTR
chrX,25394427,25394448,MA1714.1,+,1.55e-07,THE1C-int,ERVL-MaLR,LTR
chr4,29748575,29748596,MA1714.1,-,1.55e-07,MSTA-int,ERVL-MaLR,LTR
chr14,30541838,30541859,MA1714.1,+,1.55e-07,THE1B-int,ERVL-MaLR,LTR
chr22,35173904,35173925,MA1714.1,+,1.55e-07,THE1C-int,ERVL-MaLR,LTR
chrX,42485663,42485684,MA1714.1,-,1.55e-07,L1ME4a,L1,LINE
chr13,43020882,43020903,MA1714.1,+,1.55e-07,THE1C-int,ERVL-MaLR,LTR
chr8,43595676,43595697,MA1714.1,+,1.55e-07,ALR/Alpha,centr,Satellite
chrX,44682086,44682107,MA1714.1,+,1.55e-07,THE1C-int,ERVL-MaLR,LTR
chr16,46902571,46902592,MA1714.1,-,1.55e-07,THE1C-int,ERVL-MaLR,LTR
chr7,48765278,48765299,MA1714.1,-,1.55e-07,THE1B-int,ERVL-MaLR,LTR
chr5,50424254,50424275,MA1714.1,+,1.55e-07,THE1D-int,ERVL-MaLR,LTR
chr2,52972643,52972664,MA1714.1,+,1.55e-07,THE1B-int,ERVL-MaLR,LTR
chr14,53710413,53710434,MA1714.1,+,1.55e-07,THE1A-int,ERVL-MaLR,LTR
chr13,55752366,55752387,MA1714.1,+,1.55e-07,THE1C-int,ERVL-MaLR,LTR
chr3,58540303,58540324,MA1714.1,-,1.55e-07,THE1D-int,ERVL-MaLR,LTR
chr13,63538346,63538367,MA1714.1,+,1.55e-07,THE1D-int,ERVL-MaLR,LTR
chr10,67038829,67038850,MA1714.1,+,1.55e-07,THE1D-int,ERVL-MaLR,LTR
chr11,67319225,67319246,MA1714.1,+,1.55e-07,THE1C-int,ERVL-MaLR,LTR
chrX,67779444,67779465,MA1714.1,-,1.55e-07,THE1D-int,ERVL-MaLR,LTR
chrX,73125764,73125785,MA1714.1,+,1.55e-07,THE1B-int,ERVL-MaLR,LTR
chr3,79385446,79385467,MA1714.1,+,1.55e-07,THE1C-int,ERVL-MaLR,LTR
chr1,79631259,79631280,MA1714.1,+,1.55e-07,THE1C-int,ERVL-MaLR,LTR
chrX,81121388,81121409,MA1714.1,-,1.55e-07,THE1C-int,ERVL-MaLR,LTR
chr13,81411963,81411984,MA1714.1,-,1.55e-07,MSTA-int,ERVL-MaLR,LTR
chr11,83713736,83713757,MA1714.1,-,1.55e-07,THE1D-int,ERVL-MaLR,LTR
chrX,89048134,89048155,MA1714.1,-,1.55e-07,THE1D-int,ERVL-MaLR,LTR
chr12,89089513,89089534,MA1714.1,-,1.55e-07,THE1C-int,ERVL-MaLR,LTR
chr4,90771705,90771726,MA1714.1,-,1.55e-07,THE1B-int,ERVL-MaLR,LTR
chr6,92262261,92262282,MA1714.1,-,1.55e-07,THE1D-int,ERVL-MaLR,LTR
chrX,95212025,95212046,MA1714.1,+,1.55e-07,THE1-int,ERVL-MaLR,LTR
chr3,97953377,97953398,MA1714.1,+,1.55e-07,MSTA-int,ERVL-MaLR,LTR
chrX,98007393,98007414,MA1714.1,-,1.55e-07,THE1C-int,ERVL-MaLR,LTR
chr8,99362098,99362119,MA1714.1,-,1.55e-07,THE1B-int,ERVL-MaLR,LTR
chr5,100544147,100544168,MA1714.1,+,1.55e-07,THE1D-int,ERVL-MaLR,LTR
chr2,101786857,101786878,MA1714.1,+,1.55e-07,THE1B-int,ERVL-MaLR,LTR
chr6,102899474,102899495,MA1714.1,-,1.55e-07,THE1B-int,ERVL-MaLR,LTR
chr1,103804872,103804893,MA1714.1,-,1.55e-07,THE1B-int,ERVL-MaLR,LTR
chr1,103944604,103944625,MA1714.1,-,1.55e-07,THE1B-int,ERVL-MaLR,LTR
chrX,106078636,106078657,MA1714.1,-,1.55e-07,THE1C-int,ERVL-MaLR,LTR
chr1,106343852,106343873,MA1714.1,-,1.55e-07,THE1D-int,ERVL-MaLR,LTR
chr12,107182548,107182569,MA1714.1,-,1.55e-07,THE1A-int,ERVL-MaLR,LTR
chr8,110207083,110207104,MA1714.1,-,1.55e-07,THE1B-int,ERVL-MaLR,LTR
chr6,117467310,117467331,MA1714.1,-,1.55e-07,THE1C-int,ERVL-MaLR,LTR
chr7,118906617,118906638,MA1714.1,-,1.55e-07,THE1D-int,ERVL-MaLR,LTR
chr4,124578094,124578115,MA1714.1,-,1.55e-07,THE1C-int,ERVL-MaLR,LTR
chrX,125646131,125646152,MA1714.1,-,1.55e-07,THE1B-int,ERVL-MaLR,LTR
chr4,132415546,132415567,MA1714.1,-,1.55e-07,THE1D-int,ERVL-MaLR,LTR
chr4,137894822,137894843,MA1714.1,-,1.55e-07,THE1D-int,ERVL-MaLR,LTR
chr3,143276853,143276874,MA1714.1,+,1.55e-07,THE1D-int,ERVL-MaLR,LTR
chr2,143402050,143402071,MA1714.1,-,1.55e-07,Charlie2a,hAT-Charlie,DNA
chrX,148254262,148254283,MA1714.1,-,1.55e-07,THE1D-int,ERVL-MaLR,LTR
chr7,149070641,149070662,MA1714.1,-,1.55e-07,MSTA-int,ERVL-MaLR,LTR
chr4,156789655,156789676,MA1714.1,-,1.55e-07,THE1B-int,ERVL-MaLR,LTR
chr2,166717543,166717564,MA1714.1,-,1.55e-07,THE1B-int,ERVL-MaLR,LTR
chr4,175863793,175863814,MA1714.1,-,1.55e-07,THE1D-int,ERVL-MaLR,LTR
chr1,193346967,193346988,MA1714.1,+,1.55e-07,THE1C-int,ERVL-MaLR,LTR
chr1,196765286,196765307,MA1714.1,+,1.55e-07,THE1B-int,ERVL-MaLR,LTR
chr1,196890175,196890196,MA1714.1,+,1.55e-07,THE1B-int,ERVL-MaLR,LTR
chr16,11431686,11431707,MA1714.1,-,1.56e-07,L1MB5,L1,LINE
chr3,30597267,30597288,MA1714.1,-,1.56e-07,MIR,MIR,SINE
chr9,42565508,42565529,MA1714.1,+,1.56e-07,THE1B-int,ERVL-MaLR,LTR
chr9,42936380,42936401,MA1714.1,-,1.56e-07,THE1B-int,ERVL-MaLR,LTR
chr9,66271716,66271737,MA1714.1,-,1.56e-07,THE1B-int,ERVL-MaLR,LTR
chr9,67213988,67214009,MA1714.1,+,1.56e-07,THE1B-int,ERVL-MaLR,LTR
chr9,69572971,69572992,MA1714.1,+,1.56e-07,THE1B-int,ERVL-MaLR,LTR
chr4,91833815,91833836,MA1714.1,+,1.56e-07,L1PA4,L1,LINE
chr2,95329973,95329994,MA1714.1,-,1.56e-07,THE1B-int,ERVL-MaLR,LTR
chr5,124321862,124321883,MA1714.1,-,1.56e-07,L1MB4,L1,LINE
chr2,130127857,130127878,MA1714.1,+,1.56e-07,AluY,Alu,SINE
chr7,11931830,11931851,MA1714.1,+,1.58e-07,MSTB-int,ERVL-MaLR,LTR
chr7,34416468,34416489,MA1714.1,+,1.58e-07,MSTB-int,ERVL-MaLR,LTR
chrX,68098576,68098597,MA1714.1,-,1.58e-07,MIRb,MIR,SINE
chr11,73383107,73383128,MA1714.1,-,1.58e-07,MSTB-int,ERVL-MaLR,LTR
chr16,89241953,89241974,MA1714.1,+,1.58e-07,MIRb,MIR,SINE
chr3,109575028,109575049,MA1714.1,-,1.58e-07,MSTC-int,ERVL-MaLR,LTR
chr3,142941004,142941025,MA1714.1,+,1.58e-07,LTR78,ERV1,LTR
chr6,165375915,165375936,MA1714.1,+,1.58e-07,MSTB-int,ERVL-MaLR,LTR
chr6,168587360,168587381,MA1714.1,-,1.58e-07,THE1D-int,ERVL-MaLR,LTR
chr3,183112860,183112881,MA1714.1,-,1.58e-07,MIRb,MIR,SINE
chr19,52700036,52700057,MA1714.1,-,1.59e-07,MLT1J,ERVL-MaLR,LTR
chr15,66985737,66985758,MA1714.1,-,1.59e-07,FAM,Alu,SINE
chr9,85300972,85300993,MA1714.1,-,1.59e-07,THE1C-int,ERVL-MaLR,LTR
chr4,158011779,158011800,MA1714.1,-,1.59e-07,Charlie1a,hAT-Charlie,DNA
chr2,170544643,170544664,MA1714.1,-,1.59e-07,THE1A-int,ERVL-MaLR,LTR
chr5,12731814,12731835,MA1714.1,-,1.6e-07,MSTA-int,ERVL-MaLR,LTR
chr8,58806752,58806773,MA1714.1,-,1.6e-07,L1MC3,L1,LINE
chr8,59094147,59094168,MA1714.1,-,1.6e-07,MER121,TcMar,DNA
chr5,63090995,63091016,MA1714.1,-,1.6e-07,THE1D-int,ERVL-MaLR,LTR
chr1,95351302,95351323,MA1714.1,+,1.6e-07,MIR,MIR,SINE
chr9,126013194,126013215,MA1714.1,+,1.6e-07,AluJo,Alu,SINE
chr8,140797519,140797540,MA1714.1,+,1.6e-07,L1ME1,L1,LINE
chr1,196708289,196708310,MA1714.1,-,1.6e-07,THE1C-int,ERVL-MaLR,LTR
chr1,196991912,196991933,MA1714.1,+,1.6e-07,THE1D-int,ERVL-MaLR,LTR
chr15,40954909,40954930,MA1714.1,+,1.62e-07,AluJb,Alu,SINE
chr11,45733207,45733228,MA1714.1,+,1.62e-07,L3,CR1,LINE
chr11,119310435,119310456,MA1714.1,-,1.62e-07,L1MB4,L1,LINE
chrX,132466671,132466692,MA1714.1,-,1.62e-07,AluSz,Alu,SINE
chr11,134925943,134925964,MA1714.1,-,1.62e-07,MIRb,MIR,SINE
chr1,150658925,150658946,MA1714.1,-,1.62e-07,AluJr,Alu,SINE
chr15,26072232,26072253,MA1714.1,+,1.63e-07,L1M4,L1,LINE
chrX,37716847,37716868,MA1714.1,-,1.63e-07,MSTA-int,ERVL-MaLR,LTR
chr10,42522858,42522879,MA1714.1,-,1.63e-07,ALR/Alpha,centr,Satellite
chrX,139218040,139218061,MA1714.1,+,1.63e-07,MIR,MIR,SINE
chr4,143261632,143261653,MA1714.1,-,1.63e-07,AluJr4,Alu,SINE
chr1,189339648,189339669,MA1714.1,-,1.63e-07,ERVL-E-int,ERVL,LTR
chr8,26352644,26352665,MA1714.1,+,1.65e-07,L1MEc,L1,LINE
chr15,39444018,39444039,MA1714.1,-,1.65e-07,MLT1D,ERVL-MaLR,LTR
chr13,61790418,61790439,MA1714.1,+,1.65e-07,SATR1,Satellite,Satellite
chr15,93725085,93725106,MA1714.1,+,1.65e-07,MIRb,MIR,SINE
chr5,107836109,107836130,MA1714.1,+,1.65e-07,MSTA-int,ERVL-MaLR,LTR
chr5,114120525,114120546,MA1714.1,-,1.65e-07,MER115,hAT-Tip100,DNA
chr2,116115575,116115596,MA1714.1,-,1.65e-07,THE1C-int,ERVL-MaLR,LTR
chr8,132205714,132205735,MA1714.1,-,1.65e-07,L1MC3,L1,LINE
chr2,151380065,151380086,MA1714.1,+,1.65e-07,THE1C-int,ERVL-MaLR,LTR
chr1,176594908,176594929,MA1714.1,+,1.65e-07,AluJr,Alu,SINE
chr1,5172158,5172179,MA1714.1,+,1.66e-07,MIR,MIR,SINE
chrX,63778986,63779007,MA1714.1,-,1.66e-07,AluJb,Alu,SINE
chr4,71424182,71424203,MA1714.1,+,1.66e-07,MIRc,MIR,SINE
chr6,90559723,90559744,MA1714.1,-,1.66e-07,L1MC4,L1,LINE
chr12,102104796,102104817,MA1714.1,+,1.66e-07,L1MA9,L1,LINE
chr17,7944611,7944632,MA1714.1,+,1.67e-07,MIRc,MIR,SINE
chr7,76757113,76757134,MA1714.1,-,1.67e-07,L1MEd,L1,LINE
chrX,126946171,126946192,MA1714.1,+,1.67e-07,THE1B-int,ERVL-MaLR,LTR
chr3,13427008,13427029,MA1714.1,-,1.69e-07,MIR3,MIR,SINE
chr8,31533300,31533321,MA1714.1,-,1.69e-07,MIRc,MIR,SINE
chr5,76547440,76547461,MA1714.1,-,1.69e-07,L1MEg,L1,LINE
chr5,142844480,142844501,MA1714.1,-,1.69e-07,MSTB2-int,ERVL-MaLR,LTR
chr4,176799782,176799803,MA1714.1,-,1.69e-07,THE1D-int,ERVL-MaLR,LTR
chr9,2698530,2698551,MA1714.1,+,1.7e-07,AluJo,Alu,SINE
chr5,5526739,5526760,MA1714.1,+,1.7e-07,THE1C-int,ERVL-MaLR,LTR
chr7,10441126,10441147,MA1714.1,-,1.7e-07,THE1D-int,ERVL-MaLR,LTR
chr11,12066508,12066529,MA1714.1,+,1.7e-07,MIRb,MIR,SINE
chr3,30521779,30521800,MA1714.1,+,1.7e-07,THE1C-int,ERVL-MaLR,LTR
chr14,53948390,53948411,MA1714.1,-,1.7e-07,MSTA-int,ERVL-MaLR,LTR
chr8,81327684,81327705,MA1714.1,-,1.7e-07,AluJb,Alu,SINE
chr1,106139747,106139768,MA1714.1,+,1.7e-07,THE1C-int,ERVL-MaLR,LTR
chr4,150936933,150936954,MA1714.1,-,1.7e-07,THE1D-int,ERVL-MaLR,LTR
chr1,152449352,152449373,MA1714.1,-,1.7e-07,THE1C-int,ERVL-MaLR,LTR
chr1,229270472,229270493,MA1714.1,+,1.7e-07,THE1C-int,ERVL-MaLR,LTR
chr1,11437667,11437688,MA1714.1,-,1.72e-07,AluJr,Alu,SINE
chrY,17070473,17070494,MA1714.1,+,1.72e-07,L1PA3,L1,LINE
chr5,37481706,37481727,MA1714.1,-,1.72e-07,THE1B-int,ERVL-MaLR,LTR
chrX,45111392,45111413,MA1714.1,-,1.72e-07,MSTB1-int,ERVL-MaLR,LTR
chr10,47659491,47659512,MA1714.1,-,1.72e-07,MIRc,MIR,SINE
chr2,49757554,49757575,MA1714.1,-,1.72e-07,THE1C-int,ERVL-MaLR,LTR
chr1,61431381,61431402,MA1714.1,-,1.72e-07,THE1C-int,ERVL-MaLR,LTR
chr8,128088721,128088742,MA1714.1,+,1.72e-07,MLT1A,ERVL-MaLR,LTR
chr7,142517359,142517380,MA1714.1,+,1.72e-07,L1MEc,L1,LINE
chr16,9641619,9641640,MA1714.1,+,1.73e-07,MIRb,MIR,SINE
chr12,17305792,17305813,MA1714.1,-,1.73e-07,THE1B-int,ERVL-MaLR,LTR
chr7,24696474,24696495,MA1714.1,-,1.73e-07,L1ME1,L1,LINE
chr5,25861591,25861612,MA1714.1,-,1.73e-07,THE1B-int,ERVL-MaLR,LTR
chr13,45865154,45865175,MA1714.1,-,1.73e-07,MIR,MIR,SINE
chr18,71592670,71592691,MA1714.1,+,1.73e-07,MIRb,MIR,SINE
chr5,78308689,78308710,MA1714.1,-,1.73e-07,MSTA-int,ERVL-MaLR,LTR
chr1,91218395,91218416,MA1714.1,-,1.73e-07,MIR,MIR,SINE
chr4,142888563,142888584,MA1714.1,+,1.73e-07,L1PA6,L1,LINE
chr9,34912191,34912212,MA1714.1,+,1.75e-07,L1MEf,L1,LINE
chr9,41947219,41947240,MA1714.1,+,1.75e-07,MSTA-int,ERVL-MaLR,LTR
chr9,44238248,44238269,MA1714.1,+,1.75e-07,MSTA-int,ERVL-MaLR,LTR
chr9,44409580,44409601,MA1714.1,-,1.75e-07,MSTA-int,ERVL-MaLR,LTR
chr9,46851478,46851499,MA1714.1,-,1.75e-07,MSTA-int,ERVL-MaLR,LTR
chr9,66561066,66561087,MA1714.1,-,1.75e-07,MSTA-int,ERVL-MaLR,LTR
chr11,98676378,98676399,MA1714.1,-,1.75e-07,L1P4,L1,LINE
chr8,133298035,133298056,MA1714.1,+,1.75e-07,MSTB2-int,ERVL-MaLR,LTR
chr1,2924014,2924035,MA1714.1,+,1.76e-07,MSTB-int,ERVL-MaLR,LTR
chr2,4011213,4011234,MA1714.1,+,1.76e-07,MIRb,MIR,SINE
chr3,9155925,9155946,MA1714.1,+,1.76e-07,MIRb,MIR,SINE
chr18,26594292,26594313,MA1714.1,+,1.76e-07,MIRb,MIR,SINE
chr17,29487350,29487371,MA1714.1,-,1.76e-07,AluSz,Alu,SINE
chr13,33147801,33147822,MA1714.1,+,1.76e-07,MER117,hAT-Charlie,DNA
chr10,53215031,53215052,MA1714.1,-,1.76e-07,THE1B-int,ERVL-MaLR,LTR
chr12,64428436,64428457,MA1714.1,-,1.76e-07,MIR,MIR,SINE
chr4,142703888,142703909,MA1714.1,-,1.76e-07,THE1C-int,ERVL-MaLR,LTR
chr7,156654105,156654126,MA1714.1,-,1.76e-07,THE1B-int,ERVL-MaLR,LTR
chr11,37325883,37325904,MA1714.1,-,1.78e-07,THE1B-int,ERVL-MaLR,LTR
chr15,40200848,40200869,MA1714.1,-,1.78e-07,MLT1K,ERVL-MaLR,LTR
chr9,45411506,45411527,MA1714.1,+,1.78e-07,AluSx,Alu,SINE
chr10,67883664,67883685,MA1714.1,-,1.78e-07,THE1B-int,ERVL-MaLR,LTR
chr11,79481582,79481603,MA1714.1,+,1.78e-07,MSTA-int,ERVL-MaLR,LTR
chr3,110389444,110389465,MA1714.1,+,1.78e-07,THE1B-int,ERVL-MaLR,LTR
chr10,14387488,14387509,MA1714.1,+,1.79e-07,L1MC3,L1,LINE
chr16,49557932,49557953,MA1714.1,+,1.79e-07,MIRb,MIR,SINE
chr16,68928785,68928806,MA1714.1,-,1.79e-07,L1MB5,L1,LINE
chr11,76205259,76205280,MA1714.1,+,1.79e-07,MER52A,ERV1,LTR
chr6,105366039,105366060,MA1714.1,+,1.79e-07,AluJb,Alu,SINE
chr4,117349275,117349296,MA1714.1,+,1.79e-07,MSTA-int,ERVL-MaLR,LTR
chrX,121291805,121291826,MA1714.1,+,1.79e-07,L1MC3,L1,LINE
chrX,136169638,136169659,MA1714.1,-,1.79e-07,AluJo,Alu,SINE
chr11,7014586,7014607,MA1714.1,-,1.81e-07,HAL1,L1,LINE
chr19,34729359,34729380,MA1714.1,-,1.81e-07,AluJb,Alu,SINE
chr13,55636234,55636255,MA1714.1,+,1.81e-07,L1MA9,L1,LINE
chr9,72903291,72903312,MA1714.1,-,1.81e-07,L1MC,L1,LINE
chr19,3888672,3888693,MA1714.1,+,1.82e-07,L3,CR1,LINE
chr7,31128210,31128231,MA1714.1,-,1.82e-07,L1MC4a,L1,LINE
chr1,71429861,71429882,MA1714.1,-,1.82e-07,THE1B-int,ERVL-MaLR,LTR
chr6,75550823,75550844,MA1714.1,+,1.82e-07,MSTA-int,ERVL-MaLR,LTR
chr7,84830094,84830115,MA1714.1,+,1.82e-07,THE1B-int,ERVL-MaLR,LTR
chr15,99816534,99816555,MA1714.1,+,1.82e-07,MER1A,hAT-Charlie,DNA
chr1,187147912,187147933,MA1714.1,-,1.82e-07,MSTA-int,ERVL-MaLR,LTR
chr20,6110227,6110248,MA1714.1,+,1.84e-07,MER82,TcMar-Tigger,DNA
chr14,24726111,24726132,MA1714.1,-,1.84e-07,MIRb,MIR,SINE
chr7,36814412,36814433,MA1714.1,-,1.84e-07,MLT2F,ERVL,LTR
chr18,39161426,39161447,MA1714.1,-,1.84e-07,MIR,MIR,SINE
chr20,49689891,49689912,MA1714.1,+,1.84e-07,MIRb,MIR,SINE
chr12,50200639,50200660,MA1714.1,+,1.84e-07,MIRb,MIR,SINE
chr3,59924120,59924141,MA1714.1,+,1.84e-07,L1MA9,L1,LINE
chr3,67154199,67154220,MA1714.1,+,1.84e-07,MSTA-int,ERVL-MaLR,LTR
chr8,94394128,94394149,MA1714.1,-,1.84e-07,THE1A-int,ERVL-MaLR,LTR
chr13,113093692,113093713,MA1714.1,-,1.84e-07,L1MEg,L1,LINE
chrX,124592050,124592071,MA1714.1,-,1.84e-07,L1MA9,L1,LINE
chr4,138742112,138742133,MA1714.1,-,1.84e-07,MLT1C,ERVL-MaLR,LTR
chr5,33819447,33819468,MA1714.1,-,1.86e-07,L1MA9,L1,LINE
chr9,117271153,117271174,MA1714.1,-,1.86e-07,MIR,MIR,SINE
chr4,121940849,121940870,MA1714.1,-,1.86e-07,L1MC3,L1,LINE
chr11,125198644,125198665,MA1714.1,+,1.86e-07,MIRc,MIR,SINE
chr11,16268587,16268608,MA1714.1,-,1.87e-07,L1MA3,L1,LINE
chr13,26012703,26012724,MA1714.1,+,1.87e-07,AluJr,Alu,SINE
chr6,27497867,27497888,MA1714.1,-,1.87e-07,L1MA9,L1,LINE
chr15,29102748,29102769,MA1714.1,-,1.87e-07,L1MA9,L1,LINE
chr6,62351847,62351868,MA1714.1,-,1.87e-07,MIR3,MIR,SINE
chr6,70288397,70288418,MA1714.1,+,1.87e-07,L1M5,L1,LINE
chr1,158374938,158374959,MA1714.1,+,1.87e-07,L1MC2,L1,LINE
chr4,161608193,161608214,MA1714.1,+,1.87e-07,L1PA15,L1,LINE
chr5,166872583,166872604,MA1714.1,-,1.87e-07,MIRb,MIR,SINE
chr1,238374622,238374643,MA1714.1,+,1.87e-07,L1M5,L1,LINE
chr11,17506001,17506022,MA1714.1,+,1.89e-07,MLT1A0,ERVL-MaLR,LTR
chr5,19607622,19607643,MA1714.1,+,1.89e-07,L1MEg,L1,LINE
chr4,45071585,45071606,MA1714.1,+,1.89e-07,MSTA-int,ERVL-MaLR,LTR
chr1,45357254,45357275,MA1714.1,+,1.89e-07,L1ME3A,L1,LINE
chr7,48824318,48824339,MA1714.1,-,1.89e-07,AluJr4,Alu,SINE
chr3,62412238,62412259,MA1714.1,-,1.89e-07,MIR,MIR,SINE
chr9,75880790,75880811,MA1714.1,+,1.89e-07,MSTB2-int,ERVL-MaLR,LTR
chr1,191878304,191878325,MA1714.1,-,1.89e-07,THE1C-int,ERVL-MaLR,LTR
chr1,241495846,241495867,MA1714.1,+,1.89e-07,L3,CR1,LINE
chr12,18862214,18862235,MA1714.1,-,1.9e-07,L1MA9,L1,LINE
chr18,23404341,23404362,MA1714.1,-,1.9e-07,MLT1E2,ERVL-MaLR,LTR
chr10,37043605,37043626,MA1714.1,+,1.9e-07,L1MC3,L1,LINE
chr12,43848850,43848871,MA1714.1,-,1.9e-07,L1MB2,L1,LINE
chr19,46041083,46041104,MA1714.1,+,1.9e-07,L1ME3E,L1,LINE
chr16,48421849,48421870,MA1714.1,+,1.9e-07,AluJr,Alu,SINE
chrX,64358244,64358265,MA1714.1,-,1.9e-07,L1MA8,L1,LINE
chr12,92703809,92703830,MA1714.1,-,1.9e-07,L1MC3,L1,LINE
chr11,93990742,93990763,MA1714.1,-,1.9e-07,L1MA6,L1,LINE
chr13,94826629,94826650,MA1714.1,+,1.9e-07,X1_LINE,CR1,LINE
chr6,116548419,116548440,MA1714.1,-,1.9e-07,L1MA8,L1,LINE
chr3,164694829,164694850,MA1714.1,-,1.9e-07,L1MA6,L1,LINE
chr1,230900543,230900564,MA1714.1,+,1.9e-07,L1MC3,L1,LINE
chr2,11078707,11078728,MA1714.1,-,1.92e-07,MSTA-int,ERVL-MaLR,LTR
chrX,37155199,37155220,MA1714.1,-,1.92e-07,MSTA-int,ERVL-MaLR,LTR
chr1,43574746,43574767,MA1714.1,-,1.92e-07,MSTA-int,ERVL-MaLR,LTR
chr15,54942075,54942096,MA1714.1,-,1.92e-07,MSTA-int,ERVL-MaLR,LTR
chr8,80644727,80644748,MA1714.1,-,1.92e-07,MSTA-int,ERVL-MaLR,LTR
chr9,91891162,91891183,MA1714.1,-,1.92e-07,THE1D-int,ERVL-MaLR,LTR
chrX,93560074,93560095,MA1714.1,-,1.92e-07,MSTB-int,ERVL-MaLR,LTR
chr4,95838017,95838038,MA1714.1,+,1.92e-07,MSTA-int,ERVL-MaLR,LTR
chr13,108801129,108801150,MA1714.1,-,1.92e-07,L1MC3,L1,LINE
chr2,113911061,113911082,MA1714.1,-,1.92e-07,L1MEf,L1,LINE
chr3,30840985,30841006,MA1714.1,-,1.94e-07,THE1A-int,ERVL-MaLR,LTR
chr13,85601707,85601728,MA1714.1,-,1.94e-07,MSTA-int,ERVL-MaLR,LTR
chr13,87946200,87946221,MA1714.1,+,1.94e-07,MLT2E,ERVL,LTR
chr5,127976797,127976818,MA1714.1,+,1.94e-07,LTR78,ERV1,LTR
chr14,24434224,24434245,MA1714.1,+,1.95e-07,L1MC4,L1,LINE
chr14,24469339,24469360,MA1714.1,+,1.95e-07,L1MC4,L1,LINE
chr11,36142546,36142567,MA1714.1,+,1.95e-07,MLT1A0,ERVL-MaLR,LTR
chr14,71410470,71410491,MA1714.1,+,1.95e-07,THE1C-int,ERVL-MaLR,LTR
chr5,88886791,88886812,MA1714.1,+,1.95e-07,THE1A-int,ERVL-MaLR,LTR
chr2,214194527,214194548,MA1714.1,+,1.95e-07,THE1B-int,ERVL-MaLR,LTR
chr7,3330178,3330199,MA1714.1,+,1.97e-07,L3,CR1,LINE
chr21,25072499,25072520,MA1714.1,+,1.97e-07,THE1C-int,ERVL-MaLR,LTR
chr6,54646234,54646255,MA1714.1,+,1.97e-07,L1MA7,L1,LINE
chr9,25830612,25830633,MA1714.1,-,1.99e-07,ERVL-E-int,ERVL,LTR
chr2,176341775,176341796,MA1714.1,-,1.99e-07,LTR33A,ERVL,LTR
chr6,4507158,4507179,MA1714.1,-,2e-07,THE1D-int,ERVL-MaLR,LTR
chr7,4938741,4938762,MA1714.1,+,2e-07,MLT1A0,ERVL-MaLR,LTR
chr2,17690884,17690905,MA1714.1,-,2e-07,L1M6,L1,LINE
chr12,59821170,59821191,MA1714.1,-,2e-07,MLT1A1,ERVL-MaLR,LTR
chr3,61621443,61621464,MA1714.1,-,2e-07,MIR,MIR,SINE
chr14,101091538,101091559,MA1714.1,-,2e-07,MLT1A,ERVL-MaLR,LTR
chr6,141068419,141068440,MA1714.1,+,2e-07,THE1B-int,ERVL-MaLR,LTR
chr1,191879553,191879574,MA1714.1,-,2e-07,THE1D-int,ERVL-MaLR,LTR
chr7,57561219,57561240,MA1714.1,-,2.02e-07,MLT1F1-int,ERVL-MaLR,LTR
chrX,58016696,58016717,MA1714.1,+,2.02e-07,MER52C,ERV1,LTR
chr3,59481749,59481770,MA1714.1,+,2.02e-07,MLT1I,ERVL-MaLR,LTR
chr5,101921803,101921824,MA1714.1,+,2.02e-07,MIRb,MIR,SINE
chr12,124711656,124711677,MA1714.1,+,2.02e-07,L1MB5,L1,LINE
chr3,197297339,197297360,MA1714.1,+,2.02e-07,THE1B-int,ERVL-MaLR,LTR
chr13,22016363,22016384,MA1714.1,-,2.04e-07,L1MC4a,L1,LINE
chr5,53029004,53029025,MA1714.1,+,2.04e-07,L1MC4a,L1,LINE
chr5,79759294,79759315,MA1714.1,-,2.04e-07,THE1D-int,ERVL-MaLR,LTR
chr6,83658886,83658907,MA1714.1,+,2.04e-07,L1MA3,L1,LINE
chr9,125985726,125985747,MA1714.1,+,2.04e-07,L1MC2,L1,LINE
chr11,33387053,33387074,MA1714.1,-,2.06e-07,Tigger6a,TcMar-Tigger,DNA
chr6,78458256,78458277,MA1714.1,-,2.06e-07,THE1C-int,ERVL-MaLR,LTR
chr3,111364206,111364227,MA1714.1,+,2.06e-07,L1PB1,L1,LINE
chr2,187094401,187094422,MA1714.1,+,2.06e-07,MSTA-int,ERVL-MaLR,LTR
chr2,196948219,196948240,MA1714.1,+,2.06e-07,THE1A-int,ERVL-MaLR,LTR
chr1,7999702,7999723,MA1714.1,-,2.07e-07,MIR,MIR,SINE
chr7,37180960,37180981,MA1714.1,+,2.07e-07,L1PB1,L1,LINE
chr3,72819596,72819617,MA1714.1,+,2.07e-07,L3,CR1,LINE
chr4,84268320,84268341,MA1714.1,-,2.07e-07,THE1C-int,ERVL-MaLR,LTR
chr3,88613190,88613211,MA1714.1,-,2.07e-07,THE1-int,ERVL-MaLR,LTR
chr4,93495791,93495812,MA1714.1,-,2.07e-07,L1PA11,L1,LINE
chr5,98542603,98542624,MA1714.1,-,2.07e-07,SATR1,Satellite,Satellite
chr8,126039848,126039869,MA1714.1,+,2.07e-07,L1PB1,L1,LINE
chr6,3515708,3515729,MA1714.1,-,2.09e-07,AluSc,Alu,SINE
chr19,47089628,47089649,MA1714.1,+,2.09e-07,L1M4,L1,LINE
chr7,52303362,52303383,MA1714.1,+,2.09e-07,MSTA-int,ERVL-MaLR,LTR
chr15,53073719,53073740,MA1714.1,+,2.09e-07,MIRc,MIR,SINE
chr16,65575404,65575425,MA1714.1,-,2.09e-07,L1MC3,L1,LINE
chrX,68208666,68208687,MA1714.1,-,2.09e-07,MIRb,MIR,SINE
chr17,71515713,71515734,MA1714.1,-,2.09e-07,MIRb,MIR,SINE
chr10,119501681,119501702,MA1714.1,+,2.09e-07,MIR,MIR,SINE
chrUn_gl000223,7433,7454,MA1714.1,+,2.11e-07,L1MC1,L1,LINE
chr4,44417535,44417556,MA1714.1,+,2.11e-07,MSTB-int,ERVL-MaLR,LTR
chr14,86642693,86642714,MA1714.1,+,2.11e-07,L1MEb,L1,LINE
chr12,133675210,133675231,MA1714.1,-,2.11e-07,L1MCa,L1,LINE
chr19,30174975,30174996,MA1714.1,-,2.13e-07,AluJb,Alu,SINE
chr18,42891304,42891325,MA1714.1,-,2.13e-07,MIR,MIR,SINE
chr12,75948800,75948821,MA1714.1,-,2.13e-07,MIRb,MIR,SINE
chr5,82312846,82312867,MA1714.1,-,2.13e-07,L3,CR1,LINE
chr5,112123208,112123229,MA1714.1,-,2.13e-07,L1M5,L1,LINE
chr7,123794841,123794862,MA1714.1,+,2.13e-07,FLAM_C,Alu,SINE
chr5,164313167,164313188,MA1714.1,-,2.13e-07,LTR78B,ERV1,LTR
chr18,8241304,8241325,MA1714.1,+,2.14e-07,AluSz6,Alu,SINE
chr16,64847873,64847894,MA1714.1,+,2.14e-07,L1ME4a,L1,LINE
chr8,140955200,140955221,MA1714.1,+,2.14e-07,L1MEb,L1,LINE
chr1,243008582,243008603,MA1714.1,-,2.14e-07,L1MA10,L1,LINE
chr8,52356014,52356035,MA1714.1,-,2.16e-07,Charlie1,hAT-Charlie,DNA
chr3,71086269,71086290,MA1714.1,+,2.16e-07,MIRb,MIR,SINE
chr9,77602533,77602554,MA1714.1,+,2.16e-07,L1ME1,L1,LINE
chr14,93164604,93164625,MA1714.1,+,2.16e-07,L1MC3,L1,LINE
chr11,98820659,98820680,MA1714.1,-,2.16e-07,L1MC4,L1,LINE
chrX,144829929,144829950,MA1714.1,-,2.16e-07,THE1C-int,ERVL-MaLR,LTR
chr3,178558557,178558578,MA1714.1,-,2.16e-07,THE1D-int,ERVL-MaLR,LTR
chr9,12535143,12535164,MA1714.1,-,2.18e-07,THE1B-int,ERVL-MaLR,LTR
chr21,19291876,19291897,MA1714.1,-,2.18e-07,THE1B-int,ERVL-MaLR,LTR
chr14,44846432,44846453,MA1714.1,-,2.18e-07,THE1B-int,ERVL-MaLR,LTR
chr2,49959610,49959631,MA1714.1,-,2.18e-07,THE1B-int,ERVL-MaLR,LTR
chr8,76979483,76979504,MA1714.1,+,2.18e-07,L1MA9,L1,LINE
chr1,79205301,79205322,MA1714.1,+,2.18e-07,THE1B-int,ERVL-MaLR,LTR
chr12,82391442,82391463,MA1714.1,-,2.18e-07,THE1B-int,ERVL-MaLR,LTR
chr1,84064935,84064956,MA1714.1,-,2.18e-07,THE1D-int,ERVL-MaLR,LTR
chr3,86582800,86582821,MA1714.1,-,2.18e-07,MSTB-int,ERVL-MaLR,LTR
chr14,88072800,88072821,MA1714.1,-,2.18e-07,THE1B-int,ERVL-MaLR,LTR
chrX,99400000,99400021,MA1714.1,+,2.18e-07,THE1C-int,ERVL-MaLR,LTR
chr5,107789451,107789472,MA1714.1,+,2.18e-07,THE1B-int,ERVL-MaLR,LTR
chr10,108020203,108020224,MA1714.1,+,2.18e-07,L1MC1,L1,LINE
chr2,118291340,118291361,MA1714.1,+,2.18e-07,MSTA-int,ERVL-MaLR,LTR
chr2,177637682,177637703,MA1714.1,+,2.18e-07,THE1B-int,ERVL-MaLR,LTR
chr1,190387416,190387437,MA1714.1,-,2.18e-07,AluJb,Alu,SINE
chr3,190939658,190939679,MA1714.1,+,2.18e-07,THE1C-int,ERVL-MaLR,LTR
chr4,11877914,11877935,MA1714.1,-,2.2e-07,THE1D-int,ERVL-MaLR,LTR
chr1,11921929,11921950,MA1714.1,+,2.2e-07,MLT1D,ERVL-MaLR,LTR
chr5,32459231,32459252,MA1714.1,-,2.2e-07,THE1D-int,ERVL-MaLR,LTR
chr15,40042713,40042734,MA1714.1,+,2.2e-07,L1MA9,L1,LINE
chr2,43032826,43032847,MA1714.1,+,2.2e-07,L1MEg,L1,LINE
chr7,91382050,91382071,MA1714.1,+,2.2e-07,L1PA8A,L1,LINE
chr8,100916611,100916632,MA1714.1,-,2.2e-07,MIRc,MIR,SINE
chr7,112881622,112881643,MA1714.1,+,2.2e-07,MSTA-int,ERVL-MaLR,LTR
chrX,123908239,123908260,MA1714.1,+,2.2e-07,L1MEe,L1,LINE
chr8,130724395,130724416,MA1714.1,+,2.2e-07,MIRb,MIR,SINE
chrX,139059203,139059224,MA1714.1,+,2.2e-07,MER65A,ERV1,LTR
chr6_dbb_hap3,3076035,3076056,MA1714.1,+,2.22e-07,MIRc,MIR,SINE
chr6_qbl_hap6,3084098,3084119,MA1714.1,+,2.22e-07,MIRc,MIR,SINE
chr6_apd_hap1,3105212,3105233,MA1714.1,+,2.22e-07,MIRc,MIR,SINE
chr6_cox_hap2,3300031,3300052,MA1714.1,+,2.22e-07,MIRc,MIR,SINE
chr6,31790448,31790469,MA1714.1,+,2.22e-07,MIRc,MIR,SINE
chr8,38898342,38898363,MA1714.1,+,2.22e-07,L1MA9,L1,LINE
chr13,46573304,46573325,MA1714.1,+,2.22e-07,AluJr,Alu,SINE
chr8,49549731,49549752,MA1714.1,-,2.22e-07,L1MC3,L1,LINE
chr4,53140882,53140903,MA1714.1,+,2.22e-07,L1PREC2,L1,LINE
chr19,58204789,58204810,MA1714.1,+,2.22e-07,AluSg,Alu,SINE
chr16,79989212,79989233,MA1714.1,-,2.22e-07,MIRb,MIR,SINE
chr7,93461502,93461523,MA1714.1,+,2.22e-07,AluSx,Alu,SINE
chr10,95593589,95593610,MA1714.1,-,2.22e-07,MSTA-int,ERVL-MaLR,LTR
chr8,101726881,101726902,MA1714.1,+,2.22e-07,AluSz,Alu,SINE
chr8,112559834,112559855,MA1714.1,+,2.22e-07,MIRc,MIR,SINE
chr8,124457917,124457938,MA1714.1,-,2.22e-07,AluSz,Alu,SINE
chr8,692888,692909,MA1714.1,+,2.24e-07,MIR,MIR,SINE
chr10,55990904,55990925,MA1714.1,+,2.24e-07,MSTA-int,ERVL-MaLR,LTR
chr20,57137105,57137126,MA1714.1,+,2.24e-07,L1MEf,L1,LINE
chr4,72490000,72490021,MA1714.1,-,2.24e-07,THE1B-int,ERVL-MaLR,LTR
chr8,112376962,112376983,MA1714.1,-,2.24e-07,THE1A-int,ERVL-MaLR,LTR
chr4,161030690,161030711,MA1714.1,-,2.24e-07,MSTA-int,ERVL-MaLR,LTR
chr20,31210914,31210935,MA1714.1,-,2.26e-07,MIRb,MIR,SINE
chr7,32596575,32596596,MA1714.1,-,2.26e-07,L1MC4,L1,LINE
chr17,67356629,67356650,MA1714.1,+,2.26e-07,L1MA4A,L1,LINE
chr15,75066770,75066791,MA1714.1,+,2.26e-07,MIR,MIR,SINE
chr3,103156730,103156751,MA1714.1,-,2.26e-07,THE1D-int,ERVL-MaLR,LTR
chr2,145722921,145722942,MA1714.1,+,2.26e-07,THE1C-int,ERVL-MaLR,LTR
chr4,173937038,173937059,MA1714.1,+,2.26e-07,THE1C-int,ERVL-MaLR,LTR
chr4,174557067,174557088,MA1714.1,-,2.26e-07,L1MEc,L1,LINE
chr12,6372124,6372145,MA1714.1,+,2.27e-07,LTR85a,Gypsy,LTR
chr17,31544779,31544800,MA1714.1,+,2.27e-07,MIRb,MIR,SINE
chr12,33170142,33170163,MA1714.1,+,2.27e-07,THE1B-int,ERVL-MaLR,LTR
chr9,116954140,116954161,MA1714.1,+,2.27e-07,MIR,MIR,SINE
chr12,126233394,126233415,MA1714.1,+,2.27e-07,THE1D-int,ERVL-MaLR,LTR
chr1,219481833,219481854,MA1714.1,+,2.27e-07,THE1A-int,ERVL-MaLR,LTR
chr8,15553663,15553684,MA1714.1,+,2.29e-07,THE1B-int,ERVL-MaLR,LTR
chr18,70591432,70591453,MA1714.1,-,2.29e-07,MSTA-int,ERVL-MaLR,LTR
chr18,70929824,70929845,MA1714.1,-,2.29e-07,L1MEe,L1,LINE
chr5,86615480,86615501,MA1714.1,-,2.29e-07,MSTA-int,ERVL-MaLR,LTR
chrX,90638444,90638465,MA1714.1,+,2.29e-07,MSTA-int,ERVL-MaLR,LTR
chr10,94914069,94914090,MA1714.1,+,2.29e-07,L1MB5,L1,LINE
chrX,117129618,117129639,MA1714.1,-,2.29e-07,L1MB5,L1,LINE
chr5,159027551,159027572,MA1714.1,-,2.29e-07,MSTB-int,ERVL-MaLR,LTR
chr9,15712932,15712953,MA1714.1,-,2.31e-07,ERVL-E-int,ERVL,LTR
chr11,21913611,21913632,MA1714.1,+,2.31e-07,MIR,MIR,SINE
chr14,49718933,49718954,MA1714.1,+,2.31e-07,L1PA15,L1,LINE
chr7,53697624,53697645,MA1714.1,+,2.31e-07,L1MB1,L1,LINE
chr18,77761031,77761052,MA1714.1,+,2.31e-07,THE1B-int,ERVL-MaLR,LTR
chr13,81768726,81768747,MA1714.1,-,2.31e-07,THE1C-int,ERVL-MaLR,LTR
chr13,92212233,92212254,MA1714.1,+,2.31e-07,ERVL-E-int,ERVL,LTR
chr8,105580375,105580396,MA1714.1,+,2.31e-07,L1MB7,L1,LINE
chr1,111876308,111876329,MA1714.1,-,2.31e-07,L1MA4A,L1,LINE
chr10,115026240,115026261,MA1714.1,-,2.31e-07,MIRb,MIR,SINE
chr12,125520183,125520204,MA1714.1,-,2.31e-07,AluJb,Alu,SINE
chr8,144740588,144740609,MA1714.1,-,2.31e-07,MSTC-int,ERVL-MaLR,LTR
chr5,97568,97589,MA1714.1,-,2.33e-07,L1MB5,L1,LINE
chr3,2148317,2148338,MA1714.1,-,2.33e-07,THE1C-int,ERVL-MaLR,LTR
chr9,4130411,4130432,MA1714.1,+,2.33e-07,MSTA-int,ERVL-MaLR,LTR
chrY,4320863,4320884,MA1714.1,+,2.33e-07,THE1B-int,ERVL-MaLR,LTR
chr5,9027362,9027383,MA1714.1,+,2.33e-07,THE1C-int,ERVL-MaLR,LTR
chr12,39951414,39951435,MA1714.1,+,2.33e-07,THE1D-int,ERVL-MaLR,LTR
chr13,48276990,48277011,MA1714.1,+,2.33e-07,ERVL-E-int,ERVL,LTR
chrX,50949675,50949696,MA1714.1,+,2.33e-07,THE1B-int,ERVL-MaLR,LTR
chrX,90125437,90125458,MA1714.1,+,2.33e-07,THE1B-int,ERVL-MaLR,LTR
chr11,95209381,95209402,MA1714.1,-,2.33e-07,Tigger4,TcMar-Tigger,DNA
chr6,101503540,101503561,MA1714.1,-,2.33e-07,MSTB-int,ERVL-MaLR,LTR
chr10,111808725,111808746,MA1714.1,+,2.33e-07,THE1B-int,ERVL-MaLR,LTR
chr3,112682711,112682732,MA1714.1,+,2.33e-07,THE1B-int,ERVL-MaLR,LTR
chr3,192850429,192850450,MA1714.1,+,2.33e-07,MIRc,MIR,SINE
chr6,39251279,39251300,MA1714.1,+,2.35e-07,MLT1G3,ERVL-MaLR,LTR
chr14,44766494,44766515,MA1714.1,-,2.35e-07,MSTA-int,ERVL-MaLR,LTR
chr12,90555846,90555867,MA1714.1,-,2.35e-07,MSTA-int,ERVL-MaLR,LTR
chr10,109944093,109944114,MA1714.1,+,2.35e-07,THE1D-int,ERVL-MaLR,LTR
chr2,119034760,119034781,MA1714.1,+,2.35e-07,MER39B,ERV1,LTR
chr12,121420728,121420749,MA1714.1,-,2.35e-07,MIRc,MIR,SINE
chr3,130028294,130028315,MA1714.1,-,2.35e-07,L1MEg,L1,LINE
chr6,140341819,140341840,MA1714.1,-,2.35e-07,MSTA-int,ERVL-MaLR,LTR
chr2,189740440,189740461,MA1714.1,+,2.35e-07,LTR81B,Gypsy,LTR
chr2,231436413,231436434,MA1714.1,-,2.35e-07,MSTA-int,ERVL-MaLR,LTR
chr9,2200589,2200610,MA1714.1,-,2.37e-07,MSTA-int,ERVL-MaLR,LTR
chr20,3075244,3075265,MA1714.1,+,2.37e-07,AluJo,Alu,SINE
chr12,57155838,57155859,MA1714.1,+,2.37e-07,L1MB7,L1,LINE
chr10,60490629,60490650,MA1714.1,-,2.37e-07,MSTA-int,ERVL-MaLR,LTR
chr16,61232447,61232468,MA1714.1,+,2.37e-07,THE1B-int,ERVL-MaLR,LTR
chr12,84252830,84252851,MA1714.1,-,2.37e-07,L1MA8,L1,LINE
chr12,98845706,98845727,MA1714.1,+,2.37e-07,AluSx1,Alu,SINE
chr3,104350309,104350330,MA1714.1,-,2.37e-07,MSTA-int,ERVL-MaLR,LTR
chr6,160628663,160628684,MA1714.1,-,2.37e-07,THE1B-int,ERVL-MaLR,LTR
chr3,172821445,172821466,MA1714.1,-,2.37e-07,MSTA-int,ERVL-MaLR,LTR
chr3,7529127,7529148,MA1714.1,+,2.39e-07,MSTB2-int,ERVL-MaLR,LTR
chr15,46919310,46919331,MA1714.1,+,2.39e-07,THE1C-int,ERVL-MaLR,LTR
chrX,53511428,53511449,MA1714.1,-,2.39e-07,ERVL-E-int,ERVL,LTR
chr8,55111876,55111897,MA1714.1,-,2.39e-07,AluJb,Alu,SINE
chr2,68160471,68160492,MA1714.1,+,2.39e-07,MSTD-int,ERVL-MaLR,LTR
chr12,71177227,71177248,MA1714.1,-,2.39e-07,MER52A,ERV1,LTR
chr5,22088711,22088732,MA1714.1,+,2.41e-07,L1MB8,L1,LINE
chr21,27833415,27833436,MA1714.1,+,2.41e-07,MIR,MIR,SINE
chr22,41286757,41286778,MA1714.1,+,2.41e-07,AluJb,Alu,SINE
chr4,54025394,54025415,MA1714.1,-,2.41e-07,MIRb,MIR,SINE
chr15,84065895,84065916,MA1714.1,-,2.41e-07,AluJr,Alu,SINE
chr11,91623688,91623709,MA1714.1,-,2.41e-07,MIR,MIR,SINE
chr6,100085708,100085729,MA1714.1,-,2.41e-07,THE1B-int,ERVL-MaLR,LTR
chr3,109791047,109791068,MA1714.1,+,2.41e-07,MSTB-int,ERVL-MaLR,LTR
chr7,113215029,113215050,MA1714.1,+,2.41e-07,L1MC4,L1,LINE
chr11,120688654,120688675,MA1714.1,-,2.41e-07,MIRb,MIR,SINE
chr5,149363249,149363270,MA1714.1,-,2.41e-07,AluJr,Alu,SINE
chr1,156342654,156342675,MA1714.1,-,2.41e-07,AluJb,Alu,SINE
chr20,11416970,11416991,MA1714.1,-,2.43e-07,THE1B-int,ERVL-MaLR,LTR
chr2,12363770,12363791,MA1714.1,+,2.43e-07,THE1C-int,ERVL-MaLR,LTR
chr2,77979056,77979077,MA1714.1,-,2.43e-07,L1MEc,L1,LINE
chr13,82149400,82149421,MA1714.1,-,2.43e-07,L1MC1,L1,LINE
chrX,127116369,127116390,MA1714.1,-,2.43e-07,L1MC1,L1,LINE
chr12,4523271,4523292,MA1714.1,-,2.45e-07,MIRb,MIR,SINE
chr5,15932313,15932334,MA1714.1,+,2.45e-07,MIR,MIR,SINE
chr4,22228140,22228161,MA1714.1,-,2.45e-07,MIRb,MIR,SINE
chr13,24055718,24055739,MA1714.1,-,2.45e-07,L1MB7,L1,LINE
chr11,36159832,36159853,MA1714.1,+,2.45e-07,MIR,MIR,SINE
chr11,42116610,42116631,MA1714.1,+,2.45e-07,THE1B-int,ERVL-MaLR,LTR
chr3,53578936,53578957,MA1714.1,+,2.45e-07,MIRb,MIR,SINE
chr4,73823254,73823275,MA1714.1,-,2.45e-07,MIR,MIR,SINE
chrX,76177718,76177739,MA1714.1,-,2.45e-07,L1PA15,L1,LINE
chr14,95733245,95733266,MA1714.1,+,2.45e-07,L1MA4,L1,LINE
chr9,100587185,100587206,MA1714.1,+,2.45e-07,L1MC2,L1,LINE
chr12,116672703,116672724,MA1714.1,-,2.45e-07,AluSz,Alu,SINE
chr1,116959722,116959743,MA1714.1,+,2.45e-07,MIRb,MIR,SINE
chr9,116961174,116961195,MA1714.1,+,2.45e-07,MIRb,MIR,SINE
chr2,119901009,119901030,MA1714.1,+,2.45e-07,MIR,MIR,SINE
chr3,146686244,146686265,MA1714.1,+,2.45e-07,MLT1D-int,ERVL-MaLR,LTR
chrY,4765220,4765241,MA1714.1,+,2.47e-07,L1PA15,L1,LINE
chr21,10994058,10994079,MA1714.1,-,2.47e-07,AluSz,Alu,SINE
chr6,12566824,12566845,MA1714.1,+,2.47e-07,L1PB1,L1,LINE
chr15,23745876,23745897,MA1714.1,+,2.47e-07,MLT1A0-int,ERVL-MaLR,LTR
chr12,29984305,29984326,MA1714.1,-,2.47e-07,MSTA-int,ERVL-MaLR,LTR
chr15,31149041,31149062,MA1714.1,-,2.47e-07,MLT1A0-int,ERVL-MaLR,LTR
chrX,34875538,34875559,MA1714.1,-,2.47e-07,L1MCa,L1,LINE
chr3,45724399,45724420,MA1714.1,-,2.47e-07,MLT1D,ERVL-MaLR,LTR
chr14,52476503,52476524,MA1714.1,+,2.47e-07,AluSx,Alu,SINE
chr4,61141198,61141219,MA1714.1,-,2.47e-07,L1MA9,L1,LINE
chrX,90912676,90912697,MA1714.1,+,2.47e-07,L1PA15,L1,LINE
chr7,91100132,91100153,MA1714.1,-,2.47e-07,L1PB1,L1,LINE
chr4,133287991,133288012,MA1714.1,-,2.47e-07,MSTA-int,ERVL-MaLR,LTR
chr4,139991072,139991093,MA1714.1,-,2.47e-07,AluJo,Alu,SINE
chr1,60837505,60837526,MA1714.1,+,2.49e-07,MSTB-int,ERVL-MaLR,LTR
chr1,66441294,66441315,MA1714.1,+,2.49e-07,MSTA-int,ERVL-MaLR,LTR
chr9,73318818,73318839,MA1714.1,-,2.49e-07,AluJo,Alu,SINE
chr9,73336811,73336832,MA1714.1,-,2.49e-07,AluJo,Alu,SINE
chr2,78084017,78084038,MA1714.1,+,2.49e-07,MSTA-int,ERVL-MaLR,LTR
chr1,101355887,101355908,MA1714.1,-,2.49e-07,THE1D-int,ERVL-MaLR,LTR
chr4,112727925,112727946,MA1714.1,-,2.49e-07,MamGypLTR1c,Gypsy,LTR
chr10,126197529,126197550,MA1714.1,-,2.49e-07,L1PA15,L1,LINE
chr1,190042670,190042691,MA1714.1,-,2.49e-07,L1M2,L1,LINE
chr6,249612,249633,MA1714.1,-,2.51e-07,L1MA3,L1,LINE
chr7,28719658,28719679,MA1714.1,+,2.51e-07,MER96,hAT,DNA
chr7,32191812,32191833,MA1714.1,+,2.51e-07,MIRc,MIR,SINE
chr3,55904637,55904658,MA1714.1,-,2.51e-07,MIRb,MIR,SINE
chr3,72126848,72126869,MA1714.1,-,2.51e-07,MLT1D-int,ERVL-MaLR,LTR
chr11,80382737,80382758,MA1714.1,-,2.51e-07,L1MA4,L1,LINE
chr13,104525190,104525211,MA1714.1,-,2.51e-07,MSTA-int,ERVL-MaLR,LTR
chr5,156967867,156967888,MA1714.1,-,2.51e-07,L3,CR1,LINE
chr3,19037908,19037929,MA1714.1,-,2.54e-07,THE1B-int,ERVL-MaLR,LTR
chr9,25620294,25620315,MA1714.1,-,2.54e-07,THE1B-int,ERVL-MaLR,LTR
chr11,39472075,39472096,MA1714.1,-,2.54e-07,THE1C-int,ERVL-MaLR,LTR
chr4,57474672,57474693,MA1714.1,+,2.54e-07,MLT1A1-int,ERVL-MaLR,LTR
chr9,74290160,74290181,MA1714.1,+,2.54e-07,MLT1A0-int,ERVL-MaLR,LTR
chr6,87428821,87428842,MA1714.1,-,2.54e-07,THE1D-int,ERVL-MaLR,LTR
chrX,96416966,96416987,MA1714.1,-,2.54e-07,L1MEd,L1,LINE
chr5,115665396,115665417,MA1714.1,-,2.54e-07,THE1B-int,ERVL-MaLR,LTR
chr3,155642412,155642433,MA1714.1,+,2.54e-07,L1MEe,L1,LINE
chr6,3463530,3463551,MA1714.1,+,2.56e-07,L1MC3,L1,LINE
chr8,5604958,5604979,MA1714.1,-,2.56e-07,L1MC3,L1,LINE
chr21,19455396,19455417,MA1714.1,+,2.56e-07,MSTA-int,ERVL-MaLR,LTR
chr12,20939711,20939732,MA1714.1,+,2.56e-07,THE1B-int,ERVL-MaLR,LTR
chr21,23659810,23659831,MA1714.1,+,2.56e-07,MSTA-int,ERVL-MaLR,LTR
chrX,26501399,26501420,MA1714.1,+,2.56e-07,THE1B-int,ERVL-MaLR,LTR
chr5,42340235,42340256,MA1714.1,-,2.56e-07,THE1D-int,ERVL-MaLR,LTR
chr6,46062907,46062928,MA1714.1,-,2.56e-07,MSTA-int,ERVL-MaLR,LTR
chr13,69404948,69404969,MA1714.1,+,2.56e-07,THE1B-int,ERVL-MaLR,LTR
chr14,76781127,76781148,MA1714.1,-,2.56e-07,MIR3,MIR,SINE
chr3,77946484,77946505,MA1714.1,-,2.56e-07,THE1B-int,ERVL-MaLR,LTR
chr6,83086536,83086557,MA1714.1,-,2.56e-07,THE1C-int,ERVL-MaLR,LTR
chr10,86808061,86808082,MA1714.1,-,2.56e-07,L3,CR1,LINE
chr3,87639571,87639592,MA1714.1,-,2.56e-07,THE1C-int,ERVL-MaLR,LTR
chrX,88170413,88170434,MA1714.1,-,2.56e-07,MSTA-int,ERVL-MaLR,LTR
chr7,90124523,90124544,MA1714.1,+,2.56e-07,MIR,MIR,SINE
chr8,118280146,118280167,MA1714.1,-,2.56e-07,THE1D-int,ERVL-MaLR,LTR
chr6,141826788,141826809,MA1714.1,-,2.56e-07,THE1B-int,ERVL-MaLR,LTR
chr5,142707876,142707897,MA1714.1,-,2.56e-07,THE1D-int,ERVL-MaLR,LTR
chr3,154522993,154523014,MA1714.1,-,2.56e-07,THE1B-int,ERVL-MaLR,LTR
chr4,167135116,167135137,MA1714.1,-,2.56e-07,THE1D-int,ERVL-MaLR,LTR
chr4,182106832,182106853,MA1714.1,-,2.56e-07,THE1B-int,ERVL-MaLR,LTR
chr20,2142227,2142248,MA1714.1,+,2.58e-07,AluSx1,Alu,SINE
chr2,22930428,22930449,MA1714.1,-,2.58e-07,THE1C-int,ERVL-MaLR,LTR
chr9,23330176,23330197,MA1714.1,+,2.58e-07,MSTA-int,ERVL-MaLR,LTR
chr21,42889032,42889053,MA1714.1,+,2.58e-07,AluSq,Alu,SINE
chr17,59784963,59784984,MA1714.1,-,2.58e-07,HAL1,L1,LINE
chr16,62823584,62823605,MA1714.1,-,2.58e-07,L1MB8,L1,LINE
chr5,79694975,79694996,MA1714.1,+,2.58e-07,L1MC5,L1,LINE
chr11,102689050,102689071,MA1714.1,-,2.58e-07,L1PA7,L1,LINE
chr1,103802949,103802970,MA1714.1,-,2.58e-07,L1M7,L1,LINE
chr1,103942681,103942702,MA1714.1,-,2.58e-07,L1M7,L1,LINE
chr12,115206942,115206963,MA1714.1,-,2.58e-07,AluSx,Alu,SINE
chrX,150182047,150182068,MA1714.1,-,2.58e-07,THE1D-int,ERVL-MaLR,LTR
chr1,188717740,188717761,MA1714.1,+,2.58e-07,MSTA-int,ERVL-MaLR,LTR
chr9,5270622,5270643,MA1714.1,+,2.6e-07,THE1D-int,ERVL-MaLR,LTR
chrX,12146595,12146616,MA1714.1,-,2.6e-07,THE1C-int,ERVL-MaLR,LTR
chr5,16138297,16138318,MA1714.1,+,2.6e-07,THE1B-int,ERVL-MaLR,LTR
chr4,18336700,18336721,MA1714.1,+,2.6e-07,MSTA-int,ERVL-MaLR,LTR
chr1,21149784,21149805,MA1714.1,-,2.6e-07,L1MEg,L1,LINE
chr14,41429030,41429051,MA1714.1,-,2.6e-07,THE1B-int,ERVL-MaLR,LTR
chr17,60912278,60912299,MA1714.1,+,2.6e-07,L1MD1,L1,LINE
chrX,74813652,74813673,MA1714.1,+,2.6e-07,MIRb,MIR,SINE
chr14,78682671,78682692,MA1714.1,-,2.6e-07,MIRc,MIR,SINE
chr7,79913202,79913223,MA1714.1,+,2.6e-07,THE1D-int,ERVL-MaLR,LTR
chrX,86300583,86300604,MA1714.1,+,2.6e-07,THE1B-int,ERVL-MaLR,LTR
chrX,98303823,98303844,MA1714.1,-,2.6e-07,MLT1A-int,ERVL-MaLR,LTR
chr12,101975505,101975526,MA1714.1,-,2.6e-07,MIR,MIR,SINE
chrX,111859986,111860007,MA1714.1,+,2.6e-07,THE1C-int,ERVL-MaLR,LTR
chrX,115310899,115310920,MA1714.1,+,2.6e-07,THE1A-int,ERVL-MaLR,LTR
chr7,131023068,131023089,MA1714.1,-,2.6e-07,L1MEg,L1,LINE
chr3,161308764,161308785,MA1714.1,-,2.6e-07,THE1C-int,ERVL-MaLR,LTR
chr1,169728177,169728198,MA1714.1,-,2.6e-07,THE1C-int,ERVL-MaLR,LTR
chr16,13190024,13190045,MA1714.1,+,2.62e-07,MIRb,MIR,SINE
chr19,28019843,28019864,MA1714.1,+,2.62e-07,ALR/Alpha,centr,Satellite
chr1,39269436,39269457,MA1714.1,+,2.62e-07,L1ME3B,L1,LINE
chr7,49313718,49313739,MA1714.1,+,2.62e-07,MIRb,MIR,SINE
chr8,50585059,50585080,MA1714.1,+,2.62e-07,L1PA10,L1,LINE
chr12,69725266,69725287,MA1714.1,-,2.62e-07,HERVK22-int,ERVK,LTR
chr7,91070292,91070313,MA1714.1,+,2.62e-07,THE1D-int,ERVL-MaLR,LTR
chr14,96963048,96963069,MA1714.1,+,2.62e-07,AluJr,Alu,SINE
chr11,1287226,1287247,MA1714.1,-,2.64e-07,THE1A-int,ERVL-MaLR,LTR
chr20,30838985,30839006,MA1714.1,-,2.64e-07,L1MB3,L1,LINE
chr5,42240145,42240166,MA1714.1,-,2.64e-07,L1M5,L1,LINE
chr10,47230555,47230576,MA1714.1,+,2.64e-07,L1MC4,L1,LINE
chr10,48198774,48198795,MA1714.1,-,2.64e-07,L1MC4,L1,LINE
chr10,49256703,49256724,MA1714.1,+,2.64e-07,L1MC4,L1,LINE
chr3,89753456,89753477,MA1714.1,-,2.64e-07,THE1B-int,ERVL-MaLR,LTR
chr7,96855097,96855118,MA1714.1,+,2.64e-07,AluJo,Alu,SINE
chr3,99117858,99117879,MA1714.1,-,2.64e-07,THE1C-int,ERVL-MaLR,LTR
chr4,150429027,150429048,MA1714.1,+,2.64e-07,THE1B-int,ERVL-MaLR,LTR
chr1,44307289,44307310,MA1714.1,-,2.67e-07,MSTA-int,ERVL-MaLR,LTR
chr16,55136206,55136227,MA1714.1,+,2.67e-07,MLT1L,ERVL-MaLR,LTR
chr14,57389394,57389415,MA1714.1,+,2.67e-07,MSTC-int,ERVL-MaLR,LTR
chr18,62226719,62226740,MA1714.1,-,2.67e-07,L1MC3,L1,LINE
chr15,78816792,78816813,MA1714.1,-,2.67e-07,MSTA-int,ERVL-MaLR,LTR
chr15,80120905,80120926,MA1714.1,+,2.67e-07,L1MEg,L1,LINE
chr4,110238107,110238128,MA1714.1,+,2.67e-07,MER52-int,ERV1,LTR
chr9,18243204,18243225,MA1714.1,+,2.69e-07,L1M3,L1,LINE
chr12,24706276,24706297,MA1714.1,+,2.69e-07,MIRb,MIR,SINE
chr8,50804479,50804500,MA1714.1,+,2.69e-07,L1MCa,L1,LINE
chr1,56086032,56086053,MA1714.1,+,2.69e-07,THE1C-int,ERVL-MaLR,LTR
chr19,57852716,57852737,MA1714.1,-,2.69e-07,FLAM_C,Alu,SINE
chr5,66073000,66073021,MA1714.1,-,2.69e-07,MIRb,MIR,SINE
chr12,72824384,72824405,MA1714.1,-,2.69e-07,L1MB8,L1,LINE
chr3,102201275,102201296,MA1714.1,-,2.69e-07,L1ME3C,L1,LINE
chr1,118363975,118363996,MA1714.1,-,2.69e-07,HERVL18-int,ERVL,LTR
chr3,122019895,122019916,MA1714.1,-,2.69e-07,LTR78B,ERV1,LTR
chr8,124795479,124795500,MA1714.1,+,2.69e-07,MIR,MIR,SINE
chr6,170077816,170077837,MA1714.1,+,2.69e-07,MSTB-int,ERVL-MaLR,LTR
chr9,14827743,14827764,MA1714.1,+,2.71e-07,MLT-int,ERVL-MaLR,LTR
chrX,16737325,16737346,MA1714.1,-,2.71e-07,L1MC5,L1,LINE
chr3,24666981,24667002,MA1714.1,+,2.71e-07,THE1B,ERVL-MaLR,LTR
chr21,33138371,33138392,MA1714.1,+,2.71e-07,THE1C-int,ERVL-MaLR,LTR
chr10,75092245,75092266,MA1714.1,+,2.71e-07,L1MCa,L1,LINE
chr7,95621843,95621864,MA1714.1,+,2.71e-07,MIRb,MIR,SINE
chr5,144595510,144595531,MA1714.1,+,2.71e-07,L1MC2,L1,LINE
chr2,194136485,194136506,MA1714.1,-,2.71e-07,MSTB-int,ERVL-MaLR,LTR
chr2,233079129,233079150,MA1714.1,-,2.71e-07,L3,CR1,LINE
chrUn_gl000227,98522,98543,MA1714.1,+,2.73e-07,THE1B-int,ERVL-MaLR,LTR
chr6,172436,172457,MA1714.1,+,2.73e-07,THE1B-int,ERVL-MaLR,LTR
chr12,5179210,5179231,MA1714.1,+,2.73e-07,MIRc,MIR,SINE
chr3,23263474,23263495,MA1714.1,-,2.73e-07,L1MA4,L1,LINE
chr1,40575535,40575556,MA1714.1,+,2.73e-07,AluJo,Alu,SINE
chr10,96993004,96993025,MA1714.1,-,2.73e-07,ERV3-16A3_I-int,ERVL,LTR
chr8,115418144,115418165,MA1714.1,-,2.73e-07,THE1C-int,ERVL-MaLR,LTR
chr4,116723398,116723419,MA1714.1,-,2.73e-07,L1ME3A,L1,LINE
chr7,122418593,122418614,MA1714.1,+,2.73e-07,THE1C-int,ERVL-MaLR,LTR
chrX,125940928,125940949,MA1714.1,+,2.73e-07,THE1B-int,ERVL-MaLR,LTR
chrX,9921404,9921425,MA1714.1,-,2.76e-07,MSTA-int,ERVL-MaLR,LTR
chr5,45751343,45751364,MA1714.1,-,2.76e-07,THE1D-int,ERVL-MaLR,LTR
chr13,50000110,50000131,MA1714.1,-,2.76e-07,MLT1A0-int,ERVL-MaLR,LTR
chr2,52357808,52357829,MA1714.1,+,2.76e-07,MER41-int,ERV1,LTR
chr13,100435130,100435151,MA1714.1,-,2.76e-07,L1MEe,L1,LINE
chr1,167182152,167182173,MA1714.1,+,2.76e-07,AluJr,Alu,SINE
chr4,15828704,15828725,MA1714.1,-,2.78e-07,MIR,MIR,SINE
chr7,51436271,51436292,MA1714.1,-,2.78e-07,MST-int,ERVL-MaLR,LTR
chr12,53678973,53678994,MA1714.1,-,2.78e-07,MIRc,MIR,SINE
chr10,86006167,86006188,MA1714.1,-,2.78e-07,L1PB3,L1,LINE
chr5,87727033,87727054,MA1714.1,-,2.78e-07,THE1D-int,ERVL-MaLR,LTR
chr9,87968329,87968350,MA1714.1,-,2.78e-07,MSTA-int,ERVL-MaLR,LTR
chr13,109488426,109488447,MA1714.1,+,2.78e-07,THE1C-int,ERVL-MaLR,LTR
chr7,150013963,150013984,MA1714.1,-,2.78e-07,L1MC4a,L1,LINE
chr4,171098001,171098022,MA1714.1,+,2.78e-07,MSTA-int,ERVL-MaLR,LTR
chr1,199861718,199861739,MA1714.1,+,2.78e-07,AluJr4,Alu,SINE
chr8,33388395,33388416,MA1714.1,-,2.8e-07,L1MC5,L1,LINE
chr8,39265538,39265559,MA1714.1,-,2.8e-07,L1M2a,L1,LINE
chr3,46488433,46488454,MA1714.1,+,2.8e-07,L1ME3A,L1,LINE
chr11,96790981,96791002,MA1714.1,+,2.8e-07,MIRb,MIR,SINE
chr5,107110053,107110074,MA1714.1,-,2.8e-07,X6B_LINE,CR1,LINE
chr2,180571599,180571620,MA1714.1,+,2.8e-07,HERVL32-int,ERVL,LTR
chr8,13605403,13605424,MA1714.1,-,2.82e-07,THE1B-int,ERVL-MaLR,LTR
chr14,26718245,26718266,MA1714.1,+,2.82e-07,THE1B-int,ERVL-MaLR,LTR
chr1,62361044,62361065,MA1714.1,+,2.82e-07,THE1D-int,ERVL-MaLR,LTR
chr18,71039717,71039738,MA1714.1,+,2.82e-07,THE1B-int,ERVL-MaLR,LTR
chr5,85036204,85036225,MA1714.1,-,2.82e-07,THE1D-int,ERVL-MaLR,LTR
chr3,89435435,89435456,MA1714.1,+,2.82e-07,THE1C-int,ERVL-MaLR,LTR
chr5,92124479,92124500,MA1714.1,+,2.82e-07,MST-int,ERVL-MaLR,LTR
chrX,92656340,92656361,MA1714.1,+,2.82e-07,MSTB-int,ERVL-MaLR,LTR
chr10,93321671,93321692,MA1714.1,-,2.82e-07,THE1C-int,ERVL-MaLR,LTR
chr13,109881558,109881579,MA1714.1,-,2.82e-07,MSTA-int,ERVL-MaLR,LTR
chr1,117801631,117801652,MA1714.1,-,2.82e-07,THE1C-int,ERVL-MaLR,LTR
chr1,3262015,3262036,MA1714.1,-,2.85e-07,MIRc,MIR,SINE
chrX,16549246,16549267,MA1714.1,+,2.85e-07,Charlie20a,hAT-Charlie,DNA
chr21,17248597,17248618,MA1714.1,-,2.85e-07,MIRb,MIR,SINE
chr7,21360774,21360795,MA1714.1,+,2.85e-07,MLT1A1-int,ERVL-MaLR,LTR
chr9,22863870,22863891,MA1714.1,-,2.85e-07,MLT1A0-int,ERVL-MaLR,LTR
chr8,25680170,25680191,MA1714.1,+,2.85e-07,L1PB4,L1,LINE
chr7,27751396,27751417,MA1714.1,-,2.85e-07,MIR,MIR,SINE
chr12,41736883,41736904,MA1714.1,+,2.85e-07,L1MA6,L1,LINE
chrX,45382809,45382830,MA1714.1,+,2.85e-07,ORSL,hAT-Tip100,DNA
chr21,48030462,48030483,MA1714.1,-,2.85e-07,LTR40c,ERVL,LTR
chr13,62625627,62625648,MA1714.1,+,2.85e-07,THE1B-int,ERVL-MaLR,LTR
chr16,68518607,68518628,MA1714.1,+,2.85e-07,MIRb,MIR,SINE
chr7,120723928,120723949,MA1714.1,+,2.85e-07,MIR,MIR,SINE
chr2,208279778,208279799,MA1714.1,-,2.85e-07,MIR,MIR,SINE
chr12,3076894,3076915,MA1714.1,-,2.87e-07,MIR,MIR,SINE
chrX,30518939,30518960,MA1714.1,+,2.87e-07,L1ME2,L1,LINE
chr14,46385690,46385711,MA1714.1,-,2.87e-07,MSTB-int,ERVL-MaLR,LTR
chr4,65212379,65212400,MA1714.1,-,2.87e-07,THE1-int,ERVL-MaLR,LTR
chr2,75398247,75398268,MA1714.1,+,2.87e-07,THE1B-int,ERVL-MaLR,LTR
chr1,85627631,85627652,MA1714.1,-,2.87e-07,Charlie15a,hAT-Charlie,DNA
chr12,85735172,85735193,MA1714.1,-,2.87e-07,MLT1D,ERVL-MaLR,LTR
chr6,87056681,87056702,MA1714.1,-,2.87e-07,THE1B-int,ERVL-MaLR,LTR
chr7,94473676,94473697,MA1714.1,+,2.87e-07,THE1B-int,ERVL-MaLR,LTR
chrX,101950189,101950210,MA1714.1,+,2.87e-07,L1MB8,L1,LINE
chr1,107895609,107895630,MA1714.1,-,2.87e-07,MSTA-int,ERVL-MaLR,LTR
chrX,127884381,127884402,MA1714.1,+,2.87e-07,L1MB7,L1,LINE
chr4,157848366,157848387,MA1714.1,-,2.87e-07,THE1A-int,ERVL-MaLR,LTR
chr4,190247057,190247078,MA1714.1,-,2.87e-07,L1MA9,L1,LINE
chr1,236268776,236268797,MA1714.1,+,2.87e-07,MIRc,MIR,SINE
chr18,6323937,6323958,MA1714.1,+,2.9e-07,MSTA-int,ERVL-MaLR,LTR
chr7,15219635,15219656,MA1714.1,-,2.9e-07,MSTD-int,ERVL-MaLR,LTR
chr16,27184534,27184555,MA1714.1,+,2.9e-07,MER115,hAT-Tip100,DNA
chr17,28966494,28966515,MA1714.1,-,2.9e-07,L1MB3,L1,LINE
chr19,29306368,29306389,MA1714.1,-,2.9e-07,MSTD-int,ERVL-MaLR,LTR
chr17,30382520,30382541,MA1714.1,-,2.9e-07,L1MB3,L1,LINE
chr13,40012745,40012766,MA1714.1,+,2.9e-07,MSTA-int,ERVL-MaLR,LTR
chr15,57440150,57440171,MA1714.1,-,2.9e-07,AluJo,Alu,SINE
chr12,61942897,61942918,MA1714.1,-,2.9e-07,MIRb,MIR,SINE
chr13,81551763,81551784,MA1714.1,-,2.9e-07,MST-int,ERVL-MaLR,LTR
chr3,83407040,83407061,MA1714.1,-,2.9e-07,THE1-int,ERVL-MaLR,LTR
chr12,85483736,85483757,MA1714.1,+,2.9e-07,MSTA-int,ERVL-MaLR,LTR
chr7,124169146,124169167,MA1714.1,-,2.9e-07,MSTA-int,ERVL-MaLR,LTR
chr8,127561390,127561411,MA1714.1,-,2.9e-07,MIRb,MIR,SINE
chr8,127833639,127833660,MA1714.1,+,2.9e-07,L3b,CR1,LINE
chr6,134731518,134731539,MA1714.1,-,2.9e-07,MSTD-int,ERVL-MaLR,LTR
chr3,163462414,163462435,MA1714.1,-,2.9e-07,MSTB-int,ERVL-MaLR,LTR
chr6_ssto_hap7,18422,18443,MA1714.1,-,2.92e-07,MER5A,hAT-Charlie,DNA
chr6_cox_hap2,199686,199707,MA1714.1,-,2.92e-07,MER5A,hAT-Charlie,DNA
chr17_ctg5_hap1,874306,874327,MA1714.1,+,2.92e-07,MIRc,MIR,SINE
chrX,4108503,4108524,MA1714.1,+,2.92e-07,L1MA8,L1,LINE
chrX,19133083,19133104,MA1714.1,+,2.92e-07,MIR,MIR,SINE
chr5,23201071,23201092,MA1714.1,+,2.92e-07,L1MC1,L1,LINE
chr14,25027708,25027729,MA1714.1,+,2.92e-07,MLT1D,ERVL-MaLR,LTR
chr15,28255969,28255990,MA1714.1,+,2.92e-07,L1MD,L1,LINE
chr6,28677564,28677585,MA1714.1,-,2.92e-07,MER5A,hAT-Charlie,DNA
chr21,42173468,42173489,MA1714.1,+,2.92e-07,MSTC-int,ERVL-MaLR,LTR
chr17,43993301,43993322,MA1714.1,-,2.92e-07,MIRc,MIR,SINE
chr1,57235092,57235113,MA1714.1,+,2.92e-07,L1MEe,L1,LINE
chr14,62616512,62616533,MA1714.1,+,2.92e-07,L1PB1,L1,LINE
chr6,68619164,68619185,MA1714.1,-,2.92e-07,L1MC3,L1,LINE
chr17,72941431,72941452,MA1714.1,-,2.92e-07,L1MC4,L1,LINE
chr5,138163730,138163751,MA1714.1,-,2.92e-07,L1MC4,L1,LINE
chrX,149325656,149325677,MA1714.1,-,2.92e-07,MIRb,MIR,SINE
chr1,174402362,174402383,MA1714.1,-,2.92e-07,MIRb,MIR,SINE
chr18,6250904,6250925,MA1714.1,+,2.94e-07,Charlie25,hAT-Charlie,DNA
chr6,14370192,14370213,MA1714.1,-,2.94e-07,MER34C,ERV1,LTR
chr2,33802848,33802869,MA1714.1,-,2.94e-07,MIRb,MIR,SINE
chr20,42937620,42937641,MA1714.1,+,2.94e-07,MIR3,MIR,SINE
chr15,45671836,45671857,MA1714.1,+,2.94e-07,MIRc,MIR,SINE
chr5,54742131,54742152,MA1714.1,-,2.94e-07,L1MEd,L1,LINE
chr3,59280848,59280869,MA1714.1,-,2.94e-07,THE1B-int,ERVL-MaLR,LTR
chr14,80967249,80967270,MA1714.1,-,2.94e-07,HAL1,L1,LINE
chr15,84238606,84238627,MA1714.1,-,2.94e-07,L1ME4a,L1,LINE
chr3,99458564,99458585,MA1714.1,-,2.94e-07,THE1C-int,ERVL-MaLR,LTR
chr15,101212901,101212922,MA1714.1,-,2.94e-07,L1MA7,L1,LINE
chr1,233258158,233258179,MA1714.1,+,2.94e-07,L1MC3,L1,LINE
chr16,17548748,17548769,MA1714.1,-,2.97e-07,MER58B,hAT-Charlie,DNA
chr11,43107625,43107646,MA1714.1,-,2.97e-07,MSTA-int,ERVL-MaLR,LTR
chr6,69282930,69282951,MA1714.1,-,2.97e-07,L1PA17,L1,LINE
chr13,73928310,73928331,MA1714.1,-,2.97e-07,ERVL-B4-int,ERVL,LTR
chr7,116632615,116632636,MA1714.1,-,2.97e-07,THE1A-int,ERVL-MaLR,LTR
chr6,117144088,117144109,MA1714.1,-,2.97e-07,MSTA-int,ERVL-MaLR,LTR
chr3,4146902,4146923,MA1714.1,+,2.99e-07,L1MA7,L1,LINE
chr20,7345217,7345238,MA1714.1,+,2.99e-07,THE1B-int,ERVL-MaLR,LTR
chr19,23128619,23128640,MA1714.1,+,2.99e-07,LTR25-int,ERV1,LTR
chr2,39749205,39749226,MA1714.1,-,2.99e-07,MSTA-int,ERVL-MaLR,LTR
chrX,54057351,54057372,MA1714.1,+,2.99e-07,MIR,MIR,SINE
chr2,54127638,54127659,MA1714.1,+,2.99e-07,AluJr4,Alu,SINE
chr16,71224100,71224121,MA1714.1,+,2.99e-07,L1MC5,L1,LINE
chr13,88690474,88690495,MA1714.1,+,2.99e-07,L1MA10,L1,LINE
chr1,102092089,102092110,MA1714.1,+,2.99e-07,MSTA-int,ERVL-MaLR,LTR
chr13,103647953,103647974,MA1714.1,-,2.99e-07,MSTA-int,ERVL-MaLR,LTR
chr1,105136515,105136536,MA1714.1,+,2.99e-07,MSTA-int,ERVL-MaLR,LTR
chr1,113325898,113325919,MA1714.1,-,2.99e-07,MSTA-int,ERVL-MaLR,LTR
chr8,140660496,140660517,MA1714.1,+,2.99e-07,L1MB5,L1,LINE
chr5,141104557,141104578,MA1714.1,-,2.99e-07,MSTA-int,ERVL-MaLR,LTR
chr6,166515736,166515757,MA1714.1,-,2.99e-07,MSTB-int,ERVL-MaLR,LTR
chr2,193887363,193887384,MA1714.1,-,2.99e-07,L1MEa,L1,LINE
chr1,214352904,214352925,MA1714.1,+,2.99e-07,L1MEc,L1,LINE
chr3,40828736,40828757,MA1714.1,+,3.02e-07,MSTB-int,ERVL-MaLR,LTR
chr14,42240376,42240397,MA1714.1,-,3.02e-07,MSTB-int,ERVL-MaLR,LTR
chr7,66188305,66188326,MA1714.1,-,3.02e-07,L1MEc,L1,LINE
chr11,78698915,78698936,MA1714.1,-,3.02e-07,MIRb,MIR,SINE
chrX,90338647,90338668,MA1714.1,-,3.02e-07,MSTA-int,ERVL-MaLR,LTR
chr8,109833773,109833794,MA1714.1,+,3.02e-07,MSTA-int,ERVL-MaLR,LTR
chr9,122542391,122542412,MA1714.1,+,3.02e-07,L1MEg,L1,LINE
chr17,13829439,13829460,MA1714.1,+,3.04e-07,MER52-int,ERV1,LTR
chr20,42938279,42938300,MA1714.1,+,3.04e-07,MIR3,MIR,SINE
chr14,95633411,95633432,MA1714.1,+,3.04e-07,MSTB-int,ERVL-MaLR,LTR
chr13,96175361,96175382,MA1714.1,-,3.04e-07,L1MEe,L1,LINE
chr11,106496528,106496549,MA1714.1,-,3.04e-07,MLT1D,ERVL-MaLR,LTR
chr8,24723575,24723596,MA1714.1,+,3.07e-07,AluJb,Alu,SINE
chr10,27080466,27080487,MA1714.1,+,3.07e-07,L1ME3F,L1,LINE
chrX,41632595,41632616,MA1714.1,+,3.07e-07,AluJb,Alu,SINE
chr6,68568016,68568037,MA1714.1,-,3.07e-07,MER4-int,ERV1,LTR
chr12,68929120,68929141,MA1714.1,+,3.07e-07,AluSx,Alu,SINE
chr7,90015298,90015319,MA1714.1,+,3.07e-07,AluSx3,Alu,SINE
chr9,111555623,111555644,MA1714.1,+,3.07e-07,MER52-int,ERV1,LTR
chr7,143706617,143706638,MA1714.1,+,3.07e-07,THE1D-int,ERVL-MaLR,LTR
chr5,162037171,162037192,MA1714.1,+,3.07e-07,MSTA-int,ERVL-MaLR,LTR
chr3,173746634,173746655,MA1714.1,+,3.07e-07,THE1B-int,ERVL-MaLR,LTR
chr1,181831981,181832002,MA1714.1,+,3.07e-07,L1MB3,L1,LINE
chr6_cox_hap2,39749,39770,MA1714.1,+,3.09e-07,MSTD-int,ERVL-MaLR,LTR
chr4_ctg9_hap1,302880,302901,MA1714.1,-,3.09e-07,LTR1B,ERV1,LTR
chrY,13234112,13234133,MA1714.1,-,3.09e-07,Tigger9a,TcMar-Tigger,DNA
chr6,28517545,28517566,MA1714.1,+,3.09e-07,MSTD-int,ERVL-MaLR,LTR
chr4,29258116,29258137,MA1714.1,+,3.09e-07,THE1B-int,ERVL-MaLR,LTR
chr22,33991092,33991113,MA1714.1,+,3.09e-07,MIRc,MIR,SINE
chr4,69590309,69590330,MA1714.1,-,3.09e-07,LTR1B,ERV1,LTR
chr10,76254084,76254105,MA1714.1,-,3.09e-07,HAL1,L1,LINE
chr13,83646684,83646705,MA1714.1,+,3.09e-07,THE1C-int,ERVL-MaLR,LTR
chr8,140438556,140438577,MA1714.1,+,3.09e-07,MIRb,MIR,SINE
chr2,1119119,1119140,MA1714.1,+,3.12e-07,L1MA7,L1,LINE
chr2,23417770,23417791,MA1714.1,+,3.12e-07,L1MEg,L1,LINE
chr20,35031178,35031199,MA1714.1,-,3.12e-07,MIRb,MIR,SINE
chr13,64837580,64837601,MA1714.1,+,3.12e-07,THE1D-int,ERVL-MaLR,LTR
chr4,84802501,84802522,MA1714.1,+,3.12e-07,MIR,MIR,SINE
chr3,143018880,143018901,MA1714.1,+,3.12e-07,Charlie17a,hAT-Charlie,DNA
chr12,41268017,41268038,MA1714.1,+,3.14e-07,MIR,MIR,SINE
chr13,85782485,85782506,MA1714.1,+,3.14e-07,MSTA-int,ERVL-MaLR,LTR
chr15,90922958,90922979,MA1714.1,-,3.14e-07,MSTA-int,ERVL-MaLR,LTR
chr10,99884853,99884874,MA1714.1,-,3.14e-07,THE1B-int,ERVL-MaLR,LTR
chr11,107076567,107076588,MA1714.1,-,3.14e-07,MSTA-int,ERVL-MaLR,LTR
chr4,116891120,116891141,MA1714.1,-,3.14e-07,MER61C,ERV1,LTR
chr1,183352421,183352442,MA1714.1,-,3.14e-07,MSTA-int,ERVL-MaLR,LTR
chr1,184996843,184996864,MA1714.1,-,3.14e-07,MSTA-int,ERVL-MaLR,LTR
chr1,203359569,203359590,MA1714.1,+,3.14e-07,MLT1D,ERVL-MaLR,LTR
chr2,239687923,239687944,MA1714.1,+,3.14e-07,MIRb,MIR,SINE
chr6,9723668,9723689,MA1714.1,+,3.17e-07,HERV9-int,ERV1,LTR
chr3,9871277,9871298,MA1714.1,+,3.17e-07,MIRc,MIR,SINE
chr2,29760146,29760167,MA1714.1,+,3.17e-07,MSTB-int,ERVL-MaLR,LTR
chr14,41511144,41511165,MA1714.1,+,3.17e-07,MIR,MIR,SINE
chr19,44487723,44487744,MA1714.1,+,3.17e-07,MLT1A0-int,ERVL-MaLR,LTR
chr10,47119346,47119367,MA1714.1,+,3.17e-07,L1MA3,L1,LINE
chr3,49807815,49807836,MA1714.1,+,3.17e-07,L1ME2z,L1,LINE
chr11,73513772,73513793,MA1714.1,-,3.17e-07,AluJb,Alu,SINE
chrX,91459107,91459128,MA1714.1,-,3.17e-07,THE1C-int,ERVL-MaLR,LTR
chrX,145876316,145876337,MA1714.1,+,3.17e-07,THE1B-int,ERVL-MaLR,LTR
chr3,163743858,163743879,MA1714.1,-,3.17e-07,LTR21B,ERV1,LTR
chr4,173655882,173655903,MA1714.1,+,3.17e-07,THE1B-int,ERVL-MaLR,LTR
chr2,225858059,225858080,MA1714.1,+,3.17e-07,MIRb,MIR,SINE
chr5,929454,929475,MA1714.1,+,3.2e-07,MSTA-int,ERVL-MaLR,LTR
chr3,9548813,9548834,MA1714.1,+,3.2e-07,MIRb,MIR,SINE
chr4,15189697,15189718,MA1714.1,-,3.2e-07,THE1C-int,ERVL-MaLR,LTR
chr9,15323148,15323169,MA1714.1,+,3.2e-07,THE1C-int,ERVL-MaLR,LTR
chr12,23368801,23368822,MA1714.1,+,3.2e-07,MSTA-int,ERVL-MaLR,LTR
chr4,30107586,30107607,MA1714.1,-,3.2e-07,THE1D-int,ERVL-MaLR,LTR
chr13,32992293,32992314,MA1714.1,+,3.2e-07,THE1C-int,ERVL-MaLR,LTR
chr15,54698213,54698234,MA1714.1,-,3.2e-07,MER39,ERV1,LTR
chr18,60820516,60820537,MA1714.1,+,3.2e-07,MIRb,MIR,SINE
chr5,60850541,60850562,MA1714.1,-,3.2e-07,THE1D-int,ERVL-MaLR,LTR
chr6,75768975,75768996,MA1714.1,-,3.2e-07,THE1D-int,ERVL-MaLR,LTR
chr13,76095139,76095160,MA1714.1,+,3.2e-07,MSTA-int,ERVL-MaLR,LTR
chrX,85660094,85660115,MA1714.1,-,3.2e-07,THE1C-int,ERVL-MaLR,LTR
chr3,87861849,87861870,MA1714.1,+,3.2e-07,THE1D-int,ERVL-MaLR,LTR
chr5,88323072,88323093,MA1714.1,-,3.2e-07,THE1B-int,ERVL-MaLR,LTR
chr7,88835498,88835519,MA1714.1,-,3.2e-07,THE1B-int,ERVL-MaLR,LTR
chr5,90988087,90988108,MA1714.1,-,3.2e-07,MSTA-int,ERVL-MaLR,LTR
chr5,91615235,91615256,MA1714.1,+,3.2e-07,THE1D-int,ERVL-MaLR,LTR
chr3,102002055,102002076,MA1714.1,+,3.2e-07,MSTA-int,ERVL-MaLR,LTR
chr4,103915136,103915157,MA1714.1,-,3.2e-07,THE1D-int,ERVL-MaLR,LTR
chr4,104342280,104342301,MA1714.1,-,3.2e-07,THE1D-int,ERVL-MaLR,LTR
chr2,107280164,107280185,MA1714.1,+,3.2e-07,THE1D-int,ERVL-MaLR,LTR
chr6,107887920,107887941,MA1714.1,-,3.2e-07,MLT1M,ERVL-MaLR,LTR
chrX,108199597,108199618,MA1714.1,+,3.2e-07,THE1D-int,ERVL-MaLR,LTR
chr13,108235285,108235306,MA1714.1,-,3.2e-07,HAL1,L1,LINE
chr2,110846440,110846461,MA1714.1,+,3.2e-07,THE1D-int,ERVL-MaLR,LTR
chr2,111040068,111040089,MA1714.1,-,3.2e-07,THE1D-int,ERVL-MaLR,LTR
chr3,114002144,114002165,MA1714.1,-,3.2e-07,L1MC4a,L1,LINE
chr2,117480759,117480780,MA1714.1,-,3.2e-07,MSTA-int,ERVL-MaLR,LTR
chr2,120371248,120371269,MA1714.1,-,3.2e-07,THE1C-int,ERVL-MaLR,LTR
chr8,123307041,123307062,MA1714.1,-,3.2e-07,THE1B-int,ERVL-MaLR,LTR
chrX,124955742,124955763,MA1714.1,-,3.2e-07,THE1B-int,ERVL-MaLR,LTR
chr6,140729377,140729398,MA1714.1,+,3.2e-07,MSTA-int,ERVL-MaLR,LTR
chr6,141512986,141513007,MA1714.1,-,3.2e-07,THE1B-int,ERVL-MaLR,LTR
chr4,143414079,143414100,MA1714.1,+,3.2e-07,THE1C-int,ERVL-MaLR,LTR
chr8,143970078,143970099,MA1714.1,-,3.2e-07,MSTA-int,ERVL-MaLR,LTR
chr5,145955553,145955574,MA1714.1,-,3.2e-07,MSTA-int,ERVL-MaLR,LTR
chr4,150948050,150948071,MA1714.1,+,3.2e-07,THE1D-int,ERVL-MaLR,LTR
chr2,157780454,157780475,MA1714.1,+,3.2e-07,THE1B-int,ERVL-MaLR,LTR
chr1,190884865,190884886,MA1714.1,+,3.2e-07,THE1B-int,ERVL-MaLR,LTR
chr1,209193407,209193428,MA1714.1,+,3.2e-07,THE1B-int,ERVL-MaLR,LTR
chr2,221951433,221951454,MA1714.1,-,3.2e-07,THE1D-int,ERVL-MaLR,LTR
chr6,4223465,4223486,MA1714.1,+,3.22e-07,THE1B-int,ERVL-MaLR,LTR
chr2,16105463,16105484,MA1714.1,+,3.22e-07,MIRc,MIR,SINE
chr9,29827890,29827911,MA1714.1,+,3.22e-07,MSTA-int,ERVL-MaLR,LTR
chr7,38686828,38686849,MA1714.1,-,3.22e-07,L1ME3,L1,LINE
chr6,83741464,83741485,MA1714.1,+,3.22e-07,THE1B-int,ERVL-MaLR,LTR
chr2,123328415,123328436,MA1714.1,-,3.22e-07,LTR1,ERV1,LTR
chr10,123714727,123714748,MA1714.1,+,3.22e-07,L1MB8,L1,LINE
chr4,125368162,125368183,MA1714.1,-,3.22e-07,THE1B-int,ERVL-MaLR,LTR
chr2,140111221,140111242,MA1714.1,+,3.22e-07,THE1B-int,ERVL-MaLR,LTR
chr4,164493639,164493660,MA1714.1,-,3.22e-07,MIR3,MIR,SINE
chrX,20766431,20766452,MA1714.1,-,3.25e-07,L1ME3A,L1,LINE
chr12,33812796,33812817,MA1714.1,-,3.25e-07,MER34B-int,ERV1,LTR
chr6,37628168,37628189,MA1714.1,-,3.25e-07,L1MEd,L1,LINE
chr6,40034292,40034313,MA1714.1,+,3.25e-07,MSTA-int,ERVL-MaLR,LTR
chr6,55577575,55577596,MA1714.1,+,3.25e-07,MIRb,MIR,SINE
chr15,56524621,56524642,MA1714.1,-,3.25e-07,THE1B-int,ERVL-MaLR,LTR
chr10,60199864,60199885,MA1714.1,-,3.25e-07,MLT1D,ERVL-MaLR,LTR
chr7,71136669,71136690,MA1714.1,+,3.25e-07,MIR,MIR,SINE
chr5,122565126,122565147,MA1714.1,-,3.25e-07,MIRb,MIR,SINE
chr5,123414474,123414495,MA1714.1,-,3.25e-07,L1MA5A,L1,LINE
chr5,152537893,152537914,MA1714.1,-,3.25e-07,L1MA9,L1,LINE
chr6_dbb_hap3,4027882,4027903,MA1714.1,-,3.27e-07,MSTC-int,ERVL-MaLR,LTR
chr6_apd_hap1,4033605,4033626,MA1714.1,-,3.27e-07,MSTC-int,ERVL-MaLR,LTR
chr6_mcf_hap5,4082509,4082530,MA1714.1,-,3.27e-07,MSTC-int,ERVL-MaLR,LTR
chr6_cox_hap2,4191221,4191242,MA1714.1,-,3.27e-07,MSTC-int,ERVL-MaLR,LTR
chr5,22505817,22505838,MA1714.1,-,3.27e-07,L1MC3,L1,LINE
chr9,24659886,24659907,MA1714.1,-,3.27e-07,LTR22A,ERVK,LTR
chr12,34723587,34723608,MA1714.1,-,3.27e-07,ALR/Alpha,centr,Satellite
chr1,80884688,80884709,MA1714.1,+,3.27e-07,L1MEg,L1,LINE
chr3,97144402,97144423,MA1714.1,-,3.27e-07,THE1B-int,ERVL-MaLR,LTR
chr7,153129393,153129414,MA1714.1,-,3.27e-07,MLT1D,ERVL-MaLR,LTR
chr6,165512878,165512899,MA1714.1,+,3.27e-07,MER52-int,ERV1,LTR
chr21,21001128,21001149,MA1714.1,+,3.3e-07,THE1D-int,ERVL-MaLR,LTR
chr9,21715595,21715616,MA1714.1,-,3.3e-07,MSTA-int,ERVL-MaLR,LTR
chr13,24671399,24671420,MA1714.1,-,3.3e-07,MIRb,MIR,SINE
chr6,42781069,42781090,MA1714.1,+,3.3e-07,L1MEc,L1,LINE
chr4,45540024,45540045,MA1714.1,+,3.3e-07,AluSz,Alu,SINE
chr2,73098863,73098884,MA1714.1,+,3.3e-07,AluJr,Alu,SINE
chr2,124738045,124738066,MA1714.1,+,3.3e-07,THE1B-int,ERVL-MaLR,LTR
chr2,201009499,201009520,MA1714.1,-,3.3e-07,MSTA-int,ERVL-MaLR,LTR
chr1,6980950,6980971,MA1714.1,-,3.33e-07,THE1B-int,ERVL-MaLR,LTR
chr21,20105293,20105314,MA1714.1,+,3.33e-07,THE1B-int,ERVL-MaLR,LTR
chr21,37250018,37250039,MA1714.1,+,3.33e-07,MIRb,MIR,SINE
chr9,39344916,39344937,MA1714.1,+,3.33e-07,THE1B-int,ERVL-MaLR,LTR
chr9,39874170,39874191,MA1714.1,+,3.33e-07,THE1B-int,ERVL-MaLR,LTR
chr9,40689801,40689822,MA1714.1,+,3.33e-07,THE1B-int,ERVL-MaLR,LTR
chr9,41337830,41337851,MA1714.1,-,3.33e-07,THE1B-int,ERVL-MaLR,LTR
chr9,41489881,41489902,MA1714.1,+,3.33e-07,THE1B-int,ERVL-MaLR,LTR
chr9,43641200,43641221,MA1714.1,-,3.33e-07,THE1B-int,ERVL-MaLR,LTR
chr9,44395492,44395513,MA1714.1,+,3.33e-07,THE1B-int,ERVL-MaLR,LTR
chr9,46837393,46837414,MA1714.1,+,3.33e-07,THE1B-int,ERVL-MaLR,LTR
chr14,49775023,49775044,MA1714.1,+,3.33e-07,L1ME4a,L1,LINE
chr9,65520076,65520097,MA1714.1,-,3.33e-07,THE1B-int,ERVL-MaLR,LTR
chr15,94864251,94864272,MA1714.1,+,3.33e-07,L1MA4,L1,LINE
chr4,133077305,133077326,MA1714.1,-,3.33e-07,THE1B-int,ERVL-MaLR,LTR
chr4,133757068,133757089,MA1714.1,-,3.33e-07,AluJb,Alu,SINE
chrX,139888485,139888506,MA1714.1,-,3.33e-07,THE1C-int,ERVL-MaLR,LTR
chr2,194974147,194974168,MA1714.1,+,3.33e-07,L1MC3,L1,LINE
chr6,14531440,14531461,MA1714.1,+,3.36e-07,AluJb,Alu,SINE
chr11,23830285,23830306,MA1714.1,-,3.36e-07,L1MC4a,L1,LINE
chr7,25150293,25150314,MA1714.1,+,3.36e-07,THE1B-int,ERVL-MaLR,LTR
chr6,37097957,37097978,MA1714.1,+,3.36e-07,MIRb,MIR,SINE
chr5,50241117,50241138,MA1714.1,+,3.36e-07,MSTB-int,ERVL-MaLR,LTR
chr6,52084383,52084404,MA1714.1,+,3.36e-07,MSTC-int,ERVL-MaLR,LTR
chr19,57365023,57365044,MA1714.1,+,3.36e-07,THE1B-int,ERVL-MaLR,LTR
chr11,108072117,108072138,MA1714.1,+,3.36e-07,MER52-int,ERV1,LTR
chr3,110027482,110027503,MA1714.1,-,3.36e-07,MLT1B,ERVL-MaLR,LTR
chr7,10104931,10104952,MA1714.1,+,3.38e-07,L1MC2,L1,LINE
chr12,10507229,10507250,MA1714.1,-,3.38e-07,L1PA10,L1,LINE
chr6,22586777,22586798,MA1714.1,+,3.38e-07,Zaphod,hAT-Tip100,DNA
chr20,23370354,23370375,MA1714.1,+,3.38e-07,L1MB7,L1,LINE
chr9,30282600,30282621,MA1714.1,-,3.38e-07,MER52-int,ERV1,LTR
chr11,38796806,38796827,MA1714.1,-,3.38e-07,THE1B-int,ERVL-MaLR,LTR
chr7,48276225,48276246,MA1714.1,-,3.38e-07,MLT1D,ERVL-MaLR,LTR
chr14,53051278,53051299,MA1714.1,-,3.38e-07,MER65A,ERV1,LTR
chr10,56937063,56937084,MA1714.1,+,3.38e-07,MER52-int,ERV1,LTR
chr6,62040615,62040636,MA1714.1,+,3.38e-07,MER52-int,ERV1,LTR
chr12,63247008,63247029,MA1714.1,+,3.38e-07,L1MC4,L1,LINE
chr9,71220289,71220310,MA1714.1,+,3.38e-07,L1MC3,L1,LINE
chr15,79959964,79959985,MA1714.1,-,3.38e-07,LTR78,ERV1,LTR
chr3,82696926,82696947,MA1714.1,+,3.38e-07,MER52-int,ERV1,LTR
chr1,85174564,85174585,MA1714.1,+,3.38e-07,FordPrefect,hAT-Tip100,DNA
chr7,86021383,86021404,MA1714.1,-,3.38e-07,THE1B-int,ERVL-MaLR,LTR
chr9,87788424,87788445,MA1714.1,+,3.38e-07,MLT1A0,ERVL-MaLR,LTR
chr4,91373857,91373878,MA1714.1,-,3.38e-07,MER52-int,ERV1,LTR
chrX,97246558,97246579,MA1714.1,-,3.38e-07,THE1C-int,ERVL-MaLR,LTR
chr1,113757828,113757849,MA1714.1,-,3.38e-07,MSTA-int,ERVL-MaLR,LTR
chr6,141967711,141967732,MA1714.1,+,3.38e-07,THE1C-int,ERVL-MaLR,LTR
chr4,175924059,175924080,MA1714.1,+,3.38e-07,THE1-int,ERVL-MaLR,LTR
chrY,3127719,3127740,MA1714.1,+,3.41e-07,MSTB-int,ERVL-MaLR,LTR
chrX,88858574,88858595,MA1714.1,+,3.41e-07,MSTB-int,ERVL-MaLR,LTR
chr6,93735517,93735538,MA1714.1,-,3.41e-07,THE1D-int,ERVL-MaLR,LTR
chr6,130058020,130058041,MA1714.1,+,3.41e-07,MLT1D,ERVL-MaLR,LTR
chrX,154670144,154670165,MA1714.1,-,3.41e-07,THE1C,ERVL-MaLR,LTR
chr1,156960867,156960888,MA1714.1,-,3.41e-07,L1MC4,L1,LINE
chr3,174283113,174283134,MA1714.1,-,3.41e-07,L1MC2,L1,LINE
chr16,9316088,9316109,MA1714.1,-,3.44e-07,MIR,MIR,SINE
chrX,52199774,52199795,MA1714.1,+,3.44e-07,MER68-int,ERVL,LTR
chrX,52299378,52299399,MA1714.1,-,3.44e-07,MER68-int,ERVL,LTR
chrX,52472714,52472735,MA1714.1,+,3.44e-07,MER68-int,ERVL,LTR
chrX,52832842,52832863,MA1714.1,-,3.44e-07,MER68-int,ERVL,LTR
chr15,58136832,58136853,MA1714.1,-,3.44e-07,Tigger7,TcMar-Tigger,DNA
chr11,61125387,61125408,MA1714.1,-,3.44e-07,MIRb,MIR,SINE
chrX,65358874,65358895,MA1714.1,-,3.44e-07,L1MA1,L1,LINE
chr8,87996255,87996276,MA1714.1,+,3.44e-07,THE1B-int,ERVL-MaLR,LTR
chr2,166620464,166620485,MA1714.1,+,3.44e-07,MIRb,MIR,SINE
chr17,54603504,54603525,MA1714.1,+,3.47e-07,L3,CR1,LINE
chr8,59382116,59382137,MA1714.1,+,3.47e-07,THE1C-int,ERVL-MaLR,LTR
chr2,119054884,119054905,MA1714.1,-,3.47e-07,THE1B-int,ERVL-MaLR,LTR
chr7,123058089,123058110,MA1714.1,-,3.47e-07,THE1C-int,ERVL-MaLR,LTR
chr5,136828096,136828117,MA1714.1,+,3.47e-07,MLT1K,ERVL-MaLR,LTR
chr1,10247230,10247251,MA1714.1,-,3.49e-07,MLT1G1-int,ERVL-MaLR,LTR
chrY,18567321,18567342,MA1714.1,-,3.49e-07,L1M1,L1,LINE
chr3,84707475,84707496,MA1714.1,+,3.49e-07,MSTA-int,ERVL-MaLR,LTR
chr12,102480802,102480823,MA1714.1,+,3.49e-07,AluJb,Alu,SINE
chr13,110085348,110085369,MA1714.1,-,3.49e-07,THE1B-int,ERVL-MaLR,LTR
chr8,118436518,118436539,MA1714.1,-,3.49e-07,THE1B-int,ERVL-MaLR,LTR
chr1,173587658,173587679,MA1714.1,+,3.49e-07,L1PA11,L1,LINE
chr1,209692882,209692903,MA1714.1,+,3.49e-07,MSTB2-int,ERVL-MaLR,LTR
chr9,1692001,1692022,MA1714.1,+,3.52e-07,L1MB2,L1,LINE
chr17,32594526,32594547,MA1714.1,+,3.52e-07,L1M4c,L1,LINE
chr4,32999394,32999415,MA1714.1,+,3.52e-07,L2,L2,LINE
chr20,41943168,41943189,MA1714.1,+,3.52e-07,L3,CR1,LINE
chr3,68488112,68488133,MA1714.1,-,3.52e-07,MSTC-int,ERVL-MaLR,LTR
chr1,74449415,74449436,MA1714.1,-,3.52e-07,THE1B-int,ERVL-MaLR,LTR
chr6,85199520,85199541,MA1714.1,-,3.52e-07,THE1C-int,ERVL-MaLR,LTR
chr5,87570029,87570050,MA1714.1,-,3.52e-07,L1MEg,L1,LINE
chr4,115411297,115411318,MA1714.1,+,3.52e-07,MSTB2-int,ERVL-MaLR,LTR
chr9,23886027,23886048,MA1714.1,-,3.55e-07,L1M3de,L1,LINE
chrX,36068918,36068939,MA1714.1,+,3.55e-07,THE1B-int,ERVL-MaLR,LTR
chr7,50678279,50678300,MA1714.1,+,3.55e-07,MIR,MIR,SINE
chr17,66770774,66770795,MA1714.1,+,3.55e-07,LTR13,ERVK,LTR
chr1,84069741,84069762,MA1714.1,+,3.55e-07,L1MA9,L1,LINE
chr15,95478147,95478168,MA1714.1,-,3.55e-07,THE1D-int,ERVL-MaLR,LTR
chr6,116872577,116872598,MA1714.1,-,3.55e-07,L1ME1,L1,LINE
chr3,120956274,120956295,MA1714.1,-,3.55e-07,MSTB1-int,ERVL-MaLR,LTR
chr3,124651531,124651552,MA1714.1,-,3.55e-07,MIRb,MIR,SINE
chr3,3295024,3295045,MA1714.1,-,3.58e-07,THE1B-int,ERVL-MaLR,LTR
chr5,4434344,4434365,MA1714.1,-,3.58e-07,THE1C-int,ERVL-MaLR,LTR
chr10,10728494,10728515,MA1714.1,+,3.58e-07,THE1C,ERVL-MaLR,LTR
chr11,21349711,21349732,MA1714.1,+,3.58e-07,THE1C-int,ERVL-MaLR,LTR
chr19,41239907,41239928,MA1714.1,-,3.58e-07,L1MC4a,L1,LINE
chr4,66968364,66968385,MA1714.1,+,3.58e-07,THE1B-int,ERVL-MaLR,LTR
chr16,81455136,81455157,MA1714.1,-,3.58e-07,L1M5,L1,LINE
chr12,115038556,115038577,MA1714.1,+,3.58e-07,THE1D-int,ERVL-MaLR,LTR
chr2,135723431,135723452,MA1714.1,-,3.58e-07,L1MA4A,L1,LINE
chr2,186716930,186716951,MA1714.1,-,3.58e-07,MSTB2-int,ERVL-MaLR,LTR
chr2,227171669,227171690,MA1714.1,+,3.58e-07,MIR,MIR,SINE
chr2,228954349,228954370,MA1714.1,+,3.58e-07,MSTB-int,ERVL-MaLR,LTR
chr12,20396418,20396439,MA1714.1,+,3.61e-07,L1M1,L1,LINE
chr12,32358759,32358780,MA1714.1,-,3.61e-07,L1ME1,L1,LINE
chr21,32614074,32614095,MA1714.1,+,3.61e-07,AluJr,Alu,SINE
chr21,32831325,32831346,MA1714.1,-,3.61e-07,L2a,L2,LINE
chr14,43882639,43882660,MA1714.1,+,3.61e-07,L1M4,L1,LINE
chr14,47842911,47842932,MA1714.1,+,3.61e-07,L1MB8,L1,LINE
chr17,54505281,54505302,MA1714.1,+,3.61e-07,MIRb,MIR,SINE
chr13,57298285,57298306,MA1714.1,+,3.61e-07,L1MEf,L1,LINE
chr12,64993479,64993500,MA1714.1,+,3.61e-07,MIR,MIR,SINE
chr11,70765974,70765995,MA1714.1,-,3.61e-07,L1MA8,L1,LINE
chr4,73062954,73062975,MA1714.1,+,3.61e-07,L1M1,L1,LINE
chr12,75848981,75849002,MA1714.1,-,3.61e-07,MLT1C,ERVL-MaLR,LTR
chrX,92532562,92532583,MA1714.1,+,3.61e-07,L1MA3,L1,LINE
chr8,95013719,95013740,MA1714.1,-,3.61e-07,L1MEd,L1,LINE
chr6,97465648,97465669,MA1714.1,+,3.61e-07,MLT1J2,ERVL-MaLR,LTR
chr8,101519824,101519845,MA1714.1,-,3.61e-07,AluJb,Alu,SINE
chr11,113677028,113677049,MA1714.1,-,3.61e-07,AluJo,Alu,SINE
chrX,128432520,128432541,MA1714.1,+,3.61e-07,MSTD-int,ERVL-MaLR,LTR
chr1,157569586,157569607,MA1714.1,+,3.61e-07,MIR,MIR,SINE
chr4,178154371,178154392,MA1714.1,+,3.61e-07,MLT1D,ERVL-MaLR,LTR
chr12,27608667,27608688,MA1714.1,+,3.64e-07,L1MC4a,L1,LINE
chr17,49682171,49682192,MA1714.1,+,3.64e-07,MER117,hAT-Charlie,DNA
chr18,69545529,69545550,MA1714.1,-,3.64e-07,LTR81C,Gypsy,LTR
chr10,75498974,75498995,MA1714.1,-,3.64e-07,AluSx1,Alu,SINE
chr8,89484012,89484033,MA1714.1,-,3.64e-07,THE1C-int,ERVL-MaLR,LTR
chr9,108769151,108769172,MA1714.1,-,3.64e-07,L1PB1,L1,LINE
chr12,111298979,111299000,MA1714.1,-,3.64e-07,MSTA,ERVL-MaLR,LTR
chr8,116345897,116345918,MA1714.1,+,3.64e-07,L1MA9,L1,LINE
chr8,118048199,118048220,MA1714.1,-,3.64e-07,THE1D-int,ERVL-MaLR,LTR
chr11,123159544,123159565,MA1714.1,-,3.64e-07,L1MB1,L1,LINE
chrX,129278045,129278066,MA1714.1,+,3.64e-07,MIRb,MIR,SINE
chr12,132228616,132228637,MA1714.1,-,3.64e-07,THE1B-int,ERVL-MaLR,LTR
chr1,222631292,222631313,MA1714.1,+,3.64e-07,MSTA-int,ERVL-MaLR,LTR
chr4,21081440,21081461,MA1714.1,+,3.67e-07,MLT1D,ERVL-MaLR,LTR
chr3,21327833,21327854,MA1714.1,+,3.67e-07,THE1B-int,ERVL-MaLR,LTR
chr6,25206205,25206226,MA1714.1,+,3.67e-07,L1M4c,L1,LINE
chr11,37000786,37000807,MA1714.1,-,3.67e-07,MSTA-int,ERVL-MaLR,LTR
chr2,72671941,72671962,MA1714.1,-,3.67e-07,THE1B-int,ERVL-MaLR,LTR
chr10,77634061,77634082,MA1714.1,+,3.67e-07,L3,CR1,LINE
chr4,78242633,78242654,MA1714.1,-,3.67e-07,THE1B-int,ERVL-MaLR,LTR
chrX,97166724,97166745,MA1714.1,+,3.67e-07,MER117,hAT-Charlie,DNA
chr6,108527904,108527925,MA1714.1,-,3.67e-07,L1MCb,L1,LINE
chr6,136120023,136120044,MA1714.1,+,3.67e-07,L1MEc,L1,LINE
chr5,166318170,166318191,MA1714.1,-,3.67e-07,MIRc,MIR,SINE
chr1,213388933,213388954,MA1714.1,+,3.67e-07,L1PA4,L1,LINE
chr6_qbl_hap6,2112241,2112262,MA1714.1,+,3.7e-07,THE1B-int,ERVL-MaLR,LTR
chr6_dbb_hap3,2113388,2113409,MA1714.1,+,3.7e-07,THE1B-int,ERVL-MaLR,LTR
chr6_mann_hap4,2167406,2167427,MA1714.1,+,3.7e-07,THE1B-int,ERVL-MaLR,LTR
chr6_mcf_hap5,2201205,2201226,MA1714.1,+,3.7e-07,THE1B-int,ERVL-MaLR,LTR
chr6_cox_hap2,2331390,2331411,MA1714.1,+,3.7e-07,THE1B-int,ERVL-MaLR,LTR
chr9,10872899,10872920,MA1714.1,-,3.7e-07,THE1D-int,ERVL-MaLR,LTR
chr11,14590518,14590539,MA1714.1,-,3.7e-07,THE1-int,ERVL-MaLR,LTR
chr5,26175544,26175565,MA1714.1,+,3.7e-07,THE1B-int,ERVL-MaLR,LTR
chr6,30819318,30819339,MA1714.1,+,3.7e-07,THE1B-int,ERVL-MaLR,LTR
chr8,50855129,50855150,MA1714.1,-,3.7e-07,L1MC3,L1,LINE
chr1,57573617,57573638,MA1714.1,+,3.7e-07,MIRb,MIR,SINE
chr18,62560900,62560921,MA1714.1,-,3.7e-07,THE1B-int,ERVL-MaLR,LTR
chr3,68348833,68348854,MA1714.1,+,3.7e-07,THE1D-int,ERVL-MaLR,LTR
chr1,80156032,80156053,MA1714.1,+,3.7e-07,MIRb,MIR,SINE
chr10,91014254,91014275,MA1714.1,-,3.7e-07,THE1B-int,ERVL-MaLR,LTR
chr6,103922364,103922385,MA1714.1,+,3.7e-07,Charlie1,hAT-Charlie,DNA
chr4,128217288,128217309,MA1714.1,-,3.7e-07,THE1C-int,ERVL-MaLR,LTR
chr8,138431267,138431288,MA1714.1,-,3.7e-07,THE1B-int,ERVL-MaLR,LTR
chr5,144771078,144771099,MA1714.1,-,3.7e-07,THE1C-int,ERVL-MaLR,LTR
chr2,202862709,202862730,MA1714.1,-,3.7e-07,AluJb,Alu,SINE
chr2,241785099,241785120,MA1714.1,+,3.7e-07,THE1C-int,ERVL-MaLR,LTR
chr12,2275816,2275837,MA1714.1,+,3.73e-07,MIRb,MIR,SINE
chr8,27799272,27799293,MA1714.1,-,3.73e-07,MIRc,MIR,SINE
chr12,28950130,28950151,MA1714.1,+,3.73e-07,HAL1,L1,LINE
chr14,40438919,40438940,MA1714.1,+,3.73e-07,MLT1D-int,ERVL-MaLR,LTR
chr13,55072555,55072576,MA1714.1,+,3.73e-07,MSTA-int,ERVL-MaLR,LTR
chr5,64355576,64355597,MA1714.1,+,3.73e-07,MSTA-int,ERVL-MaLR,LTR
chr10,83096708,83096729,MA1714.1,+,3.73e-07,MSTA-int,ERVL-MaLR,LTR
chr4,97622262,97622283,MA1714.1,-,3.73e-07,L1MEg,L1,LINE
chr3,154319390,154319411,MA1714.1,-,3.73e-07,MSTA-int,ERVL-MaLR,LTR
chr9,20433201,20433222,MA1714.1,+,3.76e-07,L1MC4,L1,LINE
chr9,24203254,24203275,MA1714.1,+,3.76e-07,THE1B-int,ERVL-MaLR,LTR
chr12,33600358,33600379,MA1714.1,+,3.76e-07,L1PA16,L1,LINE
chr1,49968226,49968247,MA1714.1,+,3.76e-07,THE1D-int,ERVL-MaLR,LTR
chr19,53322104,53322125,MA1714.1,+,3.76e-07,AluSx,Alu,SINE
chr6,62243405,62243426,MA1714.1,+,3.76e-07,L1PA7,L1,LINE
chr5,65141316,65141337,MA1714.1,-,3.76e-07,L1MB3,L1,LINE
chr17,72155239,72155260,MA1714.1,-,3.76e-07,MLT1I,ERVL-MaLR,LTR
chr1,73008508,73008529,MA1714.1,-,3.76e-07,HERVL32-int,ERVL,LTR
chr16,77364497,77364518,MA1714.1,+,3.76e-07,MER117,hAT-Charlie,DNA
chr1,86880012,86880033,MA1714.1,-,3.76e-07,HERVL18-int,ERVL,LTR
chr12,95861688,95861709,MA1714.1,+,3.76e-07,MER65D,ERV1,LTR
chr9,1404715,1404736,MA1714.1,-,3.79e-07,MLT1B,ERVL-MaLR,LTR
chr20,1565626,1565647,MA1714.1,+,3.79e-07,L1MA8,L1,LINE
chr17,2963773,2963794,MA1714.1,-,3.79e-07,Charlie1a,hAT-Charlie,DNA
chr17,3147081,3147102,MA1714.1,+,3.79e-07,Charlie1a,hAT-Charlie,DNA
chr10,8931180,8931201,MA1714.1,+,3.79e-07,L1MC3,L1,LINE
chr9,11510749,11510770,MA1714.1,+,3.79e-07,THE1B-int,ERVL-MaLR,LTR
chr14,99778850,99778871,MA1714.1,+,3.79e-07,MIRc,MIR,SINE
chr3,110955180,110955201,MA1714.1,-,3.79e-07,MLT1A1-int,ERVL-MaLR,LTR
chr4,123590952,123590973,MA1714.1,-,3.79e-07,LTR81B,Gypsy,LTR
chr2,157295980,157296001,MA1714.1,+,3.79e-07,AluJb,Alu,SINE
chr4,16532570,16532591,MA1714.1,-,3.82e-07,MIRb,MIR,SINE
chr17,21147720,21147741,MA1714.1,+,3.82e-07,MIR,MIR,SINE
chr8,38530042,38530063,MA1714.1,+,3.82e-07,AluJb,Alu,SINE
chr16,56289771,56289792,MA1714.1,-,3.82e-07,L1M6,L1,LINE
chr1,92140866,92140887,MA1714.1,+,3.82e-07,L1MC4a,L1,LINE
chr3,110013939,110013960,MA1714.1,-,3.82e-07,THE1D-int,ERVL-MaLR,LTR
chr9,118853718,118853739,MA1714.1,+,3.82e-07,THE1B-int,ERVL-MaLR,LTR
chr11,126022169,126022190,MA1714.1,-,3.82e-07,L1MEd,L1,LINE
chr3,147545918,147545939,MA1714.1,+,3.82e-07,L1MC4,L1,LINE
chr5,149304440,149304461,MA1714.1,+,3.82e-07,L1ME3A,L1,LINE
chr5,174263475,174263496,MA1714.1,+,3.82e-07,THE1D-int,ERVL-MaLR,LTR
chr2,211701042,211701063,MA1714.1,-,3.82e-07,L1MEg,L1,LINE
chr7,10010749,10010770,MA1714.1,+,3.85e-07,THE1D-int,ERVL-MaLR,LTR
chr6,18684967,18684988,MA1714.1,-,3.85e-07,AluJr4,Alu,SINE
chr1,27137754,27137775,MA1714.1,+,3.85e-07,ERVL-E-int,ERVL,LTR
chr4,29668962,29668983,MA1714.1,-,3.85e-07,MER21B,ERVL,LTR
chr20,30844329,30844350,MA1714.1,-,3.85e-07,L4,RTE,LINE
chr20,35953198,35953219,MA1714.1,-,3.85e-07,AluJr,Alu,SINE
chr20,55899819,55899840,MA1714.1,+,3.85e-07,L1MC5,L1,LINE
chr15,87552392,87552413,MA1714.1,+,3.85e-07,THE1B-int,ERVL-MaLR,LTR
chr8,88135051,88135072,MA1714.1,-,3.85e-07,L1MA7,L1,LINE
chr13,89192439,89192460,MA1714.1,+,3.85e-07,MSTC-int,ERVL-MaLR,LTR
chr11,110965780,110965801,MA1714.1,-,3.85e-07,L1MEg,L1,LINE
chr2,122183307,122183328,MA1714.1,+,3.85e-07,L1MEe,L1,LINE
chrX,122914879,122914900,MA1714.1,+,3.85e-07,L1MEg,L1,LINE
chr9,134946504,134946525,MA1714.1,-,3.85e-07,MIR,MIR,SINE
chr7,156063790,156063811,MA1714.1,-,3.85e-07,LTR27,ERV1,LTR
chr1,203366720,203366741,MA1714.1,-,3.85e-07,L1MA9,L1,LINE
chr1,229418407,229418428,MA1714.1,-,3.85e-07,L1MD1,L1,LINE
chr11,10850921,10850942,MA1714.1,-,3.88e-07,THE1D-int,ERVL-MaLR,LTR
chr10,11453037,11453058,MA1714.1,+,3.88e-07,L1M3,L1,LINE
chr17,12069400,12069421,MA1714.1,-,3.88e-07,MSTB-int,ERVL-MaLR,LTR
chr17,13636882,13636903,MA1714.1,+,3.88e-07,THE1B-int,ERVL-MaLR,LTR
chr1,16487938,16487959,MA1714.1,-,3.88e-07,MIRb,MIR,SINE
chr5,23647593,23647614,MA1714.1,+,3.88e-07,THE1B-int,ERVL-MaLR,LTR
chr8,29737703,29737724,MA1714.1,+,3.88e-07,LTR81A,Gypsy,LTR
chr17,41397352,41397373,MA1714.1,-,3.88e-07,THE1B-int,ERVL-MaLR,LTR
chr7,44535250,44535271,MA1714.1,+,3.88e-07,L1MC3,L1,LINE
chr18,50603302,50603323,MA1714.1,-,3.88e-07,ERVL-E-int,ERVL,LTR
chr6,65743329,65743350,MA1714.1,+,3.88e-07,MSTA-int,ERVL-MaLR,LTR
chr6,67870621,67870642,MA1714.1,+,3.88e-07,THE1C-int,ERVL-MaLR,LTR
chr2,77149805,77149826,MA1714.1,+,3.88e-07,L1MA9,L1,LINE
chr3,95010573,95010594,MA1714.1,+,3.88e-07,THE1C-int,ERVL-MaLR,LTR
chr11,97437971,97437992,MA1714.1,+,3.88e-07,L1MCa,L1,LINE
chrX,107831787,107831808,MA1714.1,+,3.88e-07,L1MEd,L1,LINE
chrY,3515723,3515744,MA1714.1,-,3.91e-07,MER52-int,ERV1,LTR
chrY,4896564,4896585,MA1714.1,+,3.91e-07,AluJo,Alu,SINE
chrY,23342599,23342620,MA1714.1,+,3.91e-07,HERVK22-int,ERVK,LTR
chr2,29573587,29573608,MA1714.1,-,3.91e-07,MIRb,MIR,SINE
chr14,43589724,43589745,MA1714.1,-,3.91e-07,THE1B-int,ERVL-MaLR,LTR
chr12,47081628,47081649,MA1714.1,+,3.91e-07,L1MB7,L1,LINE
chr17,53281674,53281695,MA1714.1,-,3.91e-07,L1MEg,L1,LINE
chr13,86233322,86233343,MA1714.1,-,3.91e-07,LTR33A_,ERVL,LTR
chrX,89245060,89245081,MA1714.1,-,3.91e-07,MER52-int,ERV1,LTR
chrX,91062090,91062111,MA1714.1,+,3.91e-07,AluJo,Alu,SINE
chr3,98928777,98928798,MA1714.1,-,3.91e-07,MSTA-int,ERVL-MaLR,LTR
chr13,103884006,103884027,MA1714.1,+,3.91e-07,MER65A,ERV1,LTR
chrX,116260202,116260223,MA1714.1,+,3.91e-07,THE1B-int,ERVL-MaLR,LTR
chr4,159075996,159076017,MA1714.1,+,3.91e-07,L1PB1,L1,LINE
chr2,187745674,187745695,MA1714.1,-,3.91e-07,L1MA8,L1,LINE
chrX,43194273,43194294,MA1714.1,+,3.94e-07,MER34C_,ERV1,LTR
chr6,74554559,74554580,MA1714.1,+,3.94e-07,THE1A-int,ERVL-MaLR,LTR
chr16,82591699,82591720,MA1714.1,+,3.94e-07,THE1C-int,ERVL-MaLR,LTR
chr12,86573784,86573805,MA1714.1,+,3.94e-07,THE1A-int,ERVL-MaLR,LTR
chr15,86975536,86975557,MA1714.1,-,3.94e-07,L1MC3,L1,LINE
chr4,91735412,91735433,MA1714.1,-,3.94e-07,THE1D-int,ERVL-MaLR,LTR
chr10,95234860,95234881,MA1714.1,-,3.94e-07,MIRb,MIR,SINE
chr4,98799809,98799830,MA1714.1,-,3.94e-07,THE1B-int,ERVL-MaLR,LTR
chr9,105987305,105987326,MA1714.1,-,3.94e-07,L1M5,L1,LINE
chr3,109625018,109625039,MA1714.1,-,3.94e-07,THE1A-int,ERVL-MaLR,LTR
chr10,113221806,113221827,MA1714.1,+,3.94e-07,THE1B-int,ERVL-MaLR,LTR
chr12,120932851,120932872,MA1714.1,-,3.94e-07,MIR,MIR,SINE
chr2,128448470,128448491,MA1714.1,-,3.94e-07,MSTA-int,ERVL-MaLR,LTR
chr2,154125466,154125487,MA1714.1,-,3.94e-07,THE1D-int,ERVL-MaLR,LTR
chr4,162148832,162148853,MA1714.1,-,3.94e-07,THE1D-int,ERVL-MaLR,LTR
chr1,247211198,247211219,MA1714.1,-,3.94e-07,THE1D-int,ERVL-MaLR,LTR
chr8_gl000197_random,5944,5965,MA1714.1,-,3.98e-07,MIRc,MIR,SINE
chr18,14115886,14115907,MA1714.1,+,3.98e-07,L1MB2,L1,LINE
chrY,15337522,15337543,MA1714.1,+,3.98e-07,L1MC4a,L1,LINE
chr8,21656104,21656125,MA1714.1,+,3.98e-07,MIRc,MIR,SINE
chr1,41638819,41638840,MA1714.1,+,3.98e-07,L1MA5,L1,LINE
chr18,56844013,56844034,MA1714.1,-,3.98e-07,AluJb,Alu,SINE
chr10,72137796,72137817,MA1714.1,+,3.98e-07,MIRb,MIR,SINE
chr13,78093573,78093594,MA1714.1,-,3.98e-07,AluJr,Alu,SINE
chr10,104564530,104564551,MA1714.1,-,3.98e-07,MLT1I,ERVL-MaLR,LTR
chr10,110594978,110594999,MA1714.1,+,3.98e-07,L1MB8,L1,LINE
chr10,111106944,111106965,MA1714.1,-,3.98e-07,L1MA1,L1,LINE
chr13,111150553,111150574,MA1714.1,+,3.98e-07,MIRb,MIR,SINE
chr6,136956945,136956966,MA1714.1,+,3.98e-07,AluJo,Alu,SINE
chr1,191513425,191513446,MA1714.1,+,3.98e-07,HAL1,L1,LINE
chr12,14563006,14563027,MA1714.1,-,4.01e-07,L1MB8,L1,LINE
chr3,21029703,21029724,MA1714.1,-,4.01e-07,MER4B-int,ERV1,LTR
chr12,60180423,60180444,MA1714.1,-,4.01e-07,MIRc,MIR,SINE
chr14,72451676,72451697,MA1714.1,-,4.01e-07,L1ME4a,L1,LINE
chr10,84233752,84233773,MA1714.1,+,4.01e-07,L1MB3,L1,LINE
chr11,97951645,97951666,MA1714.1,+,4.01e-07,MSTA-int,ERVL-MaLR,LTR
chr1,110323014,110323035,MA1714.1,-,4.01e-07,MLT1A0-int,ERVL-MaLR,LTR
chr4,129211135,129211156,MA1714.1,-,4.01e-07,MER20B,hAT-Charlie,DNA
chr3,177404204,177404225,MA1714.1,-,4.01e-07,MIR,MIR,SINE
chr2,223948990,223949011,MA1714.1,+,4.01e-07,MIR3,MIR,SINE
chr19,19428549,19428570,MA1714.1,-,4.04e-07,AluJr,Alu,SINE
chr6,21866426,21866447,MA1714.1,+,4.04e-07,LTR78B,ERV1,LTR
chr8,33710901,33710922,MA1714.1,+,4.04e-07,MER5B,hAT-Charlie,DNA
chr8,98980431,98980452,MA1714.1,-,4.04e-07,MSTB-int,ERVL-MaLR,LTR
chr7,107369375,107369396,MA1714.1,-,4.04e-07,L1ME2z,L1,LINE
chrX,142763742,142763763,MA1714.1,-,4.04e-07,MER58B,hAT-Charlie,DNA
chr4,184003971,184003992,MA1714.1,+,4.04e-07,AluSg,Alu,SINE
chr8,34453511,34453532,MA1714.1,-,4.07e-07,MSTB-int,ERVL-MaLR,LTR
chr2,34790915,34790936,MA1714.1,-,4.07e-07,MER96,hAT,DNA
chr20,47308904,47308925,MA1714.1,+,4.07e-07,L1ME3B,L1,LINE
chr14,55345553,55345574,MA1714.1,-,4.07e-07,AluJb,Alu,SINE
chrX,71892103,71892124,MA1714.1,-,4.07e-07,MST-int,ERVL-MaLR,LTR
chr4,108860772,108860793,MA1714.1,+,4.07e-07,HAL1,L1,LINE
chr6,116972158,116972179,MA1714.1,+,4.07e-07,HAL1,L1,LINE
chr8,126212845,126212866,MA1714.1,-,4.07e-07,L1PA6,L1,LINE
chr12,131312219,131312240,MA1714.1,+,4.07e-07,AluJb,Alu,SINE
chr9,879673,879694,MA1714.1,-,4.11e-07,Charlie1a,hAT-Charlie,DNA
chr3,3701435,3701456,MA1714.1,+,4.11e-07,AluY,Alu,SINE
chr22,30886665,30886686,MA1714.1,-,4.11e-07,MIRb,MIR,SINE
chr19,37635345,37635366,MA1714.1,+,4.11e-07,MIR,MIR,SINE
chr16,59686915,59686936,MA1714.1,-,4.11e-07,MSTB1-int,ERVL-MaLR,LTR
chr4,68320220,68320241,MA1714.1,+,4.11e-07,L1MC3,L1,LINE
chr8,75532954,75532975,MA1714.1,-,4.11e-07,THE1D-int,ERVL-MaLR,LTR
chr12,78671913,78671934,MA1714.1,+,4.11e-07,THE1B-int,ERVL-MaLR,LTR
chr4,98808975,98808996,MA1714.1,+,4.11e-07,MSTA-int,ERVL-MaLR,LTR
chr12,107500877,107500898,MA1714.1,-,4.11e-07,LTR49,ERV1,LTR
chr3,125309873,125309894,MA1714.1,+,4.11e-07,MIRc,MIR,SINE
chr3,140228374,140228395,MA1714.1,-,4.11e-07,MER103C,hAT-Charlie,DNA
chr3,167314893,167314914,MA1714.1,+,4.11e-07,THE1D-int,ERVL-MaLR,LTR
chr1,195221529,195221550,MA1714.1,+,4.11e-07,MER1B,hAT-Charlie,DNA
chr17,6725405,6725426,MA1714.1,+,4.14e-07,THE1D-int,ERVL-MaLR,LTR
chr22,28759134,28759155,MA1714.1,+,4.14e-07,THE1B-int,ERVL-MaLR,LTR
chr17,33032081,33032102,MA1714.1,+,4.14e-07,MIRb,MIR,SINE
chr8,60105785,60105806,MA1714.1,-,4.14e-07,L1MC3,L1,LINE
chr5,94337629,94337650,MA1714.1,+,4.14e-07,THE1C-int,ERVL-MaLR,LTR
chr5,101839834,101839855,MA1714.1,+,4.14e-07,THE1A-int,ERVL-MaLR,LTR
chr11,104049934,104049955,MA1714.1,-,4.14e-07,MIRb,MIR,SINE
chr3,116402463,116402484,MA1714.1,-,4.14e-07,L1MB5,L1,LINE
chr1,222237290,222237311,MA1714.1,-,4.14e-07,THE1B-int,ERVL-MaLR,LTR
chr6,885796,885817,MA1714.1,-,4.17e-07,MLT1A,ERVL-MaLR,LTR
chr2,5502165,5502186,MA1714.1,+,4.17e-07,Charlie1a,hAT-Charlie,DNA
chr12,16794187,16794208,MA1714.1,-,4.17e-07,THE1B-int,ERVL-MaLR,LTR
chr10,25726390,25726411,MA1714.1,-,4.17e-07,AluJb,Alu,SINE
chr17,57071161,57071182,MA1714.1,+,4.17e-07,L1MC4a,L1,LINE
chr11,113204837,113204858,MA1714.1,-,4.17e-07,MIR,MIR,SINE
chrX,121708905,121708926,MA1714.1,-,4.17e-07,MSTA-int,ERVL-MaLR,LTR
chr4,127781738,127781759,MA1714.1,-,4.17e-07,MSTA-int,ERVL-MaLR,LTR
chr1,163497896,163497917,MA1714.1,+,4.17e-07,L1MA5,L1,LINE
chr3,189009098,189009119,MA1714.1,+,4.17e-07,MIRc,MIR,SINE
chr17,11675851,11675872,MA1714.1,-,4.2e-07,AluSx,Alu,SINE
chr21,19882746,19882767,MA1714.1,+,4.2e-07,THE1D-int,ERVL-MaLR,LTR
chrX,21010095,21010116,MA1714.1,-,4.2e-07,THE1C-int,ERVL-MaLR,LTR
chr21,23267299,23267320,MA1714.1,-,4.2e-07,THE1D-int,ERVL-MaLR,LTR
chr13,23598531,23598552,MA1714.1,+,4.2e-07,L1MB7,L1,LINE
chr14,26209452,26209473,MA1714.1,-,4.2e-07,THE1B-int,ERVL-MaLR,LTR
chrX,26837391,26837412,MA1714.1,+,4.2e-07,THE1C-int,ERVL-MaLR,LTR
chr12,34209623,34209644,MA1714.1,-,4.2e-07,MIRc,MIR,SINE
chr11,34370267,34370288,MA1714.1,+,4.2e-07,MIRb,MIR,SINE
chr12,38748982,38749003,MA1714.1,-,4.2e-07,MIRc,MIR,SINE
chr19,40265087,40265108,MA1714.1,+,4.2e-07,L1PB1,L1,LINE
chr1,60650730,60650751,MA1714.1,-,4.2e-07,THE1B-int,ERVL-MaLR,LTR
chr3,70510604,70510625,MA1714.1,+,4.2e-07,THE1A-int,ERVL-MaLR,LTR
chr10,80645698,80645719,MA1714.1,+,4.2e-07,HAL1b,L1,LINE
chr13,93612662,93612683,MA1714.1,-,4.2e-07,THE1B-int,ERVL-MaLR,LTR
chr10,96504230,96504251,MA1714.1,+,4.2e-07,THE1B-int,ERVL-MaLR,LTR
chr7,99654159,99654180,MA1714.1,-,4.2e-07,AluSx1,Alu,SINE
chr5,109805513,109805534,MA1714.1,+,4.2e-07,L1MA6,L1,LINE
chr5,116091695,116091716,MA1714.1,+,4.2e-07,THE1D-int,ERVL-MaLR,LTR
chr2,203844752,203844773,MA1714.1,-,4.2e-07,AluJb,Alu,SINE
chr2,211776577,211776598,MA1714.1,+,4.2e-07,L1MC3,L1,LINE
chr5,3904362,3904383,MA1714.1,-,4.24e-07,L1MEd,L1,LINE
chr11,4237137,4237158,MA1714.1,+,4.24e-07,L2c,L2,LINE
chr5,14974572,14974593,MA1714.1,+,4.24e-07,L1ME3A,L1,LINE
chr18,41202559,41202580,MA1714.1,-,4.24e-07,MIRb,MIR,SINE
chr15,51299180,51299201,MA1714.1,-,4.24e-07,L1MC1,L1,LINE
chr18,51608961,51608982,MA1714.1,+,4.24e-07,THE1C-int,ERVL-MaLR,LTR
chr10,58972004,58972025,MA1714.1,-,4.24e-07,THE1D-int,ERVL-MaLR,LTR
chr1,62031872,62031893,MA1714.1,-,4.24e-07,MSTB-int,ERVL-MaLR,LTR
chr4,81891458,81891479,MA1714.1,-,4.24e-07,L1MC2,L1,LINE
chr11,83151668,83151689,MA1714.1,+,4.24e-07,L1MC3,L1,LINE
chr4,84544076,84544097,MA1714.1,+,4.24e-07,THE1C-int,ERVL-MaLR,LTR
chrX,85927430,85927451,MA1714.1,+,4.24e-07,MSTA-int,ERVL-MaLR,LTR
chr9,286861,286882,MA1714.1,+,4.27e-07,MIR,MIR,SINE
chr18,6550576,6550597,MA1714.1,-,4.27e-07,MSTB-int,ERVL-MaLR,LTR
chr11,12266412,12266433,MA1714.1,-,4.27e-07,L2b,L2,LINE
chr18,20451622,20451643,MA1714.1,-,4.27e-07,MIR,MIR,SINE
chrX,33891655,33891676,MA1714.1,-,4.27e-07,THE1B-int,ERVL-MaLR,LTR
chr22,34820947,34820968,MA1714.1,-,4.27e-07,L1MD2,L1,LINE
chr22,34822822,34822843,MA1714.1,-,4.27e-07,L1MDb,L1,LINE
chr17,41402000,41402021,MA1714.1,-,4.27e-07,LTR13,ERVK,LTR
chr10,42940717,42940738,MA1714.1,+,4.27e-07,HAL1,L1,LINE
chr1,50272417,50272438,MA1714.1,+,4.27e-07,MLT1A0-int,ERVL-MaLR,LTR
chr6,53599134,53599155,MA1714.1,-,4.27e-07,L1MEd,L1,LINE
chr7,55927060,55927081,MA1714.1,-,4.27e-07,L1M3,L1,LINE
chr15,63680130,63680151,MA1714.1,+,4.27e-07,MIRc,MIR,SINE
chr12,79517219,79517240,MA1714.1,-,4.27e-07,MIR,MIR,SINE
chr6,86445238,86445259,MA1714.1,-,4.27e-07,AluSz,Alu,SINE
chr14,98187596,98187617,MA1714.1,-,4.27e-07,L1MA9,L1,LINE
chr3,138938512,138938533,MA1714.1,-,4.27e-07,L1MEd,L1,LINE
chr3,157728521,157728542,MA1714.1,-,4.27e-07,THE1C-int,ERVL-MaLR,LTR
chr1,164418104,164418125,MA1714.1,-,4.27e-07,MSTB-int,ERVL-MaLR,LTR
chr5,167925732,167925753,MA1714.1,+,4.27e-07,AluJb,Alu,SINE
chr5,171459085,171459106,MA1714.1,-,4.27e-07,THE1C-int,ERVL-MaLR,LTR
chrY,3029876,3029897,MA1714.1,-,4.31e-07,THE1C-int,ERVL-MaLR,LTR
chr3,15910266,15910287,MA1714.1,+,4.31e-07,L1MA9,L1,LINE
chr20,31511931,31511952,MA1714.1,-,4.31e-07,AluJr,Alu,SINE
chr4,31852639,31852660,MA1714.1,+,4.31e-07,THE1D-int,ERVL-MaLR,LTR
chr19,32861898,32861919,MA1714.1,-,4.31e-07,L1MA9,L1,LINE
chr2,34078716,34078737,MA1714.1,-,4.31e-07,MSTA-int,ERVL-MaLR,LTR
chr7,38555863,38555884,MA1714.1,+,4.31e-07,MSTA-int,ERVL-MaLR,LTR
chr18,43283578,43283599,MA1714.1,-,4.31e-07,MSTA-int,ERVL-MaLR,LTR
chr2,57240509,57240530,MA1714.1,+,4.31e-07,MSTA-int,ERVL-MaLR,LTR
chr12,61681678,61681699,MA1714.1,-,4.31e-07,MSTA-int,ERVL-MaLR,LTR
chr2,66539639,66539660,MA1714.1,+,4.31e-07,L1MEf,L1,LINE
chr9,68784916,68784937,MA1714.1,-,4.31e-07,L1M2,L1,LINE
chr9,69123049,69123070,MA1714.1,-,4.31e-07,L1M2,L1,LINE
chr9,70997162,70997183,MA1714.1,+,4.31e-07,L1M1,L1,LINE
chr15,79766559,79766580,MA1714.1,-,4.31e-07,L1ME3A,L1,LINE
chr11,80014519,80014540,MA1714.1,+,4.31e-07,THE1B-int,ERVL-MaLR,LTR
chr13,90700315,90700336,MA1714.1,-,4.31e-07,MSTA-int,ERVL-MaLR,LTR
chrX,94432526,94432547,MA1714.1,+,4.31e-07,MSTA-int,ERVL-MaLR,LTR
chr10,102863102,102863123,MA1714.1,+,4.31e-07,MIRc,MIR,SINE
chr9,103073354,103073375,MA1714.1,-,4.31e-07,MER6B,TcMar-Tigger,DNA
chr6,106625873,106625894,MA1714.1,+,4.31e-07,MER5B,hAT-Charlie,DNA
chr10,121017160,121017181,MA1714.1,+,4.31e-07,AluSx1,Alu,SINE
chr9,128347456,128347477,MA1714.1,+,4.31e-07,MIRb,MIR,SINE
chr2,130338924,130338945,MA1714.1,-,4.31e-07,MSTB-int,ERVL-MaLR,LTR
chr8,132440050,132440071,MA1714.1,-,4.31e-07,THE1B-int,ERVL-MaLR,LTR
chr4,143814386,143814407,MA1714.1,+,4.31e-07,MSTA-int,ERVL-MaLR,LTR
chrX,148241242,148241263,MA1714.1,-,4.31e-07,THE1C-int,ERVL-MaLR,LTR
chr2,148931082,148931103,MA1714.1,+,4.31e-07,MER52A,ERV1,LTR
chr5,175194155,175194176,MA1714.1,-,4.31e-07,MSTA-int,ERVL-MaLR,LTR
chr4,176603715,176603736,MA1714.1,+,4.31e-07,MSTA-int,ERVL-MaLR,LTR
chr9,33147956,33147977,MA1714.1,+,4.34e-07,AluJr,Alu,SINE
chr17,47337436,47337457,MA1714.1,+,4.34e-07,MIRc,MIR,SINE
chr16,49833116,49833137,MA1714.1,+,4.34e-07,MIRb,MIR,SINE
chr20,52739637,52739658,MA1714.1,+,4.34e-07,MIR,MIR,SINE
chr13,57011362,57011383,MA1714.1,+,4.34e-07,L1MA9,L1,LINE
chr9,85237641,85237662,MA1714.1,+,4.34e-07,MLT1B-int,ERVL-MaLR,LTR
chr10,115705891,115705912,MA1714.1,+,4.34e-07,MIR,MIR,SINE
chr10,127693948,127693969,MA1714.1,-,4.34e-07,AluSz,Alu,SINE
chr3,136190280,136190301,MA1714.1,+,4.34e-07,L1M5,L1,LINE
chr5,140162550,140162571,MA1714.1,+,4.34e-07,MSTB-int,ERVL-MaLR,LTR
chr6,154340680,154340701,MA1714.1,-,4.34e-07,L1MC1,L1,LINE
chrX,9543402,9543423,MA1714.1,-,4.38e-07,L1MB7,L1,LINE
chr2,16243780,16243801,MA1714.1,-,4.38e-07,FLAM_C,Alu,SINE
chr3,16505874,16505895,MA1714.1,-,4.38e-07,L1MEg1,L1,LINE
chr5,38864299,38864320,MA1714.1,-,4.38e-07,L1MA4A,L1,LINE
chr10,43686599,43686620,MA1714.1,-,4.38e-07,L1ME3B,L1,LINE
chr21,43757265,43757286,MA1714.1,+,4.38e-07,L1ME1,L1,LINE
chr5,49770860,49770881,MA1714.1,+,4.38e-07,THE1B-int,ERVL-MaLR,LTR
chr20,54285692,54285713,MA1714.1,+,4.38e-07,THE1A-int,ERVL-MaLR,LTR
chr11,56592373,56592394,MA1714.1,-,4.38e-07,MSTA-int,ERVL-MaLR,LTR
chr15,58030103,58030124,MA1714.1,-,4.38e-07,HAL1,L1,LINE
chr15,58352556,58352577,MA1714.1,-,4.38e-07,MIRb,MIR,SINE
chr16,62168112,62168133,MA1714.1,-,4.38e-07,MSTB-int,ERVL-MaLR,LTR
chr11,73902619,73902640,MA1714.1,+,4.38e-07,MSTB-int,ERVL-MaLR,LTR
chr13,110545963,110545984,MA1714.1,+,4.38e-07,AluJo,Alu,SINE
chr1,121215224,121215245,MA1714.1,-,4.38e-07,THE1B-int,ERVL-MaLR,LTR
chr3,165410845,165410866,MA1714.1,-,4.38e-07,THE1B-int,ERVL-MaLR,LTR
chr3,183687030,183687051,MA1714.1,+,4.38e-07,L3,CR1,LINE
chr17_gl000203_random,5070,5091,MA1714.1,+,4.41e-07,THE1D-int,ERVL-MaLR,LTR
chr21,10634279,10634300,MA1714.1,-,4.41e-07,MSTA-int,ERVL-MaLR,LTR
chr2,13276098,13276119,MA1714.1,+,4.41e-07,MSTB2-int,ERVL-MaLR,LTR
chr17,21695171,21695192,MA1714.1,-,4.41e-07,THE1D-int,ERVL-MaLR,LTR
chr19,28114263,28114284,MA1714.1,+,4.41e-07,ALR/Alpha,centr,Satellite
chr2,28191723,28191744,MA1714.1,+,4.41e-07,THE1B-int,ERVL-MaLR,LTR
chr9,42286956,42286977,MA1714.1,-,4.41e-07,MSTA-int,ERVL-MaLR,LTR
chr10,42503308,42503329,MA1714.1,-,4.41e-07,ALR/Alpha,centr,Satellite
chr8,43618803,43618824,MA1714.1,+,4.41e-07,ALR/Alpha,centr,Satellite
chr9,45404927,45404948,MA1714.1,+,4.41e-07,MSTA-int,ERVL-MaLR,LTR
chr9,68335613,68335634,MA1714.1,-,4.41e-07,MSTA-int,ERVL-MaLR,LTR
chr9,70682254,70682275,MA1714.1,-,4.41e-07,MSTA-int,ERVL-MaLR,LTR
chr6,91655587,91655608,MA1714.1,-,4.41e-07,MIRb,MIR,SINE
chr11,112526448,112526469,MA1714.1,+,4.41e-07,MIRb,MIR,SINE
chr2,114507209,114507230,MA1714.1,+,4.41e-07,L1MB4,L1,LINE
chr1,118255612,118255633,MA1714.1,-,4.41e-07,MIRc,MIR,SINE
chr8,122254417,122254438,MA1714.1,+,4.41e-07,MIR,MIR,SINE
chr12,131704254,131704275,MA1714.1,-,4.41e-07,LTR33A_,ERVL,LTR
chr12,132476367,132476388,MA1714.1,-,4.41e-07,AluSx,Alu,SINE
chr2,132544301,132544322,MA1714.1,-,4.41e-07,MSTA-int,ERVL-MaLR,LTR
chr1,178182749,178182770,MA1714.1,+,4.41e-07,L1ME3,L1,LINE
chr1,179013581,179013602,MA1714.1,-,4.41e-07,L1MC1,L1,LINE
chr2,208223015,208223036,MA1714.1,+,4.41e-07,Charlie16a,hAT-Charlie,DNA
chr2,20436648,20436669,MA1714.1,-,4.45e-07,L1MC2,L1,LINE
chr12,31140801,31140822,MA1714.1,+,4.45e-07,L3,CR1,LINE
chr11,33183769,33183790,MA1714.1,+,4.45e-07,AluSx,Alu,SINE
chr7,34923017,34923038,MA1714.1,-,4.45e-07,THE1A-int,ERVL-MaLR,LTR
chr11,37003878,37003899,MA1714.1,-,4.45e-07,THE1D-int,ERVL-MaLR,LTR
chr14,61534618,61534639,MA1714.1,-,4.45e-07,L3,CR1,LINE
chr16,74522191,74522212,MA1714.1,+,4.45e-07,FLAM_C,Alu,SINE
chr13,84243197,84243218,MA1714.1,+,4.45e-07,THE1D-int,ERVL-MaLR,LTR
chr9,85512998,85513019,MA1714.1,+,4.45e-07,MIRc,MIR,SINE
chr1,89067984,89068005,MA1714.1,+,4.45e-07,HERVL-int,ERVL,LTR
chr5,100952935,100952956,MA1714.1,+,4.45e-07,LTR80A,ERVL,LTR
chr4,117624747,117624768,MA1714.1,-,4.45e-07,ERV3-16A3_I-int,ERVL,LTR
chrX,138464266,138464287,MA1714.1,-,4.45e-07,MER52C,ERV1,LTR
chr5,149056610,149056631,MA1714.1,+,4.45e-07,MER113,hAT-Charlie,DNA
chr4,175314863,175314884,MA1714.1,-,4.45e-07,L1MA7,L1,LINE
chr13,24283908,24283929,MA1714.1,-,4.48e-07,MLT-int,ERVL-MaLR,LTR
chr11,28456303,28456324,MA1714.1,-,4.48e-07,MLT1H,ERVL-MaLR,LTR
chr6,55858684,55858705,MA1714.1,-,4.48e-07,MSTA-int,ERVL-MaLR,LTR
chr2,68762946,68762967,MA1714.1,+,4.48e-07,LTR78B,ERV1,LTR
chr15,74937244,74937265,MA1714.1,+,4.48e-07,L1MC4,L1,LINE
chr11,77689766,77689787,MA1714.1,+,4.48e-07,MIRb,MIR,SINE
chrX,102078801,102078822,MA1714.1,-,4.48e-07,MSTD-int,ERVL-MaLR,LTR
chr8,113453106,113453127,MA1714.1,-,4.48e-07,THE1C-int,ERVL-MaLR,LTR
chr5,114080752,114080773,MA1714.1,+,4.48e-07,MSTA-int,ERVL-MaLR,LTR
chrX,114889074,114889095,MA1714.1,-,4.48e-07,L1MDa,L1,LINE
chr7,138197463,138197484,MA1714.1,-,4.48e-07,MSTA-int,ERVL-MaLR,LTR
chr2,13572754,13572775,MA1714.1,-,4.52e-07,THE1B-int,ERVL-MaLR,LTR
chr21,29569434,29569455,MA1714.1,-,4.52e-07,THE1A-int,ERVL-MaLR,LTR
chr1,31256460,31256481,MA1714.1,-,4.52e-07,MIRb,MIR,SINE
chr4,38439609,38439630,MA1714.1,-,4.52e-07,L1PA8,L1,LINE
chr13,45204672,45204693,MA1714.1,+,4.52e-07,MSTD-int,ERVL-MaLR,LTR
chr15,51186355,51186376,MA1714.1,+,4.52e-07,THE1B-int,ERVL-MaLR,LTR
chr10,61203128,61203149,MA1714.1,+,4.52e-07,L1MA7,L1,LINE
chr4,63801708,63801729,MA1714.1,+,4.52e-07,THE1B-int,ERVL-MaLR,LTR
chr1,67363239,67363260,MA1714.1,+,4.52e-07,MSTC-int,ERVL-MaLR,LTR
chr4,76181054,76181075,MA1714.1,-,4.52e-07,L1MC4,L1,LINE
chr6,84674476,84674497,MA1714.1,+,4.52e-07,THE1A-int,ERVL-MaLR,LTR
chr13,85587192,85587213,MA1714.1,+,4.52e-07,MSTD-int,ERVL-MaLR,LTR
chr16,88612251,88612272,MA1714.1,+,4.52e-07,MLT1D,ERVL-MaLR,LTR
chr5,124809195,124809216,MA1714.1,-,4.52e-07,MER106A,hAT-Charlie,DNA
chr5,148470389,148470410,MA1714.1,+,4.52e-07,THE1A-int,ERVL-MaLR,LTR
chr4,158547793,158547814,MA1714.1,-,4.52e-07,L1MC4,L1,LINE
chr22,16065130,16065151,MA1714.1,+,4.55e-07,MSTA-int,ERVL-MaLR,LTR
chr14,19777819,19777840,MA1714.1,-,4.55e-07,MSTA-int,ERVL-MaLR,LTR
chr22,47178535,47178556,MA1714.1,-,4.55e-07,L1MB7,L1,LINE
chr16,54340188,54340209,MA1714.1,+,4.55e-07,MLT1K,ERVL-MaLR,LTR
chr4,66544545,66544566,MA1714.1,+,4.55e-07,THE1B-int,ERVL-MaLR,LTR
chr3,73602401,73602422,MA1714.1,-,4.55e-07,MIR,MIR,SINE
chr4,81322489,81322510,MA1714.1,+,4.55e-07,THE1A-int,ERVL-MaLR,LTR
chr5,94726059,94726080,MA1714.1,-,4.55e-07,MIRb,MIR,SINE
chr10,96654673,96654694,MA1714.1,+,4.55e-07,L1PA4,L1,LINE
chr13,109160957,109160978,MA1714.1,-,4.55e-07,L1MB2,L1,LINE
chr5,113111272,113111293,MA1714.1,-,4.55e-07,HERV4_I-int,ERV1,LTR
chrX,116065312,116065333,MA1714.1,-,4.55e-07,MER51-int,ERV1,LTR
chr7,19995127,19995148,MA1714.1,+,4.59e-07,MSTA-int,ERVL-MaLR,LTR
chr5,39028111,39028132,MA1714.1,+,4.59e-07,L1ME2,L1,LINE
chr3,39098048,39098069,MA1714.1,+,4.59e-07,HAL1,L1,LINE
chr11,42760568,42760589,MA1714.1,+,4.59e-07,MIR,MIR,SINE
chr7,43378854,43378875,MA1714.1,-,4.59e-07,L1MEg,L1,LINE
chr18,44667590,44667611,MA1714.1,-,4.59e-07,L1ME3D,L1,LINE
chr6,44859327,44859348,MA1714.1,+,4.59e-07,L1MB4,L1,LINE
chr17,53947564,53947585,MA1714.1,-,4.59e-07,MSTB-int,ERVL-MaLR,LTR
chr17,55878862,55878883,MA1714.1,+,4.59e-07,MSTA-int,ERVL-MaLR,LTR
chr11,82935750,82935771,MA1714.1,+,4.59e-07,AluJr,Alu,SINE
chr2,85952377,85952398,MA1714.1,-,4.59e-07,HAL1,L1,LINE
chr4,89900724,89900745,MA1714.1,+,4.59e-07,MIR,MIR,SINE
chr10,130792899,130792920,MA1714.1,+,4.59e-07,HAL1-3A_ME,L1,LINE
chr20,12790692,12790713,MA1714.1,+,4.63e-07,L1MA4A,L1,LINE
chr14,20739497,20739518,MA1714.1,-,4.63e-07,MSTB-int,ERVL-MaLR,LTR
chr18,23387401,23387422,MA1714.1,+,4.63e-07,L3,CR1,LINE
chr14,25024200,25024221,MA1714.1,+,4.63e-07,MST-int,ERVL-MaLR,LTR
chr22,34006773,34006794,MA1714.1,+,4.63e-07,MSTB-int,ERVL-MaLR,LTR
chr18,36443959,36443980,MA1714.1,+,4.63e-07,MSTB-int,ERVL-MaLR,LTR
chr5,39066471,39066492,MA1714.1,-,4.63e-07,MSTA-int,ERVL-MaLR,LTR
chr1,43056970,43056991,MA1714.1,+,4.63e-07,MSTB-int,ERVL-MaLR,LTR
chr5,43218847,43218868,MA1714.1,-,4.63e-07,AluJr,Alu,SINE
chr9,44252344,44252365,MA1714.1,-,4.63e-07,THE1B-int,ERVL-MaLR,LTR
chr12,50035233,50035254,MA1714.1,+,4.63e-07,MIRb,MIR,SINE
chr6,50290508,50290529,MA1714.1,+,4.63e-07,LTR50,ERVL,LTR
chr2,52170792,52170813,MA1714.1,+,4.63e-07,THE1C-int,ERVL-MaLR,LTR
chr13,55868622,55868643,MA1714.1,+,4.63e-07,MSTB-int,ERVL-MaLR,LTR
chr8,63315991,63316012,MA1714.1,+,4.63e-07,THE1C-int,ERVL-MaLR,LTR
chrX,74352104,74352125,MA1714.1,+,4.63e-07,L1PA15,L1,LINE
chr6,81684508,81684529,MA1714.1,+,4.63e-07,MSTA-int,ERVL-MaLR,LTR
chr5,85286775,85286796,MA1714.1,+,4.63e-07,THE1B-int,ERVL-MaLR,LTR
chr6,88738324,88738345,MA1714.1,-,4.63e-07,MSTA-int,ERVL-MaLR,LTR
chr4,142082786,142082807,MA1714.1,+,4.63e-07,MSTA-int,ERVL-MaLR,LTR
chr4,163411369,163411390,MA1714.1,+,4.63e-07,THE1C-int,ERVL-MaLR,LTR
chr1,172518022,172518043,MA1714.1,-,4.63e-07,L1M5,L1,LINE
chr1,174706072,174706093,MA1714.1,-,4.63e-07,MSTB-int,ERVL-MaLR,LTR
chr1,191698439,191698460,MA1714.1,-,4.63e-07,MSTA-int,ERVL-MaLR,LTR
chr10,30565550,30565571,MA1714.1,+,4.66e-07,L1PA8,L1,LINE
chr17,38972983,38973004,MA1714.1,+,4.66e-07,ERVL-int,ERVL,LTR
chr4,65173172,65173193,MA1714.1,+,4.66e-07,LTR25-int,ERV1,LTR
chr8,79735548,79735569,MA1714.1,+,4.66e-07,THE1C-int,ERVL-MaLR,LTR
chr2,82489273,82489294,MA1714.1,-,4.66e-07,MIRc,MIR,SINE
chr3,89750383,89750404,MA1714.1,-,4.66e-07,THE1C-int,ERVL-MaLR,LTR
chr13,92169274,92169295,MA1714.1,-,4.66e-07,THE1A-int,ERVL-MaLR,LTR
chr9,96194522,96194543,MA1714.1,-,4.66e-07,HAL1,L1,LINE
chr2,129929519,129929540,MA1714.1,+,4.66e-07,L1MEc,L1,LINE
chr3,12887652,12887673,MA1714.1,+,4.7e-07,THE1B-int,ERVL-MaLR,LTR
chr16,16987332,16987353,MA1714.1,-,4.7e-07,L1MB8,L1,LINE
chr10,19153835,19153856,MA1714.1,-,4.7e-07,LTR40b,ERVL,LTR
chr13,19355049,19355070,MA1714.1,-,4.7e-07,MSTA-int,ERVL-MaLR,LTR
chr10,35845717,35845738,MA1714.1,-,4.7e-07,Charlie2b,hAT-Charlie,DNA
chr4,36704152,36704173,MA1714.1,+,4.7e-07,THE1B-int,ERVL-MaLR,LTR
chrX,41628520,41628541,MA1714.1,-,4.7e-07,AluJr,Alu,SINE
chr7,42638574,42638595,MA1714.1,+,4.7e-07,HAL1b,L1,LINE
chr19,44464731,44464752,MA1714.1,+,4.7e-07,MSTB-int,ERVL-MaLR,LTR
chr12,94148043,94148064,MA1714.1,-,4.7e-07,THE1B-int,ERVL-MaLR,LTR
chr12,99798784,99798805,MA1714.1,+,4.7e-07,L1MA3,L1,LINE
chr6,101003796,101003817,MA1714.1,+,4.7e-07,AluJb,Alu,SINE
chr12,107947077,107947098,MA1714.1,-,4.7e-07,MIR,MIR,SINE
chr1,142684821,142684842,MA1714.1,-,4.7e-07,MSTA-int,ERVL-MaLR,LTR
chr1,143181289,143181310,MA1714.1,-,4.7e-07,MSTA-int,ERVL-MaLR,LTR
chr1,143406980,143407001,MA1714.1,+,4.7e-07,MSTA-int,ERVL-MaLR,LTR
chr4,158460609,158460630,MA1714.1,-,4.7e-07,THE1A-int,ERVL-MaLR,LTR
chr3,167258594,167258615,MA1714.1,+,4.7e-07,L1PB1,L1,LINE
chr4,190236081,190236102,MA1714.1,-,4.7e-07,MSTB-int,ERVL-MaLR,LTR
chr3,4243111,4243132,MA1714.1,-,4.74e-07,L1MA3,L1,LINE
chr2,18384608,18384629,MA1714.1,+,4.74e-07,THE1A-int,ERVL-MaLR,LTR
chr5,19512085,19512106,MA1714.1,+,4.74e-07,THE1D-int,ERVL-MaLR,LTR
chr16,20490725,20490746,MA1714.1,-,4.74e-07,MIRb,MIR,SINE
chr16,20555731,20555752,MA1714.1,+,4.74e-07,MIR,MIR,SINE
chr2,26206561,26206582,MA1714.1,+,4.74e-07,MIRc,MIR,SINE
chr5,32684543,32684564,MA1714.1,+,4.74e-07,MSTB1-int,ERVL-MaLR,LTR
chr15,65216888,65216909,MA1714.1,-,4.74e-07,L1MD3,L1,LINE
chr14,67198513,67198534,MA1714.1,+,4.74e-07,THE1D-int,ERVL-MaLR,LTR
chr11,69651540,69651561,MA1714.1,+,4.74e-07,MIR3,MIR,SINE
chr15,78737551,78737572,MA1714.1,-,4.74e-07,AluSx,Alu,SINE
chr6,81035651,81035672,MA1714.1,+,4.74e-07,L1MC3,L1,LINE
chr15,84478080,84478101,MA1714.1,+,4.74e-07,MER83C,ERV1,LTR
chr6,117621709,117621730,MA1714.1,+,4.74e-07,L1ME5,L1,LINE
chr2,156406705,156406726,MA1714.1,-,4.74e-07,THE1C-int,ERVL-MaLR,LTR
chr4,3034457,3034478,MA1714.1,+,4.77e-07,MIR,MIR,SINE
chr1,3579235,3579256,MA1714.1,-,4.77e-07,MER34C2,ERV1,LTR
chr8,17108789,17108810,MA1714.1,+,4.77e-07,MLT1L,ERVL-MaLR,LTR
chr15,27192444,27192465,MA1714.1,-,4.77e-07,L1PREC2,L1,LINE
chr4,37494434,37494455,MA1714.1,-,4.77e-07,HAL1,L1,LINE
chr11,41534919,41534940,MA1714.1,-,4.77e-07,L1MC4,L1,LINE
chr22,43144448,43144469,MA1714.1,-,4.77e-07,LTR26,ERV1,LTR
chr14,43384239,43384260,MA1714.1,-,4.77e-07,THE1B-int,ERVL-MaLR,LTR
chr20,47915892,47915913,MA1714.1,-,4.77e-07,L1MC5,L1,LINE
chr8,57614070,57614091,MA1714.1,+,4.77e-07,L1MEg,L1,LINE
chr4,60242643,60242664,MA1714.1,-,4.77e-07,HUERS-P2-int,ERV1,LTR
chr7,97274276,97274297,MA1714.1,+,4.77e-07,THE1B-int,ERVL-MaLR,LTR
chrX,133361331,133361352,MA1714.1,-,4.77e-07,Tigger6a,TcMar-Tigger,DNA
chr8,139258569,139258590,MA1714.1,+,4.77e-07,THE1C-int,ERVL-MaLR,LTR
chr4,157126934,157126955,MA1714.1,-,4.77e-07,THE1D-int,ERVL-MaLR,LTR
chr1,158963406,158963427,MA1714.1,-,4.77e-07,L1PREC2,L1,LINE
chr2,160452660,160452681,MA1714.1,-,4.77e-07,Charlie1a,hAT-Charlie,DNA
chr1,246451934,246451955,MA1714.1,+,4.77e-07,LTR81A,Gypsy,LTR
chr20,1839010,1839031,MA1714.1,-,4.81e-07,L1PREC2,L1,LINE
chr17,27262361,27262382,MA1714.1,-,4.81e-07,AluSz,Alu,SINE
chr5,35069682,35069703,MA1714.1,+,4.81e-07,MIRc,MIR,SINE
chr18,36352846,36352867,MA1714.1,-,4.81e-07,THE1C-int,ERVL-MaLR,LTR
chr4,40642624,40642645,MA1714.1,+,4.81e-07,L1PREC2,L1,LINE
chrX,45018080,45018101,MA1714.1,-,4.81e-07,MIR,MIR,SINE
chr3,56560875,56560896,MA1714.1,+,4.81e-07,MSTA-int,ERVL-MaLR,LTR
chr8,62784315,62784336,MA1714.1,-,4.81e-07,L2b,L2,LINE
chr3,68958340,68958361,MA1714.1,+,4.81e-07,L3,CR1,LINE
chr1,96658182,96658203,MA1714.1,+,4.81e-07,MSTA-int,ERVL-MaLR,LTR
chr2,122861464,122861485,MA1714.1,-,4.81e-07,MSTB-int,ERVL-MaLR,LTR
chr3,150595722,150595743,MA1714.1,+,4.81e-07,MIRb,MIR,SINE
chr6,150992015,150992036,MA1714.1,-,4.81e-07,L1PB1,L1,LINE
chr2,152504112,152504133,MA1714.1,+,4.81e-07,L1MC4,L1,LINE
chr2,157783143,157783164,MA1714.1,-,4.81e-07,MSTA-int,ERVL-MaLR,LTR
chr5,159275556,159275577,MA1714.1,+,4.81e-07,MIR,MIR,SINE
chr6,160725017,160725038,MA1714.1,-,4.81e-07,THE1B-int,ERVL-MaLR,LTR
chr4,174629385,174629406,MA1714.1,-,4.81e-07,L1MA8,L1,LINE
chr3,6259745,6259766,MA1714.1,-,4.85e-07,MIRb,MIR,SINE
chr21,9853053,9853074,MA1714.1,+,4.85e-07,AluJr,Alu,SINE
chr21,10627695,10627716,MA1714.1,-,4.85e-07,AluJr,Alu,SINE
chr13,19335748,19335769,MA1714.1,-,4.85e-07,MSTA-int,ERVL-MaLR,LTR
chr9,24080858,24080879,MA1714.1,+,4.85e-07,THE1A-int,ERVL-MaLR,LTR
chr1,33570329,33570350,MA1714.1,-,4.85e-07,AluJb,Alu,SINE
chr9,41915810,41915831,MA1714.1,-,4.85e-07,MSTA-int,ERVL-MaLR,LTR
chr9,42280380,42280401,MA1714.1,-,4.85e-07,AluSx,Alu,SINE
chr1,45701959,45701980,MA1714.1,+,4.85e-07,MSTB-int,ERVL-MaLR,LTR
chr9,46882898,46882919,MA1714.1,+,4.85e-07,MSTA-int,ERVL-MaLR,LTR
chr17,68006633,68006654,MA1714.1,+,4.85e-07,MSTB-int,ERVL-MaLR,LTR
chr9,68329041,68329062,MA1714.1,-,4.85e-07,AluJr,Alu,SINE
chr17,68913221,68913242,MA1714.1,+,4.85e-07,MSTA-int,ERVL-MaLR,LTR
chr9,70675677,70675698,MA1714.1,-,4.85e-07,AluSx,Alu,SINE
chr10,75220456,75220477,MA1714.1,+,4.85e-07,MSTA-int,ERVL-MaLR,LTR
chr9,75833983,75834004,MA1714.1,+,4.85e-07,THE1B-int,ERVL-MaLR,LTR
chr13,111800563,111800584,MA1714.1,-,4.85e-07,MIRb,MIR,SINE
chr4,117318144,117318165,MA1714.1,-,4.85e-07,LTR48B,ERV1,LTR
chr12,131138491,131138512,MA1714.1,-,4.85e-07,MSTB-int,ERVL-MaLR,LTR
chr4,143387907,143387928,MA1714.1,+,4.85e-07,MSTB-int,ERVL-MaLR,LTR
chr6,165549803,165549824,MA1714.1,+,4.85e-07,MSTA-int,ERVL-MaLR,LTR
chrX,14030741,14030762,MA1714.1,+,4.89e-07,L2a,L2,LINE
chr7,19486600,19486621,MA1714.1,-,4.89e-07,L1PB4,L1,LINE
chr5,21403170,21403191,MA1714.1,-,4.89e-07,L3,CR1,LINE
chr8,25723692,25723713,MA1714.1,-,4.89e-07,L1ME4a,L1,LINE
chr7,49137395,49137416,MA1714.1,+,4.89e-07,THE1-int,ERVL-MaLR,LTR
chr4,67099440,67099461,MA1714.1,-,4.89e-07,L1MC4a,L1,LINE
chrX,67623945,67623966,MA1714.1,+,4.89e-07,L1MB5,L1,LINE
chr9,80910453,80910474,MA1714.1,+,4.89e-07,MamGypLTR1c,Gypsy,LTR
chr8,91906754,91906775,MA1714.1,+,4.89e-07,MIRb,MIR,SINE
chr12,100037432,100037453,MA1714.1,-,4.89e-07,MLT1D-int,ERVL-MaLR,LTR
chrX,100459198,100459219,MA1714.1,-,4.89e-07,L3,CR1,LINE
chrX,115853005,115853026,MA1714.1,-,4.89e-07,THE1-int,ERVL-MaLR,LTR
chr6,148729941,148729962,MA1714.1,-,4.89e-07,L1MB3,L1,LINE
chr11,8699563,8699584,MA1714.1,+,4.93e-07,L1ME4a,L1,LINE
chr5,17919708,17919729,MA1714.1,+,4.93e-07,L1MEd,L1,LINE
chr7,28929395,28929416,MA1714.1,+,4.93e-07,L1MC4a,L1,LINE
chr13,46283741,46283762,MA1714.1,+,4.93e-07,L1MC5,L1,LINE
chr3,77022933,77022954,MA1714.1,-,4.93e-07,L2b,L2,LINE
chr2,98694885,98694906,MA1714.1,-,4.93e-07,MSTA-int,ERVL-MaLR,LTR
chr3,110414228,110414249,MA1714.1,-,4.93e-07,L4,RTE,LINE
chr5,170401938,170401959,MA1714.1,-,4.93e-07,MLT1A0-int,ERVL-MaLR,LTR
chr18,6620228,6620249,MA1714.1,+,4.97e-07,L1MA8,L1,LINE
chr19,10932937,10932958,MA1714.1,-,4.97e-07,AluJo,Alu,SINE
chr20,12513297,12513318,MA1714.1,-,4.97e-07,L1MB7,L1,LINE
chr4,13083933,13083954,MA1714.1,-,4.97e-07,THE1D-int,ERVL-MaLR,LTR
chr18,22069295,22069316,MA1714.1,-,4.97e-07,AluJb,Alu,SINE
chr1,33043254,33043275,MA1714.1,-,4.97e-07,AluSz6,Alu,SINE
chr22,43594138,43594159,MA1714.1,+,4.97e-07,MIRb,MIR,SINE
chr3,50874019,50874040,MA1714.1,-,4.97e-07,THE1C-int,ERVL-MaLR,LTR
chr1,75839507,75839528,MA1714.1,+,4.97e-07,L1PA17,L1,LINE
chr2,77231379,77231400,MA1714.1,+,4.97e-07,THE1B-int,ERVL-MaLR,LTR
chr4,78797198,78797219,MA1714.1,-,4.97e-07,AluSz,Alu,SINE
chrX,98785985,98786006,MA1714.1,+,4.97e-07,MLT1B,ERVL-MaLR,LTR
chr11,99871720,99871741,MA1714.1,-,4.97e-07,THE1D-int,ERVL-MaLR,LTR
chr1,101030702,101030723,MA1714.1,+,4.97e-07,THE1D-int,ERVL-MaLR,LTR
chr7,105109036,105109057,MA1714.1,-,4.97e-07,AluSx,Alu,SINE
chr12,110646235,110646256,MA1714.1,+,4.97e-07,AluJb,Alu,SINE
chr5,115143748,115143769,MA1714.1,-,4.97e-07,AluJb,Alu,SINE
chrX,117335731,117335752,MA1714.1,+,4.97e-07,LTR88a,Gypsy,LTR
chr10,119353261,119353282,MA1714.1,+,4.97e-07,L1MC4,L1,LINE
chrX,123643642,123643663,MA1714.1,-,4.97e-07,AluSq,Alu,SINE
chr8,130035824,130035845,MA1714.1,+,4.97e-07,THE1B-int,ERVL-MaLR,LTR
chr5,132306548,132306569,MA1714.1,+,4.97e-07,AluJb,Alu,SINE
chr1,182751499,182751520,MA1714.1,+,4.97e-07,LTR88a,Gypsy,LTR
chr2,225210410,225210431,MA1714.1,-,4.97e-07,MSTA-int,ERVL-MaLR,LTR
chr3,5751555,5751576,MA1714.1,-,5.01e-07,THE1D-int,ERVL-MaLR,LTR
chr12,25175065,25175086,MA1714.1,+,5.01e-07,MIR,MIR,SINE
chrY,28603389,28603410,MA1714.1,-,5.01e-07,L1MC4,L1,LINE
chr19,31274296,31274317,MA1714.1,+,5.01e-07,MLT1L,ERVL-MaLR,LTR
chr17,42323094,42323115,MA1714.1,-,5.01e-07,MIRb,MIR,SINE
chr2,43978210,43978231,MA1714.1,+,5.01e-07,MIR,MIR,SINE
chr6,45104476,45104497,MA1714.1,+,5.01e-07,L1MB7,L1,LINE
chr16,48675132,48675153,MA1714.1,-,5.01e-07,L1MA8,L1,LINE
chr2,90461368,90461389,MA1714.1,+,5.01e-07,L1MC4,L1,LINE
chr9,91238451,91238472,MA1714.1,-,5.01e-07,MSTB-int,ERVL-MaLR,LTR
chr2,91682094,91682115,MA1714.1,+,5.01e-07,L1MC4,L1,LINE
chr2,102058640,102058661,MA1714.1,-,5.01e-07,L1MD2,L1,LINE
chr2,150800056,150800077,MA1714.1,+,5.01e-07,Charlie8,hAT-Charlie,DNA
chr3,172078866,172078887,MA1714.1,-,5.01e-07,MST-int,ERVL-MaLR,LTR
chr2,16596828,16596849,MA1714.1,-,5.05e-07,L1MA6,L1,LINE
chr9,31172957,31172978,MA1714.1,+,5.05e-07,L1M4c,L1,LINE
chr20,34017181,34017202,MA1714.1,-,5.05e-07,L3,CR1,LINE
chr4,39237985,39238006,MA1714.1,+,5.05e-07,L1PB4,L1,LINE
chr2,49820983,49821004,MA1714.1,+,5.05e-07,MSTA-int,ERVL-MaLR,LTR
chr15,61708099,61708120,MA1714.1,-,5.05e-07,MSTB-int,ERVL-MaLR,LTR
chr7,82125184,82125205,MA1714.1,-,5.05e-07,MSTD,ERVL-MaLR,LTR
chr6,93624142,93624163,MA1714.1,+,5.05e-07,L1MA10,L1,LINE
chr8,108936745,108936766,MA1714.1,+,5.05e-07,L1MEe,L1,LINE
chr4,117747829,117747850,MA1714.1,-,5.05e-07,THE1C-int,ERVL-MaLR,LTR
chr3,143459786,143459807,MA1714.1,+,5.05e-07,L1MC3,L1,LINE
chr3,165224434,165224455,MA1714.1,-,5.05e-07,THE1D-int,ERVL-MaLR,LTR
chr3,170158730,170158751,MA1714.1,+,5.05e-07,MLT1K,ERVL-MaLR,LTR
chr16,24453604,24453625,MA1714.1,-,5.09e-07,AluSz6,Alu,SINE
chr10,26494478,26494499,MA1714.1,-,5.09e-07,L1MA8,L1,LINE
chr15,29329861,29329882,MA1714.1,-,5.09e-07,MSTD,ERVL-MaLR,LTR
chr20,38574218,38574239,MA1714.1,+,5.09e-07,AluJr4,Alu,SINE
chr19,39594354,39594375,MA1714.1,+,5.09e-07,AluJb,Alu,SINE
chr12,49429033,49429054,MA1714.1,+,5.09e-07,MIRc,MIR,SINE
chr5,76993831,76993852,MA1714.1,+,5.09e-07,AluJb,Alu,SINE
chr14,83745211,83745232,MA1714.1,+,5.09e-07,L1MA4,L1,LINE
chr4,89474260,89474281,MA1714.1,+,5.09e-07,MLT1M,ERVL-MaLR,LTR
chr12,101159930,101159951,MA1714.1,-,5.09e-07,L1MA7,L1,LINE
chr6,113872631,113872652,MA1714.1,+,5.09e-07,L1MA6,L1,LINE
chr9,119414238,119414259,MA1714.1,+,5.09e-07,MIRc,MIR,SINE
chr10,124954448,124954469,MA1714.1,-,5.09e-07,AluJb,Alu,SINE
chr8,134107719,134107740,MA1714.1,+,5.09e-07,MIRb,MIR,SINE
chr3,174940423,174940444,MA1714.1,-,5.09e-07,Charlie1,hAT-Charlie,DNA
chr7,3477608,3477629,MA1714.1,-,5.13e-07,MIRc,MIR,SINE
chr6,20217767,20217788,MA1714.1,-,5.13e-07,Tigger15a,TcMar-Tigger,DNA
chr6,43179742,43179763,MA1714.1,-,5.13e-07,L1MC5,L1,LINE
chr16,50788540,50788561,MA1714.1,-,5.13e-07,L1PB1,L1,LINE
chr1,51335272,51335293,MA1714.1,-,5.13e-07,L1MEc,L1,LINE
chr19,56375812,56375833,MA1714.1,-,5.13e-07,L1MB7,L1,LINE
chr6,63916619,63916640,MA1714.1,+,5.13e-07,THE1A-int,ERVL-MaLR,LTR
chr8,72815571,72815592,MA1714.1,-,5.13e-07,THE1A-int,ERVL-MaLR,LTR
chr10,77120241,77120262,MA1714.1,-,5.13e-07,MER96,hAT,DNA
chr13,88483591,88483612,MA1714.1,-,5.13e-07,L1PB1,L1,LINE
chr8,93338494,93338515,MA1714.1,-,5.13e-07,L1MA9,L1,LINE
chr11,110261132,110261153,MA1714.1,-,5.13e-07,L1MC3,L1,LINE
chr4,125341467,125341488,MA1714.1,+,5.13e-07,MER39,ERV1,LTR
chrX,126027614,126027635,MA1714.1,-,5.13e-07,L1M3,L1,LINE
chr5,160049050,160049071,MA1714.1,+,5.13e-07,MIRb,MIR,SINE
chr2,172263017,172263038,MA1714.1,-,5.13e-07,MLT1B,ERVL-MaLR,LTR
chr1,193364332,193364353,MA1714.1,+,5.13e-07,LTR88b,Gypsy,LTR
chr11,5211467,5211488,MA1714.1,+,5.17e-07,MSTA-int,ERVL-MaLR,LTR
chr8,8169605,8169626,MA1714.1,+,5.17e-07,L1MC4a,L1,LINE
chr5,14648540,14648561,MA1714.1,-,5.17e-07,MIRc,MIR,SINE
chr9,22937094,22937115,MA1714.1,-,5.17e-07,L1MC4,L1,LINE
chr6,23555081,23555102,MA1714.1,-,5.17e-07,THE1D-int,ERVL-MaLR,LTR
chr2,41984677,41984698,MA1714.1,+,5.17e-07,L1MC3,L1,LINE
chr3,87776210,87776231,MA1714.1,+,5.17e-07,MLT-int,ERVL-MaLR,LTR
chr6,126333444,126333465,MA1714.1,-,5.17e-07,L1MC4,L1,LINE
chr8,128335207,128335228,MA1714.1,+,5.17e-07,MSTB-int,ERVL-MaLR,LTR
chr3,132731666,132731687,MA1714.1,-,5.17e-07,THE1A,ERVL-MaLR,LTR
chr4,171195737,171195758,MA1714.1,-,5.17e-07,L1M7,L1,LINE
chr4,188519980,188520001,MA1714.1,+,5.17e-07,L1MC3,L1,LINE
chr12,18256379,18256400,MA1714.1,-,5.21e-07,THE1D-int,ERVL-MaLR,LTR
chr15,38005427,38005448,MA1714.1,+,5.21e-07,MSTA-int,ERVL-MaLR,LTR
chr20,41702759,41702780,MA1714.1,+,5.21e-07,MER106B,hAT-Charlie,DNA
chr3,43088228,43088249,MA1714.1,+,5.21e-07,THE1D-int,ERVL-MaLR,LTR
chr19,45214273,45214294,MA1714.1,-,5.21e-07,LTR88a,Gypsy,LTR
chrX,48308386,48308407,MA1714.1,+,5.21e-07,L1MEd,L1,LINE
chr20,56220201,56220222,MA1714.1,+,5.21e-07,THE1B-int,ERVL-MaLR,LTR
chr1,65435597,65435618,MA1714.1,+,5.21e-07,AluJo,Alu,SINE
chr3,65600144,65600165,MA1714.1,+,5.21e-07,MIRb,MIR,SINE
chr1,65622207,65622228,MA1714.1,-,5.21e-07,Charlie1,hAT-Charlie,DNA
chr4,84927781,84927802,MA1714.1,-,5.21e-07,L1MC3,L1,LINE
chr10,97185221,97185242,MA1714.1,+,5.21e-07,MIR,MIR,SINE
chr6,102199472,102199493,MA1714.1,-,5.21e-07,L1MC5,L1,LINE
chr6,115519966,115519987,MA1714.1,-,5.21e-07,THE1D-int,ERVL-MaLR,LTR
chr1,118851046,118851067,MA1714.1,-,5.21e-07,L1MEe,L1,LINE
chr5,136983663,136983684,MA1714.1,+,5.21e-07,MIRb,MIR,SINE
chr11,11708966,11708987,MA1714.1,+,5.25e-07,THE1A-int,ERVL-MaLR,LTR
chr18,72883269,72883290,MA1714.1,+,5.25e-07,MER39B,ERV1,LTR
chr16,75879301,75879322,MA1714.1,-,5.25e-07,L1MEg,L1,LINE
chr18,77364450,77364471,MA1714.1,-,5.25e-07,MLT1C,ERVL-MaLR,LTR
chr9,105504459,105504480,MA1714.1,-,5.25e-07,L1MC1,L1,LINE
chrX,110318524,110318545,MA1714.1,+,5.25e-07,MSTB-int,ERVL-MaLR,LTR
chr10,111480237,111480258,MA1714.1,-,5.25e-07,LTR40a,ERVL,LTR
chr6,137265187,137265208,MA1714.1,-,5.25e-07,MIR3,MIR,SINE
chr1,153531935,153531956,MA1714.1,+,5.25e-07,AluJb,Alu,SINE
chr5,157279614,157279635,MA1714.1,-,5.25e-07,MIRb,MIR,SINE
chr2,161682871,161682892,MA1714.1,-,5.25e-07,L1MA5,L1,LINE
chr4_ctg9_hap1,309264,309285,MA1714.1,-,5.29e-07,THE1A-int,ERVL-MaLR,LTR
chr12,5225010,5225031,MA1714.1,-,5.29e-07,MIRc,MIR,SINE
chr3,12164594,12164615,MA1714.1,+,5.29e-07,L1MEd,L1,LINE
chr5,31389041,31389062,MA1714.1,-,5.29e-07,MSTA-int,ERVL-MaLR,LTR
chr18,36565106,36565127,MA1714.1,+,5.29e-07,MSTA-int,ERVL-MaLR,LTR
chr9,37207547,37207568,MA1714.1,-,5.29e-07,L1MEf,L1,LINE
chr1,48074371,48074392,MA1714.1,-,5.29e-07,THE1D-int,ERVL-MaLR,LTR
chr14,62349817,62349838,MA1714.1,-,5.29e-07,THE1D-int,ERVL-MaLR,LTR
chr4,69596689,69596710,MA1714.1,-,5.29e-07,THE1A-int,ERVL-MaLR,LTR
chr13,70445438,70445459,MA1714.1,-,5.29e-07,MSTB1-int,ERVL-MaLR,LTR
chr7,78436468,78436489,MA1714.1,-,5.29e-07,Charlie1b,hAT-Charlie,DNA
chr12,101900369,101900390,MA1714.1,+,5.29e-07,THE1A-int,ERVL-MaLR,LTR
chr1,106519328,106519349,MA1714.1,+,5.29e-07,THE1C-int,ERVL-MaLR,LTR
chr5,108850869,108850890,MA1714.1,+,5.29e-07,L1MC4,L1,LINE
chr4,111973130,111973151,MA1714.1,+,5.29e-07,THE1A-int,ERVL-MaLR,LTR
chr4,112890742,112890763,MA1714.1,+,5.29e-07,L1ME4a,L1,LINE
chrX,137024351,137024372,MA1714.1,+,5.29e-07,THE1-int,ERVL-MaLR,LTR
chrX,146476782,146476803,MA1714.1,+,5.29e-07,THE1C-int,ERVL-MaLR,LTR
chr2,152044389,152044410,MA1714.1,-,5.29e-07,MIR,MIR,SINE
chr5,171933489,171933510,MA1714.1,-,5.29e-07,L1MC4,L1,LINE
chr2,1433902,1433923,MA1714.1,+,5.33e-07,MSTB-int,ERVL-MaLR,LTR
chr20,7047942,7047963,MA1714.1,+,5.33e-07,L1PB1,L1,LINE
chr20,9421238,9421259,MA1714.1,-,5.33e-07,MLT1H,ERVL-MaLR,LTR
chr17,15291132,15291153,MA1714.1,+,5.33e-07,L1ME1,L1,LINE
chr12,25789910,25789931,MA1714.1,+,5.33e-07,L1PB1,L1,LINE
chr9,30359878,30359899,MA1714.1,-,5.33e-07,L1PB1,L1,LINE
chr2,34939990,34940011,MA1714.1,-,5.33e-07,L1PB1,L1,LINE
chr5,45798175,45798196,MA1714.1,+,5.33e-07,MER52-int,ERV1,LTR
chr7,46914164,46914185,MA1714.1,+,5.33e-07,L1PB1,L1,LINE
chr18,48352120,48352141,MA1714.1,-,5.33e-07,MIR3,MIR,SINE
chr2,48957027,48957048,MA1714.1,+,5.33e-07,L2b,L2,LINE
chr20,53512761,53512782,MA1714.1,+,5.33e-07,L1PB1,L1,LINE
chr18,58004622,58004643,MA1714.1,+,5.33e-07,L1PB1,L1,LINE
chrY,59316150,59316171,MA1714.1,+,5.33e-07,THE1D-int,ERVL-MaLR,LTR
chr12,65203032,65203053,MA1714.1,-,5.33e-07,L1PB2,L1,LINE
chr1,71199771,71199792,MA1714.1,-,5.33e-07,L1MD1,L1,LINE
chr4,77798637,77798658,MA1714.1,-,5.33e-07,L1PB1,L1,LINE
chr10,90166793,90166814,MA1714.1,+,5.33e-07,L1PB1,L1,LINE
chr9,104280714,104280735,MA1714.1,-,5.33e-07,L1PB1,L1,LINE
chr12,113362139,113362160,MA1714.1,-,5.33e-07,L1M5,L1,LINE
chr7,147805649,147805670,MA1714.1,+,5.33e-07,L1MA7,L1,LINE
chr1,151874961,151874982,MA1714.1,+,5.33e-07,L1PB1,L1,LINE
chrX,155213144,155213165,MA1714.1,+,5.33e-07,THE1D-int,ERVL-MaLR,LTR
chr22,23294042,23294063,MA1714.1,+,5.37e-07,ERVL-E-int,ERVL,LTR
chr2,25504488,25504509,MA1714.1,+,5.37e-07,MIRc,MIR,SINE
chr7,48650492,48650513,MA1714.1,-,5.37e-07,MSTA-int,ERVL-MaLR,LTR
chr10,54314778,54314799,MA1714.1,+,5.37e-07,L1ME3C,L1,LINE
chr5,72078466,72078487,MA1714.1,+,5.37e-07,MSTC-int,ERVL-MaLR,LTR
chr14,78563802,78563823,MA1714.1,-,5.37e-07,THE1B-int,ERVL-MaLR,LTR
chr7,85852333,85852354,MA1714.1,-,5.37e-07,THE1B-int,ERVL-MaLR,LTR
chr12,108209633,108209654,MA1714.1,+,5.37e-07,ERVL-E-int,ERVL,LTR
chr4,118642540,118642561,MA1714.1,+,5.37e-07,MST-int,ERVL-MaLR,LTR
chr5,709101,709122,MA1714.1,+,5.41e-07,MSTB-int,ERVL-MaLR,LTR
chr5,794352,794373,MA1714.1,+,5.41e-07,MSTB-int,ERVL-MaLR,LTR
chrX,25130435,25130456,MA1714.1,-,5.41e-07,MSTB-int,ERVL-MaLR,LTR
chr11,30407867,30407888,MA1714.1,+,5.41e-07,MST-int,ERVL-MaLR,LTR
chr4,33120067,33120088,MA1714.1,-,5.41e-07,MSTB-int,ERVL-MaLR,LTR
chr1,35145762,35145783,MA1714.1,-,5.41e-07,MSTA-int,ERVL-MaLR,LTR
chr3,37416961,37416982,MA1714.1,-,5.41e-07,MSTA-int,ERVL-MaLR,LTR
chrX,40660680,40660701,MA1714.1,-,5.41e-07,MER52-int,ERV1,LTR
chr14,60838422,60838443,MA1714.1,+,5.41e-07,MSTA-int,ERVL-MaLR,LTR
chr13,64824659,64824680,MA1714.1,+,5.41e-07,L1MCb,L1,LINE
chr6,67591218,67591239,MA1714.1,-,5.41e-07,MSTA-int,ERVL-MaLR,LTR
chr8,71453579,71453600,MA1714.1,+,5.41e-07,MSTA-int,ERVL-MaLR,LTR
chr1,80634945,80634966,MA1714.1,-,5.41e-07,LTR67B,ERVL,LTR
chr11,86162427,86162448,MA1714.1,+,5.41e-07,ERVL-E-int,ERVL,LTR
chr5,105449843,105449864,MA1714.1,+,5.41e-07,MSTA-int,ERVL-MaLR,LTR
chr11,111054637,111054658,MA1714.1,+,5.41e-07,MSTB-int,ERVL-MaLR,LTR
chr4,139295648,139295669,MA1714.1,-,5.41e-07,THE1B-int,ERVL-MaLR,LTR
chr5,144638456,144638477,MA1714.1,+,5.41e-07,MSTA-int,ERVL-MaLR,LTR
chr5,163559277,163559298,MA1714.1,+,5.41e-07,MSTA-int,ERVL-MaLR,LTR
chr1,179411363,179411384,MA1714.1,-,5.41e-07,HERVK3-int,ERVK,LTR
chr1,181910295,181910316,MA1714.1,-,5.41e-07,L1MEg,L1,LINE
chr2,228297415,228297436,MA1714.1,-,5.41e-07,MSTB-int,ERVL-MaLR,LTR
chr10,21564971,21564992,MA1714.1,-,5.46e-07,AluSx3,Alu,SINE
chrX,22589181,22589202,MA1714.1,+,5.46e-07,L1MC3,L1,LINE
chr18,26993960,26993981,MA1714.1,+,5.46e-07,L1MEf,L1,LINE
chr18,51152589,51152610,MA1714.1,+,5.46e-07,LTR28,ERV1,LTR
chr15,53927029,53927050,MA1714.1,+,5.46e-07,L1MDa,L1,LINE
chr8,61012393,61012414,MA1714.1,-,5.46e-07,MSTA-int,ERVL-MaLR,LTR
chr1,73746315,73746336,MA1714.1,-,5.46e-07,L1M4,L1,LINE
chr14,81280691,81280712,MA1714.1,-,5.46e-07,L1MEg,L1,LINE
chr3,88017982,88018003,MA1714.1,+,5.46e-07,THE1B-int,ERVL-MaLR,LTR
chr7,91717769,91717790,MA1714.1,+,5.46e-07,L1MC4,L1,LINE
chr4,97407228,97407249,MA1714.1,+,5.46e-07,AluJr,Alu,SINE
chr1,106447755,106447776,MA1714.1,-,5.46e-07,ERVL-E-int,ERVL,LTR
chr10,111345194,111345215,MA1714.1,+,5.46e-07,L1MB7,L1,LINE
chr6,121532623,121532644,MA1714.1,-,5.46e-07,L1PB1,L1,LINE
chr5,143045823,143045844,MA1714.1,+,5.46e-07,MIRb,MIR,SINE
chr2,172168872,172168893,MA1714.1,+,5.46e-07,THE1B-int,ERVL-MaLR,LTR
chr1,186552640,186552661,MA1714.1,+,5.46e-07,THE1B-int,ERVL-MaLR,LTR
chr1,223392547,223392568,MA1714.1,+,5.46e-07,MSTB1-int,ERVL-MaLR,LTR
chr21,26445432,26445453,MA1714.1,-,5.5e-07,MSTB-int,ERVL-MaLR,LTR
chr5,26584704,26584725,MA1714.1,-,5.5e-07,LTR86B1,ERVL,LTR
chr17,44808687,44808708,MA1714.1,+,5.5e-07,L1MB8,L1,LINE
chr10,58759454,58759475,MA1714.1,+,5.5e-07,L1MA6,L1,LINE
chr1,63510038,63510059,MA1714.1,+,5.5e-07,MIRb,MIR,SINE
chr10,77593871,77593892,MA1714.1,-,5.5e-07,MLT1D-int,ERVL-MaLR,LTR
chr13,96137612,96137633,MA1714.1,-,5.5e-07,LTR53,ERVL,LTR
chr11,122693632,122693653,MA1714.1,-,5.5e-07,LTR49-int,ERV1,LTR
chr10,134130745,134130766,MA1714.1,+,5.5e-07,L1ME1,L1,LINE
chr6,136340645,136340666,MA1714.1,-,5.5e-07,Charlie19a,hAT-Charlie,DNA
chr1,204732460,204732481,MA1714.1,-,5.5e-07,MIR,MIR,SINE
chr2,207247184,207247205,MA1714.1,+,5.5e-07,L1MB8,L1,LINE
chrY,391774,391795,MA1714.1,-,5.54e-07,AluJo,Alu,SINE
chrX,441774,441795,MA1714.1,-,5.54e-07,AluJo,Alu,SINE
chr4,14953548,14953569,MA1714.1,+,5.54e-07,L3,CR1,LINE
chr21,24011138,24011159,MA1714.1,-,5.54e-07,L1M1,L1,LINE
chr12,26350050,26350071,MA1714.1,-,5.54e-07,MIRb,MIR,SINE
chr6,50113496,50113517,MA1714.1,-,5.54e-07,ORSL-2a,hAT-Tip100,DNA
chr11,64168657,64168678,MA1714.1,+,5.54e-07,ERVL-E-int,ERVL,LTR
chrX,64493914,64493935,MA1714.1,+,5.54e-07,L1M2c,L1,LINE
chr10,69601672,69601693,MA1714.1,+,5.54e-07,MSTA-int,ERVL-MaLR,LTR
chr13,78225497,78225518,MA1714.1,+,5.54e-07,L1MC3,L1,LINE
chr12,84121477,84121498,MA1714.1,+,5.54e-07,L1PBa,L1,LINE
chr1,94687872,94687893,MA1714.1,+,5.54e-07,L1MC3,L1,LINE
chr12,120175978,120175999,MA1714.1,-,5.54e-07,MIR,MIR,SINE
chr3,123482153,123482174,MA1714.1,-,5.54e-07,HAL1,L1,LINE
chr10,127047243,127047264,MA1714.1,-,5.54e-07,THE1B-int,ERVL-MaLR,LTR
chr10,127907538,127907559,MA1714.1,-,5.54e-07,MIRb,MIR,SINE
chr3,137637012,137637033,MA1714.1,-,5.54e-07,L1ME1,L1,LINE
chrY,16849368,16849389,MA1714.1,+,5.59e-07,L1MA4,L1,LINE
chr16,18809782,18809803,MA1714.1,+,5.59e-07,Charlie1b,hAT-Charlie,DNA
chrY,21571676,21571697,MA1714.1,+,5.59e-07,MST-int,ERVL-MaLR,LTR
chr11,26900828,26900849,MA1714.1,-,5.59e-07,MSTB-int,ERVL-MaLR,LTR
chr22,26995873,26995894,MA1714.1,+,5.59e-07,MIRb,MIR,SINE
chr11,28194145,28194166,MA1714.1,-,5.59e-07,MIRb,MIR,SINE
chr15,85550932,85550953,MA1714.1,+,5.59e-07,MIR,MIR,SINE
chr13,87035667,87035688,MA1714.1,+,5.59e-07,MER52A,ERV1,LTR
chr7,89346076,89346097,MA1714.1,+,5.59e-07,MIR,MIR,SINE
chrX,96998145,96998166,MA1714.1,+,5.59e-07,THE1C-int,ERVL-MaLR,LTR
chr5,107546518,107546539,MA1714.1,-,5.59e-07,L1PA7,L1,LINE
chr9,114623761,114623782,MA1714.1,-,5.59e-07,L1MA8,L1,LINE
chr3,123506576,123506597,MA1714.1,+,5.59e-07,MIRb,MIR,SINE
chr3,125345696,125345717,MA1714.1,-,5.59e-07,L1PB1,L1,LINE
chr4,150765188,150765209,MA1714.1,-,5.59e-07,LTR88a,Gypsy,LTR
chr2,176314487,176314508,MA1714.1,+,5.59e-07,LTR85b,Gypsy,LTR
chr4,180623128,180623149,MA1714.1,+,5.59e-07,AluJb,Alu,SINE
chr6,456618,456639,MA1714.1,-,5.63e-07,MSTA-int,ERVL-MaLR,LTR
chr3,9943050,9943071,MA1714.1,+,5.63e-07,MIRc,MIR,SINE
chr7,15380098,15380119,MA1714.1,+,5.63e-07,THE1-int,ERVL-MaLR,LTR
chr1,22362980,22363001,MA1714.1,+,5.63e-07,AluJr,Alu,SINE
chr12,30820165,30820186,MA1714.1,-,5.63e-07,MIRb,MIR,SINE
chr20,38156230,38156251,MA1714.1,-,5.63e-07,MIR,MIR,SINE
chr7,54265332,54265353,MA1714.1,-,5.63e-07,L1MEf,L1,LINE
chr17,75952365,75952386,MA1714.1,-,5.63e-07,L3,CR1,LINE
chr15,81827303,81827324,MA1714.1,-,5.63e-07,L1ME3A,L1,LINE
chr13,88937774,88937795,MA1714.1,+,5.63e-07,THE1C-int,ERVL-MaLR,LTR
chr4,99326610,99326631,MA1714.1,+,5.63e-07,L1ME3B,L1,LINE
chr11,125645002,125645023,MA1714.1,-,5.63e-07,L1MC3,L1,LINE
chr4,4360112,4360133,MA1714.1,+,5.68e-07,MIR,MIR,SINE
chr15,39065167,39065188,MA1714.1,-,5.68e-07,L3,CR1,LINE
chr10,84971587,84971608,MA1714.1,+,5.68e-07,MLT2B2,ERVL,LTR
chr10,85450313,85450334,MA1714.1,+,5.68e-07,AluSz6,Alu,SINE
chr2,99527313,99527334,MA1714.1,+,5.68e-07,MIRb,MIR,SINE
chr13,104934217,104934238,MA1714.1,+,5.68e-07,MLT2B5,ERVL,LTR
chrX,106047438,106047459,MA1714.1,+,5.68e-07,MIRc,MIR,SINE
chr7,109579429,109579450,MA1714.1,-,5.68e-07,MSTB-int,ERVL-MaLR,LTR
chr12,126433476,126433497,MA1714.1,-,5.68e-07,L1MD2,L1,LINE
chrX,141664372,141664393,MA1714.1,-,5.68e-07,L1M1,L1,LINE
chr3,160747009,160747030,MA1714.1,-,5.68e-07,MIRb,MIR,SINE
chr5,837096,837117,MA1714.1,+,5.72e-07,AluSx,Alu,SINE
chr4,3947404,3947425,MA1714.1,-,5.72e-07,AluJb,Alu,SINE
chr19,4949953,4949974,MA1714.1,-,5.72e-07,AluJo,Alu,SINE
chr4,13778292,13778313,MA1714.1,-,5.72e-07,THE1B-int,ERVL-MaLR,LTR
chr16,14405985,14406006,MA1714.1,+,5.72e-07,AluJo,Alu,SINE
chr16,17431116,17431137,MA1714.1,-,5.72e-07,AluJo,Alu,SINE
chr17,19878411,19878432,MA1714.1,-,5.72e-07,AluJo,Alu,SINE
chr21,22045489,22045510,MA1714.1,+,5.72e-07,MSTA-int,ERVL-MaLR,LTR
chr18,26518524,26518545,MA1714.1,+,5.72e-07,L1M5,L1,LINE
chrX,26929650,26929671,MA1714.1,+,5.72e-07,THE1B-int,ERVL-MaLR,LTR
chr8,28720511,28720532,MA1714.1,+,5.72e-07,MIRb,MIR,SINE
chr2,32893361,32893382,MA1714.1,+,5.72e-07,AluSx,Alu,SINE
chr19,39407674,39407695,MA1714.1,-,5.72e-07,AluJr4,Alu,SINE
chr6,41729673,41729694,MA1714.1,-,5.72e-07,AluJo,Alu,SINE
chr10,45540223,45540244,MA1714.1,-,5.72e-07,L1MC3,L1,LINE
chr15,47376899,47376920,MA1714.1,-,5.72e-07,HAL1,L1,LINE
chr7,52586725,52586746,MA1714.1,-,5.72e-07,MSTA-int,ERVL-MaLR,LTR
chr5,58623739,58623760,MA1714.1,+,5.72e-07,MIRc,MIR,SINE
chr18,60786710,60786731,MA1714.1,+,5.72e-07,Charlie2b,hAT-Charlie,DNA
chr20,60959502,60959523,MA1714.1,-,5.72e-07,AluJb,Alu,SINE
chr10,70879953,70879974,MA1714.1,+,5.72e-07,L1ME2z,L1,LINE
chr8,75567612,75567633,MA1714.1,+,5.72e-07,THE1A-int,ERVL-MaLR,LTR
chrX,76279594,76279615,MA1714.1,+,5.72e-07,MSTB1-int,ERVL-MaLR,LTR
chr12,86295057,86295078,MA1714.1,+,5.72e-07,L1MEe,L1,LINE
chr15,89218989,89219010,MA1714.1,-,5.72e-07,AluJb,Alu,SINE
chr12,93665605,93665626,MA1714.1,+,5.72e-07,AluJb,Alu,SINE
chr13,95194514,95194535,MA1714.1,-,5.72e-07,AluSz,Alu,SINE
chr7,104963561,104963582,MA1714.1,+,5.72e-07,AluSz,Alu,SINE
chr11,106383545,106383566,MA1714.1,+,5.72e-07,L1ME2,L1,LINE
chr4,106561481,106561502,MA1714.1,-,5.72e-07,HAL1,L1,LINE
chr5,113852311,113852332,MA1714.1,-,5.72e-07,L1MEd,L1,LINE
chr4,121423791,121423812,MA1714.1,-,5.72e-07,MSTA-int,ERVL-MaLR,LTR
chr12,123681531,123681552,MA1714.1,+,5.72e-07,L1MB7,L1,LINE
chr1,143722624,143722645,MA1714.1,+,5.72e-07,AluJb,Alu,SINE
chr1,147910133,147910154,MA1714.1,+,5.72e-07,AluJb,Alu,SINE
chr6,156265045,156265066,MA1714.1,+,5.72e-07,MIR,MIR,SINE
chr16,10670020,10670041,MA1714.1,-,5.76e-07,MER113A,hAT-Charlie,DNA
chr17,46593998,46594019,MA1714.1,+,5.76e-07,L3,CR1,LINE
chr11,55095163,55095184,MA1714.1,-,5.76e-07,MLT1H1-int,ERVL-MaLR,LTR
chr14,80433639,80433660,MA1714.1,-,5.76e-07,MLT1G1-int,ERVL-MaLR,LTR
chr14,80435266,80435287,MA1714.1,+,5.76e-07,MLT1H-int,ERVL-MaLR,LTR
chr11,86321010,86321031,MA1714.1,-,5.76e-07,MIR,MIR,SINE
chr15,95255093,95255114,MA1714.1,+,5.76e-07,L3,CR1,LINE
chrX,106646982,106647003,MA1714.1,-,5.76e-07,HAL1,L1,LINE
chr10,111357130,111357151,MA1714.1,-,5.76e-07,THE1B-int,ERVL-MaLR,LTR
chr8,122588926,122588947,MA1714.1,+,5.76e-07,MIRc,MIR,SINE
chr10,129232875,129232896,MA1714.1,-,5.76e-07,L1MB3,L1,LINE
chr10,129728487,129728508,MA1714.1,-,5.76e-07,L1ME1,L1,LINE
chr1,181792865,181792886,MA1714.1,+,5.76e-07,MLT1D,ERVL-MaLR,LTR
chr1,24626508,24626529,MA1714.1,-,5.81e-07,L1MB7,L1,LINE
chr10,34765295,34765316,MA1714.1,-,5.81e-07,Charlie1a,hAT-Charlie,DNA
chr21,39703519,39703540,MA1714.1,-,5.81e-07,MSTD-int,ERVL-MaLR,LTR
chr3,42321461,42321482,MA1714.1,+,5.81e-07,THE1D-int,ERVL-MaLR,LTR
chr12,65798299,65798320,MA1714.1,-,5.81e-07,L1MCa,L1,LINE
chr1,87390450,87390471,MA1714.1,-,5.81e-07,THE1B-int,ERVL-MaLR,LTR
chrX,102867001,102867022,MA1714.1,+,5.81e-07,ERVL-E-int,ERVL,LTR
chr7,113310790,113310811,MA1714.1,+,5.81e-07,THE1B-int,ERVL-MaLR,LTR
chr1,118991331,118991352,MA1714.1,+,5.81e-07,MSTA-int,ERVL-MaLR,LTR
chr12,130334280,130334301,MA1714.1,-,5.81e-07,MIRb,MIR,SINE
chr7,145459553,145459574,MA1714.1,+,5.81e-07,THE1B-int,ERVL-MaLR,LTR
chr3,146581842,146581863,MA1714.1,+,5.81e-07,MIR,MIR,SINE
chr1,245226431,245226452,MA1714.1,-,5.81e-07,ERV3-16A3_I-int,ERVL,LTR
chr12,2703506,2703527,MA1714.1,-,5.85e-07,L1MEg,L1,LINE
chr18,3522863,3522884,MA1714.1,+,5.85e-07,L1M3,L1,LINE
chrY,8207737,8207758,MA1714.1,-,5.85e-07,BSR/Beta,Satellite,Satellite
chr12,16015335,16015356,MA1714.1,+,5.85e-07,AluSx,Alu,SINE
chr13,21348517,21348538,MA1714.1,+,5.85e-07,AluSx,Alu,SINE
chr17,28426750,28426771,MA1714.1,+,5.85e-07,MER91A,hAT-Tip100,DNA
chr22,33376292,33376313,MA1714.1,+,5.85e-07,Charlie15a,hAT-Charlie,DNA
chr11,36249153,36249174,MA1714.1,-,5.85e-07,MIR,MIR,SINE
chr1,43122444,43122465,MA1714.1,+,5.85e-07,MIR,MIR,SINE
chr15,52209215,52209236,MA1714.1,+,5.85e-07,AluSx,Alu,SINE
chr18,55190890,55190911,MA1714.1,+,5.85e-07,MamGypLTR2c,Gypsy,LTR
chr19,56510465,56510486,MA1714.1,-,5.85e-07,L1MA7,L1,LINE
chr2,59057796,59057817,MA1714.1,-,5.85e-07,L1M1,L1,LINE
chr13,62982092,62982113,MA1714.1,+,5.85e-07,AluSx1,Alu,SINE
chrX,65115392,65115413,MA1714.1,+,5.85e-07,L3,CR1,LINE
chr13,74076697,74076718,MA1714.1,-,5.85e-07,AluJo,Alu,SINE
chr5,86367245,86367266,MA1714.1,-,5.85e-07,AluJb,Alu,SINE
chr7,108600910,108600931,MA1714.1,-,5.85e-07,L1MA9,L1,LINE
chr9,115178633,115178654,MA1714.1,+,5.85e-07,AluJo,Alu,SINE
chr3,137919826,137919847,MA1714.1,-,5.85e-07,AluSx,Alu,SINE
chr1,170802542,170802563,MA1714.1,+,5.85e-07,THE1B-int,ERVL-MaLR,LTR
chr5,178189287,178189308,MA1714.1,+,5.85e-07,ERVL-E-int,ERVL,LTR
chr2,217766250,217766271,MA1714.1,+,5.85e-07,MST-int,ERVL-MaLR,LTR
chr10,28522151,28522172,MA1714.1,+,5.9e-07,L1MC3,L1,LINE
chrX,34358249,34358270,MA1714.1,-,5.9e-07,L2a,L2,LINE
chr5,43618341,43618362,MA1714.1,-,5.9e-07,MIRb,MIR,SINE
chr5,51379264,51379285,MA1714.1,-,5.9e-07,THE1A-int,ERVL-MaLR,LTR
chr13,54819308,54819329,MA1714.1,+,5.9e-07,AluJr,Alu,SINE
chr7,64018240,64018261,MA1714.1,+,5.9e-07,L1PREC2,L1,LINE
chr16,65163973,65163994,MA1714.1,+,5.9e-07,MER21A,ERVL,LTR
chr1,69920354,69920375,MA1714.1,+,5.9e-07,MSTD-int,ERVL-MaLR,LTR
chr12,115914723,115914744,MA1714.1,-,5.9e-07,L1PB1,L1,LINE
chr4,145138414,145138435,MA1714.1,-,5.9e-07,THE1A-int,ERVL-MaLR,LTR
chr4,155975606,155975627,MA1714.1,+,5.9e-07,L1PB1,L1,LINE
chr20,4612599,4612620,MA1714.1,+,5.95e-07,THE1C-int,ERVL-MaLR,LTR
chr18,5754029,5754050,MA1714.1,-,5.95e-07,HAL1,L1,LINE
chr9,8145858,8145879,MA1714.1,-,5.95e-07,MLT1I,ERVL-MaLR,LTR
chrX,14341623,14341644,MA1714.1,+,5.95e-07,LTR78,ERV1,LTR
chr2,28991373,28991394,MA1714.1,+,5.95e-07,L1ME3,L1,LINE
chr21,31089235,31089256,MA1714.1,+,5.95e-07,THE1C-int,ERVL-MaLR,LTR
chr11,36026537,36026558,MA1714.1,-,5.95e-07,MSTA-int,ERVL-MaLR,LTR
chr8,53619008,53619029,MA1714.1,-,5.95e-07,AluSx,Alu,SINE
chrX,61920463,61920484,MA1714.1,-,5.95e-07,ALR/Alpha,centr,Satellite
chr11,75576731,75576752,MA1714.1,-,5.95e-07,AluSx1,Alu,SINE
chr10,79484291,79484312,MA1714.1,+,5.95e-07,MSTA-int,ERVL-MaLR,LTR
chr14,80481676,80481697,MA1714.1,-,5.95e-07,MLT1D,ERVL-MaLR,LTR
chr8,81062276,81062297,MA1714.1,+,5.95e-07,THE1B-int,ERVL-MaLR,LTR
chr2,83637506,83637527,MA1714.1,-,5.95e-07,L1M1,L1,LINE
chr7,102188416,102188437,MA1714.1,-,5.95e-07,AluSz,Alu,SINE
chr7,102287510,102287531,MA1714.1,-,5.95e-07,AluSx,Alu,SINE
chr8,120412559,120412580,MA1714.1,+,5.95e-07,MSTA-int,ERVL-MaLR,LTR
chr7,129215187,129215208,MA1714.1,-,5.95e-07,L1MC4,L1,LINE
chr6,141404092,141404113,MA1714.1,+,5.95e-07,L1PB1,L1,LINE
chrX,144034854,144034875,MA1714.1,+,5.95e-07,L1MA3,L1,LINE
chrX,150902244,150902265,MA1714.1,-,5.95e-07,L1MEc,L1,LINE
chr6,159446193,159446214,MA1714.1,-,5.95e-07,MSTA-int,ERVL-MaLR,LTR
chr2,15346705,15346726,MA1714.1,+,5.99e-07,THE1D-int,ERVL-MaLR,LTR
chr8,23397627,23397648,MA1714.1,-,5.99e-07,MIRc,MIR,SINE
chr1,42419049,42419070,MA1714.1,+,5.99e-07,MIR,MIR,SINE
chr17,51436698,51436719,MA1714.1,+,5.99e-07,THE1D-int,ERVL-MaLR,LTR
chr17,71044551,71044572,MA1714.1,-,5.99e-07,L1PA16,L1,LINE
chr9,76991049,76991070,MA1714.1,+,5.99e-07,MIRb,MIR,SINE
chr9,81660201,81660222,MA1714.1,-,5.99e-07,LTR78B,ERV1,LTR
chr16,86595755,86595776,MA1714.1,-,5.99e-07,L1MC4,L1,LINE
chr2,127750410,127750431,MA1714.1,+,5.99e-07,L1ME3,L1,LINE
chr2,139281897,139281918,MA1714.1,-,5.99e-07,THE1B-int,ERVL-MaLR,LTR
chr3,169239624,169239645,MA1714.1,+,5.99e-07,MER2,TcMar-Tigger,DNA
chr2,220807945,220807966,MA1714.1,-,5.99e-07,L1M2,L1,LINE
chr2,234101131,234101152,MA1714.1,-,5.99e-07,L1ME4a,L1,LINE
chr14,31261687,31261708,MA1714.1,+,6.04e-07,L1MEg,L1,LINE
chr19,36423023,36423044,MA1714.1,-,6.04e-07,MIR,MIR,SINE
chr5,37234639,37234660,MA1714.1,+,6.04e-07,L1M2,L1,LINE
chr5,38344832,38344853,MA1714.1,-,6.04e-07,MLT1J,ERVL-MaLR,LTR
chr1,41033071,41033092,MA1714.1,-,6.04e-07,AluJr4,Alu,SINE
chr16,50545087,50545108,MA1714.1,-,6.04e-07,L1MA9,L1,LINE
chr12,51414476,51414497,MA1714.1,+,6.04e-07,MER2,TcMar-Tigger,DNA
chr11,75684347,75684368,MA1714.1,-,6.04e-07,L1MC2,L1,LINE
chr10,79430478,79430499,MA1714.1,+,6.04e-07,HAL1-3A_ME,L1,LINE
chr16,83233366,83233387,MA1714.1,-,6.04e-07,MIRb,MIR,SINE
chr4,83239029,83239050,MA1714.1,+,6.04e-07,THE1A-int,ERVL-MaLR,LTR
chr10,97548733,97548754,MA1714.1,+,6.04e-07,L3,CR1,LINE
chr7,99203804,99203825,MA1714.1,+,6.04e-07,AluJo,Alu,SINE
chr5,107421965,107421986,MA1714.1,+,6.04e-07,MER39,ERV1,LTR
chr4,108084719,108084740,MA1714.1,+,6.04e-07,L1MC3,L1,LINE
chr9,113846339,113846360,MA1714.1,+,6.04e-07,L1MEc,L1,LINE
chr2,147092180,147092201,MA1714.1,-,6.04e-07,L1MB8,L1,LINE
chr4,169839544,169839565,MA1714.1,+,6.04e-07,L1MA8,L1,LINE
chrX,30034589,30034610,MA1714.1,+,6.09e-07,L3,CR1,LINE
chr17,32378475,32378496,MA1714.1,+,6.09e-07,MIRc,MIR,SINE
chr8,49209477,49209498,MA1714.1,-,6.09e-07,L1MD1,L1,LINE
chr1,59104822,59104843,MA1714.1,-,6.09e-07,MIRc,MIR,SINE
chr14,92346963,92346984,MA1714.1,-,6.09e-07,AluSx,Alu,SINE
chr4,93250714,93250735,MA1714.1,+,6.09e-07,MIRc,MIR,SINE
chr4,119734339,119734360,MA1714.1,+,6.09e-07,MLT1D,ERVL-MaLR,LTR
chr7,126921177,126921198,MA1714.1,+,6.09e-07,MIR,MIR,SINE
chr7,128529797,128529818,MA1714.1,+,6.09e-07,MER113,hAT-Charlie,DNA
chr1,161807667,161807688,MA1714.1,-,6.09e-07,MIR,MIR,SINE
chr2,170823242,170823263,MA1714.1,+,6.09e-07,MIR,MIR,SINE
chr6_apd_hap1,2766181,2766202,MA1714.1,-,6.13e-07,L1MA4A,L1,LINE
chr3,8718423,8718444,MA1714.1,-,6.13e-07,SATR1,Satellite,Satellite
chr12,24853509,24853530,MA1714.1,+,6.13e-07,L1MB7,L1,LINE
chr6,31451473,31451494,MA1714.1,-,6.13e-07,L1MA4A,L1,LINE
chr21,44270560,44270581,MA1714.1,+,6.13e-07,MLT1F2,ERVL-MaLR,LTR
chr8,57483190,57483211,MA1714.1,+,6.13e-07,MLT1A0,ERVL-MaLR,LTR
chr6,62762379,62762400,MA1714.1,+,6.13e-07,L1MA9,L1,LINE
chr13,64846847,64846868,MA1714.1,-,6.13e-07,L1MCa,L1,LINE
chr13,66820043,66820064,MA1714.1,+,6.13e-07,THE1D-int,ERVL-MaLR,LTR
chr1,66928202,66928223,MA1714.1,+,6.13e-07,THE1D-int,ERVL-MaLR,LTR
chr6,79003105,79003126,MA1714.1,+,6.13e-07,MLT1J2,ERVL-MaLR,LTR
chr15,84300483,84300504,MA1714.1,-,6.13e-07,THE1C-int,ERVL-MaLR,LTR
chr5,95898227,95898248,MA1714.1,+,6.13e-07,L1MC4a,L1,LINE
chrX,121365294,121365315,MA1714.1,-,6.13e-07,L1PB1,L1,LINE
chr11,8788952,8788973,MA1714.1,+,6.18e-07,L3,CR1,LINE
chr8,28596915,28596936,MA1714.1,-,6.18e-07,AluJb,Alu,SINE
chr7,42843540,42843561,MA1714.1,+,6.18e-07,L1MCa,L1,LINE
chrX,63147414,63147435,MA1714.1,+,6.18e-07,THE1C-int,ERVL-MaLR,LTR
chrX,85424295,85424316,MA1714.1,-,6.18e-07,L1MA1,L1,LINE
chr5,85626736,85626757,MA1714.1,+,6.18e-07,MSTC-int,ERVL-MaLR,LTR
chrX,111724178,111724199,MA1714.1,-,6.18e-07,L1MA9,L1,LINE
chr11,125129844,125129865,MA1714.1,-,6.18e-07,AluJr4,Alu,SINE
chr6,134675307,134675328,MA1714.1,-,6.18e-07,L1MC4a,L1,LINE
chrX,140832239,140832260,MA1714.1,-,6.18e-07,MIRc,MIR,SINE
chrX,152668671,152668692,MA1714.1,-,6.18e-07,L1MEf,L1,LINE
chr4,168112036,168112057,MA1714.1,-,6.18e-07,L1MA9,L1,LINE
chr5,168877886,168877907,MA1714.1,-,6.18e-07,L1MB7,L1,LINE
chr2,186049957,186049978,MA1714.1,+,6.18e-07,MER52A,ERV1,LTR
chr1,214118090,214118111,MA1714.1,+,6.18e-07,MLT1J,ERVL-MaLR,LTR
chr2,239734241,239734262,MA1714.1,+,6.18e-07,L1ME1,L1,LINE
chr4,5572709,5572730,MA1714.1,+,6.23e-07,L1PB2,L1,LINE
chr7,22684450,22684471,MA1714.1,-,6.23e-07,L1MA9,L1,LINE
chr20,24286463,24286484,MA1714.1,-,6.23e-07,L1MC3,L1,LINE
chr16,26584647,26584668,MA1714.1,-,6.23e-07,AluJr,Alu,SINE
chr15,27625205,27625226,MA1714.1,-,6.23e-07,L1MCb,L1,LINE
chr19,28522739,28522760,MA1714.1,-,6.23e-07,THE1B-int,ERVL-MaLR,LTR
chr4,39532522,39532543,MA1714.1,-,6.23e-07,THE1B-int,ERVL-MaLR,LTR
chr10,44000389,44000410,MA1714.1,-,6.23e-07,AluSq,Alu,SINE
chr7,45918276,45918297,MA1714.1,-,6.23e-07,MSTA-int,ERVL-MaLR,LTR
chr13,55535881,55535902,MA1714.1,-,6.23e-07,L1MB1,L1,LINE
chr10,57850725,57850746,MA1714.1,+,6.23e-07,MSTB-int,ERVL-MaLR,LTR
chr2,58464799,58464820,MA1714.1,+,6.23e-07,L1MEc,L1,LINE
chr7,62919583,62919604,MA1714.1,+,6.23e-07,THE1D-int,ERVL-MaLR,LTR
chr12,73114311,73114332,MA1714.1,+,6.23e-07,THE1B-int,ERVL-MaLR,LTR
chr9,83109638,83109659,MA1714.1,-,6.23e-07,MSTD-int,ERVL-MaLR,LTR
chr16,86206212,86206233,MA1714.1,-,6.23e-07,L1ME4a,L1,LINE
chr15,93734961,93734982,MA1714.1,-,6.23e-07,L1MB2,L1,LINE
chr5,100594237,100594258,MA1714.1,+,6.23e-07,THE1A-int,ERVL-MaLR,LTR
chr15,102232024,102232045,MA1714.1,-,6.23e-07,L1MA9,L1,LINE
chr4,105576859,105576880,MA1714.1,+,6.23e-07,L1ME3A,L1,LINE
chr10,115630054,115630075,MA1714.1,-,6.23e-07,L1MC4a,L1,LINE
chr3,117662826,117662847,MA1714.1,+,6.23e-07,MLT1A0-int,ERVL-MaLR,LTR
chrX,147291827,147291848,MA1714.1,+,6.23e-07,THE1B-int,ERVL-MaLR,LTR
chr1,163881765,163881786,MA1714.1,-,6.23e-07,Ricksha,MuDR,DNA
chr1,210156740,210156761,MA1714.1,-,6.23e-07,L1M4,L1,LINE
chr12,14239055,14239076,MA1714.1,-,6.28e-07,L1MB7,L1,LINE
chr19,30084205,30084226,MA1714.1,-,6.28e-07,MLT1A,ERVL-MaLR,LTR
chr5,40459596,40459617,MA1714.1,+,6.28e-07,MSTC-int,ERVL-MaLR,LTR
chr6,67098181,67098202,MA1714.1,-,6.28e-07,L1MEe,L1,LINE
chr8,68509412,68509433,MA1714.1,-,6.28e-07,L1MEg,L1,LINE
chr10,71495798,71495819,MA1714.1,-,6.28e-07,MIR,MIR,SINE
chrX,87530323,87530344,MA1714.1,+,6.28e-07,THE1D-int,ERVL-MaLR,LTR
chr1,107094020,107094041,MA1714.1,-,6.28e-07,L1PA10,L1,LINE
chrX,112815017,112815038,MA1714.1,-,6.28e-07,Tigger1,TcMar-Tigger,DNA
chr2,117039911,117039932,MA1714.1,+,6.28e-07,L1PA16,L1,LINE
chr6,120640248,120640269,MA1714.1,+,6.28e-07,L1M4,L1,LINE
chrX,126016266,126016287,MA1714.1,+,6.28e-07,MSTB-int,ERVL-MaLR,LTR
chr5,175188042,175188063,MA1714.1,+,6.28e-07,THE1C-int,ERVL-MaLR,LTR
chr4,184227132,184227153,MA1714.1,+,6.28e-07,L1MC1,L1,LINE
chr20,3793789,3793810,MA1714.1,+,6.33e-07,AluJr,Alu,SINE
chr18,11409778,11409799,MA1714.1,-,6.33e-07,MLT1D,ERVL-MaLR,LTR
chrY,21593533,21593554,MA1714.1,-,6.33e-07,HUERS-P3-int,ERV1,LTR
chr21,25107611,25107632,MA1714.1,+,6.33e-07,LTR81A,Gypsy,LTR
chr3,25959025,25959046,MA1714.1,-,6.33e-07,L1PA16,L1,LINE
chr11,39273251,39273272,MA1714.1,-,6.33e-07,L1MD3,L1,LINE
chr7,41327761,41327782,MA1714.1,+,6.33e-07,MSTB-int,ERVL-MaLR,LTR
chr15,47086504,47086525,MA1714.1,+,6.33e-07,L1MA4,L1,LINE
chr15,48629682,48629703,MA1714.1,+,6.33e-07,MIRb,MIR,SINE
chr2,58912336,58912357,MA1714.1,+,6.33e-07,MLT1D,ERVL-MaLR,LTR
chr7,153133012,153133033,MA1714.1,-,6.33e-07,L1MC4a,L1,LINE
chr4,32089278,32089299,MA1714.1,-,6.37e-07,MER52-int,ERV1,LTR
chr5,32665219,32665240,MA1714.1,-,6.37e-07,MER52-int,ERV1,LTR
chr1,33867931,33867952,MA1714.1,+,6.37e-07,L1ME3D,L1,LINE
chr7,36128800,36128821,MA1714.1,+,6.37e-07,MSTA-int,ERVL-MaLR,LTR
chr6,53685374,53685395,MA1714.1,-,6.37e-07,L3,CR1,LINE
chr15,54074115,54074136,MA1714.1,-,6.37e-07,THE1C-int,ERVL-MaLR,LTR
chr2,63475413,63475434,MA1714.1,-,6.37e-07,L1M4c,L1,LINE
chr8,67600925,67600946,MA1714.1,-,6.37e-07,MIRb,MIR,SINE
chr3,70588309,70588330,MA1714.1,-,6.37e-07,MER52-int,ERV1,LTR
chr14,74893645,74893666,MA1714.1,+,6.37e-07,MIRb,MIR,SINE
chr10,108032127,108032148,MA1714.1,+,6.37e-07,MER52-int,ERV1,LTR
chr5,114502910,114502931,MA1714.1,-,6.37e-07,THE1D-int,ERVL-MaLR,LTR
chr2,122726013,122726034,MA1714.1,-,6.37e-07,L1ME3C,L1,LINE
chr3,149010089,149010110,MA1714.1,+,6.37e-07,MER52-int,ERV1,LTR
chr3,168614423,168614444,MA1714.1,-,6.37e-07,THE1D-int,ERVL-MaLR,LTR
chr3,172921445,172921466,MA1714.1,-,6.37e-07,MSTA-int,ERVL-MaLR,LTR
chr12,855152,855173,MA1714.1,-,6.42e-07,L1ME1,L1,LINE
chr10,2031887,2031908,MA1714.1,-,6.42e-07,MIRb,MIR,SINE
chr5,27413512,27413533,MA1714.1,-,6.42e-07,L1MD3,L1,LINE
chr5,28871927,28871948,MA1714.1,-,6.42e-07,HAL1,L1,LINE
chr6,35094670,35094691,MA1714.1,-,6.42e-07,AluJb,Alu,SINE
chr2,36761259,36761280,MA1714.1,+,6.42e-07,HAL1-3A_ME,L1,LINE
chr21,39579745,39579766,MA1714.1,-,6.42e-07,HAL1-3A_ME,L1,LINE
chr20,58764773,58764794,MA1714.1,-,6.42e-07,MIR,MIR,SINE
chr18,64120283,64120304,MA1714.1,-,6.42e-07,ERVL-B4-int,ERVL,LTR
chr6,65858902,65858923,MA1714.1,-,6.42e-07,THE1C-int,ERVL-MaLR,LTR
chr5,68849847,68849868,MA1714.1,-,6.42e-07,MIRb,MIR,SINE
chr5,70369683,70369704,MA1714.1,+,6.42e-07,MIRb,MIR,SINE
chr10,92520097,92520118,MA1714.1,+,6.42e-07,L1MA5A,L1,LINE
chr13,110057266,110057287,MA1714.1,+,6.42e-07,MER52C,ERV1,LTR
chr3,157546690,157546711,MA1714.1,-,6.42e-07,MSTA-int,ERVL-MaLR,LTR
chr5,162110506,162110527,MA1714.1,-,6.42e-07,MER39B,ERV1,LTR
chr2,239534950,239534971,MA1714.1,-,6.42e-07,L1M6,L1,LINE
chr5,2595794,2595815,MA1714.1,+,6.47e-07,L1MC4a,L1,LINE
chr4,4318840,4318861,MA1714.1,-,6.47e-07,LTR78,ERV1,LTR
chr12,6353766,6353787,MA1714.1,+,6.47e-07,L3,CR1,LINE
chr12,28187097,28187118,MA1714.1,-,6.47e-07,MIR,MIR,SINE
chr10,34701097,34701118,MA1714.1,-,6.47e-07,AluJr4,Alu,SINE
chr13,38299329,38299350,MA1714.1,+,6.47e-07,L1MB3,L1,LINE
chr11,43493402,43493423,MA1714.1,+,6.47e-07,L1MEg,L1,LINE
chr6,66990274,66990295,MA1714.1,+,6.47e-07,THE1A-int,ERVL-MaLR,LTR
chr15,77101900,77101921,MA1714.1,+,6.47e-07,L1MA9,L1,LINE
chr15,78058564,78058585,MA1714.1,+,6.47e-07,AluJb,Alu,SINE
chr11,90477969,90477990,MA1714.1,+,6.47e-07,THE1D-int,ERVL-MaLR,LTR
chr14,95965941,95965962,MA1714.1,-,6.47e-07,MIRb,MIR,SINE
chr11,105351115,105351136,MA1714.1,+,6.47e-07,THE1B-int,ERVL-MaLR,LTR
chr10,105743334,105743355,MA1714.1,+,6.47e-07,LTR50,ERVL,LTR
chr11,120026891,120026912,MA1714.1,-,6.47e-07,L1MEc,L1,LINE
chr2,149261919,149261940,MA1714.1,-,6.47e-07,MIRc,MIR,SINE
chr17,15949932,15949953,MA1714.1,+,6.52e-07,L3,CR1,LINE
chr17,16867366,16867387,MA1714.1,+,6.52e-07,HAL1,L1,LINE
chr11,17090324,17090345,MA1714.1,+,6.52e-07,MIR,MIR,SINE
chr2,35591325,35591346,MA1714.1,+,6.52e-07,THE1B-int,ERVL-MaLR,LTR
chr18,39714512,39714533,MA1714.1,-,6.52e-07,L1PREC2,L1,LINE
chr13,70016104,70016125,MA1714.1,-,6.52e-07,L1MB2,L1,LINE
chr10,76444312,76444333,MA1714.1,+,6.52e-07,AluJb,Alu,SINE
chr10,82528938,82528959,MA1714.1,+,6.52e-07,L3,CR1,LINE
chr13,93015258,93015279,MA1714.1,+,6.52e-07,L1MEc,L1,LINE
chr14,101829585,101829606,MA1714.1,-,6.52e-07,L1M2,L1,LINE
chr8,107963135,107963156,MA1714.1,+,6.52e-07,MER52A,ERV1,LTR
chr9,132201811,132201832,MA1714.1,-,6.52e-07,L1PA16,L1,LINE
chr2,192776596,192776617,MA1714.1,-,6.52e-07,LTR85b,Gypsy,LTR
chr6,4344903,4344924,MA1714.1,+,6.57e-07,MIRb,MIR,SINE
chr8,39108356,39108377,MA1714.1,-,6.57e-07,L1MA4,L1,LINE
chr8,54953513,54953534,MA1714.1,+,6.57e-07,AluJr,Alu,SINE
chr11,57059169,57059190,MA1714.1,+,6.57e-07,L1MC3,L1,LINE
chr16,76815746,76815767,MA1714.1,-,6.57e-07,L1MCa,L1,LINE
chr13,79367759,79367780,MA1714.1,-,6.57e-07,L1MB7,L1,LINE
chr15,88843694,88843715,MA1714.1,-,6.57e-07,MIR,MIR,SINE
chr13,91296449,91296470,MA1714.1,-,6.57e-07,THE1B-int,ERVL-MaLR,LTR
chrX,92095379,92095400,MA1714.1,-,6.57e-07,MSTA-int,ERVL-MaLR,LTR
chr11,112290629,112290650,MA1714.1,+,6.57e-07,AluJr4,Alu,SINE
chr11,114467974,114467995,MA1714.1,+,6.57e-07,L1MEc,L1,LINE
chr4,114521285,114521306,MA1714.1,+,6.57e-07,L1MC1,L1,LINE
chr4,149603882,149603903,MA1714.1,+,6.57e-07,MIRc,MIR,SINE
chr2,159024004,159024025,MA1714.1,+,6.57e-07,L1MC5,L1,LINE
chr5,162393974,162393995,MA1714.1,-,6.57e-07,THE1D-int,ERVL-MaLR,LTR
chr2,173247822,173247843,MA1714.1,-,6.57e-07,L1PA13,L1,LINE
chr5,15240412,15240433,MA1714.1,+,6.63e-07,MSTA-int,ERVL-MaLR,LTR
chr8,34410517,34410538,MA1714.1,+,6.63e-07,MLT1A0,ERVL-MaLR,LTR
chr13,43068184,43068205,MA1714.1,+,6.63e-07,MIR,MIR,SINE
chrX,80820532,80820553,MA1714.1,+,6.63e-07,MSTA-int,ERVL-MaLR,LTR
chr8,95741524,95741545,MA1714.1,+,6.63e-07,AluSc8,Alu,SINE
chrX,99378159,99378180,MA1714.1,-,6.63e-07,MIR,MIR,SINE
chr6,130344681,130344702,MA1714.1,+,6.63e-07,MIRc,MIR,SINE
chrX,146927778,146927799,MA1714.1,-,6.63e-07,MIR,MIR,SINE
chrY,339233,339254,MA1714.1,-,6.68e-07,AluJb,Alu,SINE
chrX,389233,389254,MA1714.1,-,6.68e-07,AluJb,Alu,SINE
chr12,19564490,19564511,MA1714.1,+,6.68e-07,MIR,MIR,SINE
chr14,22419675,22419696,MA1714.1,-,6.68e-07,MIR3,MIR,SINE
chr21,29690000,29690021,MA1714.1,+,6.68e-07,THE1D-int,ERVL-MaLR,LTR
chr4,34207506,34207527,MA1714.1,+,6.68e-07,THE1C-int,ERVL-MaLR,LTR
chr19,38590319,38590340,MA1714.1,-,6.68e-07,MIRb,MIR,SINE
chr17,41693127,41693148,MA1714.1,+,6.68e-07,MIR,MIR,SINE
chr20,44734975,44734996,MA1714.1,-,6.68e-07,MIR,MIR,SINE
chr11,48379644,48379665,MA1714.1,-,6.68e-07,MSTA-int,ERVL-MaLR,LTR
chr2,122884810,122884831,MA1714.1,+,6.68e-07,MSTA-int,ERVL-MaLR,LTR
chr11,133480166,133480187,MA1714.1,-,6.68e-07,MLT1H1-int,ERVL-MaLR,LTR
chr6,148381453,148381474,MA1714.1,-,6.68e-07,THE1C-int,ERVL-MaLR,LTR
chrY,7017933,7017954,MA1714.1,-,6.73e-07,AluSq2,Alu,SINE
chr10,17002415,17002436,MA1714.1,+,6.73e-07,AluSx,Alu,SINE
chr8,18119399,18119420,MA1714.1,+,6.73e-07,LTR49-int,ERV1,LTR
chr10,20530498,20530519,MA1714.1,+,6.73e-07,AluJo,Alu,SINE
chr22,26762919,26762940,MA1714.1,-,6.73e-07,Kanga1b,TcMar-Tc2,DNA
chr22,30259686,30259707,MA1714.1,-,6.73e-07,FLAM_C,Alu,SINE
chr18,32052671,32052692,MA1714.1,-,6.73e-07,L1MC3,L1,LINE
chr16,34775382,34775403,MA1714.1,+,6.73e-07,L1PB4,L1,LINE
chr5,52026758,52026779,MA1714.1,+,6.73e-07,THE1D-int,ERVL-MaLR,LTR
chr16,52597348,52597369,MA1714.1,+,6.73e-07,AluJo,Alu,SINE
chr16,67321374,67321395,MA1714.1,-,6.73e-07,AluJr,Alu,SINE
chr15,71254564,71254585,MA1714.1,+,6.73e-07,L1MC3,L1,LINE
chr1,75335636,75335657,MA1714.1,+,6.73e-07,MSTA-int,ERVL-MaLR,LTR
chr1,78062509,78062530,MA1714.1,+,6.73e-07,L1MC3,L1,LINE
chr11,86807956,86807977,MA1714.1,-,6.73e-07,Arthur1B,hAT-Tip100,DNA
chr4,87283990,87284011,MA1714.1,+,6.73e-07,L1ME2,L1,LINE
chr7,96279077,96279098,MA1714.1,-,6.73e-07,MIRb,MIR,SINE
chr4,111504910,111504931,MA1714.1,+,6.73e-07,L1MC3,L1,LINE
chr3,117310378,117310399,MA1714.1,-,6.73e-07,L1MC3,L1,LINE
chr7,117949408,117949429,MA1714.1,-,6.73e-07,THE1C-int,ERVL-MaLR,LTR
chrX,126710509,126710530,MA1714.1,-,6.73e-07,THE1B-int,ERVL-MaLR,LTR
chrX,130283016,130283037,MA1714.1,-,6.73e-07,L1MC3,L1,LINE
chr6,137182294,137182315,MA1714.1,-,6.73e-07,AluJb,Alu,SINE
chr5,152962705,152962726,MA1714.1,-,6.73e-07,AluJb,Alu,SINE
chr4,154092930,154092951,MA1714.1,-,6.73e-07,L1MC5,L1,LINE
chr7,156876788,156876809,MA1714.1,-,6.73e-07,AluSz,Alu,SINE
chr4,173132596,173132617,MA1714.1,-,6.73e-07,L1MC3,L1,LINE
chr4,176776864,176776885,MA1714.1,+,6.73e-07,L1MC3,L1,LINE
chr10,9533923,9533944,MA1714.1,+,6.78e-07,L1M4b,L1,LINE
chr11,21817831,21817852,MA1714.1,-,6.78e-07,L1MA8,L1,LINE
chr5,24249044,24249065,MA1714.1,-,6.78e-07,THE1D-int,ERVL-MaLR,LTR
chr14,38782538,38782559,MA1714.1,-,6.78e-07,L1PA16,L1,LINE
chr1,51045422,51045443,MA1714.1,+,6.78e-07,L1MC4,L1,LINE
chr8,64334422,64334443,MA1714.1,-,6.78e-07,L1MD2,L1,LINE
chr1,87815518,87815539,MA1714.1,-,6.78e-07,MIRb,MIR,SINE
chr11,97334822,97334843,MA1714.1,+,6.78e-07,THE1C-int,ERVL-MaLR,LTR
chr5,114241645,114241666,MA1714.1,-,6.78e-07,THE1C-int,ERVL-MaLR,LTR
chr6,149562316,149562337,MA1714.1,+,6.78e-07,MLT1B,ERVL-MaLR,LTR
chr16,11733355,11733376,MA1714.1,+,6.83e-07,L1ME2z,L1,LINE
chr13,21273326,21273347,MA1714.1,+,6.83e-07,L1MEg,L1,LINE
chrX,26250242,26250263,MA1714.1,-,6.83e-07,THE1D-int,ERVL-MaLR,LTR
chr19,29766637,29766658,MA1714.1,+,6.83e-07,MamGypLTR1a,Gypsy,LTR
chr2,34595938,34595959,MA1714.1,-,6.83e-07,MLT1H1,ERVL-MaLR,LTR
chr17,41526488,41526509,MA1714.1,+,6.83e-07,MIR,MIR,SINE
chr7,45110680,45110701,MA1714.1,-,6.83e-07,MIRb,MIR,SINE
chr13,45191679,45191700,MA1714.1,-,6.83e-07,MLT1L,ERVL-MaLR,LTR
chrX,53043197,53043218,MA1714.1,+,6.83e-07,L1MB7,L1,LINE
chr18,53210536,53210557,MA1714.1,+,6.83e-07,MIRb,MIR,SINE
chr1,57850395,57850416,MA1714.1,+,6.83e-07,L1MB2,L1,LINE
chr7,71446320,71446341,MA1714.1,+,6.83e-07,MER21A,ERVL,LTR
chr13,88256238,88256259,MA1714.1,+,6.83e-07,AluSx,Alu,SINE
chr13,91756513,91756534,MA1714.1,+,6.83e-07,L1MC1,L1,LINE
chr12,98489590,98489611,MA1714.1,+,6.83e-07,THE1B-int,ERVL-MaLR,LTR
chr13,99343120,99343141,MA1714.1,-,6.83e-07,L1MB8,L1,LINE
chr12,102366829,102366850,MA1714.1,+,6.83e-07,L1MA3,L1,LINE
chr2,103533837,103533858,MA1714.1,-,6.83e-07,THE1D-int,ERVL-MaLR,LTR
chr10,123396997,123397018,MA1714.1,-,6.83e-07,HAL1b,L1,LINE
chr8,131515718,131515739,MA1714.1,-,6.83e-07,LTR8A,ERV1,LTR
chr6,131895769,131895790,MA1714.1,+,6.83e-07,MamGypLTR2c,Gypsy,LTR
chr7,135587235,135587256,MA1714.1,+,6.83e-07,MIR,MIR,SINE
chrX,151258743,151258764,MA1714.1,-,6.83e-07,L1MC3,L1,LINE
chr2,2012720,2012741,MA1714.1,-,6.88e-07,L1MA9,L1,LINE
chr17,14072119,14072140,MA1714.1,-,6.88e-07,THE1D-int,ERVL-MaLR,LTR
chr16,14138264,14138285,MA1714.1,-,6.88e-07,MIRb,MIR,SINE
chr14,39682571,39682592,MA1714.1,+,6.88e-07,MER33,hAT-Charlie,DNA
chr11,40792950,40792971,MA1714.1,-,6.88e-07,THE1C-int,ERVL-MaLR,LTR
chr20,43281247,43281268,MA1714.1,+,6.88e-07,L1ME3F,L1,LINE
chr1,48757614,48757635,MA1714.1,-,6.88e-07,L1MA9,L1,LINE
chr14,50273757,50273778,MA1714.1,-,6.88e-07,L1MB7,L1,LINE
chr16,62297987,62298008,MA1714.1,-,6.88e-07,L1MC4,L1,LINE
chr14,67986652,67986673,MA1714.1,-,6.88e-07,AluJr,Alu,SINE
chr13,71387634,71387655,MA1714.1,+,6.88e-07,MSTA-int,ERVL-MaLR,LTR
chr12,85399046,85399067,MA1714.1,+,6.88e-07,THE1D-int,ERVL-MaLR,LTR
chr12,94623310,94623331,MA1714.1,-,6.88e-07,L1MB2,L1,LINE
chr4,107744692,107744713,MA1714.1,-,6.88e-07,THE1-int,ERVL-MaLR,LTR
chr12,110624660,110624681,MA1714.1,-,6.88e-07,L1MEg,L1,LINE
chr6,156480215,156480236,MA1714.1,-,6.88e-07,LTR85b,Gypsy,LTR
chr6,157011293,157011314,MA1714.1,+,6.88e-07,MIR,MIR,SINE
chr3,171537577,171537598,MA1714.1,-,6.88e-07,Charlie7,hAT-Charlie,DNA
chr3,187840078,187840099,MA1714.1,-,6.88e-07,L3,CR1,LINE
chr1,236786785,236786806,MA1714.1,+,6.88e-07,MLT1F2-int,ERVL-MaLR,LTR
chr1,249071363,249071384,MA1714.1,+,6.88e-07,THE1D-int,ERVL-MaLR,LTR
chr2,8029972,8029993,MA1714.1,-,6.94e-07,LTR90B,LTR,LTR
chr8,14224351,14224372,MA1714.1,-,6.94e-07,THE1D-int,ERVL-MaLR,LTR
chr21,23227253,23227274,MA1714.1,+,6.94e-07,AluSg,Alu,SINE
chr4,26573979,26574000,MA1714.1,+,6.94e-07,L1MA6,L1,LINE
chr20,30863897,30863918,MA1714.1,+,6.94e-07,HAL1,L1,LINE
chr1,33882584,33882605,MA1714.1,+,6.94e-07,L1MEc,L1,LINE
chr8,39321163,39321184,MA1714.1,+,6.94e-07,L1MA3,L1,LINE
chr20,39482255,39482276,MA1714.1,-,6.94e-07,MER20,hAT-Charlie,DNA
chr13,42878167,42878188,MA1714.1,-,6.94e-07,MIRc,MIR,SINE
chrX,46055682,46055703,MA1714.1,+,6.94e-07,MER61C,ERV1,LTR
chr2,54371883,54371904,MA1714.1,-,6.94e-07,L1ME3C,L1,LINE
chr4,61172396,61172417,MA1714.1,-,6.94e-07,THE1C-int,ERVL-MaLR,LTR
chr16,79054376,79054397,MA1714.1,+,6.94e-07,MIR,MIR,SINE
chr15,91732492,91732513,MA1714.1,-,6.94e-07,L1ME5,L1,LINE
chr3,96938483,96938504,MA1714.1,-,6.94e-07,THE1D-int,ERVL-MaLR,LTR
chr12,107903762,107903783,MA1714.1,-,6.94e-07,MIRb,MIR,SINE
chr11,116688258,116688279,MA1714.1,-,6.94e-07,MLT1A0,ERVL-MaLR,LTR
chr2,125363874,125363895,MA1714.1,+,6.94e-07,HAL1,L1,LINE
chrX,137514232,137514253,MA1714.1,+,6.94e-07,MSTA-int,ERVL-MaLR,LTR
chr2,181293559,181293580,MA1714.1,-,6.94e-07,THE1C-int,ERVL-MaLR,LTR
chr1,8463773,8463794,MA1714.1,-,6.99e-07,L1M5,L1,LINE
chr20,24428687,24428708,MA1714.1,-,6.99e-07,LTR36,ERV1,LTR
chr12,25999672,25999693,MA1714.1,-,6.99e-07,MLT1K,ERVL-MaLR,LTR
chr5,26410710,26410731,MA1714.1,+,6.99e-07,THE1C-int,ERVL-MaLR,LTR
chrX,73244033,73244054,MA1714.1,+,6.99e-07,L1MA5,L1,LINE
chr14,101021844,101021865,MA1714.1,-,6.99e-07,MIRb,MIR,SINE
chr11,120053460,120053481,MA1714.1,+,6.99e-07,HAL1-3A_ME,L1,LINE
chr8,123667852,123667873,MA1714.1,+,6.99e-07,HERV16-int,ERVL,LTR
chr6,146729572,146729593,MA1714.1,+,6.99e-07,MIR,MIR,SINE
chr3,149170272,149170293,MA1714.1,-,6.99e-07,MSTA-int,ERVL-MaLR,LTR
chr5,155251615,155251636,MA1714.1,-,6.99e-07,MIRc,MIR,SINE
chr2,169934708,169934729,MA1714.1,+,6.99e-07,MIRc,MIR,SINE
chr2,170159189,170159210,MA1714.1,+,6.99e-07,L1MC5,L1,LINE
chr3,171066468,171066489,MA1714.1,+,6.99e-07,ORSL,hAT-Tip100,DNA
chr2,218461582,218461603,MA1714.1,+,6.99e-07,MIR,MIR,SINE
chr20,16581277,16581298,MA1714.1,-,7.05e-07,FLAM_A,Alu,SINE
chr7,31298367,31298388,MA1714.1,+,7.05e-07,MIR,MIR,SINE
chr5,64601945,64601966,MA1714.1,+,7.05e-07,LTR40c,ERVL,LTR
chrX,73150101,73150122,MA1714.1,-,7.05e-07,L1MA8,L1,LINE
chr9,78122147,78122168,MA1714.1,-,7.05e-07,L1MB2,L1,LINE
chr3,80278246,80278267,MA1714.1,+,7.05e-07,L1M7,L1,LINE
chr12,84837766,84837787,MA1714.1,+,7.05e-07,MER39,ERV1,LTR
chr12,84837766,84837787,MA1714.1,+,7.05e-07,MER21A,ERVL,LTR
chr12,84837766,84837787,MA1714.1,+,7.05e-07,MER39,ERV1,LTR
chr12,84837766,84837787,MA1714.1,+,7.05e-07,MER21A,ERVL,LTR
chrX,150767014,150767035,MA1714.1,-,7.05e-07,L1MEd,L1,LINE
chr2,236416270,236416291,MA1714.1,-,7.05e-07,MIRb,MIR,SINE
chr2,13393841,13393862,MA1714.1,+,7.1e-07,MIR,MIR,SINE
chr19,15781054,15781075,MA1714.1,+,7.1e-07,MIRc,MIR,SINE
chr11,17138692,17138713,MA1714.1,+,7.1e-07,L1MB5,L1,LINE
chr5,20535468,20535489,MA1714.1,-,7.1e-07,MLT1E2,ERVL-MaLR,LTR
chr5,33055099,33055120,MA1714.1,+,7.1e-07,L1M2a,L1,LINE
chr18,40800404,40800425,MA1714.1,-,7.1e-07,MSTC-int,ERVL-MaLR,LTR
chr20,42021679,42021700,MA1714.1,+,7.1e-07,MER115,hAT-Tip100,DNA
chr1,42026127,42026148,MA1714.1,-,7.1e-07,MIRb,MIR,SINE
chr6,43686779,43686800,MA1714.1,-,7.1e-07,MIR,MIR,SINE
chr16,49293644,49293665,MA1714.1,+,7.1e-07,L1MC3,L1,LINE
chr15,50513183,50513204,MA1714.1,+,7.1e-07,AluJr,Alu,SINE
chr2,51874878,51874899,MA1714.1,-,7.1e-07,L1M4,L1,LINE
chrX,57666461,57666482,MA1714.1,+,7.1e-07,THE1A-int,ERVL-MaLR,LTR
chr15,63724157,63724178,MA1714.1,-,7.1e-07,MIRb,MIR,SINE
chr1,65031423,65031444,MA1714.1,-,7.1e-07,MIRc,MIR,SINE
chr1,69735984,69736005,MA1714.1,-,7.1e-07,MLT1A0-int,ERVL-MaLR,LTR
chr1,72570056,72570077,MA1714.1,+,7.1e-07,MLT1D,ERVL-MaLR,LTR
chr18,77796214,77796235,MA1714.1,-,7.1e-07,L1MC3,L1,LINE
chr12,81727750,81727771,MA1714.1,-,7.1e-07,L3,CR1,LINE
chr16,82466239,82466260,MA1714.1,-,7.1e-07,MIRb,MIR,SINE
chr5,91397617,91397638,MA1714.1,+,7.1e-07,AluJr,Alu,SINE
chr1,114387653,114387674,MA1714.1,-,7.1e-07,AluJr,Alu,SINE
chr6,119406149,119406170,MA1714.1,-,7.1e-07,MSTA-int,ERVL-MaLR,LTR
chr2,134591621,134591642,MA1714.1,+,7.1e-07,MIR,MIR,SINE
chr4,165983892,165983913,MA1714.1,-,7.1e-07,AluJb,Alu,SINE
chr1,3543387,3543408,MA1714.1,-,7.15e-07,AluJo,Alu,SINE
chr17,10491504,10491525,MA1714.1,-,7.15e-07,L1MC3,L1,LINE
chr6,34637150,34637171,MA1714.1,-,7.15e-07,AluJb,Alu,SINE
chr20,47511922,47511943,MA1714.1,-,7.15e-07,AluJr,Alu,SINE
chr12,61560445,61560466,MA1714.1,-,7.15e-07,THE1C-int,ERVL-MaLR,LTR
chr11,66391050,66391071,MA1714.1,+,7.15e-07,MIRc,MIR,SINE
chr12,90344541,90344562,MA1714.1,-,7.15e-07,MIRc,MIR,SINE
chr2,129145607,129145628,MA1714.1,+,7.15e-07,HAL1,L1,LINE
chr3,139972662,139972683,MA1714.1,-,7.15e-07,LTR84b,ERVL,LTR
chr3,165789851,165789872,MA1714.1,+,7.15e-07,MSTA-int,ERVL-MaLR,LTR
chr1,197764044,197764065,MA1714.1,-,7.15e-07,L1PA15,L1,LINE
chr1,219244724,219244745,MA1714.1,+,7.15e-07,THE1B-int,ERVL-MaLR,LTR
chrUn_gl000244,10338,10359,MA1714.1,-,7.21e-07,AluJr,Alu,SINE
chr12,12190927,12190948,MA1714.1,-,7.21e-07,HAL1,L1,LINE
chr17,13064049,13064070,MA1714.1,-,7.21e-07,MIRb,MIR,SINE
chr22,16103539,16103560,MA1714.1,+,7.21e-07,AluJr,Alu,SINE
chr14,19739756,19739777,MA1714.1,-,7.21e-07,AluJr,Alu,SINE
chr14,19835637,19835658,MA1714.1,+,7.21e-07,AluJr,Alu,SINE
chr7,30992301,30992322,MA1714.1,-,7.21e-07,THE1C-int,ERVL-MaLR,LTR
chr7,34371062,34371083,MA1714.1,-,7.21e-07,MamGypLTR1a,Gypsy,LTR
chr1,48095089,48095110,MA1714.1,-,7.21e-07,MIRb,MIR,SINE
chr20,50667974,50667995,MA1714.1,-,7.21e-07,Zaphod,hAT-Tip100,DNA
chr15,56254958,56254979,MA1714.1,-,7.21e-07,L1MEf,L1,LINE
chr18,66126493,66126514,MA1714.1,+,7.21e-07,L1MEb,L1,LINE
chr6,73170426,73170447,MA1714.1,-,7.21e-07,MIR,MIR,SINE
chr12,90588810,90588831,MA1714.1,-,7.21e-07,L1MB1,L1,LINE
chr11,118260160,118260181,MA1714.1,+,7.21e-07,L1ME4a,L1,LINE
chr8,146069576,146069597,MA1714.1,+,7.21e-07,MIRb,MIR,SINE
chr17,6379857,6379878,MA1714.1,+,7.26e-07,MIRc,MIR,SINE
chr1,19134764,19134785,MA1714.1,+,7.26e-07,MIR3,MIR,SINE
chr22,19621236,19621257,MA1714.1,+,7.26e-07,FLAM_C,Alu,SINE
chr12,27294239,27294260,MA1714.1,-,7.26e-07,AluJr,Alu,SINE
chr10,29340931,29340952,MA1714.1,+,7.26e-07,AluJr,Alu,SINE
chr4,35984675,35984696,MA1714.1,+,7.26e-07,L1PA15,L1,LINE
chr13,40082620,40082641,MA1714.1,-,7.26e-07,L1ME1,L1,LINE
chr14,40626028,40626049,MA1714.1,-,7.26e-07,THE1B-int,ERVL-MaLR,LTR
chr3,41675786,41675807,MA1714.1,-,7.26e-07,MER54B,ERVL,LTR
chr15,50081371,50081392,MA1714.1,-,7.26e-07,L1ME1,L1,LINE
chr15,56938373,56938394,MA1714.1,+,7.26e-07,AluJo,Alu,SINE
chr4,57437763,57437784,MA1714.1,+,7.26e-07,AluJr,Alu,SINE
chr13,61650255,61650276,MA1714.1,+,7.26e-07,MSTA-int,ERVL-MaLR,LTR
chr16,63191991,63192012,MA1714.1,+,7.26e-07,MSTC-int,ERVL-MaLR,LTR
chr2,71862000,71862021,MA1714.1,-,7.26e-07,MamGypLTR2b,Gypsy,LTR
chr12,73077065,73077086,MA1714.1,-,7.26e-07,MIRb,MIR,SINE
chr3,76041404,76041425,MA1714.1,+,7.26e-07,THE1B-int,ERVL-MaLR,LTR
chr13,94721605,94721626,MA1714.1,-,7.26e-07,THE1B-int,ERVL-MaLR,LTR
chr5,97435254,97435275,MA1714.1,-,7.26e-07,CR1_Mam,CR1,LINE
chr11,116191020,116191041,MA1714.1,+,7.26e-07,L1ME3A,L1,LINE
chr12,116871657,116871678,MA1714.1,+,7.26e-07,AluJr,Alu,SINE
chrX,121231613,121231634,MA1714.1,+,7.26e-07,THE1B-int,ERVL-MaLR,LTR
chr2,187217978,187217999,MA1714.1,+,7.26e-07,THE1B-int,ERVL-MaLR,LTR
chr1,247504541,247504562,MA1714.1,-,7.26e-07,AluJb,Alu,SINE
chr18,7346205,7346226,MA1714.1,-,7.32e-07,L1PB1,L1,LINE
chr1,9783890,9783911,MA1714.1,-,7.32e-07,MLT1H,ERVL-MaLR,LTR
chr21,26845874,26845895,MA1714.1,+,7.32e-07,THE1D-int,ERVL-MaLR,LTR
chr9,35598007,35598028,MA1714.1,+,7.32e-07,L1MC5,L1,LINE
chr1,36551747,36551768,MA1714.1,-,7.32e-07,MER117,hAT-Charlie,DNA
chr2,46712191,46712212,MA1714.1,+,7.32e-07,MLT1D,ERVL-MaLR,LTR
chr14,82548635,82548656,MA1714.1,-,7.32e-07,L1MC2,L1,LINE
chr6,106860907,106860928,MA1714.1,-,7.32e-07,MLT1K,ERVL-MaLR,LTR
chr3,109309675,109309696,MA1714.1,-,7.32e-07,THE1B-int,ERVL-MaLR,LTR
chr9,137523823,137523844,MA1714.1,+,7.32e-07,MLT1C,ERVL-MaLR,LTR
chr6,138630965,138630986,MA1714.1,-,7.32e-07,MLT2B2,ERVL,LTR
chr1,225646468,225646489,MA1714.1,+,7.32e-07,L1MB7,L1,LINE
chr2,242773972,242773993,MA1714.1,+,7.32e-07,L1MEg,L1,LINE
chr2,15879440,15879461,MA1714.1,-,7.38e-07,L1ME1,L1,LINE
chr7,43849655,43849676,MA1714.1,+,7.38e-07,HERVK22-int,ERVK,LTR
chr21,47800484,47800505,MA1714.1,-,7.38e-07,L1M4,L1,LINE
chr16,57329957,57329978,MA1714.1,-,7.38e-07,L1MC3,L1,LINE
chr9,75995618,75995639,MA1714.1,-,7.38e-07,THE1D-int,ERVL-MaLR,LTR
chr9,80681344,80681365,MA1714.1,-,7.38e-07,MSTA-int,ERVL-MaLR,LTR
chr1,108803422,108803443,MA1714.1,+,7.38e-07,FLAM_C,Alu,SINE
chr1,108976180,108976201,MA1714.1,-,7.38e-07,FLAM_C,Alu,SINE
chr4,112505858,112505879,MA1714.1,-,7.38e-07,THE1D-int,ERVL-MaLR,LTR
chr2,143228848,143228869,MA1714.1,+,7.38e-07,L1MC4,L1,LINE
chr7,150002966,150002987,MA1714.1,-,7.38e-07,Charlie13a,hAT-Charlie,DNA
chr7,152501098,152501119,MA1714.1,+,7.38e-07,Charlie13a,hAT-Charlie,DNA
chr1,159695826,159695847,MA1714.1,+,7.38e-07,L1MD3,L1,LINE
chr2,4038479,4038500,MA1714.1,-,7.43e-07,THE1B-int,ERVL-MaLR,LTR
chr6,11377095,11377116,MA1714.1,+,7.43e-07,MSTB-int,ERVL-MaLR,LTR
chr17,14474059,14474080,MA1714.1,-,7.43e-07,MSTB-int,ERVL-MaLR,LTR
chrY,15432647,15432668,MA1714.1,+,7.43e-07,MER4-int,ERV1,LTR
chr22,26174992,26175013,MA1714.1,-,7.43e-07,MER106B,hAT-Charlie,DNA
chr1,31642806,31642827,MA1714.1,-,7.43e-07,AluJr4,Alu,SINE
chr1,51183050,51183071,MA1714.1,+,7.43e-07,MLT1A,ERVL-MaLR,LTR
chr6,65106755,65106776,MA1714.1,-,7.43e-07,L1ME3A,L1,LINE
chr1,73809771,73809792,MA1714.1,+,7.43e-07,THE1B-int,ERVL-MaLR,LTR
chr17,75018562,75018583,MA1714.1,+,7.43e-07,MSTA-int,ERVL-MaLR,LTR
chr15,78491499,78491520,MA1714.1,-,7.43e-07,AluJo,Alu,SINE
chr6,80647274,80647295,MA1714.1,+,7.43e-07,MIR,MIR,SINE
chr10,83464497,83464518,MA1714.1,+,7.43e-07,MSTB-int,ERVL-MaLR,LTR
chr4,86140382,86140403,MA1714.1,+,7.43e-07,MSTA-int,ERVL-MaLR,LTR
chr8,89750572,89750593,MA1714.1,-,7.43e-07,Tigger3d,TcMar-Tigger,DNA
chrX,92037782,92037803,MA1714.1,+,7.43e-07,L1PB1,L1,LINE
chr9,99847483,99847504,MA1714.1,-,7.43e-07,L1MEf,L1,LINE
chr4,117144210,117144231,MA1714.1,-,7.43e-07,MER50,ERV1,LTR
chr6,118871690,118871711,MA1714.1,-,7.43e-07,MIR,MIR,SINE
chr1,143877408,143877429,MA1714.1,+,7.43e-07,L1MB3,L1,LINE
chr1,149323848,149323869,MA1714.1,+,7.43e-07,L1MB3,L1,LINE
chr1,149709376,149709397,MA1714.1,+,7.43e-07,L1MB3,L1,LINE
chr6,159502954,159502975,MA1714.1,-,7.43e-07,L1PB1,L1,LINE
chr15,26551134,26551155,MA1714.1,+,7.49e-07,THE1C-int,ERVL-MaLR,LTR
chr7,30826956,30826977,MA1714.1,+,7.49e-07,L3,CR1,LINE
chr3,33795490,33795511,MA1714.1,-,7.49e-07,THE1B-int,ERVL-MaLR,LTR
chr22,40761840,40761861,MA1714.1,+,7.49e-07,AluJb,Alu,SINE
chr22,48151428,48151449,MA1714.1,+,7.49e-07,MLT1I,ERVL-MaLR,LTR
chr16,56305717,56305738,MA1714.1,-,7.49e-07,MIRc,MIR,SINE
chr5,63080935,63080956,MA1714.1,+,7.49e-07,THE1A-int,ERVL-MaLR,LTR
chr7,65249756,65249777,MA1714.1,-,7.49e-07,L1MC5,L1,LINE
chr13,87488998,87489019,MA1714.1,-,7.49e-07,THE1B-int,ERVL-MaLR,LTR
chr14,96673789,96673810,MA1714.1,+,7.49e-07,L1MC1,L1,LINE
chr3,107963716,107963737,MA1714.1,+,7.49e-07,THE1C-int,ERVL-MaLR,LTR
chr2,118640276,118640297,MA1714.1,+,7.49e-07,THE1C-int,ERVL-MaLR,LTR
chr9,119243313,119243334,MA1714.1,-,7.49e-07,MIR,MIR,SINE
chr2,121212697,121212718,MA1714.1,+,7.49e-07,L1MC4,L1,LINE
chr2,123267866,123267887,MA1714.1,-,7.49e-07,L1MEc,L1,LINE
chr10,125284782,125284803,MA1714.1,+,7.49e-07,MIR,MIR,SINE
chr1,192399698,192399719,MA1714.1,+,7.49e-07,THE1D-int,ERVL-MaLR,LTR
chr9,25425516,25425537,MA1714.1,+,7.55e-07,MSTA-int,ERVL-MaLR,LTR
chrX,27200931,27200952,MA1714.1,+,7.55e-07,L1M1,L1,LINE
chr17,32429519,32429540,MA1714.1,-,7.55e-07,L1ME2z,L1,LINE
chr10,32894943,32894964,MA1714.1,+,7.55e-07,MSTB-int,ERVL-MaLR,LTR
chr19,41459163,41459184,MA1714.1,-,7.55e-07,AluJr,Alu,SINE
chr4,41793322,41793343,MA1714.1,+,7.55e-07,L3,CR1,LINE
chr6,81911385,81911406,MA1714.1,+,7.55e-07,THE1B-int,ERVL-MaLR,LTR
chr9,87816517,87816538,MA1714.1,-,7.55e-07,MLT2B4,ERVL,LTR
chr14,92502731,92502752,MA1714.1,-,7.55e-07,MIRb,MIR,SINE
chr4,98236030,98236051,MA1714.1,-,7.55e-07,MER21A,ERVL,LTR
chr2,116952112,116952133,MA1714.1,-,7.55e-07,THE1D-int,ERVL-MaLR,LTR
chrX,138627741,138627762,MA1714.1,+,7.55e-07,L1ME3A,L1,LINE
chr3,152235626,152235647,MA1714.1,-,7.55e-07,LTR33,ERVL,LTR
chr7,542710,542731,MA1714.1,-,7.6e-07,MIR,MIR,SINE
chr5,10315035,10315056,MA1714.1,+,7.6e-07,MSTC,ERVL-MaLR,LTR
chrY,16763349,16763370,MA1714.1,-,7.6e-07,L1MEe,L1,LINE
chr11,19762955,19762976,MA1714.1,-,7.6e-07,L1MA9,L1,LINE
chr22,22257180,22257201,MA1714.1,-,7.6e-07,L1MD2,L1,LINE
chr17,25672791,25672812,MA1714.1,-,7.6e-07,LTR9,ERV1,LTR
chr8,26903257,26903278,MA1714.1,+,7.6e-07,MER63C,hAT-Blackjack,DNA
chr17,28583149,28583170,MA1714.1,-,7.6e-07,AluJo,Alu,SINE
chr1,39289792,39289813,MA1714.1,+,7.6e-07,AluSx3,Alu,SINE
chr13,44708855,44708876,MA1714.1,-,7.6e-07,MIR,MIR,SINE
chr13,46366808,46366829,MA1714.1,+,7.6e-07,MER115,hAT-Tip100,DNA
chr14,51543284,51543305,MA1714.1,-,7.6e-07,MIR,MIR,SINE
chr3,54164807,54164828,MA1714.1,+,7.6e-07,MIRc,MIR,SINE
chr10,54835184,54835205,MA1714.1,+,7.6e-07,LTR26,ERV1,LTR
chr9,81318853,81318874,MA1714.1,+,7.6e-07,THE1A-int,ERVL-MaLR,LTR
chr11,88375488,88375509,MA1714.1,-,7.6e-07,MSTA-int,ERVL-MaLR,LTR
chr3,93573455,93573476,MA1714.1,-,7.6e-07,MSTC-int,ERVL-MaLR,LTR
chrX,95054513,95054534,MA1714.1,-,7.6e-07,L1MC4,L1,LINE
chr10,105564151,105564172,MA1714.1,-,7.6e-07,AluY,Alu,SINE
chrX,105894220,105894241,MA1714.1,+,7.6e-07,L1MEe,L1,LINE
chr9,135015599,135015620,MA1714.1,-,7.6e-07,L1MB5,L1,LINE
chr3,194668879,194668900,MA1714.1,+,7.6e-07,MLT1B,ERVL-MaLR,LTR
chr2,225283303,225283324,MA1714.1,+,7.6e-07,AluSp,Alu,SINE
chrY,5130886,5130907,MA1714.1,+,7.66e-07,THE1B-int,ERVL-MaLR,LTR
chr12,16416577,16416598,MA1714.1,+,7.66e-07,THE1B-int,ERVL-MaLR,LTR
chr20,20567475,20567496,MA1714.1,+,7.66e-07,L1ME3F,L1,LINE
chr11,33496234,33496255,MA1714.1,+,7.66e-07,MIRb,MIR,SINE
chr5,35262314,35262335,MA1714.1,+,7.66e-07,MST-int,ERVL-MaLR,LTR
chr15,52299623,52299644,MA1714.1,-,7.66e-07,MER45B,hAT-Tip100,DNA
chr18,53992467,53992488,MA1714.1,+,7.66e-07,AluSx1,Alu,SINE
chr3,70600440,70600461,MA1714.1,-,7.66e-07,THE1B-int,ERVL-MaLR,LTR
chrX,80583068,80583089,MA1714.1,+,7.66e-07,MSTB2-int,ERVL-MaLR,LTR
chr12,85107478,85107499,MA1714.1,+,7.66e-07,L1MD2,L1,LINE
chr13,87452693,87452714,MA1714.1,+,7.66e-07,THE1B-int,ERVL-MaLR,LTR
chrX,91293279,91293300,MA1714.1,+,7.66e-07,THE1B-int,ERVL-MaLR,LTR
chr13,100998156,100998177,MA1714.1,+,7.66e-07,Tigger1,TcMar-Tigger,DNA
chr9,102988678,102988699,MA1714.1,-,7.66e-07,MIRb,MIR,SINE
chr2,103126563,103126584,MA1714.1,-,7.66e-07,MLT1D-int,ERVL-MaLR,LTR
chr3,119405891,119405912,MA1714.1,-,7.66e-07,THE1B-int,ERVL-MaLR,LTR
chr12,124022114,124022135,MA1714.1,+,7.66e-07,Charlie1b,hAT-Charlie,DNA
chr11,130323374,130323395,MA1714.1,-,7.66e-07,AluJr,Alu,SINE
chrX,135161424,135161445,MA1714.1,-,7.66e-07,L1MC5,L1,LINE
chr6,151483846,151483867,MA1714.1,-,7.66e-07,L1MC5,L1,LINE
chr3,158936047,158936068,MA1714.1,-,7.66e-07,MIR,MIR,SINE
chr1,175250597,175250618,MA1714.1,+,7.66e-07,L1MC3,L1,LINE
chr1,210923156,210923177,MA1714.1,-,7.66e-07,AluSx,Alu,SINE
chr20,1604412,1604433,MA1714.1,-,7.72e-07,MSTA-int,ERVL-MaLR,LTR
chr9,3984028,3984049,MA1714.1,+,7.72e-07,THE1B-int,ERVL-MaLR,LTR
chr8,5703846,5703867,MA1714.1,-,7.72e-07,THE1C-int,ERVL-MaLR,LTR
chr2,19047553,19047574,MA1714.1,+,7.72e-07,THE1B-int,ERVL-MaLR,LTR
chr5,21063416,21063437,MA1714.1,+,7.72e-07,THE1D-int,ERVL-MaLR,LTR
chr22,25223655,25223676,MA1714.1,-,7.72e-07,MIRb,MIR,SINE
chr3,29161185,29161206,MA1714.1,+,7.72e-07,THE1B-int,ERVL-MaLR,LTR
chr22,31025406,31025427,MA1714.1,+,7.72e-07,AluJr4,Alu,SINE
chr14,33465689,33465710,MA1714.1,+,7.72e-07,THE1B-int,ERVL-MaLR,LTR
chr12,34155636,34155657,MA1714.1,-,7.72e-07,THE1B-int,ERVL-MaLR,LTR
chr14,49735377,49735398,MA1714.1,+,7.72e-07,THE1C-int,ERVL-MaLR,LTR
chr1,57590687,57590708,MA1714.1,+,7.72e-07,MIRb,MIR,SINE
chr14,65553616,65553637,MA1714.1,+,7.72e-07,THE1B-int,ERVL-MaLR,LTR
chr18,66391461,66391482,MA1714.1,-,7.72e-07,THE1C-int,ERVL-MaLR,LTR
chr8,71643856,71643877,MA1714.1,-,7.72e-07,HUERS-P1-int,ERV1,LTR
chr13,80159044,80159065,MA1714.1,+,7.72e-07,L1MCb,L1,LINE
chr13,80186934,80186955,MA1714.1,-,7.72e-07,THE1B-int,ERVL-MaLR,LTR
chr17,80460387,80460408,MA1714.1,-,7.72e-07,AluJb,Alu,SINE
chrX,81334474,81334495,MA1714.1,-,7.72e-07,THE1B-int,ERVL-MaLR,LTR
chr2,83431644,83431665,MA1714.1,-,7.72e-07,THE1C-int,ERVL-MaLR,LTR
chr15,91796883,91796904,MA1714.1,-,7.72e-07,MLT1J1,ERVL-MaLR,LTR
chr13,96111900,96111921,MA1714.1,-,7.72e-07,THE1D-int,ERVL-MaLR,LTR
chr11,105221908,105221929,MA1714.1,-,7.72e-07,THE1B-int,ERVL-MaLR,LTR
chr3,113964322,113964343,MA1714.1,+,7.72e-07,MSTA-int,ERVL-MaLR,LTR
chr4,115045415,115045436,MA1714.1,-,7.72e-07,THE1B-int,ERVL-MaLR,LTR
chr4,155774095,155774116,MA1714.1,-,7.72e-07,THE1B-int,ERVL-MaLR,LTR
chr4,20597816,20597837,MA1714.1,+,7.78e-07,L1MA7,L1,LINE
chr20,24210424,24210445,MA1714.1,+,7.78e-07,L1MC1,L1,LINE
chr5,35053134,35053155,MA1714.1,+,7.78e-07,MER39B,ERV1,LTR
chr5,40424702,40424723,MA1714.1,-,7.78e-07,MIRb,MIR,SINE
chr8,42913292,42913313,MA1714.1,-,7.78e-07,MIR,MIR,SINE
chr11,49631887,49631908,MA1714.1,-,7.78e-07,L1MA1,L1,LINE
chr15,51604609,51604630,MA1714.1,-,7.78e-07,MIRc,MIR,SINE
chr10,58684876,58684897,MA1714.1,-,7.78e-07,L1MEc,L1,LINE
chr2,82353979,82354000,MA1714.1,-,7.78e-07,LTR1D,ERV1,LTR
chr14,99646959,99646980,MA1714.1,+,7.78e-07,MIRc,MIR,SINE
chr10,133752445,133752466,MA1714.1,-,7.78e-07,MER58A,hAT-Charlie,DNA
chr5,173192636,173192657,MA1714.1,+,7.78e-07,MIR,MIR,SINE
chr7,2930744,2930765,MA1714.1,-,7.84e-07,MLT1C,ERVL-MaLR,LTR
chr7,6990879,6990900,MA1714.1,-,7.84e-07,HERVE-int,ERV1,LTR
chr18,18890825,18890846,MA1714.1,-,7.84e-07,Charlie7a,hAT-Charlie,DNA
chr5,19455799,19455820,MA1714.1,+,7.84e-07,L1MC3,L1,LINE
chr1,21760341,21760362,MA1714.1,-,7.84e-07,FLAM_A,Alu,SINE
chr10,23851179,23851200,MA1714.1,-,7.84e-07,L1MD1,L1,LINE
chr22,40592900,40592921,MA1714.1,-,7.84e-07,MIRb,MIR,SINE
chr13,46402274,46402295,MA1714.1,+,7.84e-07,MIRb,MIR,SINE
chr19,51636130,51636151,MA1714.1,+,7.84e-07,L1ME2,L1,LINE
chr3,55336150,55336171,MA1714.1,+,7.84e-07,L1MA9,L1,LINE
chr14,63773309,63773330,MA1714.1,+,7.84e-07,L1PB1,L1,LINE
chr4,67996619,67996640,MA1714.1,-,7.84e-07,MIR,MIR,SINE
chr14,72961176,72961197,MA1714.1,+,7.84e-07,HAL1,L1,LINE
chr6,79279923,79279944,MA1714.1,-,7.84e-07,MSTA-int,ERVL-MaLR,LTR
chr3,96382929,96382950,MA1714.1,+,7.84e-07,L1MCb,L1,LINE
chr7,110191124,110191145,MA1714.1,-,7.84e-07,MSTB-int,ERVL-MaLR,LTR
chr7,114623963,114623984,MA1714.1,-,7.84e-07,MIR,MIR,SINE
chr12,117521309,117521330,MA1714.1,+,7.84e-07,L1MB7,L1,LINE
chr2,118610225,118610246,MA1714.1,-,7.84e-07,MIR,MIR,SINE
chr4,173461399,173461420,MA1714.1,-,7.84e-07,AluSc8,Alu,SINE
chr20,908032,908053,MA1714.1,-,7.9e-07,PRIMA41-int,ERV1,LTR
chr17,10482297,10482318,MA1714.1,-,7.9e-07,MLT1K,ERVL-MaLR,LTR
chr6,23675040,23675061,MA1714.1,-,7.9e-07,L1MC1,L1,LINE
chr18,32343040,32343061,MA1714.1,-,7.9e-07,LTR86A1,ERVL,LTR
chr16,48558062,48558083,MA1714.1,+,7.9e-07,MamGypLTR1b,Gypsy,LTR
chr19,49178379,49178400,MA1714.1,+,7.9e-07,MIR,MIR,SINE
chr10,54965168,54965189,MA1714.1,+,7.9e-07,MST-int,ERVL-MaLR,LTR
chr3,82063738,82063759,MA1714.1,+,7.9e-07,MSTB-int,ERVL-MaLR,LTR
chrX,82915021,82915042,MA1714.1,-,7.9e-07,L1PA16,L1,LINE
chr3,89680564,89680585,MA1714.1,+,7.9e-07,THE1A-int,ERVL-MaLR,LTR
chr1,93728684,93728705,MA1714.1,-,7.9e-07,THE1D-int,ERVL-MaLR,LTR
chr6,107228415,107228436,MA1714.1,+,7.9e-07,THE1B-int,ERVL-MaLR,LTR
chr3,108965593,108965614,MA1714.1,-,7.9e-07,THE1A-int,ERVL-MaLR,LTR
chr11,118608576,118608597,MA1714.1,+,7.9e-07,THE1C,ERVL-MaLR,LTR
chr7,126381962,126381983,MA1714.1,+,7.9e-07,MIRb,MIR,SINE
chr2,139073407,139073428,MA1714.1,-,7.9e-07,THE1A-int,ERVL-MaLR,LTR
chr2,165757575,165757596,MA1714.1,-,7.9e-07,L1MA9,L1,LINE
chr2,178734526,178734547,MA1714.1,-,7.9e-07,Kanga1,TcMar-Tc2,DNA
chr1,212603011,212603032,MA1714.1,+,7.9e-07,PRIMA41-int,ERV1,LTR
chr17,28781021,28781042,MA1714.1,-,7.96e-07,THE1A-int,ERVL-MaLR,LTR
chr15,38583997,38584018,MA1714.1,-,7.96e-07,THE1A-int,ERVL-MaLR,LTR
chr12,60229142,60229163,MA1714.1,-,7.96e-07,L1MC3,L1,LINE
chr3,73856608,73856629,MA1714.1,+,7.96e-07,THE1A-int,ERVL-MaLR,LTR
chr13,75363342,75363363,MA1714.1,-,7.96e-07,L1PB1,L1,LINE
chr14,81477065,81477086,MA1714.1,-,7.96e-07,L1ME3C,L1,LINE
chr9,90736897,90736918,MA1714.1,+,7.96e-07,MSTA-int,ERVL-MaLR,LTR
chr6,95629266,95629287,MA1714.1,-,7.96e-07,THE1C-int,ERVL-MaLR,LTR
chr9,99566580,99566601,MA1714.1,+,7.96e-07,L1MA9,L1,LINE
chr2,109225306,109225327,MA1714.1,+,7.96e-07,MIRc,MIR,SINE
chrX,110392976,110392997,MA1714.1,-,7.96e-07,THE1A-int,ERVL-MaLR,LTR
chr12,130067923,130067944,MA1714.1,+,7.96e-07,L1ME1,L1,LINE
chr5,171842581,171842602,MA1714.1,+,7.96e-07,MIRb,MIR,SINE
chr2,188617774,188617795,MA1714.1,-,7.96e-07,THE1A-int,ERVL-MaLR,LTR
chr2,208681144,208681165,MA1714.1,+,7.96e-07,L1MC5,L1,LINE
chr18,1927341,1927362,MA1714.1,+,8.02e-07,THE1A-int,ERVL-MaLR,LTR
chr19,11425496,11425517,MA1714.1,-,8.02e-07,LTR33A,ERVL,LTR
chr3,35468778,35468799,MA1714.1,+,8.02e-07,L1PB3,L1,LINE
chr1,44663216,44663237,MA1714.1,-,8.02e-07,L1MC4,L1,LINE
chr11,74538393,74538414,MA1714.1,-,8.02e-07,THE1D-int,ERVL-MaLR,LTR
chrX,88428861,88428882,MA1714.1,+,8.02e-07,LTR49-int,ERV1,LTR
chr10,97276886,97276907,MA1714.1,+,8.02e-07,MIRb,MIR,SINE
chr14,104931652,104931673,MA1714.1,-,8.02e-07,ERVL-B4-int,ERVL,LTR
chr10,108189209,108189230,MA1714.1,+,8.02e-07,L1M4c,L1,LINE
chr9,111664904,111664925,MA1714.1,-,8.02e-07,MIRb,MIR,SINE
chr7,143327652,143327673,MA1714.1,-,8.02e-07,L1MC5,L1,LINE
chr7,143406871,143406892,MA1714.1,-,8.02e-07,L1MC5,L1,LINE
chr7,143524155,143524176,MA1714.1,+,8.02e-07,L1MC5,L1,LINE
chr2,165097546,165097567,MA1714.1,-,8.02e-07,THE1B-int,ERVL-MaLR,LTR
chr2,217903620,217903641,MA1714.1,+,8.02e-07,MIRb,MIR,SINE
chr19,2903281,2903302,MA1714.1,-,8.08e-07,AluSz,Alu,SINE
chr21,14403778,14403799,MA1714.1,-,8.08e-07,L1MA9,L1,LINE
chr4,22457871,22457892,MA1714.1,+,8.08e-07,MLT2B3,ERVL,LTR
chr8,25745538,25745559,MA1714.1,-,8.08e-07,MER30B,hAT-Charlie,DNA
chr11,29794471,29794492,MA1714.1,-,8.08e-07,MLT1J,ERVL-MaLR,LTR
chr5,30877366,30877387,MA1714.1,-,8.08e-07,LTR16A2,ERVL,LTR
chr5,38749267,38749288,MA1714.1,-,8.08e-07,MIR,MIR,SINE
chr3,39808085,39808106,MA1714.1,-,8.08e-07,MSTA-int,ERVL-MaLR,LTR
chr1,58110805,58110826,MA1714.1,-,8.08e-07,MLT2F,ERVL,LTR
chr12,63010108,63010129,MA1714.1,+,8.08e-07,MLT1G,ERVL-MaLR,LTR
chr13,66473585,66473606,MA1714.1,-,8.08e-07,L1MA8,L1,LINE
chr1,68397269,68397290,MA1714.1,-,8.08e-07,L1M4b,L1,LINE
chr1,78007975,78007996,MA1714.1,+,8.08e-07,AluSz6,Alu,SINE
chr6,81003222,81003243,MA1714.1,-,8.08e-07,THE1B-int,ERVL-MaLR,LTR
chr16,84401334,84401355,MA1714.1,-,8.08e-07,MIR,MIR,SINE
chr9,93501597,93501618,MA1714.1,-,8.08e-07,THE1C-int,ERVL-MaLR,LTR
chr13,101221803,101221824,MA1714.1,-,8.08e-07,THE1C-int,ERVL-MaLR,LTR
chr10,104450847,104450868,MA1714.1,-,8.08e-07,MER58B,hAT-Charlie,DNA
chr4,107053383,107053404,MA1714.1,+,8.08e-07,THE1B-int,ERVL-MaLR,LTR
chr6,110446640,110446661,MA1714.1,-,8.08e-07,Tigger15a,TcMar-Tigger,DNA
chr7,113738503,113738524,MA1714.1,+,8.08e-07,L1M3,L1,LINE
chr4,144851146,144851167,MA1714.1,-,8.08e-07,MSTA-int,ERVL-MaLR,LTR
chrX,144868203,144868224,MA1714.1,+,8.08e-07,L1MA8,L1,LINE
chr2,147216647,147216668,MA1714.1,-,8.08e-07,THE1D-int,ERVL-MaLR,LTR
chr4,3698740,3698761,MA1714.1,-,8.14e-07,L1MC3,L1,LINE
chr2,9208675,9208696,MA1714.1,-,8.14e-07,L1MC3,L1,LINE
chr3,13852762,13852783,MA1714.1,-,8.14e-07,Charlie1b,hAT-Charlie,DNA
chr18,21619063,21619084,MA1714.1,-,8.14e-07,MIRb,MIR,SINE
chr17,30673108,30673129,MA1714.1,-,8.14e-07,L1MC3,L1,LINE
chrX,34946757,34946778,MA1714.1,-,8.14e-07,MSTA-int,ERVL-MaLR,LTR
chr5,46167038,46167059,MA1714.1,+,8.14e-07,ALR/Alpha,centr,Satellite
chr11,46858804,46858825,MA1714.1,+,8.14e-07,L1MC3,L1,LINE
chr11,50382760,50382781,MA1714.1,+,8.14e-07,ALR/Alpha,centr,Satellite
chr2,52532327,52532348,MA1714.1,+,8.14e-07,THE1C-int,ERVL-MaLR,LTR
chr11,54806507,54806528,MA1714.1,-,8.14e-07,ALR/Alpha,centr,Satellite
chr5,59901904,59901925,MA1714.1,-,8.14e-07,MER117,hAT-Charlie,DNA
chr14,66551806,66551827,MA1714.1,+,8.14e-07,L1PB1,L1,LINE
chr7,66676636,66676657,MA1714.1,-,8.14e-07,L1MC3,L1,LINE
chrX,71465894,71465915,MA1714.1,+,8.14e-07,L2b,L2,LINE
chr7,72067339,72067360,MA1714.1,+,8.14e-07,L1MC3,L1,LINE
chr1,75265111,75265132,MA1714.1,-,8.14e-07,MSTB-int,ERVL-MaLR,LTR
chr11,90275953,90275974,MA1714.1,+,8.14e-07,AluJr,Alu,SINE
chr1,91262227,91262248,MA1714.1,-,8.14e-07,L1ME4a,L1,LINE
chr13,93932974,93932995,MA1714.1,-,8.14e-07,MER1B,hAT-Charlie,DNA
chr15,100463489,100463510,MA1714.1,-,8.14e-07,L1MEg,L1,LINE
chr9,107301604,107301625,MA1714.1,+,8.14e-07,HAL1-3A_ME,L1,LINE
chr2,153446612,153446633,MA1714.1,-,8.14e-07,AluJb,Alu,SINE
chr3,163412196,163412217,MA1714.1,-,8.14e-07,L1MC3,L1,LINE
chr5,174856483,174856504,MA1714.1,+,8.14e-07,L1MC3,L1,LINE
chr1,194465020,194465041,MA1714.1,-,8.14e-07,MSTA-int,ERVL-MaLR,LTR
chr1,221761351,221761372,MA1714.1,+,8.14e-07,THE1B-int,ERVL-MaLR,LTR
chr6,7666272,7666293,MA1714.1,-,8.2e-07,AluSx1,Alu,SINE
chr3,19696614,19696635,MA1714.1,-,8.2e-07,THE1D-int,ERVL-MaLR,LTR
chr10,25169051,25169072,MA1714.1,+,8.2e-07,MIR,MIR,SINE
chr15,30599266,30599287,MA1714.1,-,8.2e-07,MSTA-int,ERVL-MaLR,LTR
chr15,32523800,32523821,MA1714.1,+,8.2e-07,MSTA-int,ERVL-MaLR,LTR
chr11,42873596,42873617,MA1714.1,+,8.2e-07,L1MEc,L1,LINE
chr22,48403252,48403273,MA1714.1,-,8.2e-07,L1MC3,L1,LINE
chr17,51744860,51744881,MA1714.1,+,8.2e-07,THE1C-int,ERVL-MaLR,LTR
chr14,52868876,52868897,MA1714.1,-,8.2e-07,MIR,MIR,SINE
chr3,60604526,60604547,MA1714.1,+,8.2e-07,MLT1D,ERVL-MaLR,LTR
chr18,60938122,60938143,MA1714.1,-,8.2e-07,AluSz6,Alu,SINE
chr15,62508747,62508768,MA1714.1,-,8.2e-07,HERVK14-int,ERVK,LTR
chr15,66252247,66252268,MA1714.1,-,8.2e-07,MIRb,MIR,SINE
chr6,66606430,66606451,MA1714.1,-,8.2e-07,THE1D-int,ERVL-MaLR,LTR
chr11,72782217,72782238,MA1714.1,-,8.2e-07,L3,CR1,LINE
chr14,74074148,74074169,MA1714.1,-,8.2e-07,THE1C-int,ERVL-MaLR,LTR
chr12,84249283,84249304,MA1714.1,+,8.2e-07,THE1B-int,ERVL-MaLR,LTR
chr8,92644932,92644953,MA1714.1,+,8.2e-07,MIRb,MIR,SINE
chr1,93553466,93553487,MA1714.1,+,8.2e-07,MIRc,MIR,SINE
chr3,103736425,103736446,MA1714.1,+,8.2e-07,LTR81A,Gypsy,LTR
chr5,104146052,104146073,MA1714.1,-,8.2e-07,THE1C-int,ERVL-MaLR,LTR
chr1,106084740,106084761,MA1714.1,-,8.2e-07,THE1C-int,ERVL-MaLR,LTR
chr10,109732883,109732904,MA1714.1,+,8.2e-07,THE1C-int,ERVL-MaLR,LTR
chr11,134588432,134588453,MA1714.1,-,8.2e-07,L1M3e,L1,LINE
chr1,150820856,150820877,MA1714.1,+,8.2e-07,AluSq,Alu,SINE
chr1,172532988,172533009,MA1714.1,+,8.2e-07,MSTA-int,ERVL-MaLR,LTR
chr1,182968031,182968052,MA1714.1,-,8.2e-07,ERVL-E-int,ERVL,LTR
chr4,2028011,2028032,MA1714.1,-,8.27e-07,THE1-int,ERVL-MaLR,LTR
chrX,6864639,6864660,MA1714.1,+,8.27e-07,L1ME4a,L1,LINE
chr19,10130606,10130627,MA1714.1,+,8.27e-07,AluSz,Alu,SINE
chr5,13071244,13071265,MA1714.1,-,8.27e-07,MSTA-int,ERVL-MaLR,LTR
chr5,15536046,15536067,MA1714.1,+,8.27e-07,THE1D-int,ERVL-MaLR,LTR
chr9,18534918,18534939,MA1714.1,-,8.27e-07,THE1C-int,ERVL-MaLR,LTR
chr4,19830060,19830081,MA1714.1,+,8.27e-07,THE1D-int,ERVL-MaLR,LTR
chr11,27840436,27840457,MA1714.1,+,8.27e-07,Tigger1,TcMar-Tigger,DNA
chr10,29590614,29590635,MA1714.1,-,8.27e-07,L1MEc,L1,LINE
chr15,30549626,30549647,MA1714.1,-,8.27e-07,L1MA9,L1,LINE
chr15,32573424,32573445,MA1714.1,+,8.27e-07,L1MA9,L1,LINE
chrX,32793807,32793828,MA1714.1,-,8.27e-07,THE1D-int,ERVL-MaLR,LTR
chr19,35812156,35812177,MA1714.1,+,8.27e-07,AluJr,Alu,SINE
chr4,37148020,37148041,MA1714.1,+,8.27e-07,THE1C-int,ERVL-MaLR,LTR
chr7,38138547,38138568,MA1714.1,+,8.27e-07,THE1D-int,ERVL-MaLR,LTR
chr22,39183815,39183836,MA1714.1,-,8.27e-07,MIRb,MIR,SINE
chr14,46476148,46476169,MA1714.1,+,8.27e-07,THE1C-int,ERVL-MaLR,LTR
chr1,50691110,50691131,MA1714.1,+,8.27e-07,MSTA-int,ERVL-MaLR,LTR
chr17,53750072,53750093,MA1714.1,-,8.27e-07,THE1C-int,ERVL-MaLR,LTR
chr7,64012637,64012658,MA1714.1,-,8.27e-07,AluSx1,Alu,SINE
chr8,64294240,64294261,MA1714.1,+,8.27e-07,MSTA-int,ERVL-MaLR,LTR
chr16,64600321,64600342,MA1714.1,+,8.27e-07,THE1C-int,ERVL-MaLR,LTR
chr17,72141352,72141373,MA1714.1,+,8.27e-07,AluJb,Alu,SINE
chr3,72733188,72733209,MA1714.1,-,8.27e-07,MLT1L,ERVL-MaLR,LTR
chr1,73153487,73153508,MA1714.1,-,8.27e-07,THE1B-int,ERVL-MaLR,LTR
chrX,74085473,74085494,MA1714.1,+,8.27e-07,THE1B-int,ERVL-MaLR,LTR
chr12,74215339,74215360,MA1714.1,-,8.27e-07,THE1D-int,ERVL-MaLR,LTR
chr11,74730392,74730413,MA1714.1,+,8.27e-07,THE1B-int,ERVL-MaLR,LTR
chr2,74868542,74868563,MA1714.1,+,8.27e-07,L1ME3B,L1,LINE
chr4,77281130,77281151,MA1714.1,+,8.27e-07,MSTA-int,ERVL-MaLR,LTR
chr8,79595809,79595830,MA1714.1,-,8.27e-07,THE1B-int,ERVL-MaLR,LTR
chr6,81751570,81751591,MA1714.1,+,8.27e-07,L1MA6,L1,LINE
chr15,82211059,82211080,MA1714.1,+,8.27e-07,THE1C-int,ERVL-MaLR,LTR
chr14,84196454,84196475,MA1714.1,-,8.27e-07,MSTA-int,ERVL-MaLR,LTR
chrX,85558099,85558120,MA1714.1,-,8.27e-07,MIR,MIR,SINE
chr10,87697053,87697074,MA1714.1,+,8.27e-07,Tigger15a,TcMar-Tigger,DNA
chrX,87854379,87854400,MA1714.1,-,8.27e-07,MSTA-int,ERVL-MaLR,LTR
chr4,88947874,88947895,MA1714.1,+,8.27e-07,THE1D-int,ERVL-MaLR,LTR
chr3,96646122,96646143,MA1714.1,-,8.27e-07,THE1D-int,ERVL-MaLR,LTR
chr11,96722680,96722701,MA1714.1,+,8.27e-07,THE1D-int,ERVL-MaLR,LTR
chr8,99332439,99332460,MA1714.1,-,8.27e-07,THE1B-int,ERVL-MaLR,LTR
chr12,101079575,101079596,MA1714.1,-,8.27e-07,THE1C-int,ERVL-MaLR,LTR
chr4,105027801,105027822,MA1714.1,+,8.27e-07,MSTA-int,ERVL-MaLR,LTR
chr13,107712657,107712678,MA1714.1,-,8.27e-07,THE1C-int,ERVL-MaLR,LTR
chr7,112930262,112930283,MA1714.1,+,8.27e-07,AluSx,Alu,SINE
chrX,113114695,113114716,MA1714.1,+,8.27e-07,THE1D-int,ERVL-MaLR,LTR
chr11,116504678,116504699,MA1714.1,+,8.27e-07,MER96,hAT,DNA
chr5,123510429,123510450,MA1714.1,-,8.27e-07,THE1D-int,ERVL-MaLR,LTR
chr4,135381313,135381334,MA1714.1,+,8.27e-07,THE1C-int,ERVL-MaLR,LTR
chrX,144063186,144063207,MA1714.1,+,8.27e-07,THE1B-int,ERVL-MaLR,LTR
chr2,163721840,163721861,MA1714.1,-,8.27e-07,THE1C-int,ERVL-MaLR,LTR
chr3,167027493,167027514,MA1714.1,-,8.27e-07,THE1D-int,ERVL-MaLR,LTR
chr4,177876849,177876870,MA1714.1,-,8.27e-07,THE1D-int,ERVL-MaLR,LTR
chr2,200910796,200910817,MA1714.1,-,8.27e-07,MSTA-int,ERVL-MaLR,LTR
chr2,207320108,207320129,MA1714.1,-,8.27e-07,MSTA-int,ERVL-MaLR,LTR
chr2,222679932,222679953,MA1714.1,+,8.27e-07,MSTA-int,ERVL-MaLR,LTR
chr11,13559511,13559532,MA1714.1,+,8.33e-07,THE1C-int,ERVL-MaLR,LTR
chr4,22076758,22076779,MA1714.1,+,8.33e-07,THE1A-int,ERVL-MaLR,LTR
chr11,23418168,23418189,MA1714.1,-,8.33e-07,L1MB1,L1,LINE
chr19,33346962,33346983,MA1714.1,+,8.33e-07,L1MA7,L1,LINE
chr14,34337079,34337100,MA1714.1,-,8.33e-07,THE1B-int,ERVL-MaLR,LTR
chr2,37442977,37442998,MA1714.1,+,8.33e-07,L1MC5,L1,LINE
chr3,38772352,38772373,MA1714.1,+,8.33e-07,L1MEg,L1,LINE
chr5,55869299,55869320,MA1714.1,-,8.33e-07,MSTA-int,ERVL-MaLR,LTR
chr6,56136486,56136507,MA1714.1,+,8.33e-07,THE1D-int,ERVL-MaLR,LTR
chr15,77302013,77302034,MA1714.1,-,8.33e-07,MIRb,MIR,SINE
chr15,78281796,78281817,MA1714.1,+,8.33e-07,MIRb,MIR,SINE
chr16,87509916,87509937,MA1714.1,+,8.33e-07,L1ME2z,L1,LINE
chr6,89178411,89178432,MA1714.1,+,8.33e-07,MSTA-int,ERVL-MaLR,LTR
chr1,93886725,93886746,MA1714.1,+,8.33e-07,L1ME1,L1,LINE
chr10,101242644,101242665,MA1714.1,+,8.33e-07,L1MEc,L1,LINE
chr2,113689606,113689627,MA1714.1,+,8.33e-07,MLT1G1-int,ERVL-MaLR,LTR
chr3,115610919,115610940,MA1714.1,+,8.33e-07,Arthur1,hAT-Tip100,DNA
chr6,115785288,115785309,MA1714.1,+,8.33e-07,THE1C-int,ERVL-MaLR,LTR
chr2,124959007,124959028,MA1714.1,-,8.33e-07,MIRb,MIR,SINE
chr10,127200553,127200574,MA1714.1,-,8.33e-07,L3,CR1,LINE
chr10,127200553,127200574,MA1714.1,-,8.33e-07,L3,CR1,LINE
chr7,141207670,141207691,MA1714.1,-,8.33e-07,THE1A-int,ERVL-MaLR,LTR
chr3,153866957,153866978,MA1714.1,+,8.33e-07,MIR,MIR,SINE
chr5,162061399,162061420,MA1714.1,-,8.33e-07,MSTA-int,ERVL-MaLR,LTR
chr6,170333049,170333070,MA1714.1,+,8.33e-07,MIR,MIR,SINE
chr3,173761970,173761991,MA1714.1,-,8.33e-07,THE1D-int,ERVL-MaLR,LTR
chr1,193411113,193411134,MA1714.1,+,8.33e-07,MSTD-int,ERVL-MaLR,LTR
chr18,4052537,4052558,MA1714.1,-,8.39e-07,THE1C-int,ERVL-MaLR,LTR
chr21,17187299,17187320,MA1714.1,+,8.39e-07,THE1A-int,ERVL-MaLR,LTR
chr21,24708254,24708275,MA1714.1,+,8.39e-07,MSTA-int,ERVL-MaLR,LTR
chr5,32901106,32901127,MA1714.1,-,8.39e-07,THE1D-int,ERVL-MaLR,LTR
chr3,36615506,36615527,MA1714.1,-,8.39e-07,MLT1A0-int,ERVL-MaLR,LTR
chr20,40760958,40760979,MA1714.1,+,8.39e-07,MIRb,MIR,SINE
chr14,61922859,61922880,MA1714.1,-,8.39e-07,MIR,MIR,SINE
chrX,63040440,63040461,MA1714.1,-,8.39e-07,L1PB1,L1,LINE
chr13,64573848,64573869,MA1714.1,+,8.39e-07,L1MB8,L1,LINE
chr7,77718277,77718298,MA1714.1,+,8.39e-07,MLT1D,ERVL-MaLR,LTR
chr5,84217070,84217091,MA1714.1,+,8.39e-07,THE1B-int,ERVL-MaLR,LTR
chr3,87199525,87199546,MA1714.1,-,8.39e-07,THE1D-int,ERVL-MaLR,LTR
chr4,90853921,90853942,MA1714.1,-,8.39e-07,THE1B-int,ERVL-MaLR,LTR
chr15,100258279,100258300,MA1714.1,-,8.39e-07,L1MC4,L1,LINE
chrX,115860999,115861020,MA1714.1,+,8.39e-07,THE1D-int,ERVL-MaLR,LTR
chr4,142160244,142160265,MA1714.1,+,8.39e-07,ERV3-16A3_I-int,ERVL,LTR
chr7,150734312,150734333,MA1714.1,-,8.39e-07,L1MB3,L1,LINE
chr2,159768477,159768498,MA1714.1,-,8.39e-07,HAL1,L1,LINE
chr5,161356688,161356709,MA1714.1,+,8.39e-07,L1MA9,L1,LINE
chr2,168272706,168272727,MA1714.1,+,8.39e-07,MSTC-int,ERVL-MaLR,LTR
chr1,194919255,194919276,MA1714.1,+,8.39e-07,L1PA17,L1,LINE
chr17,6329464,6329485,MA1714.1,+,8.46e-07,MIR,MIR,SINE
chr19,13434602,13434623,MA1714.1,-,8.46e-07,L1M2,L1,LINE
chrY,20815639,20815660,MA1714.1,+,8.46e-07,AluSg4,Alu,SINE
chr18,23167736,23167757,MA1714.1,-,8.46e-07,L1ME1,L1,LINE
chr10,24190635,24190656,MA1714.1,+,8.46e-07,AluSz,Alu,SINE
chr21,26917076,26917097,MA1714.1,-,8.46e-07,MSTB-int,ERVL-MaLR,LTR
chr15,30024370,30024391,MA1714.1,+,8.46e-07,MIRb,MIR,SINE
chrX,36482922,36482943,MA1714.1,+,8.46e-07,L1MC3,L1,LINE
chr19,36614948,36614969,MA1714.1,-,8.46e-07,L1MB7,L1,LINE
chr21,43743217,43743238,MA1714.1,-,8.46e-07,LTR78,ERV1,LTR
chrX,62172904,62172925,MA1714.1,+,8.46e-07,MER4-int,ERV1,LTR
chr10,68692791,68692812,MA1714.1,+,8.46e-07,MIRc,MIR,SINE
chr18,76327233,76327254,MA1714.1,+,8.46e-07,L1MDa,L1,LINE
chr6,79266275,79266296,MA1714.1,-,8.46e-07,MSTA-int,ERVL-MaLR,LTR
chr16,86031274,86031295,MA1714.1,-,8.46e-07,MIRb,MIR,SINE
chr6,87080947,87080968,MA1714.1,-,8.46e-07,THE1B-int,ERVL-MaLR,LTR
chr11,102173635,102173656,MA1714.1,-,8.46e-07,MSTB-int,ERVL-MaLR,LTR
chr2,107234435,107234456,MA1714.1,+,8.46e-07,L1MA7,L1,LINE
chr3,1785965,1785986,MA1714.1,-,8.52e-07,MSTA-int,ERVL-MaLR,LTR
chr5,19276757,19276778,MA1714.1,+,8.52e-07,MSTA-int,ERVL-MaLR,LTR
chr22,23734438,23734459,MA1714.1,+,8.52e-07,AluJr,Alu,SINE
chr14,24949350,24949371,MA1714.1,-,8.52e-07,THE1C-int,ERVL-MaLR,LTR
chr1,47707761,47707782,MA1714.1,+,8.52e-07,MIRb,MIR,SINE
chr20,49698551,49698572,MA1714.1,+,8.52e-07,ORSL,hAT-Tip100,DNA
chr11,50390834,50390855,MA1714.1,+,8.52e-07,ALR/Alpha,centr,Satellite
chr14,54221590,54221611,MA1714.1,+,8.52e-07,THE1B-int,ERVL-MaLR,LTR
chr13,54730680,54730701,MA1714.1,+,8.52e-07,MLT2B3,ERVL,LTR
chr16,70003392,70003413,MA1714.1,-,8.52e-07,ERVL-E-int,ERVL,LTR
chr16,70226307,70226328,MA1714.1,-,8.52e-07,ERVL-E-int,ERVL,LTR
chr1,72945971,72945992,MA1714.1,-,8.52e-07,THE1B-int,ERVL-MaLR,LTR
chr16,74437013,74437034,MA1714.1,+,8.52e-07,ERVL-E-int,ERVL,LTR
chr8,88968268,88968289,MA1714.1,-,8.52e-07,THE1B-int,ERVL-MaLR,LTR
chr7,89012803,89012824,MA1714.1,+,8.52e-07,THE1B-int,ERVL-MaLR,LTR
chr5,97118801,97118822,MA1714.1,-,8.52e-07,THE1B-int,ERVL-MaLR,LTR
chr2,99431334,99431355,MA1714.1,-,8.52e-07,L1ME1,L1,LINE
chr8,110024704,110024725,MA1714.1,+,8.52e-07,THE1B-int,ERVL-MaLR,LTR
chr4,110244734,110244755,MA1714.1,-,8.52e-07,THE1D-int,ERVL-MaLR,LTR
chrX,116255225,116255246,MA1714.1,-,8.52e-07,THE1A-int,ERVL-MaLR,LTR
chr11,120235248,120235269,MA1714.1,+,8.52e-07,L1ME4a,L1,LINE
chr4,125947858,125947879,MA1714.1,+,8.52e-07,HERVL74-int,ERVL,LTR
chr6,127213751,127213772,MA1714.1,+,8.52e-07,THE1C-int,ERVL-MaLR,LTR
chr6,129522208,129522229,MA1714.1,+,8.52e-07,L1MEc,L1,LINE
chr3,147598302,147598323,MA1714.1,-,8.52e-07,MER52-int,ERV1,LTR
chr6,151934661,151934682,MA1714.1,-,8.52e-07,L1MB7,L1,LINE
chr2,161112897,161112918,MA1714.1,-,8.52e-07,L1M5,L1,LINE
chr2,172273995,172274016,MA1714.1,-,8.52e-07,MIR,MIR,SINE
chr4,185847817,185847838,MA1714.1,-,8.52e-07,L1MEf,L1,LINE
chr19,12717078,12717099,MA1714.1,-,8.58e-07,AluJb,Alu,SINE
chr15,45640137,45640158,MA1714.1,+,8.58e-07,AluSx3,Alu,SINE
chr7,47217842,47217863,MA1714.1,-,8.58e-07,MLT2B1,ERVL,LTR
chr17,52634955,52634976,MA1714.1,+,8.58e-07,L1MB4,L1,LINE
chr18,64577312,64577333,MA1714.1,-,8.58e-07,MLT1B,ERVL-MaLR,LTR
chr1,69302017,69302038,MA1714.1,+,8.58e-07,MamRep38,hAT,DNA
chr5,75172702,75172723,MA1714.1,+,8.58e-07,L1M4b,L1,LINE
chrX,92613863,92613884,MA1714.1,+,8.58e-07,L1PA16,L1,LINE
chr15,92744144,92744165,MA1714.1,+,8.58e-07,MSTB-int,ERVL-MaLR,LTR
chr15,93109097,93109118,MA1714.1,-,8.58e-07,MSTB-int,ERVL-MaLR,LTR
chr9,101645715,101645736,MA1714.1,-,8.58e-07,L1MB3,L1,LINE
chr1,102512973,102512994,MA1714.1,+,8.58e-07,MER50C,ERV1,LTR
chr9,139646236,139646257,MA1714.1,-,8.58e-07,L1MEf,L1,LINE
chr4_gl000193_random,18854,18875,MA1714.1,-,8.65e-07,HERVL32-int,ERVL,LTR
chrX,22882676,22882697,MA1714.1,+,8.65e-07,L1ME1,L1,LINE
chr4,28583608,28583629,MA1714.1,+,8.65e-07,THE1A-int,ERVL-MaLR,LTR
chr12,40080349,40080370,MA1714.1,-,8.65e-07,MSTA-int,ERVL-MaLR,LTR
chr12,43968021,43968042,MA1714.1,+,8.65e-07,LTR78B,ERV1,LTR
chr3,44603847,44603868,MA1714.1,-,8.65e-07,MSTA-int,ERVL-MaLR,LTR
chr3,56638738,56638759,MA1714.1,-,8.65e-07,L1PA7,L1,LINE
chr11,59119428,59119449,MA1714.1,-,8.65e-07,L1PA13,L1,LINE
chr14,61021925,61021946,MA1714.1,+,8.65e-07,L1MA2,L1,LINE
chr2,61943367,61943388,MA1714.1,+,8.65e-07,MIR,MIR,SINE
chr12,74046824,74046845,MA1714.1,+,8.65e-07,MSTA-int,ERVL-MaLR,LTR
chr5,76430431,76430452,MA1714.1,+,8.65e-07,ERV3-16A3_I-int,ERVL,LTR
chr4,94769511,94769532,MA1714.1,+,8.65e-07,L1MEf,L1,LINE
chr14,98316124,98316145,MA1714.1,+,8.65e-07,L1MC4,L1,LINE
chr11,101028747,101028768,MA1714.1,+,8.65e-07,THE1C-int,ERVL-MaLR,LTR
chr14,105385262,105385283,MA1714.1,-,8.65e-07,L1MA4A,L1,LINE
chr5,119351825,119351846,MA1714.1,+,8.65e-07,MER34D,ERV1,LTR
chr7,134196746,134196767,MA1714.1,-,8.65e-07,L1M2c,L1,LINE
chr7,138580266,138580287,MA1714.1,+,8.65e-07,L1MB4,L1,LINE
chr4,143567686,143567707,MA1714.1,+,8.65e-07,HAL1,L1,LINE
chr2,145727341,145727362,MA1714.1,-,8.65e-07,THE1B-int,ERVL-MaLR,LTR
chr9,5716367,5716388,MA1714.1,+,8.71e-07,AluSg,Alu,SINE
chr1,6666655,6666676,MA1714.1,+,8.71e-07,AluSx,Alu,SINE
chr21,20971246,20971267,MA1714.1,+,8.71e-07,AluSq2,Alu,SINE
chr7,23847242,23847263,MA1714.1,-,8.71e-07,L1MDa,L1,LINE
chr11,25053550,25053571,MA1714.1,+,8.71e-07,MLT1D,ERVL-MaLR,LTR
chr17,26701916,26701937,MA1714.1,+,8.71e-07,AluJr,Alu,SINE
chr13,32517878,32517899,MA1714.1,+,8.71e-07,MIRb,MIR,SINE
chr6,33518106,33518127,MA1714.1,-,8.71e-07,AluSx,Alu,SINE
chr8,34818570,34818591,MA1714.1,+,8.71e-07,MIRc,MIR,SINE
chr8,49127843,49127864,MA1714.1,+,8.71e-07,AluSz,Alu,SINE
chr3,65686047,65686068,MA1714.1,+,8.71e-07,AluSg,Alu,SINE
chr12,73099108,73099129,MA1714.1,+,8.71e-07,HERVH-int,ERV1,LTR
chr6,76077276,76077297,MA1714.1,+,8.71e-07,AluSx,Alu,SINE
chr17,77701514,77701535,MA1714.1,+,8.71e-07,MIR,MIR,SINE
chr8,111423492,111423513,MA1714.1,+,8.71e-07,L1MA10,L1,LINE
chr8,121749446,121749467,MA1714.1,-,8.71e-07,MIRb,MIR,SINE
chr4,148775477,148775498,MA1714.1,+,8.71e-07,MER102c,hAT-Charlie,DNA
chr2,200459776,200459797,MA1714.1,+,8.71e-07,MER115,hAT-Tip100,DNA
chr10,4318443,4318464,MA1714.1,-,8.78e-07,MIR,MIR,SINE
chr12,9784290,9784311,MA1714.1,-,8.78e-07,L1PA5,L1,LINE
chr5,9992551,9992572,MA1714.1,+,8.78e-07,L1PA5,L1,LINE
chr3,10488130,10488151,MA1714.1,-,8.78e-07,MIR,MIR,SINE
chr7,10849960,10849981,MA1714.1,-,8.78e-07,L1PA4,L1,LINE
chr21,14598832,14598853,MA1714.1,+,8.78e-07,THE1A-int,ERVL-MaLR,LTR
chr8,19007625,19007646,MA1714.1,+,8.78e-07,HERV16-int,ERVL,LTR
chr2,20660084,20660105,MA1714.1,+,8.78e-07,L1PA7,L1,LINE
chr14,20749905,20749926,MA1714.1,+,8.78e-07,L1PA4,L1,LINE
chr19,22138059,22138080,MA1714.1,-,8.78e-07,L1P2,L1,LINE
chrY,23104108,23104129,MA1714.1,-,8.78e-07,L1PA4,L1,LINE
chr8,24491107,24491128,MA1714.1,-,8.78e-07,MIRb,MIR,SINE
chr11,25301302,25301323,MA1714.1,-,8.78e-07,L1PA3,L1,LINE
chr8,25471295,25471316,MA1714.1,-,8.78e-07,L1PA5,L1,LINE
chr3,26443943,26443964,MA1714.1,-,8.78e-07,L1HS,L1,LINE
chr1,30910054,30910075,MA1714.1,+,8.78e-07,THE1A-int,ERVL-MaLR,LTR
chr14,31166422,31166443,MA1714.1,+,8.78e-07,L1MC4,L1,LINE
chr16,31294469,31294490,MA1714.1,-,8.78e-07,L1PA5,L1,LINE
chr8,32067668,32067689,MA1714.1,-,8.78e-07,Charlie1a,hAT-Charlie,DNA
chr8,34074150,34074171,MA1714.1,+,8.78e-07,L1PA3,L1,LINE
chr5,35397893,35397914,MA1714.1,+,8.78e-07,L1PA3,L1,LINE
chr3,39412532,39412553,MA1714.1,-,8.78e-07,L1PA4,L1,LINE
chr11,39764900,39764921,MA1714.1,+,8.78e-07,THE1D-int,ERVL-MaLR,LTR
chrX,42367980,42368001,MA1714.1,+,8.78e-07,L1PA7,L1,LINE
chr12,43118046,43118067,MA1714.1,-,8.78e-07,L1PA4,L1,LINE
chr21,45488553,45488574,MA1714.1,-,8.78e-07,AluSz,Alu,SINE
chr8,48333601,48333622,MA1714.1,-,8.78e-07,L1PA4,L1,LINE
chr8,48399124,48399145,MA1714.1,+,8.78e-07,L1PA5,L1,LINE
chr14,48839887,48839908,MA1714.1,-,8.78e-07,L1PA4,L1,LINE
chr14,48951252,48951273,MA1714.1,+,8.78e-07,L1PA4,L1,LINE
chr16,49064307,49064328,MA1714.1,+,8.78e-07,L1PA5,L1,LINE
chr11,50157367,50157388,MA1714.1,-,8.78e-07,L1PA4,L1,LINE
chr8,51065394,51065415,MA1714.1,-,8.78e-07,L1PA5,L1,LINE
chrX,51855918,51855939,MA1714.1,+,8.78e-07,L1PA7,L1,LINE
chr15,53286155,53286176,MA1714.1,-,8.78e-07,L1PA13,L1,LINE
chrX,56454917,56454938,MA1714.1,-,8.78e-07,L1PA6,L1,LINE
chr11,58234863,58234884,MA1714.1,+,8.78e-07,MLT1J-int,ERVL-MaLR,LTR
chr11,58585132,58585153,MA1714.1,+,8.78e-07,L1PA5,L1,LINE
chr4,59266362,59266383,MA1714.1,-,8.78e-07,L1PA4,L1,LINE
chr18,61903984,61904005,MA1714.1,-,8.78e-07,ERVL-E-int,ERVL,LTR
chr8,62136166,62136187,MA1714.1,-,8.78e-07,L1PA8A,L1,LINE
chr14,66497600,66497621,MA1714.1,-,8.78e-07,L1PA4,L1,LINE
chr14,67645207,67645228,MA1714.1,-,8.78e-07,L1PA6,L1,LINE
chr9,69838285,69838306,MA1714.1,-,8.78e-07,L1MB2,L1,LINE
chr15,70661777,70661798,MA1714.1,+,8.78e-07,L1PA6,L1,LINE
chr9,72818401,72818422,MA1714.1,-,8.78e-07,L1PA2,L1,LINE
chrX,74174789,74174810,MA1714.1,+,8.78e-07,L1PA3,L1,LINE
chr18,75248532,75248553,MA1714.1,-,8.78e-07,L1PA5,L1,LINE
chr1,75504053,75504074,MA1714.1,+,8.78e-07,L1PA10,L1,LINE
chr6,81559034,81559055,MA1714.1,+,8.78e-07,L1PA3,L1,LINE
chr10,82579290,82579311,MA1714.1,+,8.78e-07,L1PA8,L1,LINE
chr3,84863351,84863372,MA1714.1,-,8.78e-07,L1PA5,L1,LINE
chr12,87813357,87813378,MA1714.1,-,8.78e-07,L1PA7,L1,LINE
chr6,88554298,88554319,MA1714.1,+,8.78e-07,AluY,Alu,SINE
chr3,88607019,88607040,MA1714.1,+,8.78e-07,L1PA4,L1,LINE
chr7,89170995,89171016,MA1714.1,+,8.78e-07,L1PA7,L1,LINE
chr4,91187586,91187607,MA1714.1,+,8.78e-07,L1MA3,L1,LINE
chr1,91259707,91259728,MA1714.1,+,8.78e-07,MIR,MIR,SINE
chr3,96702326,96702347,MA1714.1,-,8.78e-07,L1PA5,L1,LINE
chr4,98720763,98720784,MA1714.1,-,8.78e-07,L1PA5,L1,LINE
chr6,109258999,109259020,MA1714.1,-,8.78e-07,AluY,Alu,SINE
chrX,109790841,109790862,MA1714.1,+,8.78e-07,L1PA4,L1,LINE
chr1,115930370,115930391,MA1714.1,-,8.78e-07,L1PA6,L1,LINE
chr5,117410286,117410307,MA1714.1,+,8.78e-07,ERVL-E-int,ERVL,LTR
chr5,129137844,129137865,MA1714.1,-,8.78e-07,L1PA7,L1,LINE
chr4,130641068,130641089,MA1714.1,-,8.78e-07,L1PA5,L1,LINE
chr2,130757771,130757792,MA1714.1,+,8.78e-07,L1P1,L1,LINE
chrX,131294591,131294612,MA1714.1,-,8.78e-07,L1PA2,L1,LINE
chr11,132255007,132255028,MA1714.1,+,8.78e-07,L1PA4,L1,LINE
chr11,132350475,132350496,MA1714.1,+,8.78e-07,L1PA3,L1,LINE
chr5,132920534,132920555,MA1714.1,+,8.78e-07,L1HS,L1,LINE
chr3,134837310,134837331,MA1714.1,+,8.78e-07,L4,RTE,LINE
chr3,134837310,134837331,MA1714.1,+,8.78e-07,L4,RTE,LINE
chr7,135798011,135798032,MA1714.1,-,8.78e-07,L1PA7,L1,LINE
chr8,143153703,143153724,MA1714.1,+,8.78e-07,AluSx,Alu,SINE
chr6,144122261,144122282,MA1714.1,-,8.78e-07,L1PA7,L1,LINE
chr5,144207338,144207359,MA1714.1,-,8.78e-07,L1PA4,L1,LINE
chr4,145314409,145314430,MA1714.1,+,8.78e-07,L1PA3,L1,LINE
chr2,153050205,153050226,MA1714.1,+,8.78e-07,L1PA7,L1,LINE
chr3,154338861,154338882,MA1714.1,+,8.78e-07,L1PA5,L1,LINE
chr4,164132518,164132539,MA1714.1,-,8.78e-07,L1PA3,L1,LINE
chr2,184283059,184283080,MA1714.1,+,8.78e-07,L1PA8,L1,LINE
chr1,185168805,185168826,MA1714.1,-,8.78e-07,L1PA7,L1,LINE
chr1,215436048,215436069,MA1714.1,-,8.78e-07,ERVL-E-int,ERVL,LTR
chr2,77625,77646,MA1714.1,-,8.85e-07,THE1B-int,ERVL-MaLR,LTR
chr17,3009459,3009480,MA1714.1,-,8.85e-07,L1MA4,L1,LINE
chr7,9510022,9510043,MA1714.1,+,8.85e-07,MSTA-int,ERVL-MaLR,LTR
chr15,26103061,26103082,MA1714.1,+,8.85e-07,MIRb,MIR,SINE
chr9,27788997,27789018,MA1714.1,+,8.85e-07,MSTA-int,ERVL-MaLR,LTR
chr11,31173818,31173839,MA1714.1,-,8.85e-07,MLT1J1,ERVL-MaLR,LTR
chr10,31249337,31249358,MA1714.1,-,8.85e-07,L1ME1,L1,LINE
chr14,32221259,32221280,MA1714.1,-,8.85e-07,THE1D-int,ERVL-MaLR,LTR
chr18,32486245,32486266,MA1714.1,-,8.85e-07,THE1C-int,ERVL-MaLR,LTR
chr4,33316779,33316800,MA1714.1,+,8.85e-07,THE1B-int,ERVL-MaLR,LTR
chrX,35416852,35416873,MA1714.1,-,8.85e-07,THE1C-int,ERVL-MaLR,LTR
chr7,39882538,39882559,MA1714.1,+,8.85e-07,THE1D-int,ERVL-MaLR,LTR
chr18,39917105,39917126,MA1714.1,-,8.85e-07,THE1D-int,ERVL-MaLR,LTR
chr2,41353820,41353841,MA1714.1,-,8.85e-07,THE1D-int,ERVL-MaLR,LTR
chr1,44369424,44369445,MA1714.1,+,8.85e-07,MIRb,MIR,SINE
chr5,44597684,44597705,MA1714.1,-,8.85e-07,THE1C-int,ERVL-MaLR,LTR
chrY,59183643,59183664,MA1714.1,+,8.85e-07,L1ME1,L1,LINE
chr13,61545031,61545052,MA1714.1,+,8.85e-07,THE1C-int,ERVL-MaLR,LTR
chr18,63219733,63219754,MA1714.1,+,8.85e-07,L1MD1,L1,LINE
chr5,65566145,65566166,MA1714.1,-,8.85e-07,L1M1,L1,LINE
chr13,66227398,66227419,MA1714.1,-,8.85e-07,L1M3,L1,LINE
chr4,69136157,69136178,MA1714.1,-,8.85e-07,THE1D-int,ERVL-MaLR,LTR
chr6,69577053,69577074,MA1714.1,+,8.85e-07,THE1D-int,ERVL-MaLR,LTR
chr11,72738770,72738791,MA1714.1,+,8.85e-07,THE1D-int,ERVL-MaLR,LTR
chr11,77163198,77163219,MA1714.1,-,8.85e-07,MIRb,MIR,SINE
chr4,77219855,77219876,MA1714.1,+,8.85e-07,L1MA4A,L1,LINE
chr6,77604287,77604308,MA1714.1,-,8.85e-07,THE1C-int,ERVL-MaLR,LTR
chr4,84210597,84210618,MA1714.1,+,8.85e-07,THE1B-int,ERVL-MaLR,LTR
chr6,86193773,86193794,MA1714.1,+,8.85e-07,MIR,MIR,SINE
chrX,87019482,87019503,MA1714.1,-,8.85e-07,MSTA-int,ERVL-MaLR,LTR
chr2,88199046,88199067,MA1714.1,+,8.85e-07,THE1D-int,ERVL-MaLR,LTR
chr6,91535878,91535899,MA1714.1,+,8.85e-07,THE1C-int,ERVL-MaLR,LTR
chr4,91771105,91771126,MA1714.1,+,8.85e-07,THE1D-int,ERVL-MaLR,LTR
chr14,93808785,93808806,MA1714.1,-,8.85e-07,THE1D-int,ERVL-MaLR,LTR
chr11,98016400,98016421,MA1714.1,-,8.85e-07,THE1D-int,ERVL-MaLR,LTR
chr13,99067188,99067209,MA1714.1,+,8.85e-07,L3,CR1,LINE
chr3,100932752,100932773,MA1714.1,+,8.85e-07,MSTA-int,ERVL-MaLR,LTR
chr5,100968649,100968670,MA1714.1,-,8.85e-07,MSTA-int,ERVL-MaLR,LTR
chr5,113891142,113891163,MA1714.1,-,8.85e-07,THE1D-int,ERVL-MaLR,LTR
chr3,114450090,114450111,MA1714.1,-,8.85e-07,L3,CR1,LINE
chr6,115342558,115342579,MA1714.1,-,8.85e-07,THE1B-int,ERVL-MaLR,LTR
chr1,116045762,116045783,MA1714.1,+,8.85e-07,THE1C-int,ERVL-MaLR,LTR
chr6,123234863,123234884,MA1714.1,+,8.85e-07,THE1C-int,ERVL-MaLR,LTR
chr2,123751338,123751359,MA1714.1,+,8.85e-07,L1M4b,L1,LINE
chr3,127075897,127075918,MA1714.1,-,8.85e-07,THE1C-int,ERVL-MaLR,LTR
chr5,129795392,129795413,MA1714.1,+,8.85e-07,THE1B-int,ERVL-MaLR,LTR
chrX,143222124,143222145,MA1714.1,-,8.85e-07,THE1D-int,ERVL-MaLR,LTR
chr1,151808989,151809010,MA1714.1,+,8.85e-07,MIR,MIR,SINE
chr5,154419682,154419703,MA1714.1,-,8.85e-07,MLT1A0,ERVL-MaLR,LTR
chrX,155080637,155080658,MA1714.1,+,8.85e-07,L1ME1,L1,LINE
chr4,164964677,164964698,MA1714.1,-,8.85e-07,MSTA-int,ERVL-MaLR,LTR
chr6,169926303,169926324,MA1714.1,+,8.85e-07,L1MB7,L1,LINE
chr1,171796580,171796601,MA1714.1,-,8.85e-07,THE1D-int,ERVL-MaLR,LTR
chr1,221254862,221254883,MA1714.1,-,8.85e-07,AluSx1,Alu,SINE
chr2,234647565,234647586,MA1714.1,+,8.85e-07,THE1C-int,ERVL-MaLR,LTR
chr5,2086409,2086430,MA1714.1,+,8.91e-07,L1MEc,L1,LINE
chr18,4000449,4000470,MA1714.1,-,8.91e-07,L1MC4,L1,LINE
chr20,16626066,16626087,MA1714.1,-,8.91e-07,L1MC4a,L1,LINE
chr11,19515999,19516020,MA1714.1,-,8.91e-07,MIRb,MIR,SINE
chr13,26435915,26435936,MA1714.1,+,8.91e-07,L1M5,L1,LINE
chr7,29443577,29443598,MA1714.1,-,8.91e-07,MIRc,MIR,SINE
chr1,43861692,43861713,MA1714.1,+,8.91e-07,L3,CR1,LINE
chr2,47447953,47447974,MA1714.1,+,8.91e-07,MIR,MIR,SINE
chr16,57369967,57369988,MA1714.1,-,8.91e-07,L1MB3,L1,LINE
chr11,59397709,59397730,MA1714.1,+,8.91e-07,AluJo,Alu,SINE
chr17,69671262,69671283,MA1714.1,+,8.91e-07,MER83B,ERV1,LTR
chr7,76877585,76877606,MA1714.1,+,8.91e-07,L1PB4,L1,LINE
chr17,77972010,77972031,MA1714.1,-,8.91e-07,L1MC2,L1,LINE
chr5,79652893,79652914,MA1714.1,-,8.91e-07,L1ME4a,L1,LINE
chr4,106287134,106287155,MA1714.1,+,8.91e-07,THE1C-int,ERVL-MaLR,LTR
chr3,134041320,134041341,MA1714.1,-,8.91e-07,L1MC4a,L1,LINE
chr7,141243366,141243387,MA1714.1,-,8.91e-07,L1MEd,L1,LINE
chr18,19956787,19956808,MA1714.1,+,8.98e-07,L1ME1,L1,LINE
chr16,22986370,22986391,MA1714.1,-,8.98e-07,FLAM_C,Alu,SINE
chr15,39976100,39976121,MA1714.1,+,8.98e-07,L1MD,L1,LINE
chr2,42586192,42586213,MA1714.1,+,8.98e-07,L1ME2z,L1,LINE
chrX,47826164,47826185,MA1714.1,+,8.98e-07,MSTB-int,ERVL-MaLR,LTR
chr11,64472841,64472862,MA1714.1,+,8.98e-07,MIRb,MIR,SINE
chr18,65025900,65025921,MA1714.1,+,8.98e-07,THE1D-int,ERVL-MaLR,LTR
chr16,68508113,68508134,MA1714.1,-,8.98e-07,AluSx,Alu,SINE
chr7,75563959,75563980,MA1714.1,+,8.98e-07,MST-int,ERVL-MaLR,LTR
chr14,90294049,90294070,MA1714.1,-,8.98e-07,AluSp,Alu,SINE
chr13,96431918,96431939,MA1714.1,-,8.98e-07,L1M7,L1,LINE
chr7,101010870,101010891,MA1714.1,+,8.98e-07,AluSx,Alu,SINE
chr11,103245726,103245747,MA1714.1,+,8.98e-07,THE1D-int,ERVL-MaLR,LTR
chr2,105313508,105313529,MA1714.1,-,8.98e-07,L1MC4a,L1,LINE
chr6,112335053,112335074,MA1714.1,-,8.98e-07,MIR,MIR,SINE
chr12,127983063,127983084,MA1714.1,+,8.98e-07,AluJo,Alu,SINE
chr4,153932636,153932657,MA1714.1,-,8.98e-07,MSTA-int,ERVL-MaLR,LTR
chr1,171354750,171354771,MA1714.1,-,8.98e-07,MIR,MIR,SINE
chr2,188684489,188684510,MA1714.1,+,8.98e-07,L1MEg1,L1,LINE
chr1,191817131,191817152,MA1714.1,-,8.98e-07,MER21A,ERVL,LTR
chr5,3815249,3815270,MA1714.1,-,9.05e-07,MLT1A-int,ERVL-MaLR,LTR
chr19,22327448,22327469,MA1714.1,+,9.05e-07,LTR25-int,ERV1,LTR
chr14,29726477,29726498,MA1714.1,-,9.05e-07,THE1D-int,ERVL-MaLR,LTR
chr4,32920482,32920503,MA1714.1,+,9.05e-07,MLT1L,ERVL-MaLR,LTR
chr8,35075550,35075571,MA1714.1,-,9.05e-07,L1MEd,L1,LINE
chr11,42757616,42757637,MA1714.1,+,9.05e-07,L1MEc,L1,LINE
chr3,54957731,54957752,MA1714.1,+,9.05e-07,MIR3,MIR,SINE
chr20,56104585,56104606,MA1714.1,+,9.05e-07,MLT1B,ERVL-MaLR,LTR
chr3,101868061,101868082,MA1714.1,+,9.05e-07,L1MA3,L1,LINE
chr11,108396159,108396180,MA1714.1,+,9.05e-07,MER20,hAT-Charlie,DNA
chr6,122236705,122236726,MA1714.1,-,9.05e-07,L1MA4,L1,LINE
chr10,133554164,133554185,MA1714.1,-,9.05e-07,L1MD2,L1,LINE
chrY,17228602,17228623,MA1714.1,+,9.12e-07,L1PA6,L1,LINE
chr6,22616185,22616206,MA1714.1,+,9.12e-07,MIR,MIR,SINE
chr10,28005977,28005998,MA1714.1,+,9.12e-07,MLT1E2,ERVL-MaLR,LTR
chr5,28228422,28228443,MA1714.1,+,9.12e-07,MLT1B,ERVL-MaLR,LTR
chr1,30503934,30503955,MA1714.1,+,9.12e-07,HAL1b,L1,LINE
chr19,46512704,46512725,MA1714.1,-,9.12e-07,MIR,MIR,SINE
chr16,52612870,52612891,MA1714.1,+,9.12e-07,HAL1-3A_ME,L1,LINE
chr17,53708061,53708082,MA1714.1,-,9.12e-07,L1MB7,L1,LINE
chr7,63480679,63480700,MA1714.1,+,9.12e-07,THE1D-int,ERVL-MaLR,LTR
chr2,65337238,65337259,MA1714.1,+,9.12e-07,L1MD3,L1,LINE
chr17,74166712,74166733,MA1714.1,-,9.12e-07,HAL1,L1,LINE
chr13,74207981,74208002,MA1714.1,-,9.12e-07,MIR,MIR,SINE
chrX,75415667,75415688,MA1714.1,-,9.12e-07,THE1B-int,ERVL-MaLR,LTR
chr12,79670767,79670788,MA1714.1,+,9.12e-07,L1PB3,L1,LINE
chr4,83469337,83469358,MA1714.1,+,9.12e-07,L1PA16,L1,LINE
chrX,98187661,98187682,MA1714.1,+,9.12e-07,MSTB-int,ERVL-MaLR,LTR
chr2,102543762,102543783,MA1714.1,+,9.12e-07,THE1D-int,ERVL-MaLR,LTR
chr7,118228628,118228649,MA1714.1,-,9.12e-07,MSTB-int,ERVL-MaLR,LTR
chr5,120738181,120738202,MA1714.1,+,9.12e-07,THE1C-int,ERVL-MaLR,LTR
chr3,136746793,136746814,MA1714.1,-,9.12e-07,LTR78,ERV1,LTR
chrX,141053651,141053672,MA1714.1,+,9.12e-07,THE1B-int,ERVL-MaLR,LTR
chr3,148256321,148256342,MA1714.1,-,9.12e-07,MIR,MIR,SINE
chr1,203564302,203564323,MA1714.1,-,9.12e-07,AluJb,Alu,SINE
chr19,8846977,8846998,MA1714.1,+,9.18e-07,AluSx,Alu,SINE
chr16,13179824,13179845,MA1714.1,+,9.18e-07,L1MEd,L1,LINE
chr20,13959760,13959781,MA1714.1,+,9.18e-07,L1MA5,L1,LINE
chr9,16042549,16042570,MA1714.1,+,9.18e-07,MIRb,MIR,SINE
chr16,25004193,25004214,MA1714.1,-,9.18e-07,AluJo,Alu,SINE
chr7,37977243,37977264,MA1714.1,+,9.18e-07,L1ME3A,L1,LINE
chr18,44754148,44754169,MA1714.1,-,9.18e-07,MIRb,MIR,SINE
chr15,46166082,46166103,MA1714.1,-,9.18e-07,THE1C-int,ERVL-MaLR,LTR
chr1,53910635,53910656,MA1714.1,+,9.18e-07,LTR13,ERVK,LTR
chr15,54077228,54077249,MA1714.1,-,9.18e-07,THE1B-int,ERVL-MaLR,LTR
chr15,54087531,54087552,MA1714.1,+,9.18e-07,L1MCa,L1,LINE
chr5,62775186,62775207,MA1714.1,+,9.18e-07,L1M4,L1,LINE
chr10,63300366,63300387,MA1714.1,+,9.18e-07,L2a,L2,LINE
chr17,71440823,71440844,MA1714.1,-,9.18e-07,MIRb,MIR,SINE
chr14,95408485,95408506,MA1714.1,+,9.18e-07,AluJr,Alu,SINE
chr4,103871934,103871955,MA1714.1,+,9.18e-07,AluSq,Alu,SINE
chr6,120980584,120980605,MA1714.1,-,9.18e-07,MSTA-int,ERVL-MaLR,LTR
chr5,126101801,126101822,MA1714.1,-,9.18e-07,FLAM_C,Alu,SINE
chr5,159073414,159073435,MA1714.1,+,9.18e-07,MIRc,MIR,SINE
chr6,166623534,166623555,MA1714.1,+,9.18e-07,L1MDa,L1,LINE
chr1,201430023,201430044,MA1714.1,+,9.18e-07,AluJb,Alu,SINE
chr1,228066215,228066236,MA1714.1,+,9.18e-07,L1ME3B,L1,LINE
chrY,6031353,6031374,MA1714.1,+,9.25e-07,MSTA-int,ERVL-MaLR,LTR
chr6,6182977,6182998,MA1714.1,+,9.25e-07,MLT1L,ERVL-MaLR,LTR
chr4,8714562,8714583,MA1714.1,+,9.25e-07,HAL1b,L1,LINE
chr21,19388494,19388515,MA1714.1,+,9.25e-07,MSTA-int,ERVL-MaLR,LTR
chr12,26235175,26235196,MA1714.1,-,9.25e-07,THE1D-int,ERVL-MaLR,LTR
chr3,31793023,31793044,MA1714.1,+,9.25e-07,MER20B,hAT-Charlie,DNA
chr4,34782662,34782683,MA1714.1,-,9.25e-07,THE1D-int,ERVL-MaLR,LTR
chr3,36016551,36016572,MA1714.1,-,9.25e-07,THE1D-int,ERVL-MaLR,LTR
chr8,38959980,38960001,MA1714.1,+,9.25e-07,L1MEg,L1,LINE
chr14,43255262,43255283,MA1714.1,+,9.25e-07,THE1D-int,ERVL-MaLR,LTR
chr19,44838717,44838738,MA1714.1,+,9.25e-07,MSTA-int,ERVL-MaLR,LTR
chr16,66403320,66403341,MA1714.1,-,9.25e-07,MIRb,MIR,SINE
chr4,68462792,68462813,MA1714.1,+,9.25e-07,THE1D-int,ERVL-MaLR,LTR
chr16,75170365,75170386,MA1714.1,+,9.25e-07,L1MC3,L1,LINE
chr18,75910682,75910703,MA1714.1,+,9.25e-07,MLT1C,ERVL-MaLR,LTR
chr6,76488660,76488681,MA1714.1,+,9.25e-07,AluJb,Alu,SINE
chr15,79840706,79840727,MA1714.1,+,9.25e-07,AluSq2,Alu,SINE
chr14,85179310,85179331,MA1714.1,+,9.25e-07,MIRc,MIR,SINE
chr14,85600401,85600422,MA1714.1,-,9.25e-07,MER2,TcMar-Tigger,DNA
chr9,87882503,87882524,MA1714.1,-,9.25e-07,MER50,ERV1,LTR
chr12,91128973,91128994,MA1714.1,-,9.25e-07,THE1D-int,ERVL-MaLR,LTR
chr11,104337874,104337895,MA1714.1,+,9.25e-07,L1PB2,L1,LINE
chr10,116130397,116130418,MA1714.1,+,9.25e-07,LTR82B,ERVL,LTR
chr10,116649320,116649341,MA1714.1,-,9.25e-07,ERV3-16A3_I-int,ERVL,LTR
chr3,123310012,123310033,MA1714.1,-,9.25e-07,THE1D-int,ERVL-MaLR,LTR
chr4,128007585,128007606,MA1714.1,+,9.25e-07,THE1C-int,ERVL-MaLR,LTR
chr4,131628870,131628891,MA1714.1,-,9.25e-07,THE1D-int,ERVL-MaLR,LTR
chr4,135315831,135315852,MA1714.1,+,9.25e-07,L1M2,L1,LINE
chr9,135992107,135992128,MA1714.1,-,9.25e-07,MIRb,MIR,SINE
chr7,142754832,142754853,MA1714.1,-,9.25e-07,THE1-int,ERVL-MaLR,LTR
chr6,142895063,142895084,MA1714.1,+,9.25e-07,THE1D-int,ERVL-MaLR,LTR
chr6,146050025,146050046,MA1714.1,+,9.25e-07,MSTA-int,ERVL-MaLR,LTR
chrX,150640043,150640064,MA1714.1,-,9.25e-07,THE1D-int,ERVL-MaLR,LTR
chr6,151413041,151413062,MA1714.1,+,9.25e-07,MIRb,MIR,SINE
chr4,154921998,154922019,MA1714.1,+,9.25e-07,MSTC,ERVL-MaLR,LTR
chr5,157462458,157462479,MA1714.1,+,9.25e-07,THE1D-int,ERVL-MaLR,LTR
chr1,164224737,164224758,MA1714.1,+,9.25e-07,MSTA-int,ERVL-MaLR,LTR
chr5,164955375,164955396,MA1714.1,+,9.25e-07,THE1C-int,ERVL-MaLR,LTR
chr3,184183538,184183559,MA1714.1,-,9.25e-07,ERV3-16A3_I-int,ERVL,LTR
chr2,188562297,188562318,MA1714.1,+,9.25e-07,THE1C-int,ERVL-MaLR,LTR
chr2,191402605,191402626,MA1714.1,+,9.25e-07,THE1C,ERVL-MaLR,LTR
chr2,230610302,230610323,MA1714.1,-,9.25e-07,MER96,hAT,DNA
chr5,14156729,14156750,MA1714.1,-,9.32e-07,L1MC4,L1,LINE
chr11,19046323,19046344,MA1714.1,-,9.32e-07,L1MA7,L1,LINE
chr11,28776977,28776998,MA1714.1,+,9.32e-07,L2b,L2,LINE
chr14,30638321,30638342,MA1714.1,-,9.32e-07,MSTA-int,ERVL-MaLR,LTR
chr19,34081132,34081153,MA1714.1,-,9.32e-07,MER34D,ERV1,LTR
chr10,37653603,37653624,MA1714.1,-,9.32e-07,L1MC,L1,LINE
chr14,43686990,43687011,MA1714.1,-,9.32e-07,THE1B-int,ERVL-MaLR,LTR
chr1,47324384,47324405,MA1714.1,+,9.32e-07,MIR,MIR,SINE
chr12,47444996,47445017,MA1714.1,-,9.32e-07,MSTA-int,ERVL-MaLR,LTR
chr1,47572848,47572869,MA1714.1,-,9.32e-07,MIR,MIR,SINE
chr17,55129768,55129789,MA1714.1,+,9.32e-07,FRAM,Alu,SINE
chr13,57456495,57456516,MA1714.1,+,9.32e-07,THE1B-int,ERVL-MaLR,LTR
chrX,65152003,65152024,MA1714.1,-,9.32e-07,HERVIP10FH-int,ERV1,LTR
chr7,65784157,65784178,MA1714.1,-,9.32e-07,L1MEe,L1,LINE
chr4,66480926,66480947,MA1714.1,+,9.32e-07,L1MD2,L1,LINE
chr3,68426891,68426912,MA1714.1,+,9.32e-07,THE1D-int,ERVL-MaLR,LTR
chrX,71846074,71846095,MA1714.1,+,9.32e-07,L1MC4,L1,LINE
chr8,73311339,73311360,MA1714.1,-,9.32e-07,THE1B-int,ERVL-MaLR,LTR
chr12,74761840,74761861,MA1714.1,+,9.32e-07,L1MC3,L1,LINE
chrX,80900629,80900650,MA1714.1,+,9.32e-07,THE1B-int,ERVL-MaLR,LTR
chr3,84898657,84898678,MA1714.1,-,9.32e-07,MSTA-int,ERVL-MaLR,LTR
chr15,89289455,89289476,MA1714.1,+,9.32e-07,L1M5,L1,LINE
chr11,103248536,103248557,MA1714.1,-,9.32e-07,AluSx,Alu,SINE
chr7,133554177,133554198,MA1714.1,+,9.32e-07,MIRb,MIR,SINE
chr3,167973902,167973923,MA1714.1,-,9.32e-07,THE1D-int,ERVL-MaLR,LTR
chr4,181614757,181614778,MA1714.1,-,9.32e-07,THE1C-int,ERVL-MaLR,LTR
chr6,2321593,2321614,MA1714.1,-,9.39e-07,L1M4c,L1,LINE
chr17,11558486,11558507,MA1714.1,-,9.39e-07,L1PB1,L1,LINE
chr9,16037812,16037833,MA1714.1,+,9.39e-07,L1MEd,L1,LINE
chr21,35871706,35871727,MA1714.1,-,9.39e-07,L1PB1,L1,LINE
chr14,43795596,43795617,MA1714.1,+,9.39e-07,L1MA9,L1,LINE
chr6,50677786,50677807,MA1714.1,+,9.39e-07,HAL1-3A_ME,L1,LINE
chr8,62216340,62216361,MA1714.1,+,9.39e-07,MIRb,MIR,SINE
chr10,66009232,66009253,MA1714.1,-,9.39e-07,THE1B-int,ERVL-MaLR,LTR
chr15,68391338,68391359,MA1714.1,-,9.39e-07,L1MC4a,L1,LINE
chr2,79772467,79772488,MA1714.1,+,9.39e-07,MLT1J,ERVL-MaLR,LTR
chr14,80108326,80108347,MA1714.1,-,9.39e-07,L3,CR1,LINE
chr14,81824617,81824638,MA1714.1,+,9.39e-07,L1MA7,L1,LINE
chr8,88222719,88222740,MA1714.1,+,9.39e-07,MSTA-int,ERVL-MaLR,LTR
chrX,88372443,88372464,MA1714.1,-,9.39e-07,THE1C-int,ERVL-MaLR,LTR
chr10,100250828,100250849,MA1714.1,-,9.39e-07,X7B_LINE,CR1,LINE
chr12,107775642,107775663,MA1714.1,+,9.39e-07,MIR,MIR,SINE
chr7,131607492,131607513,MA1714.1,-,9.39e-07,L1MB1,L1,LINE
chr3,132442551,132442572,MA1714.1,-,9.39e-07,LTR78,ERV1,LTR
chr2,170619046,170619067,MA1714.1,-,9.39e-07,MLT1D,ERVL-MaLR,LTR
chr2,209374202,209374223,MA1714.1,-,9.39e-07,L1MC1,L1,LINE
chr1,210836654,210836675,MA1714.1,+,9.39e-07,MIRb,MIR,SINE
chrY,9949526,9949547,MA1714.1,-,9.46e-07,L1P1,L1,LINE
chr4,12906088,12906109,MA1714.1,+,9.46e-07,L1PA3,L1,LINE
chr3,18351666,18351687,MA1714.1,+,9.46e-07,LTR88a,Gypsy,LTR
chr3,22029626,22029647,MA1714.1,-,9.46e-07,L1PA2,L1,LINE
chr14,27087619,27087640,MA1714.1,+,9.46e-07,L1ME3D,L1,LINE
chr2,28111611,28111632,MA1714.1,+,9.46e-07,MER58C,hAT-Charlie,DNA
chr21,34056216,34056237,MA1714.1,+,9.46e-07,HAL1-3A_ME,L1,LINE
chr17,42772500,42772521,MA1714.1,-,9.46e-07,L1ME3C,L1,LINE
chr15,51922653,51922674,MA1714.1,+,9.46e-07,L1MB5,L1,LINE
chr20,53084474,53084495,MA1714.1,+,9.46e-07,LTR78,ERV1,LTR
chr3,58828915,58828936,MA1714.1,+,9.46e-07,L1PA2,L1,LINE
chr14,60221318,60221339,MA1714.1,+,9.46e-07,MIRb,MIR,SINE
chr18,60650808,60650829,MA1714.1,+,9.46e-07,AluSz,Alu,SINE
chr2,63040210,63040231,MA1714.1,+,9.46e-07,MSTD-int,ERVL-MaLR,LTR
chr3,71999887,71999908,MA1714.1,+,9.46e-07,MIRb,MIR,SINE
chr11,86362813,86362834,MA1714.1,+,9.46e-07,L1PA4,L1,LINE
chr8,96137969,96137990,MA1714.1,-,9.46e-07,L1MC1,L1,LINE
chr15,98634298,98634319,MA1714.1,-,9.46e-07,AluSq2,Alu,SINE
chr2,107946887,107946908,MA1714.1,-,9.46e-07,L1PA16,L1,LINE
chr6,117934664,117934685,MA1714.1,+,9.46e-07,MER4-int,ERV1,LTR
chr5,134698130,134698151,MA1714.1,+,9.46e-07,Charlie2b,hAT-Charlie,DNA
chr2,171870028,171870049,MA1714.1,-,9.46e-07,AluJb,Alu,SINE
chr5,172136921,172136942,MA1714.1,+,9.46e-07,L1MEg,L1,LINE
chr1,184666822,184666843,MA1714.1,+,9.46e-07,L1ME3C,L1,LINE
chr3,12078099,12078120,MA1714.1,-,9.53e-07,MSTD-int,ERVL-MaLR,LTR
chr4,13109014,13109035,MA1714.1,-,9.53e-07,MSTD-int,ERVL-MaLR,LTR
chrX,18390424,18390445,MA1714.1,+,9.53e-07,MSTD-int,ERVL-MaLR,LTR
chr9,21640852,21640873,MA1714.1,+,9.53e-07,L1M5,L1,LINE
chr8,53310273,53310294,MA1714.1,-,9.53e-07,L1MA9,L1,LINE
chr15,66325648,66325669,MA1714.1,+,9.53e-07,MSTD-int,ERVL-MaLR,LTR
chr18,70086839,70086860,MA1714.1,+,9.53e-07,THE1C-int,ERVL-MaLR,LTR
chr15,70180896,70180917,MA1714.1,+,9.53e-07,MSTD-int,ERVL-MaLR,LTR
chr4,75567790,75567811,MA1714.1,+,9.53e-07,L1MEd,L1,LINE
chr12,76967804,76967825,MA1714.1,-,9.53e-07,THE1B-int,ERVL-MaLR,LTR
chr7,82249809,82249830,MA1714.1,+,9.53e-07,MSTD-int,ERVL-MaLR,LTR
chr10,89647462,89647483,MA1714.1,+,9.53e-07,MSTD-int,ERVL-MaLR,LTR
chr15,97875918,97875939,MA1714.1,+,9.53e-07,THE1D-int,ERVL-MaLR,LTR
chrX,121082948,121082969,MA1714.1,-,9.53e-07,MSTA-int,ERVL-MaLR,LTR
chr7,136079256,136079277,MA1714.1,+,9.53e-07,L1MEc,L1,LINE
chrX,145350715,145350736,MA1714.1,+,9.53e-07,THE1D-int,ERVL-MaLR,LTR
chr7,147732435,147732456,MA1714.1,+,9.53e-07,MSTD-int,ERVL-MaLR,LTR
chr4,149526530,149526551,MA1714.1,+,9.53e-07,MSTD-int,ERVL-MaLR,LTR
chr5,151086034,151086055,MA1714.1,+,9.53e-07,AluJo,Alu,SINE
chr1,160373785,160373806,MA1714.1,+,9.53e-07,MIRb,MIR,SINE
chr2,1181428,1181449,MA1714.1,-,9.61e-07,MSTA-int,ERVL-MaLR,LTR
chr19,2641399,2641420,MA1714.1,+,9.61e-07,MLT1D,ERVL-MaLR,LTR
chr8,10305770,10305791,MA1714.1,+,9.61e-07,L1MEg,L1,LINE
chr17,16880816,16880837,MA1714.1,-,9.61e-07,L1MC5,L1,LINE
chr4,19665883,19665904,MA1714.1,+,9.61e-07,L1ME2,L1,LINE
chr19,21384960,21384981,MA1714.1,-,9.61e-07,HERV15-int,ERV1,LTR
chr3,26391140,26391161,MA1714.1,+,9.61e-07,ERVL-E-int,ERVL,LTR
chr17,29787820,29787841,MA1714.1,-,9.61e-07,AluJr,Alu,SINE
chr1,41045663,41045684,MA1714.1,-,9.61e-07,MIR,MIR,SINE
chr5,50987073,50987094,MA1714.1,+,9.61e-07,L1ME2,L1,LINE
chr7,51399463,51399484,MA1714.1,-,9.61e-07,MER41C,ERV1,LTR
chr1,58236634,58236655,MA1714.1,-,9.61e-07,MIRb,MIR,SINE
chr12,66967786,66967807,MA1714.1,-,9.61e-07,L3,CR1,LINE
chr1,71638490,71638511,MA1714.1,-,9.61e-07,THE1C-int,ERVL-MaLR,LTR
chr2,81044465,81044486,MA1714.1,+,9.61e-07,L1PA8A,L1,LINE
chr4,122893525,122893546,MA1714.1,-,9.61e-07,L1MEd,L1,LINE
chr3,148270717,148270738,MA1714.1,+,9.61e-07,MIRc,MIR,SINE
chr3,151175498,151175519,MA1714.1,+,9.61e-07,MIR,MIR,SINE
chr5,152815887,152815908,MA1714.1,-,9.61e-07,MIRb,MIR,SINE
chr5,156786925,156786946,MA1714.1,+,9.61e-07,MER117,hAT-Charlie,DNA
chr3,190408802,190408823,MA1714.1,+,9.61e-07,AluJr4,Alu,SINE
chr7,4716275,4716296,MA1714.1,-,9.68e-07,AluJb,Alu,SINE
chr11,14176093,14176114,MA1714.1,-,9.68e-07,MSTA-int,ERVL-MaLR,LTR
chr14,28002884,28002905,MA1714.1,+,9.68e-07,MSTA-int,ERVL-MaLR,LTR
chr3,28446358,28446379,MA1714.1,+,9.68e-07,L1PB1,L1,LINE
chr17,37384924,37384945,MA1714.1,-,9.68e-07,AluJr,Alu,SINE
chr22,38126732,38126753,MA1714.1,+,9.68e-07,AluSx1,Alu,SINE
chr7,45347784,45347805,MA1714.1,+,9.68e-07,MSTB-int,ERVL-MaLR,LTR
chr20,55587062,55587083,MA1714.1,+,9.68e-07,AluSz,Alu,SINE
chr6,66987456,66987477,MA1714.1,-,9.68e-07,MER70B,ERVL,LTR
chr6,75663933,75663954,MA1714.1,+,9.68e-07,MIRb,MIR,SINE
chr4,79794069,79794090,MA1714.1,-,9.68e-07,L3,CR1,LINE
chr12,82228705,82228726,MA1714.1,+,9.68e-07,THE1B-int,ERVL-MaLR,LTR
chr9,127218209,127218230,MA1714.1,+,9.68e-07,L3,CR1,LINE
chr6,130803042,130803063,MA1714.1,+,9.68e-07,AluSc5,Alu,SINE
chr7,142463433,142463454,MA1714.1,-,9.68e-07,AluSx,Alu,SINE
chr8,145863884,145863905,MA1714.1,-,9.68e-07,L1MEg,L1,LINE
chr6,165763179,165763200,MA1714.1,+,9.68e-07,THE1C-int,ERVL-MaLR,LTR
chr1,172827447,172827468,MA1714.1,-,9.68e-07,LTR85c,Gypsy,LTR
chr1,178856371,178856392,MA1714.1,+,9.68e-07,AluSz6,Alu,SINE
chr3,194105791,194105812,MA1714.1,-,9.68e-07,L3,CR1,LINE
chr12,624803,624824,MA1714.1,-,9.75e-07,MIR,MIR,SINE
chr6,3253578,3253599,MA1714.1,-,9.75e-07,HERV16-int,ERVL,LTR
chr20,12618919,12618940,MA1714.1,-,9.75e-07,L3,CR1,LINE
chr11,16468177,16468198,MA1714.1,-,9.75e-07,UCON8,UCON8,Unknown
chr11,18726289,18726310,MA1714.1,-,9.75e-07,MIRb,MIR,SINE
chr10,20967642,20967663,MA1714.1,+,9.75e-07,AluJb,Alu,SINE
chr1,21485819,21485840,MA1714.1,+,9.75e-07,AluJr,Alu,SINE
chr5,23277040,23277061,MA1714.1,+,9.75e-07,MSTA-int,ERVL-MaLR,LTR
chr8,25090589,25090610,MA1714.1,-,9.75e-07,L1ME3E,L1,LINE
chr9,39346914,39346935,MA1714.1,-,9.75e-07,L1MA9,L1,LINE
chr9,39876168,39876189,MA1714.1,-,9.75e-07,L1MA9,L1,LINE
chr9,40691796,40691817,MA1714.1,-,9.75e-07,L1MA9,L1,LINE
chr9,41335835,41335856,MA1714.1,+,9.75e-07,L1MA9,L1,LINE
chr9,41491879,41491900,MA1714.1,-,9.75e-07,L1MA9,L1,LINE
chr9,42012627,42012648,MA1714.1,+,9.75e-07,THE1B-int,ERVL-MaLR,LTR
chr9,43639203,43639224,MA1714.1,+,9.75e-07,L1MA9,L1,LINE
chr9,46694393,46694414,MA1714.1,-,9.75e-07,THE1B-int,ERVL-MaLR,LTR
chr17,53380335,53380356,MA1714.1,+,9.75e-07,MIRc,MIR,SINE
chr6,55801954,55801975,MA1714.1,-,9.75e-07,AluJb,Alu,SINE
chr3,55882060,55882081,MA1714.1,-,9.75e-07,AluJo,Alu,SINE
chr13,61236277,61236298,MA1714.1,-,9.75e-07,L1PA10,L1,LINE
chr9,65518081,65518102,MA1714.1,+,9.75e-07,L1MA9,L1,LINE
chr15,82390582,82390603,MA1714.1,-,9.75e-07,L1ME4a,L1,LINE
chr12,83642974,83642995,MA1714.1,+,9.75e-07,MSTA-int,ERVL-MaLR,LTR
chr6,84363724,84363745,MA1714.1,-,9.75e-07,L1ME1,L1,LINE
chr9,111872572,111872593,MA1714.1,-,9.75e-07,MIR,MIR,SINE
chr3,178892888,178892909,MA1714.1,-,9.75e-07,HAL1,L1,LINE
chr4,183996284,183996305,MA1714.1,+,9.75e-07,FRAM,Alu,SINE
chr1,211418753,211418774,MA1714.1,+,9.75e-07,AluSc8,Alu,SINE
chr17,437443,437464,MA1714.1,-,9.82e-07,MIRb,MIR,SINE
chr15,25539483,25539504,MA1714.1,+,9.82e-07,L1MA9,L1,LINE
chr17,27681534,27681555,MA1714.1,+,9.82e-07,Charlie1a,hAT-Charlie,DNA
chr5,30151744,30151765,MA1714.1,-,9.82e-07,MSTB1-int,ERVL-MaLR,LTR
chr3,60630320,60630341,MA1714.1,-,9.82e-07,LTR78,ERV1,LTR
chr16,63033144,63033165,MA1714.1,-,9.82e-07,MIR,MIR,SINE
chr7,65772833,65772854,MA1714.1,-,9.82e-07,ERVL-E-int,ERVL,LTR
chr4,68526056,68526077,MA1714.1,+,9.82e-07,THE1D-int,ERVL-MaLR,LTR
chr15,77594737,77594758,MA1714.1,-,9.82e-07,L1MC3,L1,LINE
chr12,80744949,80744970,MA1714.1,-,9.82e-07,L1MA8,L1,LINE
chr9,95619850,95619871,MA1714.1,+,9.82e-07,L1MEf,L1,LINE
chr10,102076451,102076472,MA1714.1,-,9.82e-07,Charlie1,hAT-Charlie,DNA
chr10,110044506,110044527,MA1714.1,-,9.82e-07,L1MB1,L1,LINE
chr5,130462966,130462987,MA1714.1,+,9.82e-07,THE1B-int,ERVL-MaLR,LTR
chr7,135572840,135572861,MA1714.1,+,9.82e-07,Tigger1,TcMar-Tigger,DNA
chr4,136506373,136506394,MA1714.1,+,9.82e-07,THE1C-int,ERVL-MaLR,LTR
chrX,151391492,151391513,MA1714.1,-,9.82e-07,L1ME3A,L1,LINE
chr5,155411166,155411187,MA1714.1,-,9.82e-07,MIRc,MIR,SINE
chr2,238508565,238508586,MA1714.1,-,9.82e-07,L1MEb,L1,LINE
chr3,3011850,3011871,MA1714.1,-,9.9e-07,AluJo,Alu,SINE
chr12,4354660,4354681,MA1714.1,+,9.9e-07,MIRb,MIR,SINE
chr17,10666899,10666920,MA1714.1,-,9.9e-07,LTR89,ERVL,LTR
chr9,13325669,13325690,MA1714.1,-,9.9e-07,L1ME4a,L1,LINE
chr20,25108961,25108982,MA1714.1,-,9.9e-07,MLT1A0,ERVL-MaLR,LTR
chr6,27362024,27362045,MA1714.1,+,9.9e-07,MSTA-int,ERVL-MaLR,LTR
chr12,30479991,30480012,MA1714.1,-,9.9e-07,ERVL-B4-int,ERVL,LTR
chr3,32799601,32799622,MA1714.1,+,9.9e-07,MIR3,MIR,SINE
chr18,32867612,32867633,MA1714.1,+,9.9e-07,L1ME2,L1,LINE
chr4,35379958,35379979,MA1714.1,-,9.9e-07,L1M5,L1,LINE
chr17,45556783,45556804,MA1714.1,+,9.9e-07,L1MEg,L1,LINE
chrX,51085982,51086003,MA1714.1,-,9.9e-07,LTR52-int,ERVL,LTR
chr6,64954530,64954551,MA1714.1,-,9.9e-07,L1MEd,L1,LINE
chr16,67370320,67370341,MA1714.1,-,9.9e-07,L1MC2,L1,LINE
chr8,74799252,74799273,MA1714.1,+,9.9e-07,L1MA5A,L1,LINE
chr5,75254371,75254392,MA1714.1,-,9.9e-07,LTR78,ERV1,LTR
chr14,77046160,77046181,MA1714.1,-,9.9e-07,MLT1D,ERVL-MaLR,LTR
chr14,86710596,86710617,MA1714.1,+,9.9e-07,L1MC1,L1,LINE
chr4,92103693,92103714,MA1714.1,-,9.9e-07,HERVK9-int,ERVK,LTR
chr6,97951544,97951565,MA1714.1,-,9.9e-07,L3,CR1,LINE
chr1,110337402,110337423,MA1714.1,-,9.9e-07,MIRb,MIR,SINE
chr3,112023171,112023192,MA1714.1,+,9.9e-07,HERV3-int,ERV1,LTR
chr6,128907538,128907559,MA1714.1,+,9.9e-07,L1MA1,L1,LINE
chr2,143139027,143139048,MA1714.1,-,9.9e-07,L1MC,L1,LINE
chr6_mann_hap4,405458,405479,MA1714.1,-,9.97e-07,AluSx,Alu,SINE
chr6_qbl_hap6,405460,405481,MA1714.1,-,9.97e-07,AluSx,Alu,SINE
chr6_dbb_hap3,405466,405487,MA1714.1,-,9.97e-07,AluSx,Alu,SINE
chr6_apd_hap1,405493,405514,MA1714.1,-,9.97e-07,AluSx,Alu,SINE
chr6_mcf_hap5,405605,405626,MA1714.1,-,9.97e-07,AluSx,Alu,SINE
chr6_ssto_hap7,442940,442961,MA1714.1,-,9.97e-07,AluSx,Alu,SINE
chr6_cox_hap2,620933,620954,MA1714.1,-,9.97e-07,AluSx,Alu,SINE
chr12,25437500,25437521,MA1714.1,+,9.97e-07,L1MD3,L1,LINE
chr6,29102058,29102079,MA1714.1,-,9.97e-07,AluSx,Alu,SINE
chr6,45115993,45116014,MA1714.1,-,9.97e-07,MIR,MIR,SINE
chr8,47855163,47855184,MA1714.1,+,9.97e-07,L1PA3,L1,LINE
chr17,49894483,49894504,MA1714.1,+,9.97e-07,MIRb,MIR,SINE
chr20,50455263,50455284,MA1714.1,-,9.97e-07,MIR,MIR,SINE
chr13,64916269,64916290,MA1714.1,-,9.97e-07,L1M1,L1,LINE
chr8,69125181,69125202,MA1714.1,-,9.97e-07,Arthur1B,hAT-Tip100,DNA
chr15,70641072,70641093,MA1714.1,-,9.97e-07,L3,CR1,LINE
chr5,71232821,71232842,MA1714.1,-,9.97e-07,L1MD3,L1,LINE
chr7,78930118,78930139,MA1714.1,+,9.97e-07,MSTA-int,ERVL-MaLR,LTR
chr8,79269736,79269757,MA1714.1,-,9.97e-07,LTR53,ERVL,LTR
chr5,81548788,81548809,MA1714.1,-,9.97e-07,MIR,MIR,SINE
chr10,97321727,97321748,MA1714.1,-,9.97e-07,MIR,MIR,SINE
chr14,97990945,97990966,MA1714.1,-,9.97e-07,MLT2D,ERVL,LTR
chr4,99625791,99625812,MA1714.1,+,9.97e-07,THE1B-int,ERVL-MaLR,LTR
chr7,102383965,102383986,MA1714.1,+,9.97e-07,L1MEd,L1,LINE
chr11,114709981,114710002,MA1714.1,-,9.97e-07,L1MEg,L1,LINE
chrX,143463701,143463722,MA1714.1,+,9.97e-07,THE1B-int,ERVL-MaLR,LTR
chr1,212519415,212519436,MA1714.1,-,9.97e-07,AluJo,Alu,SINE
chr20,3621003,3621024,MA1714.1,+,1e-06,L1MEg,L1,LINE
chr5,8752233,8752254,MA1714.1,+,1e-06,L1MC3,L1,LINE
chr12,12371297,12371318,MA1714.1,+,1e-06,AluJr,Alu,SINE
chrX,20341847,20341868,MA1714.1,-,1e-06,AluJr4,Alu,SINE
chr3,27977664,27977685,MA1714.1,+,1e-06,LTR16C,ERVL,LTR
chr1,29464551,29464572,MA1714.1,+,1e-06,AluSx1,Alu,SINE
chr20,33676722,33676743,MA1714.1,+,1e-06,L1MB2,L1,LINE
chr17,39020178,39020199,MA1714.1,-,1e-06,ORSL,hAT-Tip100,DNA
chr13,50769333,50769354,MA1714.1,-,1e-06,AluJo,Alu,SINE
chr18,51100153,51100174,MA1714.1,-,1e-06,L1MEg,L1,LINE
chr7,52387253,52387274,MA1714.1,+,1e-06,AluJb,Alu,SINE
chr17,62597260,62597281,MA1714.1,+,1e-06,AluJb,Alu,SINE
chr7,68216232,68216253,MA1714.1,+,1e-06,AluJo,Alu,SINE
chr10,71662000,71662021,MA1714.1,-,1e-06,MIRc,MIR,SINE
chr7,73622867,73622888,MA1714.1,-,1e-06,AluJr,Alu,SINE
chr14,75608237,75608258,MA1714.1,-,1e-06,MIRb,MIR,SINE
chr10,81257748,81257769,MA1714.1,+,1e-06,AluJb,Alu,SINE
chrX,82773795,82773816,MA1714.1,-,1e-06,AluJb,Alu,SINE
chr2,87746835,87746856,MA1714.1,-,1e-06,MIR,MIR,SINE
chr13,88811706,88811727,MA1714.1,-,1e-06,ERVL-B4-int,ERVL,LTR
chr7,101424236,101424257,MA1714.1,+,1e-06,AluJb,Alu,SINE
chr10,104962538,104962559,MA1714.1,+,1e-06,AluJb,Alu,SINE
chr7,112238151,112238172,MA1714.1,-,1e-06,L1MA9,L1,LINE
chr2,112260765,112260786,MA1714.1,+,1e-06,MIR,MIR,SINE
chr9,134120208,134120229,MA1714.1,+,1e-06,LTR13,ERVK,LTR
chr9,140756602,140756623,MA1714.1,-,1e-06,AluJb,Alu,SINE
chr5,149147947,149147968,MA1714.1,-,1e-06,AluJb,Alu,SINE
chr1,230614112,230614133,MA1714.1,-,1e-06,L1MC5,L1,LINE
chr3,5947833,5947854,MA1714.1,-,1.01e-06,L1MDa,L1,LINE
chr8,16769480,16769501,MA1714.1,+,1.01e-06,L2c,L2,LINE
chr11,32630550,32630571,MA1714.1,-,1.01e-06,THE1B-int,ERVL-MaLR,LTR
chr5,37011624,37011645,MA1714.1,+,1.01e-06,AluJb,Alu,SINE
chr6,51058200,51058221,MA1714.1,-,1.01e-06,L1MEg,L1,LINE
chr6,56537804,56537825,MA1714.1,+,1.01e-06,AluJb,Alu,SINE
chr13,70879901,70879922,MA1714.1,+,1.01e-06,THE1B-int,ERVL-MaLR,LTR
chrX,71879187,71879208,MA1714.1,-,1.01e-06,L1MC4a,L1,LINE
chr11,86219151,86219172,MA1714.1,-,1.01e-06,Charlie16a,hAT-Charlie,DNA
chr7,91506298,91506319,MA1714.1,+,1.01e-06,Charlie7a,hAT-Charlie,DNA
chr6,104174975,104174996,MA1714.1,-,1.01e-06,L1MA2,L1,LINE
chr12,131845786,131845807,MA1714.1,+,1.01e-06,L1MB7,L1,LINE
chr4,145932456,145932477,MA1714.1,+,1.01e-06,AluSx,Alu,SINE
chr5,165110307,165110328,MA1714.1,-,1.01e-06,L1MC4a,L1,LINE
chr6,169496223,169496244,MA1714.1,-,1.01e-06,L1ME1,L1,LINE
chr2,241671764,241671785,MA1714.1,+,1.01e-06,HAL1-3A_ME,L1,LINE
chr18,6124290,6124311,MA1714.1,+,1.02e-06,L1MEd,L1,LINE
chr11,10977501,10977522,MA1714.1,+,1.02e-06,MSTA-int,ERVL-MaLR,LTR
chr9,13929488,13929509,MA1714.1,+,1.02e-06,L1MC4,L1,LINE
chr21,14488508,14488529,MA1714.1,-,1.02e-06,MER5A1,hAT-Charlie,DNA
chr18,15251999,15252020,MA1714.1,+,1.02e-06,MER5A1,hAT-Charlie,DNA
chr22,16632474,16632495,MA1714.1,+,1.02e-06,MER5A1,hAT-Charlie,DNA
chr13,19061982,19062003,MA1714.1,-,1.02e-06,MER5A1,hAT-Charlie,DNA
chr14,19191137,19191158,MA1714.1,-,1.02e-06,MER5A1,hAT-Charlie,DNA
chr15,31584839,31584860,MA1714.1,-,1.02e-06,L1MEf,L1,LINE
chr21,41469172,41469193,MA1714.1,+,1.02e-06,L1MEc,L1,LINE
chr5,42177733,42177754,MA1714.1,-,1.02e-06,THE1C-int,ERVL-MaLR,LTR
chr10,42853326,42853347,MA1714.1,-,1.02e-06,MER5A1,hAT-Charlie,DNA
chr8,53497910,53497931,MA1714.1,+,1.02e-06,AluJr,Alu,SINE
chr14,63075967,63075988,MA1714.1,+,1.02e-06,L1ME1,L1,LINE
chrX,80862415,80862436,MA1714.1,-,1.02e-06,L3,CR1,LINE
chr13,81217910,81217931,MA1714.1,-,1.02e-06,ERVL-E-int,ERVL,LTR
chr10,103128346,103128367,MA1714.1,-,1.02e-06,AluJr,Alu,SINE
chr4,127495028,127495049,MA1714.1,-,1.02e-06,L1MC2,L1,LINE
chr6,129883308,129883329,MA1714.1,+,1.02e-06,Charlie2b,hAT-Charlie,DNA
chr2,132842444,132842465,MA1714.1,+,1.02e-06,MER5A1,hAT-Charlie,DNA
chr8,136325273,136325294,MA1714.1,-,1.02e-06,THE1D-int,ERVL-MaLR,LTR
chr2,143528465,143528486,MA1714.1,+,1.02e-06,MSTA-int,ERVL-MaLR,LTR
chr4,144568633,144568654,MA1714.1,+,1.02e-06,THE1C-int,ERVL-MaLR,LTR
chrX,147772050,147772071,MA1714.1,-,1.02e-06,MIR3,MIR,SINE
chrX,153346113,153346134,MA1714.1,-,1.02e-06,Charlie4a,hAT-Charlie,DNA
chr4,171554584,171554605,MA1714.1,-,1.02e-06,AluJb,Alu,SINE
chr18,5089548,5089569,MA1714.1,+,1.03e-06,HERVIP10FH-int,ERV1,LTR
chr5,5866537,5866558,MA1714.1,-,1.03e-06,AluJb,Alu,SINE
chr6,9863286,9863307,MA1714.1,-,1.03e-06,MSTA-int,ERVL-MaLR,LTR
chr1,10880147,10880168,MA1714.1,+,1.03e-06,MIRb,MIR,SINE
chr1,12623318,12623339,MA1714.1,+,1.03e-06,MSTA-int,ERVL-MaLR,LTR
chr11,13604996,13605017,MA1714.1,+,1.03e-06,L1PA10,L1,LINE
chr9,15485697,15485718,MA1714.1,-,1.03e-06,MIR,MIR,SINE
chr9,23096424,23096445,MA1714.1,+,1.03e-06,THE1C-int,ERVL-MaLR,LTR
chr5,24122678,24122699,MA1714.1,-,1.03e-06,THE1D-int,ERVL-MaLR,LTR
chr13,24828919,24828940,MA1714.1,-,1.03e-06,ERVL-E-int,ERVL,LTR
chr5,25563732,25563753,MA1714.1,-,1.03e-06,MSTA-int,ERVL-MaLR,LTR
chr8,26333353,26333374,MA1714.1,-,1.03e-06,L1MC2,L1,LINE
chr11,26571956,26571977,MA1714.1,-,1.03e-06,L1MB1,L1,LINE
chr1,40247131,40247152,MA1714.1,-,1.03e-06,MIR,MIR,SINE
chr14,42012727,42012748,MA1714.1,-,1.03e-06,L1PA16,L1,LINE
chr5,42428475,42428496,MA1714.1,-,1.03e-06,THE1B-int,ERVL-MaLR,LTR
chr22,43074534,43074555,MA1714.1,+,1.03e-06,THE1D-int,ERVL-MaLR,LTR
chr16,50254511,50254532,MA1714.1,-,1.03e-06,AluSz6,Alu,SINE
chr19,58635197,58635218,MA1714.1,-,1.03e-06,MSTA-int,ERVL-MaLR,LTR
chr12,59135953,59135974,MA1714.1,+,1.03e-06,THE1C-int,ERVL-MaLR,LTR
chr12,60606291,60606312,MA1714.1,+,1.03e-06,THE1C-int,ERVL-MaLR,LTR
chr18,62028724,62028745,MA1714.1,-,1.03e-06,THE1C-int,ERVL-MaLR,LTR
chr14,62853926,62853947,MA1714.1,+,1.03e-06,THE1D-int,ERVL-MaLR,LTR
chr8,63008956,63008977,MA1714.1,-,1.03e-06,THE1B-int,ERVL-MaLR,LTR
chr8,64164657,64164678,MA1714.1,+,1.03e-06,THE1D-int,ERVL-MaLR,LTR
chr16,64684965,64684986,MA1714.1,-,1.03e-06,THE1C-int,ERVL-MaLR,LTR
chr11,69166111,69166132,MA1714.1,-,1.03e-06,L1ME1,L1,LINE
chr13,73272523,73272544,MA1714.1,-,1.03e-06,LTR40a,ERVL,LTR
chr13,82124497,82124518,MA1714.1,-,1.03e-06,MSTA-int,ERVL-MaLR,LTR
chr2,83968002,83968023,MA1714.1,-,1.03e-06,THE1C-int,ERVL-MaLR,LTR
chr13,86031649,86031670,MA1714.1,+,1.03e-06,THE1C-int,ERVL-MaLR,LTR
chr7,92804244,92804265,MA1714.1,+,1.03e-06,THE1D-int,ERVL-MaLR,LTR
chr9,93078148,93078169,MA1714.1,-,1.03e-06,HAL1,L1,LINE
chrX,93931835,93931856,MA1714.1,-,1.03e-06,THE1C-int,ERVL-MaLR,LTR
chr5,94340205,94340226,MA1714.1,+,1.03e-06,MSTA-int,ERVL-MaLR,LTR
chr3,95144416,95144437,MA1714.1,-,1.03e-06,THE1C-int,ERVL-MaLR,LTR
chr5,106576012,106576033,MA1714.1,+,1.03e-06,THE1C-int,ERVL-MaLR,LTR
chr4,107673708,107673729,MA1714.1,+,1.03e-06,L1MEg,L1,LINE
chr9,108820798,108820819,MA1714.1,-,1.03e-06,MER52A,ERV1,LTR
chrX,109773054,109773075,MA1714.1,-,1.03e-06,L3b,CR1,LINE
chr1,110907635,110907656,MA1714.1,-,1.03e-06,Charlie1a,hAT-Charlie,DNA
chr8,112734603,112734624,MA1714.1,-,1.03e-06,THE1D-int,ERVL-MaLR,LTR
chr5,115098845,115098866,MA1714.1,-,1.03e-06,THE1D-int,ERVL-MaLR,LTR
chr8,115166285,115166306,MA1714.1,-,1.03e-06,THE1B-int,ERVL-MaLR,LTR
chr8,116022770,116022791,MA1714.1,-,1.03e-06,MSTA-int,ERVL-MaLR,LTR
chrX,116528185,116528206,MA1714.1,-,1.03e-06,MSTA-int,ERVL-MaLR,LTR
chr4,123602898,123602919,MA1714.1,+,1.03e-06,MSTA-int,ERVL-MaLR,LTR
chrX,142557112,142557133,MA1714.1,-,1.03e-06,THE1C-int,ERVL-MaLR,LTR
chrX,144241808,144241829,MA1714.1,-,1.03e-06,THE1C-int,ERVL-MaLR,LTR
chrX,145869006,145869027,MA1714.1,+,1.03e-06,THE1D-int,ERVL-MaLR,LTR
chrX,147335882,147335903,MA1714.1,+,1.03e-06,THE1C-int,ERVL-MaLR,LTR
chr7,147535327,147535348,MA1714.1,-,1.03e-06,THE1B-int,ERVL-MaLR,LTR
chr6,165227881,165227902,MA1714.1,-,1.03e-06,THE1D-int,ERVL-MaLR,LTR
chr5,168048026,168048047,MA1714.1,+,1.03e-06,MLT2D,ERVL,LTR
chr4,171675508,171675529,MA1714.1,+,1.03e-06,THE1C-int,ERVL-MaLR,LTR
chr2,5422532,5422553,MA1714.1,+,1.03e-06,L1MA9,L1,LINE
chr3,9690774,9690795,MA1714.1,-,1.03e-06,AluSz,Alu,SINE
chrX,15832937,15832958,MA1714.1,+,1.03e-06,MIRc,MIR,SINE
chr5,29258498,29258519,MA1714.1,+,1.03e-06,AluJb,Alu,SINE
chr12,29458138,29458159,MA1714.1,-,1.03e-06,AluJo,Alu,SINE
chr11,36317018,36317039,MA1714.1,-,1.03e-06,MIR,MIR,SINE
chr14,41233554,41233575,MA1714.1,-,1.03e-06,L1M5,L1,LINE
chr6,47520034,47520055,MA1714.1,-,1.03e-06,L1PB1,L1,LINE
chr8,63901227,63901248,MA1714.1,-,1.03e-06,THE1B-int,ERVL-MaLR,LTR
chr4,72750153,72750174,MA1714.1,+,1.03e-06,L1MEd,L1,LINE
chr16,72951587,72951608,MA1714.1,+,1.03e-06,L1ME4a,L1,LINE
chr17,76477673,76477694,MA1714.1,+,1.03e-06,MIR,MIR,SINE
chr10,92582489,92582510,MA1714.1,+,1.03e-06,MSTA-int,ERVL-MaLR,LTR
chr4,102786027,102786048,MA1714.1,-,1.03e-06,MER39,ERV1,LTR
chr9,105257775,105257796,MA1714.1,-,1.03e-06,L1MB7,L1,LINE
chr12,131492653,131492674,MA1714.1,+,1.03e-06,MIR,MIR,SINE
chr4,132055653,132055674,MA1714.1,+,1.03e-06,L1M4b,L1,LINE
chr10,132884412,132884433,MA1714.1,+,1.03e-06,MIRb,MIR,SINE
chrX,143034068,143034089,MA1714.1,+,1.03e-06,L1M3,L1,LINE
chr5,167819883,167819904,MA1714.1,+,1.03e-06,HAL1,L1,LINE
chr1,188760260,188760281,MA1714.1,+,1.03e-06,L1PA16,L1,LINE
chr1,194035450,194035471,MA1714.1,-,1.03e-06,L1MEe,L1,LINE
chr20,1933068,1933089,MA1714.1,+,1.04e-06,MIR,MIR,SINE
chr11,4789808,4789829,MA1714.1,+,1.04e-06,MIR,MIR,SINE
chr12,5206725,5206746,MA1714.1,+,1.04e-06,MIRb,MIR,SINE
chr18,9177362,9177383,MA1714.1,-,1.04e-06,L1MDa,L1,LINE
chr3,13067599,13067620,MA1714.1,+,1.04e-06,LTR33,ERVL,LTR
chr10,13928690,13928711,MA1714.1,-,1.04e-06,AluJr,Alu,SINE
chr5,21957110,21957131,MA1714.1,-,1.04e-06,L1PA14,L1,LINE
chr10,38194946,38194967,MA1714.1,-,1.04e-06,L1ME2,L1,LINE
chr9,42329011,42329032,MA1714.1,-,1.04e-06,MER11A,ERVK,LTR
chr9,43172806,43172827,MA1714.1,+,1.04e-06,MER11A,ERVK,LTR
chr9,44157797,44157818,MA1714.1,+,1.04e-06,MER11A,ERVK,LTR
chr1,44789372,44789393,MA1714.1,-,1.04e-06,MIR,MIR,SINE
chr1,45550955,45550976,MA1714.1,-,1.04e-06,MSTA-int,ERVL-MaLR,LTR
chrX,48537933,48537954,MA1714.1,+,1.04e-06,AluJb,Alu,SINE
chr3,49434481,49434502,MA1714.1,+,1.04e-06,AluJb,Alu,SINE
chrX,64312845,64312866,MA1714.1,+,1.04e-06,MSTA-int,ERVL-MaLR,LTR
chr5,69262958,69262979,MA1714.1,-,1.04e-06,L1PA14,L1,LINE
chr5,69446849,69446870,MA1714.1,+,1.04e-06,L1PA14,L1,LINE
chr14,69759763,69759784,MA1714.1,-,1.04e-06,MIRb,MIR,SINE
chr5,70138029,70138050,MA1714.1,-,1.04e-06,L1PA14,L1,LINE
chr5,70447164,70447185,MA1714.1,+,1.04e-06,L1PA14,L1,LINE
chr9,70724215,70724236,MA1714.1,-,1.04e-06,MER11A,ERVK,LTR
chr5,72010504,72010525,MA1714.1,+,1.04e-06,MIRb,MIR,SINE
chr2,74144228,74144249,MA1714.1,+,1.04e-06,AluJr,Alu,SINE
chr12,85921258,85921279,MA1714.1,+,1.04e-06,MSTA-int,ERVL-MaLR,LTR
chr5,92330165,92330186,MA1714.1,-,1.04e-06,L1MEg,L1,LINE
chr11,92751660,92751681,MA1714.1,-,1.04e-06,MSTC-int,ERVL-MaLR,LTR
chrX,93963783,93963804,MA1714.1,-,1.04e-06,THE1A-int,ERVL-MaLR,LTR
chr15,100779050,100779071,MA1714.1,+,1.04e-06,AluSz,Alu,SINE
chr12,102808159,102808180,MA1714.1,-,1.04e-06,MIR,MIR,SINE
chr14,105566357,105566378,MA1714.1,+,1.04e-06,MLT1J,ERVL-MaLR,LTR
chr12,112876854,112876875,MA1714.1,-,1.04e-06,MIR,MIR,SINE
chr3,114927412,114927433,MA1714.1,-,1.04e-06,AluJb,Alu,SINE
chr3,132729422,132729443,MA1714.1,+,1.04e-06,MSTA-int,ERVL-MaLR,LTR
chr9,136095487,136095508,MA1714.1,+,1.04e-06,L1MB7,L1,LINE
chr2,183579994,183580015,MA1714.1,+,1.04e-06,MIR,MIR,SINE
chr2,201127396,201127417,MA1714.1,+,1.04e-06,MSTA-int,ERVL-MaLR,LTR
chr2,5572364,5572385,MA1714.1,-,1.05e-06,L1ME3B,L1,LINE
chr2,10148570,10148591,MA1714.1,-,1.05e-06,L1M4,L1,LINE
chr10,19335501,19335522,MA1714.1,+,1.05e-06,L1MA9,L1,LINE
chr20,29805482,29805503,MA1714.1,+,1.05e-06,(GAATG)n,Satellite,Satellite
chr1,37223821,37223842,MA1714.1,-,1.05e-06,MIR,MIR,SINE
chr6,39936935,39936956,MA1714.1,+,1.05e-06,L1MDa,L1,LINE
chrX,63492541,63492562,MA1714.1,+,1.05e-06,L1M4c,L1,LINE
chr5,64734864,64734885,MA1714.1,+,1.05e-06,L1MEb,L1,LINE
chr10,71310360,71310381,MA1714.1,+,1.05e-06,L1MEc,L1,LINE
chrX,72782454,72782475,MA1714.1,+,1.05e-06,MIR,MIR,SINE
chr6,77342258,77342279,MA1714.1,+,1.05e-06,L1MA10,L1,LINE
chr13,77765259,77765280,MA1714.1,+,1.05e-06,MIRc,MIR,SINE
chr2,86284709,86284730,MA1714.1,+,1.05e-06,L1MB7,L1,LINE
chrX,86676877,86676898,MA1714.1,-,1.05e-06,L1MB3,L1,LINE
chr3,95833307,95833328,MA1714.1,-,1.05e-06,L1MB8,L1,LINE
chr14,98055462,98055483,MA1714.1,-,1.05e-06,MSTB-int,ERVL-MaLR,LTR
chr7,103843996,103844017,MA1714.1,-,1.05e-06,MIR,MIR,SINE
chr12,116038530,116038551,MA1714.1,+,1.05e-06,MIR,MIR,SINE
chr11,117501666,117501687,MA1714.1,+,1.05e-06,MIR,MIR,SINE
chr11,121600993,121601014,MA1714.1,-,1.05e-06,L1MC4,L1,LINE
chr8,138894736,138894757,MA1714.1,+,1.05e-06,THE1B-int,ERVL-MaLR,LTR
chr7,154198492,154198513,MA1714.1,+,1.05e-06,THE1B-int,ERVL-MaLR,LTR
chr7,156664305,156664326,MA1714.1,+,1.05e-06,L1MB1,L1,LINE
chr17,7282715,7282736,MA1714.1,+,1.06e-06,L1MEd,L1,LINE
chr17,8593715,8593736,MA1714.1,-,1.06e-06,L1ME4a,L1,LINE
chr6,10927258,10927279,MA1714.1,-,1.06e-06,AluSz6,Alu,SINE
chr11,17136831,17136852,MA1714.1,+,1.06e-06,AluJb,Alu,SINE
chr22,30049018,30049039,MA1714.1,-,1.06e-06,FRAM,Alu,SINE
chr8,31831753,31831774,MA1714.1,-,1.06e-06,AluJr,Alu,SINE
chr13,32216077,32216098,MA1714.1,+,1.06e-06,L1MA9,L1,LINE
chr11,38034262,38034283,MA1714.1,-,1.06e-06,L1MCa,L1,LINE
chr20,49018514,49018535,MA1714.1,-,1.06e-06,MIRb,MIR,SINE
chr7,57409193,57409214,MA1714.1,+,1.06e-06,MIRb,MIR,SINE
chr7,65455847,65455868,MA1714.1,+,1.06e-06,AluSx1,Alu,SINE
chr17,66448457,66448478,MA1714.1,+,1.06e-06,AluSz,Alu,SINE
chr15,71297244,71297265,MA1714.1,+,1.06e-06,L1PA13,L1,LINE
chrX,76497837,76497858,MA1714.1,+,1.06e-06,L1PREC2,L1,LINE
chr9,85219212,85219233,MA1714.1,+,1.06e-06,L3,CR1,LINE
chr10,87772983,87773004,MA1714.1,+,1.06e-06,ERVL-E-int,ERVL,LTR
chr6,96790135,96790156,MA1714.1,-,1.06e-06,THE1A-int,ERVL-MaLR,LTR
chr7,105647645,105647666,MA1714.1,-,1.06e-06,THE1B-int,ERVL-MaLR,LTR
chr7,105915993,105916014,MA1714.1,+,1.06e-06,MIR,MIR,SINE
chr1,105994017,105994038,MA1714.1,+,1.06e-06,L1ME1,L1,LINE
chr11,113573366,113573387,MA1714.1,+,1.06e-06,THE1C-int,ERVL-MaLR,LTR
chr11,127057182,127057203,MA1714.1,-,1.06e-06,MIRc,MIR,SINE
chr3,146573179,146573200,MA1714.1,+,1.06e-06,LTR81A,Gypsy,LTR
chr2,196845562,196845583,MA1714.1,+,1.06e-06,L1MA3,L1,LINE
chr7,8864436,8864457,MA1714.1,-,1.07e-06,HAL1,L1,LINE
chr10,10136014,10136035,MA1714.1,+,1.07e-06,MIR,MIR,SINE
chr5,12809467,12809488,MA1714.1,+,1.07e-06,MLT1A0,ERVL-MaLR,LTR
chr12,17256985,17257006,MA1714.1,+,1.07e-06,L1M4,L1,LINE
chr11,22817988,22818009,MA1714.1,-,1.07e-06,HAL1,L1,LINE
chr10,22979606,22979627,MA1714.1,-,1.07e-06,MIR,MIR,SINE
chr15,24268082,24268103,MA1714.1,-,1.07e-06,MER83,ERV1,LTR
chr21,37604722,37604743,MA1714.1,-,1.07e-06,MLT1C,ERVL-MaLR,LTR
chr11,58713726,58713747,MA1714.1,-,1.07e-06,MIRb,MIR,SINE
chr12,67262644,67262665,MA1714.1,+,1.07e-06,CR1_Mam,CR1,LINE
chr18,74673114,74673135,MA1714.1,-,1.07e-06,L1PB1,L1,LINE
chr13,86156726,86156747,MA1714.1,-,1.07e-06,L1MA4,L1,LINE
chr6,87933690,87933711,MA1714.1,-,1.07e-06,L1MC3,L1,LINE
chr2,88909878,88909899,MA1714.1,+,1.07e-06,Charlie1a,hAT-Charlie,DNA
chr6,93226546,93226567,MA1714.1,+,1.07e-06,AluJr4,Alu,SINE
chr7,102080135,102080156,MA1714.1,+,1.07e-06,AluJr,Alu,SINE
chr10,106964042,106964063,MA1714.1,-,1.07e-06,MIRb,MIR,SINE
chr11,108512080,108512101,MA1714.1,+,1.07e-06,LTR29,ERV1,LTR
chr8,116737727,116737748,MA1714.1,-,1.07e-06,MIR,MIR,SINE
chrX,126685408,126685429,MA1714.1,-,1.07e-06,L1MA4A,L1,LINE
chr4,148260020,148260041,MA1714.1,-,1.07e-06,MIRb,MIR,SINE
chr4,152644399,152644420,MA1714.1,-,1.07e-06,MIR,MIR,SINE
chr6,153822312,153822333,MA1714.1,+,1.07e-06,L1MEe,L1,LINE
chr6,160423347,160423368,MA1714.1,+,1.07e-06,AluJb,Alu,SINE
chr2,183067191,183067212,MA1714.1,-,1.07e-06,MIR,MIR,SINE
chr1,208511855,208511876,MA1714.1,+,1.07e-06,MIRb,MIR,SINE
chr9,280774,280795,MA1714.1,-,1.07e-06,MLT2F,ERVL,LTR
chr4,4306676,4306697,MA1714.1,+,1.07e-06,Charlie1a,hAT-Charlie,DNA
chr20,12957295,12957316,MA1714.1,+,1.07e-06,Charlie1b,hAT-Charlie,DNA
chr8,16575783,16575804,MA1714.1,-,1.07e-06,AluJr,Alu,SINE
chr20,47476898,47476919,MA1714.1,+,1.07e-06,L1MB3,L1,LINE
chrX,53133687,53133708,MA1714.1,-,1.07e-06,L1MD3,L1,LINE
chr20,56696201,56696222,MA1714.1,+,1.07e-06,L1MCa,L1,LINE
chr5,63681425,63681446,MA1714.1,+,1.07e-06,L1ME1,L1,LINE
chr3,68999320,68999341,MA1714.1,-,1.07e-06,MIR,MIR,SINE
chr5,84479509,84479530,MA1714.1,+,1.07e-06,L1MB5,L1,LINE
chr13,87238652,87238673,MA1714.1,+,1.07e-06,MSTA-int,ERVL-MaLR,LTR
chr13,96288765,96288786,MA1714.1,+,1.07e-06,AluSx,Alu,SINE
chr5,132882382,132882403,MA1714.1,+,1.07e-06,MSTB2-int,ERVL-MaLR,LTR
chr2,150665873,150665894,MA1714.1,+,1.07e-06,HAL1,L1,LINE
chr3,159394886,159394907,MA1714.1,+,1.07e-06,MER115,hAT-Tip100,DNA
chr5,178990365,178990386,MA1714.1,-,1.07e-06,MIRb,MIR,SINE
chr1,201060233,201060254,MA1714.1,+,1.07e-06,Charlie1b,hAT-Charlie,DNA
chr1,213815063,213815084,MA1714.1,-,1.07e-06,L1MD2,L1,LINE
chr1,241320976,241320997,MA1714.1,+,1.07e-06,MER58B,hAT-Charlie,DNA
chr1,245764336,245764357,MA1714.1,+,1.07e-06,MIRb,MIR,SINE
chr1,2907595,2907616,MA1714.1,-,1.08e-06,L1M5,L1,LINE
chr5,6296901,6296922,MA1714.1,+,1.08e-06,L1MC3,L1,LINE
chr3,8516077,8516098,MA1714.1,-,1.08e-06,MIRb,MIR,SINE
chrY,17223616,17223637,MA1714.1,-,1.08e-06,AluJo,Alu,SINE
chr2,25687784,25687805,MA1714.1,+,1.08e-06,L1MC3,L1,LINE
chr4,27216384,27216405,MA1714.1,+,1.08e-06,AluJb,Alu,SINE
chr1,30753450,30753471,MA1714.1,+,1.08e-06,AluJo,Alu,SINE
chr13,31300913,31300934,MA1714.1,-,1.08e-06,FLAM_A,Alu,SINE
chr19,43075067,43075088,MA1714.1,+,1.08e-06,L1MC4a,L1,LINE
chr15,49934264,49934285,MA1714.1,-,1.08e-06,L1MEg,L1,LINE
chr1,50736351,50736372,MA1714.1,+,1.08e-06,L1MEc,L1,LINE
chr7,82874166,82874187,MA1714.1,-,1.08e-06,L1MB3,L1,LINE
chr4,99763115,99763136,MA1714.1,+,1.08e-06,THE1A-int,ERVL-MaLR,LTR
chrX,110182054,110182075,MA1714.1,+,1.08e-06,MSTB1-int,ERVL-MaLR,LTR
chr1,145544307,145544328,MA1714.1,+,1.08e-06,MIRb,MIR,SINE
chr4,161728375,161728396,MA1714.1,+,1.08e-06,L2a,L2,LINE
chr2,181034565,181034586,MA1714.1,-,1.08e-06,THE1D-int,ERVL-MaLR,LTR
chr2,189329461,189329482,MA1714.1,-,1.08e-06,L1MA2,L1,LINE
chr1,214750332,214750353,MA1714.1,+,1.08e-06,THE1A-int,ERVL-MaLR,LTR
chr5,1353468,1353489,MA1714.1,-,1.09e-06,L1MEf,L1,LINE
chr5,14141411,14141432,MA1714.1,-,1.09e-06,L1MC3,L1,LINE
chr6,14561576,14561597,MA1714.1,+,1.09e-06,L3,CR1,LINE
chr11,14643485,14643506,MA1714.1,-,1.09e-06,MIR,MIR,SINE
chr4,26758234,26758255,MA1714.1,+,1.09e-06,MIRc,MIR,SINE
chrX,27579083,27579104,MA1714.1,-,1.09e-06,ERV3-16A3_I-int,ERVL,LTR
chr8,30681472,30681493,MA1714.1,-,1.09e-06,L1MA6,L1,LINE
chr11,37640440,37640461,MA1714.1,+,1.09e-06,MSTA-int,ERVL-MaLR,LTR
chr22,39687430,39687451,MA1714.1,+,1.09e-06,MIRb,MIR,SINE
chr10,43151002,43151023,MA1714.1,+,1.09e-06,AluSx1,Alu,SINE
chr16,48743812,48743833,MA1714.1,+,1.09e-06,Tigger1,TcMar-Tigger,DNA
chr17,53336030,53336051,MA1714.1,-,1.09e-06,MIRc,MIR,SINE
chr3,64316409,64316430,MA1714.1,-,1.09e-06,MIR,MIR,SINE
chrX,65772302,65772323,MA1714.1,-,1.09e-06,L1PA8,L1,LINE
chr5,71399234,71399255,MA1714.1,+,1.09e-06,L1MC5,L1,LINE
chr11,76920257,76920278,MA1714.1,-,1.09e-06,MIRb,MIR,SINE
chr9,79915615,79915636,MA1714.1,+,1.09e-06,AluJb,Alu,SINE
chr8,120699596,120699617,MA1714.1,+,1.09e-06,MER65C,ERV1,LTR
chr11,122810226,122810247,MA1714.1,-,1.09e-06,HAL1,L1,LINE
chr7,125298824,125298845,MA1714.1,-,1.09e-06,L1MA8,L1,LINE
chr3,180094400,180094421,MA1714.1,+,1.09e-06,MIR,MIR,SINE
chr1,210876145,210876166,MA1714.1,-,1.09e-06,HAL1,L1,LINE
chr17,281983,282004,MA1714.1,-,1.1e-06,L1ME1,L1,LINE
chr1,12210248,12210269,MA1714.1,-,1.1e-06,MIR,MIR,SINE
chr11,19101801,19101822,MA1714.1,-,1.1e-06,MIRc,MIR,SINE
chr10,19728723,19728744,MA1714.1,-,1.1e-06,L1ME5,L1,LINE
chr19,22117247,22117268,MA1714.1,-,1.1e-06,BSR/Beta,Satellite,Satellite
chr8,28454808,28454829,MA1714.1,-,1.1e-06,LTR85b,Gypsy,LTR
chr9,34914376,34914397,MA1714.1,-,1.1e-06,L1M6,L1,LINE
chr10,35782694,35782715,MA1714.1,+,1.1e-06,MIRb,MIR,SINE
chr12,45548965,45548986,MA1714.1,+,1.1e-06,SATR1,Satellite,Satellite
chr10,48352247,48352268,MA1714.1,+,1.1e-06,THE1C-int,ERVL-MaLR,LTR
chr7,49051786,49051807,MA1714.1,+,1.1e-06,L1MEf,L1,LINE
chr12,58861197,58861218,MA1714.1,-,1.1e-06,MSTA-int,ERVL-MaLR,LTR
chr5,66268918,66268939,MA1714.1,-,1.1e-06,L1MC4,L1,LINE
chr5,67248106,67248127,MA1714.1,+,1.1e-06,LTR67B,ERVL,LTR
chr10,73538441,73538462,MA1714.1,+,1.1e-06,MIRb,MIR,SINE
chr17,78986498,78986519,MA1714.1,+,1.1e-06,MSTB-int,ERVL-MaLR,LTR
chr7,79690373,79690394,MA1714.1,-,1.1e-06,AluSz,Alu,SINE
chr10,83516778,83516799,MA1714.1,+,1.1e-06,MER39B,ERV1,LTR
chr16,84884489,84884510,MA1714.1,-,1.1e-06,MLT1L,ERVL-MaLR,LTR
chr14,104239584,104239605,MA1714.1,+,1.1e-06,L1MEd,L1,LINE
chr12,121021809,121021830,MA1714.1,+,1.1e-06,MIR,MIR,SINE
chr5,142921526,142921547,MA1714.1,-,1.1e-06,MIRb,MIR,SINE
chr2,221278360,221278381,MA1714.1,-,1.1e-06,L1MEc,L1,LINE
chr2,242462222,242462243,MA1714.1,-,1.1e-06,MIR,MIR,SINE
chr10,6032381,6032402,MA1714.1,+,1.11e-06,MLT1J,ERVL-MaLR,LTR
chr19,6879819,6879840,MA1714.1,+,1.11e-06,AluJo,Alu,SINE
chr1,38010015,38010036,MA1714.1,+,1.11e-06,AluSg4,Alu,SINE
chr4,39661326,39661347,MA1714.1,+,1.11e-06,AluJo,Alu,SINE
chr6,40561616,40561637,MA1714.1,+,1.11e-06,MIR,MIR,SINE
chr8,49794731,49794752,MA1714.1,-,1.11e-06,L1MDa,L1,LINE
chr7,50670604,50670625,MA1714.1,+,1.11e-06,L1MC5,L1,LINE
chr2,57253163,57253184,MA1714.1,-,1.11e-06,THE1B-int,ERVL-MaLR,LTR
chr12,62139576,62139597,MA1714.1,+,1.11e-06,MLT1E2,ERVL-MaLR,LTR
chr3,64004064,64004085,MA1714.1,-,1.11e-06,MER58C,hAT-Charlie,DNA
chr14,65201765,65201786,MA1714.1,-,1.11e-06,Tigger15a,TcMar-Tigger,DNA
chr11,66548614,66548635,MA1714.1,-,1.11e-06,L1MEf,L1,LINE
chr1,74229284,74229305,MA1714.1,+,1.11e-06,AluJr,Alu,SINE
chrX,82291316,82291337,MA1714.1,+,1.11e-06,L1M2,L1,LINE
chr2,100100239,100100260,MA1714.1,+,1.11e-06,MIR3,MIR,SINE
chrX,102614445,102614466,MA1714.1,-,1.11e-06,LTR88b,Gypsy,LTR
chr7,147622949,147622970,MA1714.1,-,1.11e-06,L1MC1,L1,LINE
chr1,213931889,213931910,MA1714.1,+,1.11e-06,AluSx,Alu,SINE
chr2,220724265,220724286,MA1714.1,-,1.11e-06,L1MC4,L1,LINE
chrY,5422573,5422594,MA1714.1,+,1.11e-06,THE1B-int,ERVL-MaLR,LTR
chr19,9980196,9980217,MA1714.1,+,1.11e-06,MIR,MIR,SINE
chr4,14800684,14800705,MA1714.1,-,1.11e-06,MSTA-int,ERVL-MaLR,LTR
chr1,15419206,15419227,MA1714.1,-,1.11e-06,AluSz,Alu,SINE
chr21,17110013,17110034,MA1714.1,-,1.11e-06,L1M5,L1,LINE
chr1,17383539,17383560,MA1714.1,-,1.11e-06,MIRc,MIR,SINE
chr13,19351821,19351842,MA1714.1,-,1.11e-06,MSTA-int,ERVL-MaLR,LTR
chr11,22150527,22150548,MA1714.1,-,1.11e-06,THE1B-int,ERVL-MaLR,LTR
chr14,23179717,23179738,MA1714.1,-,1.11e-06,SATR1,Satellite,Satellite
chr21,23379582,23379603,MA1714.1,-,1.11e-06,MLT1A1-int,ERVL-MaLR,LTR
chr21,23709043,23709064,MA1714.1,+,1.11e-06,THE1D-int,ERVL-MaLR,LTR
chr16,24375655,24375676,MA1714.1,-,1.11e-06,MIRb,MIR,SINE
chr7,25430637,25430658,MA1714.1,-,1.11e-06,MIR,MIR,SINE
chr11,28836630,28836651,MA1714.1,-,1.11e-06,LTR78B,ERV1,LTR
chr9,42449097,42449118,MA1714.1,+,1.11e-06,MSTA-int,ERVL-MaLR,LTR
chr9,43052784,43052805,MA1714.1,-,1.11e-06,MSTA-int,ERVL-MaLR,LTR
chr5,55801686,55801707,MA1714.1,-,1.11e-06,MIR,MIR,SINE
chr11,56606587,56606608,MA1714.1,-,1.11e-06,THE1C-int,ERVL-MaLR,LTR
chr12,69230291,69230312,MA1714.1,-,1.11e-06,HAL1,L1,LINE
chr9,69462731,69462752,MA1714.1,+,1.11e-06,MSTA-int,ERVL-MaLR,LTR
chr1,70124622,70124643,MA1714.1,-,1.11e-06,LTR33,ERVL,LTR
chr8,71780842,71780863,MA1714.1,-,1.11e-06,THE1B-int,ERVL-MaLR,LTR
chr12,74953700,74953721,MA1714.1,-,1.11e-06,THE1D-int,ERVL-MaLR,LTR
chr2,75905271,75905292,MA1714.1,+,1.11e-06,MIRc,MIR,SINE
chr5,81922395,81922416,MA1714.1,+,1.11e-06,THE1B-int,ERVL-MaLR,LTR
chr11,87241609,87241630,MA1714.1,+,1.11e-06,LTR24,ERV1,LTR
chr9,91533943,91533964,MA1714.1,-,1.11e-06,THE1B-int,ERVL-MaLR,LTR
chrX,91696396,91696417,MA1714.1,+,1.11e-06,THE1B-int,ERVL-MaLR,LTR
chr15,96244109,96244130,MA1714.1,-,1.11e-06,THE1B-int,ERVL-MaLR,LTR
chrX,116068301,116068322,MA1714.1,+,1.11e-06,THE1B-int,ERVL-MaLR,LTR
chr7,119129591,119129612,MA1714.1,-,1.11e-06,MSTA-int,ERVL-MaLR,LTR
chr10,122548458,122548479,MA1714.1,+,1.11e-06,MIR,MIR,SINE
chr4,125503154,125503175,MA1714.1,-,1.11e-06,MSTA-int,ERVL-MaLR,LTR
chr8,133639953,133639974,MA1714.1,-,1.11e-06,LTR78B,ERV1,LTR
chr4,145364038,145364059,MA1714.1,-,1.11e-06,MSTA-int,ERVL-MaLR,LTR
chrX,151440191,151440212,MA1714.1,+,1.11e-06,THE1C-int,ERVL-MaLR,LTR
chr1,204707178,204707199,MA1714.1,-,1.11e-06,HAL1,L1,LINE
chr2,231005608,231005629,MA1714.1,+,1.11e-06,MSTA-int,ERVL-MaLR,LTR
chr8,1743315,1743336,MA1714.1,-,1.12e-06,HAL1,L1,LINE
chr6_qbl_hap6,3979232,3979253,MA1714.1,-,1.12e-06,MSTC-int,ERVL-MaLR,LTR
chr6_dbb_hap3,4029683,4029704,MA1714.1,-,1.12e-06,MSTC-int,ERVL-MaLR,LTR
chr6_apd_hap1,4035390,4035411,MA1714.1,-,1.12e-06,MSTC-int,ERVL-MaLR,LTR
chr6_mcf_hap5,4084313,4084334,MA1714.1,-,1.12e-06,MSTC-int,ERVL-MaLR,LTR
chr6_ssto_hap7,4178788,4178809,MA1714.1,-,1.12e-06,MSTC-int,ERVL-MaLR,LTR
chr6_cox_hap2,4193025,4193046,MA1714.1,-,1.12e-06,MSTC-int,ERVL-MaLR,LTR
chr6_mann_hap4,4204307,4204328,MA1714.1,-,1.12e-06,MSTC-int,ERVL-MaLR,LTR
chr12,10237943,10237964,MA1714.1,+,1.12e-06,L1PBa,L1,LINE
chr18,14267109,14267130,MA1714.1,+,1.12e-06,MSTA-int,ERVL-MaLR,LTR
chr18,14286697,14286718,MA1714.1,+,1.12e-06,MSTA-int,ERVL-MaLR,LTR
chr18,14306207,14306228,MA1714.1,+,1.12e-06,MSTA-int,ERVL-MaLR,LTR
chr18,14322348,14322369,MA1714.1,+,1.12e-06,MSTA-int,ERVL-MaLR,LTR
chr21,15235728,15235749,MA1714.1,-,1.12e-06,MSTA-int,ERVL-MaLR,LTR
chr21,15255051,15255072,MA1714.1,-,1.12e-06,MSTA-int,ERVL-MaLR,LTR
chr13,19332521,19332542,MA1714.1,-,1.12e-06,MSTA-int,ERVL-MaLR,LTR
chr13,19368228,19368249,MA1714.1,-,1.12e-06,MSTA-int,ERVL-MaLR,LTR
chr19,28073411,28073432,MA1714.1,+,1.12e-06,ALR/Alpha,centr,Satellite
chr18,28248353,28248374,MA1714.1,-,1.12e-06,THE1C-int,ERVL-MaLR,LTR
chr6,32747118,32747139,MA1714.1,-,1.12e-06,MSTC-int,ERVL-MaLR,LTR
chr17,34225003,34225024,MA1714.1,+,1.12e-06,L1MC4a,L1,LINE
chr12,38383409,38383430,MA1714.1,+,1.12e-06,ALR/Alpha,centr,Satellite
chr8,43667441,43667462,MA1714.1,+,1.12e-06,ALR/Alpha,centr,Satellite
chr7,47216364,47216385,MA1714.1,+,1.12e-06,THE1B-int,ERVL-MaLR,LTR
chr14,54452481,54452502,MA1714.1,+,1.12e-06,THE1B-int,ERVL-MaLR,LTR
chr19,55801210,55801231,MA1714.1,-,1.12e-06,L1MB7,L1,LINE
chr10,57082693,57082714,MA1714.1,+,1.12e-06,THE1B-int,ERVL-MaLR,LTR
chr18,58115862,58115883,MA1714.1,-,1.12e-06,MSTB-int,ERVL-MaLR,LTR
chr2,58336094,58336115,MA1714.1,+,1.12e-06,MIRb,MIR,SINE
chr18,60772445,60772466,MA1714.1,-,1.12e-06,MIRb,MIR,SINE
chr17,61026995,61027016,MA1714.1,+,1.12e-06,L1MB7,L1,LINE
chr6,69129772,69129793,MA1714.1,+,1.12e-06,MSTA-int,ERVL-MaLR,LTR
chr8,70605967,70605988,MA1714.1,-,1.12e-06,MIR,MIR,SINE
chr12,70978583,70978604,MA1714.1,+,1.12e-06,L1MEg,L1,LINE
chr13,81287265,81287286,MA1714.1,-,1.12e-06,THE1D-int,ERVL-MaLR,LTR
chr14,81677567,81677588,MA1714.1,-,1.12e-06,MER96,hAT,DNA
chr11,87945648,87945669,MA1714.1,-,1.12e-06,MSTA-int,ERVL-MaLR,LTR
chr16,89138072,89138093,MA1714.1,-,1.12e-06,MIR,MIR,SINE
chr3,94700639,94700660,MA1714.1,-,1.12e-06,L1MC3,L1,LINE
chr2,95439347,95439368,MA1714.1,-,1.12e-06,MSTA-int,ERVL-MaLR,LTR
chr13,96640371,96640392,MA1714.1,+,1.12e-06,LTR33,ERVL,LTR
chr9,105310387,105310408,MA1714.1,+,1.12e-06,THE1C-int,ERVL-MaLR,LTR
chr6,107187486,107187507,MA1714.1,+,1.12e-06,MamGypLTR2c,Gypsy,LTR
chr6,111666467,111666488,MA1714.1,+,1.12e-06,L1M6,L1,LINE
chr1,121330549,121330570,MA1714.1,+,1.12e-06,L1MD2,L1,LINE
chrX,128897865,128897886,MA1714.1,+,1.12e-06,L1M5,L1,LINE
chr8,130819900,130819921,MA1714.1,+,1.12e-06,MSTB-int,ERVL-MaLR,LTR
chr1,142675014,142675035,MA1714.1,-,1.12e-06,MSTA-int,ERVL-MaLR,LTR
chr1,143171485,143171506,MA1714.1,-,1.12e-06,MSTA-int,ERVL-MaLR,LTR
chr1,143416441,143416462,MA1714.1,+,1.12e-06,MSTA-int,ERVL-MaLR,LTR
chr7,145431805,145431826,MA1714.1,-,1.12e-06,MIR,MIR,SINE
chr7,146692072,146692093,MA1714.1,-,1.12e-06,L1MA8,L1,LINE
chr6,159318224,159318245,MA1714.1,+,1.12e-06,AluSg7,Alu,SINE
chr1,176693165,176693186,MA1714.1,-,1.12e-06,MIRc,MIR,SINE
chr10,11403260,11403281,MA1714.1,-,1.13e-06,MER47A,TcMar-Tigger,DNA
chr9,13261148,13261169,MA1714.1,+,1.13e-06,MLT1M,ERVL-MaLR,LTR
chr2,17020743,17020764,MA1714.1,+,1.13e-06,L1MEg1,L1,LINE
chr18,18673384,18673405,MA1714.1,-,1.13e-06,MIRb,MIR,SINE
chr4,24798094,24798115,MA1714.1,-,1.13e-06,AluJb,Alu,SINE
chr19,48784713,48784734,MA1714.1,-,1.13e-06,MLT1C,ERVL-MaLR,LTR
chrX,62989475,62989496,MA1714.1,+,1.13e-06,THE1D-int,ERVL-MaLR,LTR
chr4,77122832,77122853,MA1714.1,-,1.13e-06,MamRep434,TcMar-Tigger,DNA
chr9,83314976,83314997,MA1714.1,+,1.13e-06,Plat_L3,CR1,LINE
chr3,90038487,90038508,MA1714.1,+,1.13e-06,THE1A-int,ERVL-MaLR,LTR
chrX,102784258,102784279,MA1714.1,+,1.13e-06,L1M5,L1,LINE
chr4,159773743,159773764,MA1714.1,+,1.13e-06,MIRc,MIR,SINE
chr2,167566631,167566652,MA1714.1,-,1.13e-06,L1MB1,L1,LINE
chr1,178469925,178469946,MA1714.1,-,1.13e-06,L1M5,L1,LINE
chr1,233101188,233101209,MA1714.1,+,1.13e-06,MIRb,MIR,SINE
chr4_ctg9_hap1,482556,482577,MA1714.1,-,1.14e-06,HERV3-int,ERV1,LTR
chr3,850272,850293,MA1714.1,+,1.14e-06,MSTB-int,ERVL-MaLR,LTR
chr9,2666765,2666786,MA1714.1,+,1.14e-06,THE1B-int,ERVL-MaLR,LTR
chrY,5769956,5769977,MA1714.1,-,1.14e-06,MSTA-int,ERVL-MaLR,LTR
chr2,7121242,7121263,MA1714.1,-,1.14e-06,THE1D-int,ERVL-MaLR,LTR
chr3,20905058,20905079,MA1714.1,-,1.14e-06,THE1B-int,ERVL-MaLR,LTR
chr10,30294118,30294139,MA1714.1,-,1.14e-06,L1MA3,L1,LINE
chr18,33455672,33455693,MA1714.1,+,1.14e-06,HUERS-P3-int,ERV1,LTR
chr20,35192076,35192097,MA1714.1,+,1.14e-06,LTR85a,Gypsy,LTR
chr15,35570356,35570377,MA1714.1,+,1.14e-06,MSTB-int,ERVL-MaLR,LTR
chr7,43729341,43729362,MA1714.1,+,1.14e-06,L1MEc,L1,LINE
chr11,46245189,46245210,MA1714.1,-,1.14e-06,MIRc,MIR,SINE
chr14,46576646,46576667,MA1714.1,-,1.14e-06,MER52A,ERV1,LTR
chr12,55022145,55022166,MA1714.1,+,1.14e-06,MSTC-int,ERVL-MaLR,LTR
chr4,69770305,69770326,MA1714.1,-,1.14e-06,HERV3-int,ERV1,LTR
chr14,91880593,91880614,MA1714.1,-,1.14e-06,MIR,MIR,SINE
chrX,92040280,92040301,MA1714.1,-,1.14e-06,MSTA-int,ERVL-MaLR,LTR
chrX,94743275,94743296,MA1714.1,+,1.14e-06,HERV16-int,ERVL,LTR
chr5,95978612,95978633,MA1714.1,-,1.14e-06,MIR,MIR,SINE
chr8,104909288,104909309,MA1714.1,-,1.14e-06,ERV3-16A3_I-int,ERVL,LTR
chr9,125601810,125601831,MA1714.1,-,1.14e-06,MSTB-int,ERVL-MaLR,LTR
chr3,137632728,137632749,MA1714.1,+,1.14e-06,L1M5,L1,LINE
chr5,142598837,142598858,MA1714.1,+,1.14e-06,MIRb,MIR,SINE
chr6,155746332,155746353,MA1714.1,-,1.14e-06,L3,CR1,LINE
chr3,175945810,175945831,MA1714.1,+,1.14e-06,MSTA-int,ERVL-MaLR,LTR
chr2,232417633,232417654,MA1714.1,-,1.14e-06,L1MEd,L1,LINE
chrY,3108775,3108796,MA1714.1,-,1.15e-06,HERV3-int,ERV1,LTR
chr7,8023801,8023822,MA1714.1,-,1.15e-06,AluJo,Alu,SINE
chr11,10120508,10120529,MA1714.1,+,1.15e-06,L1M3c,L1,LINE
chr18,30797447,30797468,MA1714.1,-,1.15e-06,L1M5,L1,LINE
chr11,30957012,30957033,MA1714.1,-,1.15e-06,HERVP71A-int,ERV1,LTR
chr13,38107024,38107045,MA1714.1,+,1.15e-06,MSTD,ERVL-MaLR,LTR
chr5,45345365,45345386,MA1714.1,-,1.15e-06,THE1C-int,ERVL-MaLR,LTR
chr15,51963825,51963846,MA1714.1,+,1.15e-06,LTR33,ERVL,LTR
chr15,52491928,52491949,MA1714.1,+,1.15e-06,L1MEf,L1,LINE
chr10,68340647,68340668,MA1714.1,-,1.15e-06,L1PB3,L1,LINE
chr11,75767492,75767513,MA1714.1,-,1.15e-06,L1ME2z,L1,LINE
chr12,75802989,75803010,MA1714.1,+,1.15e-06,MER30,hAT-Charlie,DNA
chr15,77191092,77191113,MA1714.1,+,1.15e-06,L1MB8,L1,LINE
chr3,78142239,78142260,MA1714.1,+,1.15e-06,THE1B-int,ERVL-MaLR,LTR
chrX,88839671,88839692,MA1714.1,-,1.15e-06,HERV3-int,ERV1,LTR
chr7,91993108,91993129,MA1714.1,-,1.15e-06,MamRep605,MamRep605,Unknown
chr9,96770506,96770527,MA1714.1,+,1.15e-06,L1MDa,L1,LINE
chr7,126149128,126149149,MA1714.1,+,1.15e-06,L3,CR1,LINE
chr4,133447562,133447583,MA1714.1,-,1.15e-06,MER65-int,ERV1,LTR
chr3,135125373,135125394,MA1714.1,-,1.15e-06,THE1A-int,ERVL-MaLR,LTR
chr2,138268673,138268694,MA1714.1,-,1.15e-06,L1MEf,L1,LINE
chr1,157867257,157867278,MA1714.1,-,1.15e-06,THE1A-int,ERVL-MaLR,LTR
chr6,165412277,165412298,MA1714.1,-,1.15e-06,MLT1A,ERVL-MaLR,LTR
chr1,198786421,198786442,MA1714.1,-,1.15e-06,MLT1H-int,ERVL-MaLR,LTR
chr5,4077095,4077116,MA1714.1,-,1.16e-06,L1M3b,L1,LINE
chr2,23956457,23956478,MA1714.1,+,1.16e-06,L2c,L2,LINE
chr3,35620227,35620248,MA1714.1,-,1.16e-06,L1M1,L1,LINE
chr18,38533505,38533526,MA1714.1,+,1.16e-06,MSTB-int,ERVL-MaLR,LTR
chr3,46375057,46375078,MA1714.1,+,1.16e-06,HERVK22-int,ERVK,LTR
chr4,48474698,48474719,MA1714.1,-,1.16e-06,L1MEd,L1,LINE
chr2,52728406,52728427,MA1714.1,+,1.16e-06,HAL1,L1,LINE
chr4,103345570,103345591,MA1714.1,+,1.16e-06,MLT1G,ERVL-MaLR,LTR
chr7,115645862,115645883,MA1714.1,+,1.16e-06,THE1B-int,ERVL-MaLR,LTR
chr3,142079880,142079901,MA1714.1,-,1.16e-06,L1ME1,L1,LINE
chr4,161141336,161141357,MA1714.1,-,1.16e-06,MSTA-int,ERVL-MaLR,LTR
chr1,168130869,168130890,MA1714.1,-,1.16e-06,L1MA5A,L1,LINE
chr3,192237768,192237789,MA1714.1,-,1.16e-06,L1MC4a,L1,LINE
chr19,11895256,11895277,MA1714.1,-,1.16e-06,L1M4c,L1,LINE
chr11,31355355,31355376,MA1714.1,-,1.16e-06,L1PA6,L1,LINE
chr2,34331215,34331236,MA1714.1,-,1.16e-06,L1MC5,L1,LINE
chr4,45015739,45015760,MA1714.1,+,1.16e-06,MIRb,MIR,SINE
chr1,48583713,48583734,MA1714.1,+,1.16e-06,L1M1,L1,LINE
chr1,64918998,64919019,MA1714.1,-,1.16e-06,MamGypLTR2c,Gypsy,LTR
chr9,69827879,69827900,MA1714.1,+,1.16e-06,MER5A1,hAT-Charlie,DNA
chr12,72246089,72246110,MA1714.1,-,1.16e-06,MSTA-int,ERVL-MaLR,LTR
chr14,74333478,74333499,MA1714.1,+,1.16e-06,MLT2B1,ERVL,LTR
chr15,98705360,98705381,MA1714.1,-,1.16e-06,MER52A,ERV1,LTR
chr11,98761673,98761694,MA1714.1,-,1.16e-06,MSTA-int,ERVL-MaLR,LTR
chr13,105365981,105366002,MA1714.1,-,1.16e-06,MSTB-int,ERVL-MaLR,LTR
chr10,108984311,108984332,MA1714.1,-,1.16e-06,THE1B-int,ERVL-MaLR,LTR
chr6,110046254,110046275,MA1714.1,+,1.16e-06,L4,RTE,LINE
chr8,110608521,110608542,MA1714.1,-,1.16e-06,L1ME5,L1,LINE
chrX,134223320,134223341,MA1714.1,+,1.16e-06,THE1C-int,ERVL-MaLR,LTR
chr8,144531273,144531294,MA1714.1,-,1.16e-06,MSTA-int,ERVL-MaLR,LTR
chr4,183805680,183805701,MA1714.1,+,1.16e-06,Charlie1a,hAT-Charlie,DNA
chr11_gl000202_random,33794,33815,MA1714.1,+,1.17e-06,L1MB7,L1,LINE
chr5,8760425,8760446,MA1714.1,+,1.17e-06,THE1B-int,ERVL-MaLR,LTR
chr11,22337609,22337630,MA1714.1,-,1.17e-06,HERV17-int,ERV1,LTR
chr4,27401544,27401565,MA1714.1,+,1.17e-06,HAL1,L1,LINE
chr15,51591501,51591522,MA1714.1,-,1.17e-06,LFSINE_Vert,SINE,SINE
chr19,51651526,51651547,MA1714.1,-,1.17e-06,L1PREC2,L1,LINE
chr19,56994355,56994376,MA1714.1,-,1.17e-06,L1M3e,L1,LINE
chr2,59169870,59169891,MA1714.1,+,1.17e-06,THE1C-int,ERVL-MaLR,LTR
chr14,62530288,62530309,MA1714.1,-,1.17e-06,MIR,MIR,SINE
chr11,69782459,69782480,MA1714.1,+,1.17e-06,L1MB7,L1,LINE
chr4,75522303,75522324,MA1714.1,+,1.17e-06,THE1B-int,ERVL-MaLR,LTR
chr2,82802408,82802429,MA1714.1,-,1.17e-06,L1MC1,L1,LINE
chr10,85500928,85500949,MA1714.1,-,1.17e-06,THE1-int,ERVL-MaLR,LTR
chr1,86026910,86026931,MA1714.1,+,1.17e-06,MIR,MIR,SINE
chr6,89697900,89697921,MA1714.1,+,1.17e-06,MIR,MIR,SINE
chr12,97424590,97424611,MA1714.1,-,1.17e-06,MER34A1,ERV1,LTR
chr13,104485903,104485924,MA1714.1,+,1.17e-06,THE1C-int,ERVL-MaLR,LTR
chr4,112344374,112344395,MA1714.1,-,1.17e-06,L1ME3,L1,LINE
chrX,126713177,126713198,MA1714.1,-,1.17e-06,L1MA2,L1,LINE
chr4,134995096,134995117,MA1714.1,-,1.17e-06,THE1C-int,ERVL-MaLR,LTR
chr4,150729330,150729351,MA1714.1,+,1.17e-06,L1MA4,L1,LINE
chr20,334797,334818,MA1714.1,-,1.18e-06,MIRb,MIR,SINE
chr9,11435817,11435838,MA1714.1,-,1.18e-06,MamGyp-int,Gypsy,LTR
chr20,14737463,14737484,MA1714.1,+,1.18e-06,THE1C,ERVL-MaLR,LTR
chr21,22271192,22271213,MA1714.1,+,1.18e-06,MLT1B,ERVL-MaLR,LTR
chr3,22322569,22322590,MA1714.1,-,1.18e-06,L1PB1,L1,LINE
chr9,23361343,23361364,MA1714.1,-,1.18e-06,THE1B-int,ERVL-MaLR,LTR
chr15,31304999,31305020,MA1714.1,-,1.18e-06,L1M4,L1,LINE
chr1,33615127,33615148,MA1714.1,-,1.18e-06,AluJr,Alu,SINE
chr18,43721569,43721590,MA1714.1,-,1.18e-06,AluJb,Alu,SINE
chr3,49306126,49306147,MA1714.1,-,1.18e-06,L1MD3,L1,LINE
chr7,63297346,63297367,MA1714.1,-,1.18e-06,L1PA17,L1,LINE
chr1,71310588,71310609,MA1714.1,+,1.18e-06,THE1A-int,ERVL-MaLR,LTR
chr13,75417586,75417607,MA1714.1,-,1.18e-06,MIR,MIR,SINE
chr1,77354329,77354350,MA1714.1,-,1.18e-06,L1MEe,L1,LINE
chr5,82111383,82111404,MA1714.1,+,1.18e-06,MIR,MIR,SINE
chr16,82589916,82589937,MA1714.1,-,1.18e-06,MSTA-int,ERVL-MaLR,LTR
chr14,83942428,83942449,MA1714.1,+,1.18e-06,L1MEg,L1,LINE
chr10,84355681,84355702,MA1714.1,+,1.18e-06,MIRc,MIR,SINE
chr8,107692700,107692721,MA1714.1,-,1.18e-06,HAL1,L1,LINE
chr7,108366998,108367019,MA1714.1,-,1.18e-06,LTR40a,ERVL,LTR
chr6,110213413,110213434,MA1714.1,-,1.18e-06,HERV3-int,ERV1,LTR
chr3,137234437,137234458,MA1714.1,-,1.18e-06,AluJr,Alu,SINE
chr4,154219565,154219586,MA1714.1,-,1.18e-06,MLT1B,ERVL-MaLR,LTR
chr4,157492674,157492695,MA1714.1,-,1.18e-06,MER50,ERV1,LTR
chr2,161948610,161948631,MA1714.1,-,1.18e-06,MLT1A0,ERVL-MaLR,LTR
chr1,168358657,168358678,MA1714.1,+,1.18e-06,MLT1D,ERVL-MaLR,LTR
chr1,206967596,206967617,MA1714.1,+,1.18e-06,MIRb,MIR,SINE
chr7,6129524,6129545,MA1714.1,+,1.19e-06,AluSx,Alu,SINE
chr11,9210573,9210594,MA1714.1,+,1.19e-06,THE1B-int,ERVL-MaLR,LTR
chr16,10308572,10308593,MA1714.1,-,1.19e-06,MIRb,MIR,SINE
chr3,10817387,10817408,MA1714.1,+,1.19e-06,MIRb,MIR,SINE
chr12,20814437,20814458,MA1714.1,+,1.19e-06,THE1C-int,ERVL-MaLR,LTR
chr5,25128433,25128454,MA1714.1,-,1.19e-06,L1MCc,L1,LINE
chr11,43062734,43062755,MA1714.1,-,1.19e-06,THE1A-int,ERVL-MaLR,LTR
chr20,47804213,47804234,MA1714.1,-,1.19e-06,MIR,MIR,SINE
chr17,49854974,49854995,MA1714.1,+,1.19e-06,MamRep605,MamRep605,Unknown
chr12,50102474,50102495,MA1714.1,-,1.19e-06,L2a,L2,LINE
chr7,62409044,62409065,MA1714.1,+,1.19e-06,ALR/Alpha,centr,Satellite
chr15,64265258,64265279,MA1714.1,+,1.19e-06,MLT1A0-int,ERVL-MaLR,LTR
chr15,72042760,72042781,MA1714.1,-,1.19e-06,LTR89,ERVL,LTR
chr11,75926201,75926222,MA1714.1,+,1.19e-06,MIRc,MIR,SINE
chr5,76615601,76615622,MA1714.1,+,1.19e-06,Tigger6a,TcMar-Tigger,DNA
chr2,79584055,79584076,MA1714.1,+,1.19e-06,L1MEg,L1,LINE
chr1,84803264,84803285,MA1714.1,-,1.19e-06,THE1B-int,ERVL-MaLR,LTR
chr4,84885655,84885676,MA1714.1,-,1.19e-06,HERVL18-int,ERVL,LTR
chr3,96649396,96649417,MA1714.1,-,1.19e-06,L1PA11,L1,LINE
chr14,103479066,103479087,MA1714.1,+,1.19e-06,AluSx1,Alu,SINE
chrX,103895670,103895691,MA1714.1,+,1.19e-06,MIRb,MIR,SINE
chr4,117072531,117072552,MA1714.1,-,1.19e-06,L1PA13,L1,LINE
chr10,121194651,121194672,MA1714.1,-,1.19e-06,THE1B-int,ERVL-MaLR,LTR
chr4,155630761,155630782,MA1714.1,-,1.19e-06,Tigger6a,TcMar-Tigger,DNA
chr6,156337914,156337935,MA1714.1,-,1.19e-06,Charlie19a,hAT-Charlie,DNA
chr3,157737198,157737219,MA1714.1,-,1.19e-06,LTR85a,Gypsy,LTR
chr6,169867762,169867783,MA1714.1,-,1.19e-06,THE1C-int,ERVL-MaLR,LTR
chr2,216817486,216817507,MA1714.1,-,1.19e-06,HAL1,L1,LINE
chr2,226167302,226167323,MA1714.1,+,1.19e-06,THE1B-int,ERVL-MaLR,LTR
chr1,234178989,234179010,MA1714.1,-,1.19e-06,Charlie1b,hAT-Charlie,DNA
chr22,25190437,25190458,MA1714.1,+,1.2e-06,L1MB5,L1,LINE
chr5,37439895,37439916,MA1714.1,-,1.2e-06,L1MC5,L1,LINE
chr5,42204928,42204949,MA1714.1,+,1.2e-06,L1MEc,L1,LINE
chr15,43775653,43775674,MA1714.1,+,1.2e-06,L1ME4a,L1,LINE
chr5,51898615,51898636,MA1714.1,-,1.2e-06,Charlie1a,hAT-Charlie,DNA
chr20,53495116,53495137,MA1714.1,+,1.2e-06,MIRb,MIR,SINE
chr16,60063881,60063902,MA1714.1,+,1.2e-06,MIRb,MIR,SINE
chr11,64244819,64244840,MA1714.1,-,1.2e-06,LTR78,ERV1,LTR
chr10,64593834,64593855,MA1714.1,+,1.2e-06,L1MC3,L1,LINE
chr18,65005632,65005653,MA1714.1,-,1.2e-06,HAL1-3A_ME,L1,LINE
chr2,81557336,81557357,MA1714.1,-,1.2e-06,L1M5,L1,LINE
chrX,85362695,85362716,MA1714.1,-,1.2e-06,THE1D-int,ERVL-MaLR,LTR
chr13,95386620,95386641,MA1714.1,-,1.2e-06,L1M4b,L1,LINE
chr2,99565514,99565535,MA1714.1,+,1.2e-06,L1MEc,L1,LINE
chr11,101158068,101158089,MA1714.1,-,1.2e-06,L1MB7,L1,LINE
chr4,126032837,126032858,MA1714.1,+,1.2e-06,MLT1F2,ERVL-MaLR,LTR
chr12,130760155,130760176,MA1714.1,-,1.2e-06,L1MC1,L1,LINE
chr5,158157852,158157873,MA1714.1,+,1.2e-06,MIR,MIR,SINE
chr3,174528648,174528669,MA1714.1,+,1.2e-06,MSTA-int,ERVL-MaLR,LTR
chr3,195436349,195436370,MA1714.1,+,1.2e-06,AluJr,Alu,SINE
chr11,11383728,11383749,MA1714.1,+,1.21e-06,L1MC5,L1,LINE
chr11,16128261,16128282,MA1714.1,+,1.21e-06,L1MB4,L1,LINE
chr4,20889795,20889816,MA1714.1,+,1.21e-06,L1MEf,L1,LINE
chr2,21813375,21813396,MA1714.1,-,1.21e-06,MIR3,MIR,SINE
chr11,22087200,22087221,MA1714.1,-,1.21e-06,MSTA-int,ERVL-MaLR,LTR
chr22,22229404,22229425,MA1714.1,-,1.21e-06,AluJr4,Alu,SINE
chr4,29438077,29438098,MA1714.1,-,1.21e-06,X2_LINE,CR1,LINE
chr12,50667238,50667259,MA1714.1,+,1.21e-06,MIRc,MIR,SINE
chr19,51553606,51553627,MA1714.1,-,1.21e-06,L1ME5,L1,LINE
chr17,56463219,56463240,MA1714.1,+,1.21e-06,AluJr,Alu,SINE
chr14,72391230,72391251,MA1714.1,-,1.21e-06,L1MA9,L1,LINE
chr16,85454668,85454689,MA1714.1,+,1.21e-06,MIR,MIR,SINE
chr11,96987105,96987126,MA1714.1,-,1.21e-06,AluSx1,Alu,SINE
chr2,99082972,99082993,MA1714.1,-,1.21e-06,MIRb,MIR,SINE
chrX,105392466,105392487,MA1714.1,+,1.21e-06,L1MD1,L1,LINE
chr10,109222583,109222604,MA1714.1,+,1.21e-06,L1MEc,L1,LINE
chr8,121436613,121436634,MA1714.1,+,1.21e-06,FLAM_A,Alu,SINE
chr3,122014260,122014281,MA1714.1,-,1.21e-06,LTR78,ERV1,LTR
chr10,123748521,123748542,MA1714.1,+,1.21e-06,MER50,ERV1,LTR
chrX,123950372,123950393,MA1714.1,-,1.21e-06,MamRep434,TcMar-Tigger,DNA
chr9,128576195,128576216,MA1714.1,+,1.21e-06,AluSx,Alu,SINE
chr8,144092519,144092540,MA1714.1,-,1.21e-06,MER41-int,ERV1,LTR
chrX,151264841,151264862,MA1714.1,+,1.21e-06,L1MA3,L1,LINE
chr3,173744160,173744181,MA1714.1,-,1.21e-06,AluJo,Alu,SINE
chr2,223384517,223384538,MA1714.1,-,1.21e-06,L1PA16,L1,LINE
chr3,4775333,4775354,MA1714.1,-,1.22e-06,MIRb,MIR,SINE
chr21,14837926,14837947,MA1714.1,+,1.22e-06,L1PA3,L1,LINE
chr8,20019721,20019742,MA1714.1,-,1.22e-06,MSTD-int,ERVL-MaLR,LTR
chr9,23581627,23581648,MA1714.1,-,1.22e-06,MIRb,MIR,SINE
chr6,40697872,40697893,MA1714.1,+,1.22e-06,MIRb,MIR,SINE
chr4,52684010,52684031,MA1714.1,-,1.22e-06,HERVIP10F-int,ERV1,LTR
chr15,53672428,53672449,MA1714.1,+,1.22e-06,MIRb,MIR,SINE
chr3,78129702,78129723,MA1714.1,+,1.22e-06,MER50,ERV1,LTR
chrX,83224966,83224987,MA1714.1,+,1.22e-06,L1PA10,L1,LINE
chr5,87570716,87570737,MA1714.1,-,1.22e-06,L1MEg,L1,LINE
chr3,90244627,90244648,MA1714.1,-,1.22e-06,MST-int,ERVL-MaLR,LTR
chr1,96329641,96329662,MA1714.1,+,1.22e-06,AluSq2,Alu,SINE
chr4,103467998,103468019,MA1714.1,+,1.22e-06,L1MEd,L1,LINE
chr12,110241327,110241348,MA1714.1,-,1.22e-06,AluJr,Alu,SINE
chr5,110921019,110921040,MA1714.1,-,1.22e-06,MER5A,hAT-Charlie,DNA
chrX,122795313,122795334,MA1714.1,+,1.22e-06,L1MA4A,L1,LINE
chr6,124181791,124181812,MA1714.1,-,1.22e-06,AluJb,Alu,SINE
chr6,134397699,134397720,MA1714.1,-,1.22e-06,MLT1E1A,ERVL-MaLR,LTR
chr6,145112633,145112654,MA1714.1,+,1.22e-06,FRAM,Alu,SINE
chr1,158468455,158468476,MA1714.1,-,1.22e-06,L1ME1,L1,LINE
chr4,174241353,174241374,MA1714.1,-,1.22e-06,Charlie1,hAT-Charlie,DNA
chr2,198440965,198440986,MA1714.1,-,1.22e-06,AluSx4,Alu,SINE
chr2,210923977,210923998,MA1714.1,+,1.22e-06,MLT1H,ERVL-MaLR,LTR
chr1,225746769,225746790,MA1714.1,-,1.22e-06,L1ME3A,L1,LINE
chr7,10892309,10892330,MA1714.1,+,1.23e-06,L1MC4a,L1,LINE
chr21,15983318,15983339,MA1714.1,-,1.23e-06,AluJo,Alu,SINE
chr21,24051431,24051452,MA1714.1,+,1.23e-06,LTR1D,ERV1,LTR
chr9,25870340,25870361,MA1714.1,-,1.23e-06,MSTA-int,ERVL-MaLR,LTR
chr3,27340644,27340665,MA1714.1,+,1.23e-06,THE1B-int,ERVL-MaLR,LTR
chr3,27748641,27748662,MA1714.1,-,1.23e-06,L1MEc,L1,LINE
chr15,36480035,36480056,MA1714.1,-,1.23e-06,AluJr,Alu,SINE
chr13,50807852,50807873,MA1714.1,+,1.23e-06,THE1A-int,ERVL-MaLR,LTR
chr7,51932878,51932899,MA1714.1,+,1.23e-06,MER110,ERV1,LTR
chr7,54977083,54977104,MA1714.1,+,1.23e-06,L1MEc,L1,LINE
chr19,56032257,56032278,MA1714.1,+,1.23e-06,MIR,MIR,SINE
chr15,57440535,57440556,MA1714.1,+,1.23e-06,AluJo,Alu,SINE
chr16,73438780,73438801,MA1714.1,-,1.23e-06,MIRb,MIR,SINE
chr15,75233142,75233163,MA1714.1,+,1.23e-06,MER39,ERV1,LTR
chr2,82994442,82994463,MA1714.1,+,1.23e-06,L1M2,L1,LINE
chr11,85424748,85424769,MA1714.1,+,1.23e-06,MIRb,MIR,SINE
chr1,91591052,91591073,MA1714.1,-,1.23e-06,Charlie1a,hAT-Charlie,DNA
chr14,100185901,100185922,MA1714.1,-,1.23e-06,L1MB3,L1,LINE
chr1,103002958,103002979,MA1714.1,-,1.23e-06,THE1D-int,ERVL-MaLR,LTR
chr13,104873260,104873281,MA1714.1,-,1.23e-06,L2,L2,LINE
chr6,110166282,110166303,MA1714.1,+,1.23e-06,L1PB1,L1,LINE
chr7,119682533,119682554,MA1714.1,+,1.23e-06,THE1A-int,ERVL-MaLR,LTR
chrX,153808274,153808295,MA1714.1,+,1.23e-06,MSTA-int,ERVL-MaLR,LTR
chrX,153852644,153852665,MA1714.1,-,1.23e-06,MSTA-int,ERVL-MaLR,LTR
chr1,160927640,160927661,MA1714.1,+,1.23e-06,LTR85c,Gypsy,LTR
chr2,172813645,172813666,MA1714.1,+,1.23e-06,MLT1D-int,ERVL-MaLR,LTR
chr4,179190230,179190251,MA1714.1,-,1.23e-06,THE1B-int,ERVL-MaLR,LTR
chr1,216604309,216604330,MA1714.1,-,1.23e-06,MIRc,MIR,SINE
chrX,7020025,7020046,MA1714.1,+,1.23e-06,L1MB2,L1,LINE
chr16,8195359,8195380,MA1714.1,+,1.23e-06,L1MA9,L1,LINE
chr3,13529920,13529941,MA1714.1,-,1.23e-06,L1MB5,L1,LINE
chr12,13611718,13611739,MA1714.1,+,1.23e-06,L1ME3B,L1,LINE
chr22,20943390,20943411,MA1714.1,+,1.23e-06,MIRb,MIR,SINE
chr1,23089169,23089190,MA1714.1,+,1.23e-06,MIRb,MIR,SINE
chr12,29857935,29857956,MA1714.1,+,1.23e-06,L3,CR1,LINE
chr11,42072430,42072451,MA1714.1,-,1.23e-06,LTR33,ERVL,LTR
chrX,48942043,48942064,MA1714.1,+,1.23e-06,L1MEc,L1,LINE
chr7,52236749,52236770,MA1714.1,+,1.23e-06,LTR85a,Gypsy,LTR
chr7,63902623,63902644,MA1714.1,+,1.23e-06,L1MA6,L1,LINE
chr10,65635489,65635510,MA1714.1,-,1.23e-06,L1MA9,L1,LINE
chr4,66012867,66012888,MA1714.1,-,1.23e-06,THE1B-int,ERVL-MaLR,LTR
chr5,86967971,86967992,MA1714.1,-,1.23e-06,MIR,MIR,SINE
chr12,90769930,90769951,MA1714.1,-,1.23e-06,L1PA13,L1,LINE
chr1,97630364,97630385,MA1714.1,+,1.23e-06,L1PREC2,L1,LINE
chrX,98482283,98482304,MA1714.1,+,1.23e-06,L1MD2,L1,LINE
chr6,102169359,102169380,MA1714.1,+,1.23e-06,AluJb,Alu,SINE
chr8,132821202,132821223,MA1714.1,+,1.23e-06,AluSx,Alu,SINE
chrX,146651403,146651424,MA1714.1,-,1.23e-06,MIRb,MIR,SINE
chr2,195979193,195979214,MA1714.1,+,1.23e-06,THE1D-int,ERVL-MaLR,LTR
chr3,196740246,196740267,MA1714.1,+,1.23e-06,L1MA5A,L1,LINE
chr1,205133458,205133479,MA1714.1,+,1.23e-06,AluJo,Alu,SINE
chr1,230642030,230642051,MA1714.1,+,1.23e-06,AluSz,Alu,SINE
chr17,21190286,21190307,MA1714.1,-,1.24e-06,MIRb,MIR,SINE
chr21,25805996,25806017,MA1714.1,+,1.24e-06,AluJb,Alu,SINE
chr2,28454746,28454767,MA1714.1,-,1.24e-06,AluJr4,Alu,SINE
chr20,32883989,32884010,MA1714.1,+,1.24e-06,LTR79,ERVL,LTR
chr4,34495133,34495154,MA1714.1,+,1.24e-06,THE1D-int,ERVL-MaLR,LTR
chr5,35219526,35219547,MA1714.1,+,1.24e-06,MIR,MIR,SINE
chr19,43854368,43854389,MA1714.1,+,1.24e-06,AluJb,Alu,SINE
chr19,43887389,43887410,MA1714.1,-,1.24e-06,AluSz6,Alu,SINE
chr15,65691560,65691581,MA1714.1,+,1.24e-06,AluJo,Alu,SINE
chr16,86880661,86880682,MA1714.1,-,1.24e-06,MLT1K,ERVL-MaLR,LTR
chr10,99559723,99559744,MA1714.1,-,1.24e-06,MER20B,hAT-Charlie,DNA
chr8,99871563,99871584,MA1714.1,+,1.24e-06,CR1_Mam,CR1,LINE
chr12,103460634,103460655,MA1714.1,+,1.24e-06,HERVL-int,ERVL,LTR
chr1,114656881,114656902,MA1714.1,-,1.24e-06,MER96,hAT,DNA
chr6,117990942,117990963,MA1714.1,+,1.24e-06,THE1B-int,ERVL-MaLR,LTR
chrX,122791886,122791907,MA1714.1,+,1.24e-06,L1ME1,L1,LINE
chr9,125185180,125185201,MA1714.1,-,1.24e-06,L1ME2,L1,LINE
chr8,129208730,129208751,MA1714.1,+,1.24e-06,L2c,L2,LINE
chr3,139004063,139004084,MA1714.1,+,1.24e-06,AluJr,Alu,SINE
chr6,145597930,145597951,MA1714.1,-,1.24e-06,LTR78,ERV1,LTR
chr6,164210761,164210782,MA1714.1,+,1.24e-06,L2c,L2,LINE
chr6,168752374,168752395,MA1714.1,+,1.24e-06,L1M3,L1,LINE
chr4,178599989,178600010,MA1714.1,-,1.24e-06,L2,L2,LINE
chr1,185720267,185720288,MA1714.1,-,1.24e-06,L1MEe,L1,LINE
chr3,193867071,193867092,MA1714.1,+,1.24e-06,L2c,L2,LINE
chr12,2931195,2931216,MA1714.1,-,1.25e-06,AluJr,Alu,SINE
chr17,7576040,7576061,MA1714.1,+,1.25e-06,AluJr4,Alu,SINE
chr6,9630938,9630959,MA1714.1,+,1.25e-06,MSTA-int,ERVL-MaLR,LTR
chr10,9723431,9723452,MA1714.1,+,1.25e-06,THE1B-int,ERVL-MaLR,LTR
chr1,11391284,11391305,MA1714.1,-,1.25e-06,MIRb,MIR,SINE
chr1,11391284,11391305,MA1714.1,-,1.25e-06,MIRb,MIR,SINE
chr3,12283250,12283271,MA1714.1,-,1.25e-06,HAL1,L1,LINE
chr9,18892055,18892076,MA1714.1,-,1.25e-06,MLT1D,ERVL-MaLR,LTR
chr19,19878463,19878484,MA1714.1,+,1.25e-06,L1MA9,L1,LINE
chr6,21304399,21304420,MA1714.1,+,1.25e-06,L1MB8,L1,LINE
chr11,21664533,21664554,MA1714.1,+,1.25e-06,THE1B-int,ERVL-MaLR,LTR
chr6,37349369,37349390,MA1714.1,+,1.25e-06,MamRep1161,TcMar,DNA
chr3,45811358,45811379,MA1714.1,+,1.25e-06,L1ME4a,L1,LINE
chr7,47763758,47763779,MA1714.1,+,1.25e-06,MER1B,hAT-Charlie,DNA
chr2,48404144,48404165,MA1714.1,-,1.25e-06,MSTB1-int,ERVL-MaLR,LTR
chr18,49456214,49456235,MA1714.1,+,1.25e-06,THE1B-int,ERVL-MaLR,LTR
chr1,50955956,50955977,MA1714.1,+,1.25e-06,AluSz,Alu,SINE
chr1,51297408,51297429,MA1714.1,+,1.25e-06,MLT1C,ERVL-MaLR,LTR
chr12,57502879,57502900,MA1714.1,+,1.25e-06,AluY,Alu,SINE
chrX,72259766,72259787,MA1714.1,-,1.25e-06,L1M3,L1,LINE
chr9,76844845,76844866,MA1714.1,+,1.25e-06,L1PB1,L1,LINE
chr10,97507730,97507751,MA1714.1,-,1.25e-06,AluY,Alu,SINE
chr10,99669240,99669261,MA1714.1,+,1.25e-06,MIRc,MIR,SINE
chrX,100551556,100551577,MA1714.1,+,1.25e-06,L1MA4,L1,LINE
chr10,105536899,105536920,MA1714.1,+,1.25e-06,MIRb,MIR,SINE
chr8,105587992,105588013,MA1714.1,+,1.25e-06,L1PA13,L1,LINE
chr9,109128237,109128258,MA1714.1,-,1.25e-06,MLT1A1-int,ERVL-MaLR,LTR
chr8,125293696,125293717,MA1714.1,-,1.25e-06,THE1C,ERVL-MaLR,LTR
chr4,145840046,145840067,MA1714.1,-,1.25e-06,L1MEd,L1,LINE
chr4,156746769,156746790,MA1714.1,-,1.25e-06,L1MC2,L1,LINE
chr1,174496982,174497003,MA1714.1,-,1.25e-06,L1MA4A,L1,LINE
chr1,197770754,197770775,MA1714.1,+,1.25e-06,MER52D,ERV1,LTR
chr2,204819236,204819257,MA1714.1,+,1.25e-06,AluJr4,Alu,SINE
chr2,213737653,213737674,MA1714.1,+,1.25e-06,Tigger4,TcMar-Tigger,DNA
chr12,21280788,21280809,MA1714.1,-,1.26e-06,L2a,L2,LINE
chr15,26944441,26944462,MA1714.1,+,1.26e-06,L1ME2,L1,LINE
chr14,28274251,28274272,MA1714.1,+,1.26e-06,THE1B-int,ERVL-MaLR,LTR
chr8,34336890,34336911,MA1714.1,-,1.26e-06,MSTA-int,ERVL-MaLR,LTR
chr15,47356181,47356202,MA1714.1,+,1.26e-06,L1MEf,L1,LINE
chr10,55504645,55504666,MA1714.1,-,1.26e-06,MSTA-int,ERVL-MaLR,LTR
chr5,63355503,63355524,MA1714.1,+,1.26e-06,THE1C-int,ERVL-MaLR,LTR
chr5,65609355,65609376,MA1714.1,+,1.26e-06,L1MEd,L1,LINE
chr8,70612370,70612391,MA1714.1,+,1.26e-06,HAL1,L1,LINE
chr10,73451854,73451875,MA1714.1,-,1.26e-06,MIR,MIR,SINE
chr9,76393376,76393397,MA1714.1,-,1.26e-06,MLT1G-int,ERVL-MaLR,LTR
chr4,81292420,81292441,MA1714.1,-,1.26e-06,MSTA-int,ERVL-MaLR,LTR
chr5,93678404,93678425,MA1714.1,+,1.26e-06,L1ME3B,L1,LINE
chr3,97844948,97844969,MA1714.1,-,1.26e-06,ERVL-B4-int,ERVL,LTR
chr3,97919856,97919877,MA1714.1,-,1.26e-06,ERVL-B4-int,ERVL,LTR
chr12,106358949,106358970,MA1714.1,-,1.26e-06,ERVL-B4-int,ERVL,LTR
chr6,112411037,112411058,MA1714.1,+,1.26e-06,HAL1b,L1,LINE
chr2,117015698,117015719,MA1714.1,-,1.26e-06,THE1C-int,ERVL-MaLR,LTR
chr3,124588856,124588877,MA1714.1,-,1.26e-06,MIRb,MIR,SINE
chr3,134457448,134457469,MA1714.1,+,1.26e-06,L1PB1,L1,LINE
chr4,169285170,169285191,MA1714.1,+,1.26e-06,AluJr,Alu,SINE
chr1,173205831,173205852,MA1714.1,+,1.26e-06,L1MA5A,L1,LINE
chr9,38759,38780,MA1714.1,+,1.27e-06,MLT1E1A-int,ERVL-MaLR,LTR
chr1,38977,38998,MA1714.1,+,1.27e-06,MLT1E1A-int,ERVL-MaLR,LTR
chr12,64691,64712,MA1714.1,-,1.27e-06,MLT1E1A-int,ERVL-MaLR,LTR
chr19,80586,80607,MA1714.1,+,1.27e-06,MLT1F2-int,ERVL-MaLR,LTR
chr12,152303,152324,MA1714.1,+,1.27e-06,MLT1E1A-int,ERVL-MaLR,LTR
chr6,5830973,5830994,MA1714.1,+,1.27e-06,MIRb,MIR,SINE
chr5,11297815,11297836,MA1714.1,+,1.27e-06,Charlie1,hAT-Charlie,DNA
chr1,14956934,14956955,MA1714.1,+,1.27e-06,AluJo,Alu,SINE
chr5,23948137,23948158,MA1714.1,-,1.27e-06,L1MB5,L1,LINE
chr19,36013837,36013858,MA1714.1,+,1.27e-06,MIR,MIR,SINE
chr20,57810065,57810086,MA1714.1,-,1.27e-06,L1MC3,L1,LINE
chr6,69568727,69568748,MA1714.1,-,1.27e-06,THE1B-int,ERVL-MaLR,LTR
chr18,70852134,70852155,MA1714.1,+,1.27e-06,MLT1J,ERVL-MaLR,LTR
chr9,76022817,76022838,MA1714.1,+,1.27e-06,L1MB2,L1,LINE
chr14,77897256,77897277,MA1714.1,+,1.27e-06,L1MA9,L1,LINE
chr12,87037449,87037470,MA1714.1,+,1.27e-06,L1MB7,L1,LINE
chr5,87477657,87477678,MA1714.1,-,1.27e-06,L1M5,L1,LINE
chr3,89649888,89649909,MA1714.1,-,1.27e-06,ERVL-E-int,ERVL,LTR
chr4,97403271,97403292,MA1714.1,-,1.27e-06,L1MA3,L1,LINE
chr15,102492170,102492191,MA1714.1,-,1.27e-06,MLT1F2-int,ERVL-MaLR,LTR
chr2,114332032,114332053,MA1714.1,-,1.27e-06,MLT1E1A-int,ERVL-MaLR,LTR
chr3,130615634,130615655,MA1714.1,+,1.27e-06,MIRb,MIR,SINE
chr3,152096047,152096068,MA1714.1,+,1.27e-06,AluJr,Alu,SINE
chr3,155123794,155123815,MA1714.1,+,1.27e-06,LTR24C,ERV1,LTR
chr17_ctg5_hap1,1003670,1003691,MA1714.1,+,1.28e-06,MIRb,MIR,SINE
chr3,13211566,13211587,MA1714.1,+,1.28e-06,THE1B-int,ERVL-MaLR,LTR
chr12,13592034,13592055,MA1714.1,-,1.28e-06,THE1D-int,ERVL-MaLR,LTR
chrY,14622137,14622158,MA1714.1,+,1.28e-06,AluSx,Alu,SINE
chr19,16259791,16259812,MA1714.1,+,1.28e-06,MIR,MIR,SINE
chr4,19799249,19799270,MA1714.1,+,1.28e-06,L1PA8A,L1,LINE
chr18,23424837,23424858,MA1714.1,-,1.28e-06,Plat_L3,CR1,LINE
chr3,36174810,36174831,MA1714.1,+,1.28e-06,MER52-int,ERV1,LTR
chr17,43863835,43863856,MA1714.1,-,1.28e-06,MIRb,MIR,SINE
chr12,55037368,55037389,MA1714.1,+,1.28e-06,MLT1J1,ERVL-MaLR,LTR
chr2,55466515,55466536,MA1714.1,+,1.28e-06,L1MC4,L1,LINE
chr5,65957086,65957107,MA1714.1,-,1.28e-06,MLT1J,ERVL-MaLR,LTR
chr1,67166451,67166472,MA1714.1,-,1.28e-06,L1MA5,L1,LINE
chr16,69346953,69346974,MA1714.1,-,1.28e-06,AluSx1,Alu,SINE
chr1,74015995,74016016,MA1714.1,-,1.28e-06,THE1B-int,ERVL-MaLR,LTR
chr12,76495769,76495790,MA1714.1,-,1.28e-06,LTR79,ERVL,LTR
chr8,82315328,82315349,MA1714.1,-,1.28e-06,MLT1J,ERVL-MaLR,LTR
chr2,82729168,82729189,MA1714.1,+,1.28e-06,THE1B-int,ERVL-MaLR,LTR
chr5,85609504,85609525,MA1714.1,+,1.28e-06,THE1A-int,ERVL-MaLR,LTR
chr7,93397521,93397542,MA1714.1,+,1.28e-06,L1M7,L1,LINE
chr1,111327811,111327832,MA1714.1,+,1.28e-06,MIRb,MIR,SINE
chr2,143001084,143001105,MA1714.1,+,1.28e-06,L1ME1,L1,LINE
chr2,155996450,155996471,MA1714.1,+,1.28e-06,MER21A,ERVL,LTR
chr3,170752236,170752257,MA1714.1,-,1.28e-06,L1MD1,L1,LINE
chr3,197249160,197249181,MA1714.1,+,1.28e-06,L2b,L2,LINE
chr3,72194,72215,MA1714.1,+,1.29e-06,ORSL,hAT-Tip100,DNA
chr6,5149577,5149598,MA1714.1,-,1.29e-06,MIRb,MIR,SINE
chr11,5695713,5695734,MA1714.1,+,1.29e-06,L1M3e,L1,LINE
chr20,5853899,5853920,MA1714.1,+,1.29e-06,L1MDa,L1,LINE
chr17,13384140,13384161,MA1714.1,+,1.29e-06,MSTA-int,ERVL-MaLR,LTR
chr11,22207464,22207485,MA1714.1,+,1.29e-06,L1ME1,L1,LINE
chr19,24531365,24531386,MA1714.1,+,1.29e-06,ALR/Alpha,centr,Satellite
chr9,27470031,27470052,MA1714.1,+,1.29e-06,AluJb,Alu,SINE
chr11,29845406,29845427,MA1714.1,-,1.29e-06,ERV3-16A3_I-int,ERVL,LTR
chr11,35867849,35867870,MA1714.1,-,1.29e-06,ERVL-E-int,ERVL,LTR
chr22,38929295,38929316,MA1714.1,+,1.29e-06,AluY,Alu,SINE
chr14,43938051,43938072,MA1714.1,+,1.29e-06,L1MD,L1,LINE
chr13,45018000,45018021,MA1714.1,+,1.29e-06,L1MEc,L1,LINE
chr12,46458501,46458522,MA1714.1,+,1.29e-06,L1MC3,L1,LINE
chr17,51154477,51154498,MA1714.1,-,1.29e-06,Charlie1a,hAT-Charlie,DNA
chr8,51862615,51862636,MA1714.1,+,1.29e-06,ERV3-16A3_I-int,ERVL,LTR
chr17,64932309,64932330,MA1714.1,-,1.29e-06,L1MB3,L1,LINE
chr6,65179394,65179415,MA1714.1,+,1.29e-06,LTR13,ERVK,LTR
chr5,67644451,67644472,MA1714.1,+,1.29e-06,MSTB-int,ERVL-MaLR,LTR
chr6,68963682,68963703,MA1714.1,-,1.29e-06,L1PB2,L1,LINE
chr4,93109207,93109228,MA1714.1,-,1.29e-06,L1MEg,L1,LINE
chr12,103733908,103733929,MA1714.1,+,1.29e-06,L1MEc,L1,LINE
chr8,111849877,111849898,MA1714.1,+,1.29e-06,L1MB1,L1,LINE
chr2,116239944,116239965,MA1714.1,-,1.29e-06,L1MB7,L1,LINE
chrX,136701292,136701313,MA1714.1,-,1.29e-06,L1MC3,L1,LINE
chr1,210467251,210467272,MA1714.1,-,1.29e-06,ORSL,hAT-Tip100,DNA
chr2,2411949,2411970,MA1714.1,+,1.3e-06,L1ME3A,L1,LINE
chr2,4423609,4423630,MA1714.1,-,1.3e-06,THE1D-int,ERVL-MaLR,LTR
chr18,8865418,8865439,MA1714.1,-,1.3e-06,MLT1B,ERVL-MaLR,LTR
chr6,16920174,16920195,MA1714.1,-,1.3e-06,HAL1,L1,LINE
chr5,30200835,30200856,MA1714.1,+,1.3e-06,HERV9-int,ERV1,LTR
chr7,41820605,41820626,MA1714.1,-,1.3e-06,L1MC1,L1,LINE
chrX,45978156,45978177,MA1714.1,-,1.3e-06,L1MEf,L1,LINE
chr2,46494951,46494972,MA1714.1,+,1.3e-06,L1MC4a,L1,LINE
chr17,54224091,54224112,MA1714.1,-,1.3e-06,THE1D-int,ERVL-MaLR,LTR
chrY,59175490,59175511,MA1714.1,+,1.3e-06,THE1B-int,ERVL-MaLR,LTR
chr6,66280987,66281008,MA1714.1,-,1.3e-06,MER34C_,ERV1,LTR
chrX,79858980,79859001,MA1714.1,-,1.3e-06,L1MB4,L1,LINE
chrX,81603763,81603784,MA1714.1,-,1.3e-06,THE1C-int,ERVL-MaLR,LTR
chr2,82604674,82604695,MA1714.1,+,1.3e-06,THE1C-int,ERVL-MaLR,LTR
chr14,83056171,83056192,MA1714.1,+,1.3e-06,MLT1A1-int,ERVL-MaLR,LTR
chr4,88907151,88907172,MA1714.1,+,1.3e-06,L1MC4,L1,LINE
chr3,103682030,103682051,MA1714.1,+,1.3e-06,L1MEb,L1,LINE
chr11,110544020,110544041,MA1714.1,+,1.3e-06,L1M5,L1,LINE
chr10,111102658,111102679,MA1714.1,+,1.3e-06,L1PA8,L1,LINE
chr10,112398308,112398329,MA1714.1,+,1.3e-06,MIR,MIR,SINE
chr5,113497443,113497464,MA1714.1,-,1.3e-06,L1PA4,L1,LINE
chr13,114957135,114957156,MA1714.1,+,1.3e-06,L1MC1,L1,LINE
chr9,128415453,128415474,MA1714.1,-,1.3e-06,MER39,ERV1,LTR
chr8,134625668,134625689,MA1714.1,-,1.3e-06,MIRb,MIR,SINE
chr4,153468616,153468637,MA1714.1,-,1.3e-06,L1MC4,L1,LINE
chrX,155072484,155072505,MA1714.1,+,1.3e-06,THE1B-int,ERVL-MaLR,LTR
chr4,190080701,190080722,MA1714.1,-,1.3e-06,L1MB7,L1,LINE
chr6,13198763,13198784,MA1714.1,-,1.31e-06,MER30,hAT-Charlie,DNA
chrY,17403678,17403699,MA1714.1,+,1.31e-06,AluJb,Alu,SINE
chr6,20891333,20891354,MA1714.1,-,1.31e-06,MIR,MIR,SINE
chr3,21751660,21751681,MA1714.1,+,1.31e-06,L1ME1,L1,LINE
chr13,24410117,24410138,MA1714.1,+,1.31e-06,MIRb,MIR,SINE
chr17,26291134,26291155,MA1714.1,-,1.31e-06,MIRb,MIR,SINE
chr18,30100091,30100112,MA1714.1,+,1.31e-06,MIR,MIR,SINE
chr22,36027923,36027944,MA1714.1,-,1.31e-06,MIR,MIR,SINE
chr7,38866203,38866224,MA1714.1,-,1.31e-06,MIR,MIR,SINE
chr3,44528104,44528125,MA1714.1,-,1.31e-06,L1MC1,L1,LINE
chr22,46246744,46246765,MA1714.1,+,1.31e-06,L1MEg,L1,LINE
chr21,47384717,47384738,MA1714.1,+,1.31e-06,MSTA-int,ERVL-MaLR,LTR
chr20,48984066,48984087,MA1714.1,-,1.31e-06,MLT1L,ERVL-MaLR,LTR
chrX,56572300,56572321,MA1714.1,-,1.31e-06,THE1C-int,ERVL-MaLR,LTR
chr7,57442918,57442939,MA1714.1,+,1.31e-06,MLT1L,ERVL-MaLR,LTR
chr12,59191786,59191807,MA1714.1,-,1.31e-06,MIR,MIR,SINE
chr9,73596569,73596590,MA1714.1,+,1.31e-06,MIR,MIR,SINE
chr2,73963333,73963354,MA1714.1,+,1.31e-06,L1ME4a,L1,LINE
chr15,94672694,94672715,MA1714.1,-,1.31e-06,L1PB4,L1,LINE
chr5,101671141,101671162,MA1714.1,+,1.31e-06,L1MB2,L1,LINE
chr12,102215715,102215736,MA1714.1,+,1.31e-06,LTR78,ERV1,LTR
chr9,102444415,102444436,MA1714.1,-,1.31e-06,MSTA-int,ERVL-MaLR,LTR
chr14,107154781,107154802,MA1714.1,+,1.31e-06,HERVK22-int,ERVK,LTR
chr10,108028286,108028307,MA1714.1,+,1.31e-06,MER52-int,ERV1,LTR
chr6,114565488,114565509,MA1714.1,+,1.31e-06,MIRb,MIR,SINE
chrX,120806890,120806911,MA1714.1,-,1.31e-06,L1M3c,L1,LINE
chr4,122474565,122474586,MA1714.1,-,1.31e-06,ERVL-E-int,ERVL,LTR
chr10,124062728,124062749,MA1714.1,-,1.31e-06,L1ME3C,L1,LINE
chr8,131356712,131356733,MA1714.1,+,1.31e-06,L1MC5,L1,LINE
chr8,144833359,144833380,MA1714.1,-,1.31e-06,L1M4c,L1,LINE
chr4,147068091,147068112,MA1714.1,-,1.31e-06,LTR40c,ERVL,LTR
chr2,191891220,191891241,MA1714.1,+,1.31e-06,MSTB1-int,ERVL-MaLR,LTR
chr2,212250002,212250023,MA1714.1,-,1.31e-06,MIRc,MIR,SINE
chr1,226882253,226882274,MA1714.1,-,1.31e-06,MIRc,MIR,SINE
chr11,5214507,5214528,MA1714.1,-,1.32e-06,HAL1,L1,LINE
chr19,14128837,14128858,MA1714.1,+,1.32e-06,L1MB3,L1,LINE
chr4,14782254,14782275,MA1714.1,+,1.32e-06,MLT1C,ERVL-MaLR,LTR
chr21,26822740,26822761,MA1714.1,-,1.32e-06,THE1D-int,ERVL-MaLR,LTR
chr12,29388002,29388023,MA1714.1,-,1.32e-06,MIR,MIR,SINE
chr12,29388002,29388023,MA1714.1,-,1.32e-06,MIR,MIR,SINE
chr1,30063739,30063760,MA1714.1,+,1.32e-06,MIRb,MIR,SINE
chr4,30478707,30478728,MA1714.1,-,1.32e-06,MER97a,hAT-Tip100,DNA
chr1,31209703,31209724,MA1714.1,-,1.32e-06,L3,CR1,LINE
chr5,37087413,37087434,MA1714.1,+,1.32e-06,HERVK22-int,ERVK,LTR
chrX,39536792,39536813,MA1714.1,-,1.32e-06,MIRb,MIR,SINE
chr11,44692960,44692981,MA1714.1,+,1.32e-06,MSTA-int,ERVL-MaLR,LTR
chr12,46646688,46646709,MA1714.1,+,1.32e-06,L1MA9,L1,LINE
chr20,48438613,48438634,MA1714.1,+,1.32e-06,MIR,MIR,SINE
chr5,60316321,60316342,MA1714.1,-,1.32e-06,L1MEd,L1,LINE
chr2,69946471,69946492,MA1714.1,-,1.32e-06,AluJb,Alu,SINE
chr15,76195119,76195140,MA1714.1,+,1.32e-06,Charlie1a,hAT-Charlie,DNA
chrX,94739795,94739816,MA1714.1,+,1.32e-06,HERV16-int,ERVL,LTR
chr9,125069908,125069929,MA1714.1,-,1.32e-06,MIRb,MIR,SINE
chr12,126531622,126531643,MA1714.1,+,1.32e-06,L1PB1,L1,LINE
chr4,144521438,144521459,MA1714.1,+,1.32e-06,L1PB1,L1,LINE
chr1,205879275,205879296,MA1714.1,+,1.32e-06,L1MC4,L1,LINE
chr9,1802273,1802294,MA1714.1,+,1.33e-06,L1MC3,L1,LINE
chr2,7372116,7372137,MA1714.1,-,1.33e-06,AluJr,Alu,SINE
chr8,9482994,9483015,MA1714.1,-,1.33e-06,L1MDa,L1,LINE
chr8,16631333,16631354,MA1714.1,-,1.33e-06,HAL1b,L1,LINE
chr7,25537503,25537524,MA1714.1,-,1.33e-06,L1M5,L1,LINE
chr16,26643326,26643347,MA1714.1,-,1.33e-06,THE1B-int,ERVL-MaLR,LTR
chr15,32383084,32383105,MA1714.1,-,1.33e-06,L1MEd,L1,LINE
chr22,34797308,34797329,MA1714.1,-,1.33e-06,MIRb,MIR,SINE
chr21,37371647,37371668,MA1714.1,-,1.33e-06,MIRb,MIR,SINE
chr20,39019533,39019554,MA1714.1,-,1.33e-06,MLT2F,ERVL,LTR
chr6,43944032,43944053,MA1714.1,+,1.33e-06,MLT1E,ERVL-MaLR,LTR
chr21,44236417,44236438,MA1714.1,+,1.33e-06,MIR,MIR,SINE
chr12,46761860,46761881,MA1714.1,+,1.33e-06,AluJr,Alu,SINE
chr16,50224369,50224390,MA1714.1,-,1.33e-06,L1MB5,L1,LINE
chrX,54970276,54970297,MA1714.1,+,1.33e-06,L1MEd,L1,LINE
chr13,56584277,56584298,MA1714.1,-,1.33e-06,ERVL-E-int,ERVL,LTR
chr14,56938262,56938283,MA1714.1,-,1.33e-06,L1M2,L1,LINE
chr13,68729356,68729377,MA1714.1,+,1.33e-06,L1ME2,L1,LINE
chr16,72721912,72721933,MA1714.1,-,1.33e-06,L1MEf,L1,LINE
chr1,81314258,81314279,MA1714.1,-,1.33e-06,MLT1A1-int,ERVL-MaLR,LTR
chr9,82648031,82648052,MA1714.1,-,1.33e-06,MSTB-int,ERVL-MaLR,LTR
chr13,83017495,83017516,MA1714.1,-,1.33e-06,L1MD3,L1,LINE
chr4,84111689,84111710,MA1714.1,-,1.33e-06,MER39,ERV1,LTR
chr15,86851918,86851939,MA1714.1,-,1.33e-06,L1M3e,L1,LINE
chr8,114247985,114248006,MA1714.1,+,1.33e-06,MLT2B3,ERVL,LTR
chr5,132557356,132557377,MA1714.1,-,1.33e-06,MIR3,MIR,SINE
chr11,132567423,132567444,MA1714.1,-,1.33e-06,L1MA9,L1,LINE
chr2,166636732,166636753,MA1714.1,-,1.33e-06,ERVL-E-int,ERVL,LTR
chr1,188611775,188611796,MA1714.1,+,1.33e-06,MER50C,ERV1,LTR
chr2,217771579,217771600,MA1714.1,+,1.33e-06,L1PB4,L1,LINE
chr19,6924252,6924273,MA1714.1,-,1.34e-06,LTR33B,ERVL,LTR
chr2,6985598,6985619,MA1714.1,-,1.34e-06,HUERS-P3-int,ERV1,LTR
chr9,10787527,10787548,MA1714.1,-,1.34e-06,LTR16E1,ERVL,LTR
chr9,14333201,14333222,MA1714.1,-,1.34e-06,MIR,MIR,SINE
chrX,23527571,23527592,MA1714.1,+,1.34e-06,MSTA-int,ERVL-MaLR,LTR
chr2,25090138,25090159,MA1714.1,+,1.34e-06,L1MEg,L1,LINE
chr6,26658339,26658360,MA1714.1,-,1.34e-06,MIRb,MIR,SINE
chr8,31439938,31439959,MA1714.1,-,1.34e-06,L1MCa,L1,LINE
chr4,42139213,42139234,MA1714.1,+,1.34e-06,MIRc,MIR,SINE
chr11,46319489,46319510,MA1714.1,-,1.34e-06,MIRb,MIR,SINE
chr7,57534144,57534165,MA1714.1,+,1.34e-06,THE1D-int,ERVL-MaLR,LTR
chr2,73032907,73032928,MA1714.1,-,1.34e-06,L1MA7,L1,LINE
chr13,73658235,73658256,MA1714.1,+,1.34e-06,HAL1,L1,LINE
chr13,74064632,74064653,MA1714.1,-,1.34e-06,L2a,L2,LINE
chr14,75844281,75844302,MA1714.1,+,1.34e-06,MIR,MIR,SINE
chr11,82677165,82677186,MA1714.1,-,1.34e-06,MIRb,MIR,SINE
chr13,86056828,86056849,MA1714.1,-,1.34e-06,MSTA-int,ERVL-MaLR,LTR
chr10,99404922,99404943,MA1714.1,+,1.34e-06,MIRb,MIR,SINE
chr9,107841897,107841918,MA1714.1,-,1.34e-06,HERV16-int,ERVL,LTR
chrX,111947116,111947137,MA1714.1,-,1.34e-06,L1MA4,L1,LINE
chr9,123028885,123028906,MA1714.1,+,1.34e-06,MIR,MIR,SINE
chr9,129317117,129317138,MA1714.1,+,1.34e-06,MLT1H,ERVL-MaLR,LTR
chr7,149181498,149181519,MA1714.1,+,1.34e-06,L1ME3D,L1,LINE
chr3,175452580,175452601,MA1714.1,-,1.34e-06,THE1B-int,ERVL-MaLR,LTR
chr2,193432005,193432026,MA1714.1,+,1.34e-06,L1MC3,L1,LINE
chr2,193935492,193935513,MA1714.1,+,1.34e-06,MSTA-int,ERVL-MaLR,LTR
chr1,217743165,217743186,MA1714.1,+,1.34e-06,L3,CR1,LINE
chr10,9204479,9204500,MA1714.1,+,1.35e-06,MST-int,ERVL-MaLR,LTR
chr5,11058376,11058397,MA1714.1,+,1.35e-06,THE1B-int,ERVL-MaLR,LTR
chr12,11946165,11946186,MA1714.1,-,1.35e-06,MIR,MIR,SINE
chr21,16233352,16233373,MA1714.1,-,1.35e-06,THE1A-int,ERVL-MaLR,LTR
chr2,18350492,18350513,MA1714.1,-,1.35e-06,FordPrefect,hAT-Tip100,DNA
chr11,19138274,19138295,MA1714.1,-,1.35e-06,MIR,MIR,SINE
chr21,20170598,20170619,MA1714.1,+,1.35e-06,THE1B-int,ERVL-MaLR,LTR
chr15,22535160,22535181,MA1714.1,+,1.35e-06,THE1D-int,ERVL-MaLR,LTR
chr13,23807799,23807820,MA1714.1,+,1.35e-06,L1MB3,L1,LINE
chr11,25566431,25566452,MA1714.1,+,1.35e-06,L1MB3,L1,LINE
chr21,27590390,27590411,MA1714.1,+,1.35e-06,THE1B-int,ERVL-MaLR,LTR
chr20,32487045,32487066,MA1714.1,+,1.35e-06,MIRc,MIR,SINE
chr14,45408446,45408467,MA1714.1,-,1.35e-06,MSTD-int,ERVL-MaLR,LTR
chr18,48572578,48572599,MA1714.1,-,1.35e-06,L1MB7,L1,LINE
chr3,48744215,48744236,MA1714.1,+,1.35e-06,AluJb,Alu,SINE
chr14,53372875,53372896,MA1714.1,+,1.35e-06,L1ME1,L1,LINE
chr10,53945697,53945718,MA1714.1,-,1.35e-06,MSTB-int,ERVL-MaLR,LTR
chr16,56019254,56019275,MA1714.1,-,1.35e-06,L1PA13,L1,LINE
chr4,56173937,56173958,MA1714.1,+,1.35e-06,MLT1J,ERVL-MaLR,LTR
chr18,62268855,62268876,MA1714.1,-,1.35e-06,THE1B-int,ERVL-MaLR,LTR
chr5,63945519,63945540,MA1714.1,+,1.35e-06,MSTB-int,ERVL-MaLR,LTR
chr3,68224046,68224067,MA1714.1,+,1.35e-06,THE1B-int,ERVL-MaLR,LTR
chr6,69566746,69566767,MA1714.1,+,1.35e-06,THE1B-int,ERVL-MaLR,LTR
chr3,71860279,71860300,MA1714.1,+,1.35e-06,L2a,L2,LINE
chr15,75292618,75292639,MA1714.1,-,1.35e-06,FAM,Alu,SINE
chr9,80080084,80080105,MA1714.1,-,1.35e-06,L1MB8,L1,LINE
chr2,86727939,86727960,MA1714.1,-,1.35e-06,MSTA-int,ERVL-MaLR,LTR
chr12,90812361,90812382,MA1714.1,+,1.35e-06,L1MA9,L1,LINE
chr5,91845292,91845313,MA1714.1,+,1.35e-06,MSTA-int,ERVL-MaLR,LTR
chr4,98894771,98894792,MA1714.1,+,1.35e-06,THE1B-int,ERVL-MaLR,LTR
chr7,102672805,102672826,MA1714.1,-,1.35e-06,L1MC5,L1,LINE
chr7,115281919,115281940,MA1714.1,+,1.35e-06,L1ME2,L1,LINE
chrX,116495300,116495321,MA1714.1,+,1.35e-06,THE1B-int,ERVL-MaLR,LTR
chr11,118160288,118160309,MA1714.1,+,1.35e-06,L1M5,L1,LINE
chr8,126589344,126589365,MA1714.1,-,1.35e-06,MIRb,MIR,SINE
chr8,130670229,130670250,MA1714.1,-,1.35e-06,MSTA-int,ERVL-MaLR,LTR
chr5,142265125,142265146,MA1714.1,-,1.35e-06,L3,CR1,LINE
chr1,153738459,153738480,MA1714.1,-,1.35e-06,L1MB7,L1,LINE
chr1,214047621,214047642,MA1714.1,+,1.35e-06,HERV16-int,ERVL,LTR
chr1,221521293,221521314,MA1714.1,+,1.35e-06,ERVL-E-int,ERVL,LTR
chr6_qbl_hap6,2120937,2120958,MA1714.1,-,1.36e-06,THE1B-int,ERVL-MaLR,LTR
chr6_dbb_hap3,2122023,2122044,MA1714.1,-,1.36e-06,THE1B-int,ERVL-MaLR,LTR
chr6_mann_hap4,2176030,2176051,MA1714.1,-,1.36e-06,THE1B-int,ERVL-MaLR,LTR
chr6_mcf_hap5,2209908,2209929,MA1714.1,-,1.36e-06,THE1B-int,ERVL-MaLR,LTR
chr6_cox_hap2,2340019,2340040,MA1714.1,-,1.36e-06,THE1B-int,ERVL-MaLR,LTR
chr18,2809979,2810000,MA1714.1,-,1.36e-06,THE1B-int,ERVL-MaLR,LTR
chrX,2899191,2899212,MA1714.1,+,1.36e-06,THE1B-int,ERVL-MaLR,LTR
chr9,3871720,3871741,MA1714.1,-,1.36e-06,THE1B-int,ERVL-MaLR,LTR
chr9,4265472,4265493,MA1714.1,-,1.36e-06,MIR,MIR,SINE
chr2,5698972,5698993,MA1714.1,-,1.36e-06,THE1B-int,ERVL-MaLR,LTR
chrY,5980490,5980511,MA1714.1,+,1.36e-06,THE1B-int,ERVL-MaLR,LTR
chr5,6012534,6012555,MA1714.1,-,1.36e-06,THE1B-int,ERVL-MaLR,LTR
chr11,6036481,6036502,MA1714.1,+,1.36e-06,MSTA-int,ERVL-MaLR,LTR
chr6,6123305,6123326,MA1714.1,+,1.36e-06,MER52A,ERV1,LTR
chr9,6736394,6736415,MA1714.1,+,1.36e-06,THE1B-int,ERVL-MaLR,LTR
chr5,9085469,9085490,MA1714.1,+,1.36e-06,THE1B-int,ERVL-MaLR,LTR
chr3,10692341,10692362,MA1714.1,+,1.36e-06,THE1B-int,ERVL-MaLR,LTR
chr16,11295526,11295547,MA1714.1,+,1.36e-06,MIRb,MIR,SINE
chr20,12415375,12415396,MA1714.1,+,1.36e-06,MLT1C,ERVL-MaLR,LTR
chr2,13355429,13355450,MA1714.1,-,1.36e-06,THE1B-int,ERVL-MaLR,LTR
chr11,14960668,14960689,MA1714.1,-,1.36e-06,MSTA-int,ERVL-MaLR,LTR
chrX,14973600,14973621,MA1714.1,-,1.36e-06,THE1B-int,ERVL-MaLR,LTR
chr4,15137795,15137816,MA1714.1,-,1.36e-06,THE1B-int,ERVL-MaLR,LTR
chr20,15262802,15262823,MA1714.1,-,1.36e-06,THE1D-int,ERVL-MaLR,LTR
chr3,16029883,16029904,MA1714.1,-,1.36e-06,THE1B-int,ERVL-MaLR,LTR
chr4,17217000,17217021,MA1714.1,-,1.36e-06,THE1B-int,ERVL-MaLR,LTR
chr2,17252201,17252222,MA1714.1,+,1.36e-06,THE1B-int,ERVL-MaLR,LTR
chr21,17836193,17836214,MA1714.1,+,1.36e-06,THE1B-int,ERVL-MaLR,LTR
chr5,17865306,17865327,MA1714.1,+,1.36e-06,THE1B-int,ERVL-MaLR,LTR
chr4,18007450,18007471,MA1714.1,-,1.36e-06,THE1B-int,ERVL-MaLR,LTR
chr19,18011139,18011160,MA1714.1,+,1.36e-06,THE1A-int,ERVL-MaLR,LTR
chr12,18280954,18280975,MA1714.1,+,1.36e-06,THE1B-int,ERVL-MaLR,LTR
chr12,18461580,18461601,MA1714.1,-,1.36e-06,Charlie1a,hAT-Charlie,DNA
chr3,18639692,18639713,MA1714.1,-,1.36e-06,THE1B-int,ERVL-MaLR,LTR
chr21,19085395,19085416,MA1714.1,-,1.36e-06,THE1B-int,ERVL-MaLR,LTR
chr21,19371121,19371142,MA1714.1,-,1.36e-06,THE1A-int,ERVL-MaLR,LTR
chr5,20084989,20085010,MA1714.1,-,1.36e-06,THE1B-int,ERVL-MaLR,LTR
chrX,20818118,20818139,MA1714.1,+,1.36e-06,THE1C-int,ERVL-MaLR,LTR
chr10,21176581,21176602,MA1714.1,-,1.36e-06,AluJb,Alu,SINE
chrX,21499291,21499312,MA1714.1,-,1.36e-06,MIR,MIR,SINE
chr9,22572781,22572802,MA1714.1,+,1.36e-06,THE1B-int,ERVL-MaLR,LTR
chr3,22824318,22824339,MA1714.1,-,1.36e-06,THE1B-int,ERVL-MaLR,LTR
chr11,22997320,22997341,MA1714.1,+,1.36e-06,THE1B-int,ERVL-MaLR,LTR
chr15,24012097,24012118,MA1714.1,+,1.36e-06,THE1A-int,ERVL-MaLR,LTR
chr15,24524707,24524728,MA1714.1,-,1.36e-06,THE1B,ERVL-MaLR,LTR
chr21,24663720,24663741,MA1714.1,+,1.36e-06,L1MC2,L1,LINE
chr15,24690992,24691013,MA1714.1,-,1.36e-06,THE1B,ERVL-MaLR,LTR
chr14,25017836,25017857,MA1714.1,-,1.36e-06,THE1B-int,ERVL-MaLR,LTR
chr14,25396046,25396067,MA1714.1,+,1.36e-06,MIR,MIR,SINE
chr21,25791514,25791535,MA1714.1,-,1.36e-06,THE1B-int,ERVL-MaLR,LTR
chr13,26739191,26739212,MA1714.1,+,1.36e-06,THE1B-int,ERVL-MaLR,LTR
chr1,28007151,28007172,MA1714.1,-,1.36e-06,THE1B-int,ERVL-MaLR,LTR
chrX,28026576,28026597,MA1714.1,-,1.36e-06,THE1D-int,ERVL-MaLR,LTR
chr5,28055022,28055043,MA1714.1,-,1.36e-06,THE1B-int,ERVL-MaLR,LTR
chr5,28349538,28349559,MA1714.1,-,1.36e-06,THE1B-int,ERVL-MaLR,LTR
chr11,29078209,29078230,MA1714.1,+,1.36e-06,THE1A-int,ERVL-MaLR,LTR
chr19,29241229,29241250,MA1714.1,-,1.36e-06,THE1A-int,ERVL-MaLR,LTR
chr15,30189340,30189361,MA1714.1,+,1.36e-06,THE1B-int,ERVL-MaLR,LTR
chr6,30827942,30827963,MA1714.1,-,1.36e-06,THE1B-int,ERVL-MaLR,LTR
chr7,31873541,31873562,MA1714.1,+,1.36e-06,THE1B-int,ERVL-MaLR,LTR
chr5,32816032,32816053,MA1714.1,+,1.36e-06,THE1A-int,ERVL-MaLR,LTR
chr2,33070438,33070459,MA1714.1,+,1.36e-06,THE1B-int,ERVL-MaLR,LTR
chr12,33999918,33999939,MA1714.1,-,1.36e-06,THE1B-int,ERVL-MaLR,LTR
chr8,34014807,34014828,MA1714.1,+,1.36e-06,THE1B-int,ERVL-MaLR,LTR
chr5,34061870,34061891,MA1714.1,-,1.36e-06,THE1B-int,ERVL-MaLR,LTR
chr22,34666444,34666465,MA1714.1,-,1.36e-06,THE1B-int,ERVL-MaLR,LTR
chr10,36075307,36075328,MA1714.1,-,1.36e-06,THE1B-int,ERVL-MaLR,LTR
chr11,36543772,36543793,MA1714.1,+,1.36e-06,THE1B-int,ERVL-MaLR,LTR
chr11,37567407,37567428,MA1714.1,-,1.36e-06,THE1B-int,ERVL-MaLR,LTR
chr14,37931566,37931587,MA1714.1,-,1.36e-06,THE1B-int,ERVL-MaLR,LTR
chr5,39011188,39011209,MA1714.1,+,1.36e-06,THE1C-int,ERVL-MaLR,LTR
chr11,39278189,39278210,MA1714.1,-,1.36e-06,THE1D-int,ERVL-MaLR,LTR
chr4,39535345,39535366,MA1714.1,+,1.36e-06,THE1B-int,ERVL-MaLR,LTR
chr20,40089073,40089094,MA1714.1,+,1.36e-06,THE1A-int,ERVL-MaLR,LTR
chr4,41975045,41975066,MA1714.1,+,1.36e-06,THE1B-int,ERVL-MaLR,LTR
chr20,42116150,42116171,MA1714.1,-,1.36e-06,THE1B-int,ERVL-MaLR,LTR
chr2,42908118,42908139,MA1714.1,-,1.36e-06,AluJb,Alu,SINE
chr13,43393128,43393149,MA1714.1,-,1.36e-06,THE1B-int,ERVL-MaLR,LTR
chr10,44710565,44710586,MA1714.1,+,1.36e-06,THE1B-int,ERVL-MaLR,LTR
chr21,44984825,44984846,MA1714.1,-,1.36e-06,THE1B-int,ERVL-MaLR,LTR
chr5,45233446,45233467,MA1714.1,-,1.36e-06,THE1A-int,ERVL-MaLR,LTR
chr22,45859771,45859792,MA1714.1,-,1.36e-06,THE1A-int,ERVL-MaLR,LTR
chr4,47639471,47639492,MA1714.1,+,1.36e-06,THE1B-int,ERVL-MaLR,LTR
chr13,50413753,50413774,MA1714.1,+,1.36e-06,ORSL,hAT-Tip100,DNA
chr17,50542905,50542926,MA1714.1,+,1.36e-06,THE1A-int,ERVL-MaLR,LTR
chr17,50996026,50996047,MA1714.1,-,1.36e-06,THE1-int,ERVL-MaLR,LTR
chr14,51161187,51161208,MA1714.1,-,1.36e-06,THE1B-int,ERVL-MaLR,LTR
chr3,51224046,51224067,MA1714.1,+,1.36e-06,THE1B-int,ERVL-MaLR,LTR
chr14,51689971,51689992,MA1714.1,-,1.36e-06,THE1B-int,ERVL-MaLR,LTR
chr17,53764566,53764587,MA1714.1,+,1.36e-06,THE1B-int,ERVL-MaLR,LTR
chr14,53778609,53778630,MA1714.1,-,1.36e-06,THE1B-int,ERVL-MaLR,LTR
chr17,54029708,54029729,MA1714.1,+,1.36e-06,THE1B-int,ERVL-MaLR,LTR
chr6,54661894,54661915,MA1714.1,+,1.36e-06,THE1A-int,ERVL-MaLR,LTR
chr17,54835927,54835948,MA1714.1,+,1.36e-06,THE1A-int,ERVL-MaLR,LTR
chr12,55021258,55021279,MA1714.1,+,1.36e-06,THE1B-int,ERVL-MaLR,LTR
chr5,55924644,55924665,MA1714.1,+,1.36e-06,THE1B-int,ERVL-MaLR,LTR
chr16,56414254,56414275,MA1714.1,-,1.36e-06,THE1B-int,ERVL-MaLR,LTR
chr12,57337057,57337078,MA1714.1,+,1.36e-06,THE1-int,ERVL-MaLR,LTR
chr4,57490683,57490704,MA1714.1,+,1.36e-06,THE1A-int,ERVL-MaLR,LTR
chr18,58451609,58451630,MA1714.1,+,1.36e-06,THE1D-int,ERVL-MaLR,LTR
chr4,59522725,59522746,MA1714.1,+,1.36e-06,THE1B-int,ERVL-MaLR,LTR
chr13,59650074,59650095,MA1714.1,-,1.36e-06,THE1B-int,ERVL-MaLR,LTR
chr5,60075456,60075477,MA1714.1,-,1.36e-06,THE1D-int,ERVL-MaLR,LTR
chr1,60252333,60252354,MA1714.1,-,1.36e-06,THE1B-int,ERVL-MaLR,LTR
chr17,61454499,61454520,MA1714.1,-,1.36e-06,THE1D-int,ERVL-MaLR,LTR
chr18,61948551,61948572,MA1714.1,+,1.36e-06,THE1B-int,ERVL-MaLR,LTR
chr16,63953846,63953867,MA1714.1,-,1.36e-06,THE1B-int,ERVL-MaLR,LTR
chr16,64212045,64212066,MA1714.1,+,1.36e-06,THE1B-int,ERVL-MaLR,LTR
chr10,64238152,64238173,MA1714.1,-,1.36e-06,MLT1I-int,ERVL-MaLR,LTR
chr18,65740123,65740144,MA1714.1,+,1.36e-06,THE1A-int,ERVL-MaLR,LTR
chr14,66446113,66446134,MA1714.1,+,1.36e-06,THE1B-int,ERVL-MaLR,LTR
chr3,66472524,66472545,MA1714.1,-,1.36e-06,THE1B-int,ERVL-MaLR,LTR
chr6,66963331,66963352,MA1714.1,-,1.36e-06,THE1B-int,ERVL-MaLR,LTR
chr18,67027823,67027844,MA1714.1,+,1.36e-06,THE1B-int,ERVL-MaLR,LTR
chr14,67089055,67089076,MA1714.1,-,1.36e-06,THE1B-int,ERVL-MaLR,LTR
chr5,67793652,67793673,MA1714.1,+,1.36e-06,THE1B-int,ERVL-MaLR,LTR
chr14,67917644,67917665,MA1714.1,+,1.36e-06,THE1B-int,ERVL-MaLR,LTR
chr12,68067491,68067512,MA1714.1,-,1.36e-06,THE1B-int,ERVL-MaLR,LTR
chr3,68361335,68361356,MA1714.1,-,1.36e-06,THE1B-int,ERVL-MaLR,LTR
chr14,68392714,68392735,MA1714.1,-,1.36e-06,THE1B-int,ERVL-MaLR,LTR
chr13,68897480,68897501,MA1714.1,-,1.36e-06,THE1B-int,ERVL-MaLR,LTR
chr14,69945007,69945028,MA1714.1,-,1.36e-06,THE1B-int,ERVL-MaLR,LTR
chr1,71370624,71370645,MA1714.1,+,1.36e-06,THE1B-int,ERVL-MaLR,LTR
chr10,72231027,72231048,MA1714.1,-,1.36e-06,L1ME5,L1,LINE
chr17,72485077,72485098,MA1714.1,-,1.36e-06,THE1B-int,ERVL-MaLR,LTR
chr10,72877542,72877563,MA1714.1,+,1.36e-06,THE1B-int,ERVL-MaLR,LTR
chr8,74851379,74851400,MA1714.1,+,1.36e-06,THE1B-int,ERVL-MaLR,LTR
chr1,75222503,75222524,MA1714.1,+,1.36e-06,THE1B-int,ERVL-MaLR,LTR
chr15,76722260,76722281,MA1714.1,+,1.36e-06,THE1B-int,ERVL-MaLR,LTR
chrX,77403466,77403487,MA1714.1,+,1.36e-06,THE1B-int,ERVL-MaLR,LTR
chr11,77442627,77442648,MA1714.1,+,1.36e-06,THE1B-int,ERVL-MaLR,LTR
chr2,77785173,77785194,MA1714.1,+,1.36e-06,THE1B-int,ERVL-MaLR,LTR
chr6,77984552,77984573,MA1714.1,+,1.36e-06,THE1B-int,ERVL-MaLR,LTR
chrX,78184782,78184803,MA1714.1,-,1.36e-06,THE1B-int,ERVL-MaLR,LTR
chr1,78251950,78251971,MA1714.1,-,1.36e-06,THE1B-int,ERVL-MaLR,LTR
chr8,78850467,78850488,MA1714.1,-,1.36e-06,THE1B-int,ERVL-MaLR,LTR
chr4,79017922,79017943,MA1714.1,-,1.36e-06,THE1B-int,ERVL-MaLR,LTR
chr7,79299477,79299498,MA1714.1,+,1.36e-06,THE1B-int,ERVL-MaLR,LTR
chr13,79565673,79565694,MA1714.1,-,1.36e-06,THE1B-int,ERVL-MaLR,LTR
chr10,79865160,79865181,MA1714.1,+,1.36e-06,THE1A-int,ERVL-MaLR,LTR
chr4,80581447,80581468,MA1714.1,+,1.36e-06,THE1B-int,ERVL-MaLR,LTR
chr1,80593610,80593631,MA1714.1,-,1.36e-06,THE1B-int,ERVL-MaLR,LTR
chr11,80925368,80925389,MA1714.1,-,1.36e-06,THE1B-int,ERVL-MaLR,LTR
chrX,81299438,81299459,MA1714.1,+,1.36e-06,THE1B-int,ERVL-MaLR,LTR
chr14,81558008,81558029,MA1714.1,-,1.36e-06,MIRc,MIR,SINE
chr13,81738966,81738987,MA1714.1,-,1.36e-06,THE1B-int,ERVL-MaLR,LTR
chr8,83648175,83648196,MA1714.1,+,1.36e-06,THE1B-int,ERVL-MaLR,LTR
chr13,84186113,84186134,MA1714.1,-,1.36e-06,THE1B-int,ERVL-MaLR,LTR
chr14,84410860,84410881,MA1714.1,-,1.36e-06,THE1B-int,ERVL-MaLR,LTR
chr6,84814004,84814025,MA1714.1,-,1.36e-06,THE1B-int,ERVL-MaLR,LTR
chr11,85229807,85229828,MA1714.1,+,1.36e-06,THE1B-int,ERVL-MaLR,LTR
chr4,85579495,85579516,MA1714.1,-,1.36e-06,THE1A-int,ERVL-MaLR,LTR
chr1,85714924,85714945,MA1714.1,-,1.36e-06,THE1B-int,ERVL-MaLR,LTR
chr9,86182247,86182268,MA1714.1,-,1.36e-06,THE1A-int,ERVL-MaLR,LTR
chr1,86843482,86843503,MA1714.1,-,1.36e-06,THE1D-int,ERVL-MaLR,LTR
chr8,87792699,87792720,MA1714.1,+,1.36e-06,THE1B-int,ERVL-MaLR,LTR
chr14,89141879,89141900,MA1714.1,-,1.36e-06,THE1D-int,ERVL-MaLR,LTR
chr7,89585559,89585580,MA1714.1,-,1.36e-06,THE1B-int,ERVL-MaLR,LTR
chr1,89749968,89749989,MA1714.1,+,1.36e-06,THE1B-int,ERVL-MaLR,LTR
chr7,90093494,90093515,MA1714.1,+,1.36e-06,THE1C-int,ERVL-MaLR,LTR
chr11,90408826,90408847,MA1714.1,+,1.36e-06,THE1B-int,ERVL-MaLR,LTR
chr5,90643868,90643889,MA1714.1,-,1.36e-06,THE1B-int,ERVL-MaLR,LTR
chr14,91893402,91893423,MA1714.1,+,1.36e-06,THE1B-int,ERVL-MaLR,LTR
chrX,92251183,92251204,MA1714.1,+,1.36e-06,THE1B-int,ERVL-MaLR,LTR
chr7,93001945,93001966,MA1714.1,-,1.36e-06,THE1B-int,ERVL-MaLR,LTR
chr4,93298077,93298098,MA1714.1,-,1.36e-06,THE1B-int,ERVL-MaLR,LTR
chrX,93501014,93501035,MA1714.1,+,1.36e-06,THE1B-int,ERVL-MaLR,LTR
chr13,93846107,93846128,MA1714.1,+,1.36e-06,THE1B-int,ERVL-MaLR,LTR
chr15,94249602,94249623,MA1714.1,+,1.36e-06,L1MC3,L1,LINE
chr6,95314636,95314657,MA1714.1,-,1.36e-06,THE1B-int,ERVL-MaLR,LTR
chr6,96872271,96872292,MA1714.1,-,1.36e-06,THE1B-int,ERVL-MaLR,LTR
chr8,97806686,97806707,MA1714.1,-,1.36e-06,THE1B-int,ERVL-MaLR,LTR
chr5,100921484,100921505,MA1714.1,+,1.36e-06,THE1A-int,ERVL-MaLR,LTR
chr1,101853045,101853066,MA1714.1,-,1.36e-06,THE1B-int,ERVL-MaLR,LTR
chr3,102200660,102200681,MA1714.1,+,1.36e-06,AluJr4,Alu,SINE
chr3,102579147,102579168,MA1714.1,-,1.36e-06,THE1B-int,ERVL-MaLR,LTR
chr6,102657276,102657297,MA1714.1,+,1.36e-06,THE1B-int,ERVL-MaLR,LTR
chr9,103474995,103475016,MA1714.1,-,1.36e-06,THE1B-int,ERVL-MaLR,LTR
chr14,104450676,104450697,MA1714.1,+,1.36e-06,THE1B-int,ERVL-MaLR,LTR
chr3,104566924,104566945,MA1714.1,+,1.36e-06,THE1B-int,ERVL-MaLR,LTR
chr6,104649259,104649280,MA1714.1,+,1.36e-06,THE1B-int,ERVL-MaLR,LTR
chr4,105762765,105762786,MA1714.1,-,1.36e-06,THE1A-int,ERVL-MaLR,LTR
chr8,106309433,106309454,MA1714.1,-,1.36e-06,THE1A-int,ERVL-MaLR,LTR
chr1,106727347,106727368,MA1714.1,+,1.36e-06,THE1A-int,ERVL-MaLR,LTR
chr1,107021945,107021966,MA1714.1,+,1.36e-06,THE1B-int,ERVL-MaLR,LTR
chr12,107921284,107921305,MA1714.1,-,1.36e-06,AluSz,Alu,SINE
chr5,107948342,107948363,MA1714.1,+,1.36e-06,THE1B-int,ERVL-MaLR,LTR
chr5,108141728,108141749,MA1714.1,+,1.36e-06,THE1B-int,ERVL-MaLR,LTR
chr2,108928100,108928121,MA1714.1,+,1.36e-06,THE1B-int,ERVL-MaLR,LTR
chr5,108976852,108976873,MA1714.1,+,1.36e-06,THE1B-int,ERVL-MaLR,LTR
chr11,109585699,109585720,MA1714.1,-,1.36e-06,THE1B-int,ERVL-MaLR,LTR
chr1,111247410,111247431,MA1714.1,-,1.36e-06,THE1B-int,ERVL-MaLR,LTR
chr8,113369816,113369837,MA1714.1,+,1.36e-06,THE1B-int,ERVL-MaLR,LTR
chrX,114181944,114181965,MA1714.1,-,1.36e-06,THE1B-int,ERVL-MaLR,LTR
chr1,114261445,114261466,MA1714.1,-,1.36e-06,THE1A-int,ERVL-MaLR,LTR
chr12,115056517,115056538,MA1714.1,+,1.36e-06,AluJr,Alu,SINE
chr4,116675512,116675533,MA1714.1,+,1.36e-06,THE1B-int,ERVL-MaLR,LTR
chr6,117472099,117472120,MA1714.1,-,1.36e-06,THE1B-int,ERVL-MaLR,LTR
chr6,117839018,117839039,MA1714.1,-,1.36e-06,THE1B-int,ERVL-MaLR,LTR
chr1,117993219,117993240,MA1714.1,+,1.36e-06,THE1B-int,ERVL-MaLR,LTR
chr1,118101755,118101776,MA1714.1,-,1.36e-06,THE1B-int,ERVL-MaLR,LTR
chr9,118329600,118329621,MA1714.1,+,1.36e-06,THE1B-int,ERVL-MaLR,LTR
chr9,119049956,119049977,MA1714.1,-,1.36e-06,L3b,CR1,LINE
chr10,120249436,120249457,MA1714.1,+,1.36e-06,THE1B-int,ERVL-MaLR,LTR
chr8,120836843,120836864,MA1714.1,+,1.36e-06,THE1B-int,ERVL-MaLR,LTR
chr6,121385649,121385670,MA1714.1,+,1.36e-06,THE1B-int,ERVL-MaLR,LTR
chr7,122690095,122690116,MA1714.1,-,1.36e-06,THE1B-int,ERVL-MaLR,LTR
chr9,122896497,122896518,MA1714.1,-,1.36e-06,THE1B-int,ERVL-MaLR,LTR
chr11,123533662,123533683,MA1714.1,-,1.36e-06,THE1B-int,ERVL-MaLR,LTR
chrX,124492828,124492849,MA1714.1,+,1.36e-06,THE1B-int,ERVL-MaLR,LTR
chr5,124589523,124589544,MA1714.1,-,1.36e-06,THE1B-int,ERVL-MaLR,LTR
chr6,125786625,125786646,MA1714.1,+,1.36e-06,THE1B-int,ERVL-MaLR,LTR
chrX,128119944,128119965,MA1714.1,+,1.36e-06,THE1B-int,ERVL-MaLR,LTR
chr2,129778689,129778710,MA1714.1,+,1.36e-06,THE1B-int,ERVL-MaLR,LTR
chr5,130214034,130214055,MA1714.1,+,1.36e-06,THE1B-int,ERVL-MaLR,LTR
chr10,130571287,130571308,MA1714.1,+,1.36e-06,THE1B-int,ERVL-MaLR,LTR
chr5,131168594,131168615,MA1714.1,-,1.36e-06,THE1A-int,ERVL-MaLR,LTR
chr4,132554186,132554207,MA1714.1,+,1.36e-06,THE1C-int,ERVL-MaLR,LTR
chr11,132595313,132595334,MA1714.1,-,1.36e-06,THE1B-int,ERVL-MaLR,LTR
chr11,133951261,133951282,MA1714.1,+,1.36e-06,THE1B-int,ERVL-MaLR,LTR
chrX,134502682,134502703,MA1714.1,-,1.36e-06,THE1D-int,ERVL-MaLR,LTR
chr2,134610642,134610663,MA1714.1,+,1.36e-06,THE1B-int,ERVL-MaLR,LTR
chr8,135273688,135273709,MA1714.1,+,1.36e-06,THE1B-int,ERVL-MaLR,LTR
chr7,135787170,135787191,MA1714.1,+,1.36e-06,L1MEd,L1,LINE
chr3,137445660,137445681,MA1714.1,-,1.36e-06,THE1A-int,ERVL-MaLR,LTR
chr6,137529576,137529597,MA1714.1,+,1.36e-06,THE1A-int,ERVL-MaLR,LTR
chr6,138368712,138368733,MA1714.1,-,1.36e-06,THE1B-int,ERVL-MaLR,LTR
chr8,138879792,138879813,MA1714.1,+,1.36e-06,THE1B-int,ERVL-MaLR,LTR
chr8,138925428,138925449,MA1714.1,-,1.36e-06,THE1B-int,ERVL-MaLR,LTR
chr3,140494948,140494969,MA1714.1,-,1.36e-06,THE1B-int,ERVL-MaLR,LTR
chr7,140960222,140960243,MA1714.1,-,1.36e-06,L1M4b,L1,LINE
chr8,141408995,141409016,MA1714.1,+,1.36e-06,THE1B-int,ERVL-MaLR,LTR
chr8,141487751,141487772,MA1714.1,-,1.36e-06,THE1A-int,ERVL-MaLR,LTR
chr6,142748116,142748137,MA1714.1,-,1.36e-06,THE1B-int,ERVL-MaLR,LTR
chr3,144022303,144022324,MA1714.1,-,1.36e-06,THE1B-int,ERVL-MaLR,LTR
chr5,145373296,145373317,MA1714.1,-,1.36e-06,THE1B-int,ERVL-MaLR,LTR
chr6,145447299,145447320,MA1714.1,+,1.36e-06,THE1B-int,ERVL-MaLR,LTR
chrX,145481949,145481970,MA1714.1,+,1.36e-06,THE1D-int,ERVL-MaLR,LTR
chr2,151292199,151292220,MA1714.1,+,1.36e-06,THE1B-int,ERVL-MaLR,LTR
chr3,152564483,152564504,MA1714.1,+,1.36e-06,THE1B-int,ERVL-MaLR,LTR
chr3,152680684,152680705,MA1714.1,-,1.36e-06,THE1A-int,ERVL-MaLR,LTR
chr2,153643488,153643509,MA1714.1,-,1.36e-06,THE1D-int,ERVL-MaLR,LTR
chr2,154685111,154685132,MA1714.1,-,1.36e-06,THE1B-int,ERVL-MaLR,LTR
chr6,155558960,155558981,MA1714.1,-,1.36e-06,THE1B-int,ERVL-MaLR,LTR
chr4,155768799,155768820,MA1714.1,+,1.36e-06,THE1B-int,ERVL-MaLR,LTR
chr2,155902562,155902583,MA1714.1,-,1.36e-06,THE1B-int,ERVL-MaLR,LTR
chr1,157320947,157320968,MA1714.1,-,1.36e-06,THE1B-int,ERVL-MaLR,LTR
chr1,158008660,158008681,MA1714.1,+,1.36e-06,L3,CR1,LINE
chr4,158599862,158599883,MA1714.1,-,1.36e-06,THE1B-int,ERVL-MaLR,LTR
chr2,159871909,159871930,MA1714.1,-,1.36e-06,THE1A-int,ERVL-MaLR,LTR
chr3,161908417,161908438,MA1714.1,+,1.36e-06,THE1B-int,ERVL-MaLR,LTR
chr3,164630921,164630942,MA1714.1,-,1.36e-06,THE1B-int,ERVL-MaLR,LTR
chr3,165347337,165347358,MA1714.1,-,1.36e-06,THE1B-int,ERVL-MaLR,LTR
chr2,166177312,166177333,MA1714.1,-,1.36e-06,THE1B-int,ERVL-MaLR,LTR
chr4,166205226,166205247,MA1714.1,-,1.36e-06,THE1B-int,ERVL-MaLR,LTR
chr3,167483297,167483318,MA1714.1,-,1.36e-06,THE1B-int,ERVL-MaLR,LTR
chr3,167773852,167773873,MA1714.1,+,1.36e-06,THE1B-int,ERVL-MaLR,LTR
chr1,169841286,169841307,MA1714.1,+,1.36e-06,THE1B-int,ERVL-MaLR,LTR
chr3,172900959,172900980,MA1714.1,+,1.36e-06,THE1B-int,ERVL-MaLR,LTR
chr3,172913458,172913479,MA1714.1,+,1.36e-06,THE1B-int,ERVL-MaLR,LTR
chr3,173561025,173561046,MA1714.1,-,1.36e-06,THE1B-int,ERVL-MaLR,LTR
chr2,173614290,173614311,MA1714.1,-,1.36e-06,THE1B-int,ERVL-MaLR,LTR
chr2,175229555,175229576,MA1714.1,-,1.36e-06,THE1B-int,ERVL-MaLR,LTR
chr2,176104168,176104189,MA1714.1,-,1.36e-06,THE1B-int,ERVL-MaLR,LTR
chr2,179859229,179859250,MA1714.1,-,1.36e-06,THE1B-int,ERVL-MaLR,LTR
chr2,179890966,179890987,MA1714.1,+,1.36e-06,THE1B-int,ERVL-MaLR,LTR
chr3,182960163,182960184,MA1714.1,+,1.36e-06,THE1B-int,ERVL-MaLR,LTR
chr3,183137059,183137080,MA1714.1,-,1.36e-06,THE1D-int,ERVL-MaLR,LTR
chr2,185751559,185751580,MA1714.1,-,1.36e-06,THE1A-int,ERVL-MaLR,LTR
chr4,189041549,189041570,MA1714.1,+,1.36e-06,MLT1E3,ERVL-MaLR,LTR
chr4,189442981,189443002,MA1714.1,+,1.36e-06,THE1B-int,ERVL-MaLR,LTR
chr2,189694843,189694864,MA1714.1,+,1.36e-06,THE1B-int,ERVL-MaLR,LTR
chr2,190108790,190108811,MA1714.1,-,1.36e-06,THE1B-int,ERVL-MaLR,LTR
chr1,191366726,191366747,MA1714.1,+,1.36e-06,THE1B-int,ERVL-MaLR,LTR
chr2,195830056,195830077,MA1714.1,-,1.36e-06,THE1B-int,ERVL-MaLR,LTR
chr1,196998562,196998583,MA1714.1,+,1.36e-06,L1MB1,L1,LINE
chr2,200882493,200882514,MA1714.1,-,1.36e-06,THE1B-int,ERVL-MaLR,LTR
chr2,206880063,206880084,MA1714.1,+,1.36e-06,THE1B-int,ERVL-MaLR,LTR
chr1,216026717,216026738,MA1714.1,-,1.36e-06,THE1B-int,ERVL-MaLR,LTR
chr1,219866633,219866654,MA1714.1,-,1.36e-06,MLT1H,ERVL-MaLR,LTR
chr2,226949532,226949553,MA1714.1,-,1.36e-06,THE1B-int,ERVL-MaLR,LTR
chr16,1313600,1313621,MA1714.1,+,1.37e-06,MER20,hAT-Charlie,DNA
chr1,19193496,19193517,MA1714.1,-,1.37e-06,MIR,MIR,SINE
chrX,23505900,23505921,MA1714.1,+,1.37e-06,L1MA9,L1,LINE
chr9,28626609,28626630,MA1714.1,-,1.37e-06,L1M4,L1,LINE
chr1,32264561,32264582,MA1714.1,+,1.37e-06,MIR3,MIR,SINE
chr21,33445800,33445821,MA1714.1,+,1.37e-06,MIR,MIR,SINE
chr15,43303679,43303700,MA1714.1,+,1.37e-06,L1ME3C,L1,LINE
chr8,43716728,43716749,MA1714.1,+,1.37e-06,ALR/Alpha,centr,Satellite
chr20,43809961,43809982,MA1714.1,+,1.37e-06,MER30,hAT-Charlie,DNA
chr1,46811237,46811258,MA1714.1,-,1.37e-06,MIRb,MIR,SINE
chr15,47032800,47032821,MA1714.1,+,1.37e-06,L1M7,L1,LINE
chr13,47336969,47336990,MA1714.1,-,1.37e-06,MIR,MIR,SINE
chr6,48534655,48534676,MA1714.1,-,1.37e-06,MIRc,MIR,SINE
chrX,50326472,50326493,MA1714.1,+,1.37e-06,MLT1E1A,ERVL-MaLR,LTR
chr2,58532155,58532176,MA1714.1,+,1.37e-06,THE1B-int,ERVL-MaLR,LTR
chr8,63248764,63248785,MA1714.1,-,1.37e-06,MLT1H1-int,ERVL-MaLR,LTR
chr8,65570145,65570166,MA1714.1,+,1.37e-06,L2c,L2,LINE
chr10,77342312,77342333,MA1714.1,-,1.37e-06,MSTA-int,ERVL-MaLR,LTR
chr16,79009367,79009388,MA1714.1,-,1.37e-06,MER106A,hAT-Charlie,DNA
chr14,79265307,79265328,MA1714.1,-,1.37e-06,THE1B-int,ERVL-MaLR,LTR
chr9,95337165,95337186,MA1714.1,+,1.37e-06,L1MB3,L1,LINE
chr13,99889744,99889765,MA1714.1,+,1.37e-06,L1MA4A,L1,LINE
chr9,102686254,102686275,MA1714.1,-,1.37e-06,MER21A,ERVL,LTR
chr1,107102371,107102392,MA1714.1,+,1.37e-06,L1PA7,L1,LINE
chrX,111448398,111448419,MA1714.1,+,1.37e-06,Tigger15a,TcMar-Tigger,DNA
chr4,111700753,111700774,MA1714.1,+,1.37e-06,MLT1J,ERVL-MaLR,LTR
chrX,116725148,116725169,MA1714.1,+,1.37e-06,L1PA10,L1,LINE
chr3,119572376,119572397,MA1714.1,-,1.37e-06,L1PA5,L1,LINE
chr11,130182411,130182432,MA1714.1,+,1.37e-06,L1MC4,L1,LINE
chr8,135074958,135074979,MA1714.1,+,1.37e-06,L1MA9,L1,LINE
chr7,135898124,135898145,MA1714.1,-,1.37e-06,L1ME2,L1,LINE
chr1,151000337,151000358,MA1714.1,-,1.37e-06,AluJb,Alu,SINE
chr5,154043679,154043700,MA1714.1,-,1.37e-06,MSTB-int,ERVL-MaLR,LTR
chr7,156722543,156722564,MA1714.1,+,1.37e-06,MIRb,MIR,SINE
chr6,162724904,162724925,MA1714.1,+,1.37e-06,L1MC4a,L1,LINE
chr3,182980332,182980353,MA1714.1,-,1.37e-06,MER96B,hAT,DNA
chr3,194364756,194364777,MA1714.1,+,1.37e-06,L1MB8,L1,LINE
chr17,13219084,13219105,MA1714.1,-,1.38e-06,HAL1,L1,LINE
chrY,21428226,21428247,MA1714.1,-,1.38e-06,THE1B-int,ERVL-MaLR,LTR
chr15,25667405,25667426,MA1714.1,+,1.38e-06,L1ME1,L1,LINE
chr10,35326879,35326900,MA1714.1,+,1.38e-06,AluSx,Alu,SINE
chr6,39144698,39144719,MA1714.1,+,1.38e-06,HAL1,L1,LINE
chr22,46009108,46009129,MA1714.1,+,1.38e-06,MIR,MIR,SINE
chr13,47757059,47757080,MA1714.1,+,1.38e-06,MLT1D,ERVL-MaLR,LTR
chrX,48389818,48389839,MA1714.1,-,1.38e-06,MLT1B-int,ERVL-MaLR,LTR
chr14,56708819,56708840,MA1714.1,+,1.38e-06,HAL1,L1,LINE
chr12,70020702,70020723,MA1714.1,-,1.38e-06,MIR,MIR,SINE
chr5,80217416,80217437,MA1714.1,+,1.38e-06,L1PREC2,L1,LINE
chr2,96745891,96745912,MA1714.1,-,1.38e-06,L1PA15,L1,LINE
chr2,99284696,99284717,MA1714.1,+,1.38e-06,THE1B-int,ERVL-MaLR,LTR
chr1,99947779,99947800,MA1714.1,+,1.38e-06,L1MC2,L1,LINE
chr6,108706181,108706202,MA1714.1,+,1.38e-06,L1MEf,L1,LINE
chr5,127567137,127567158,MA1714.1,-,1.38e-06,L1PB1,L1,LINE
chr12,131655663,131655684,MA1714.1,+,1.38e-06,L1M4,L1,LINE
chr2,143878433,143878454,MA1714.1,-,1.38e-06,L1MEd,L1,LINE
chr6,149825133,149825154,MA1714.1,+,1.38e-06,L1MEc,L1,LINE
chr1,161659166,161659187,MA1714.1,-,1.38e-06,L1MDa,L1,LINE
chr5,176322768,176322789,MA1714.1,+,1.38e-06,MIRb,MIR,SINE
chr8,4919650,4919671,MA1714.1,-,1.39e-06,L1MC5,L1,LINE
chr11,12062413,12062434,MA1714.1,-,1.39e-06,THE1B-int,ERVL-MaLR,LTR
chr19,14041911,14041932,MA1714.1,-,1.39e-06,AluJo,Alu,SINE
chr4,15088071,15088092,MA1714.1,-,1.39e-06,THE1A-int,ERVL-MaLR,LTR
chr10,29007112,29007133,MA1714.1,-,1.39e-06,FRAM,Alu,SINE
chr20,30636625,30636646,MA1714.1,+,1.39e-06,AluJo,Alu,SINE
chr14,34737428,34737449,MA1714.1,-,1.39e-06,MER34A,ERV1,LTR
chr5,34972625,34972646,MA1714.1,-,1.39e-06,AluSz6,Alu,SINE
chr15,40066079,40066100,MA1714.1,+,1.39e-06,L1ME1,L1,LINE
chr14,43550571,43550592,MA1714.1,-,1.39e-06,L1MB3,L1,LINE
chr8,43686012,43686033,MA1714.1,+,1.39e-06,ALR/Alpha,centr,Satellite
chr17,50139884,50139905,MA1714.1,+,1.39e-06,MSTB1-int,ERVL-MaLR,LTR
chr17,51096955,51096976,MA1714.1,-,1.39e-06,THE1A-int,ERVL-MaLR,LTR
chr5,51942465,51942486,MA1714.1,-,1.39e-06,L1M4,L1,LINE
chr14,54227456,54227477,MA1714.1,+,1.39e-06,HAL1,L1,LINE
chr2,56505639,56505660,MA1714.1,-,1.39e-06,LTR78B,ERV1,LTR
chr20,58946805,58946826,MA1714.1,-,1.39e-06,MIR3,MIR,SINE
chr18,60658328,60658349,MA1714.1,-,1.39e-06,HAL1,L1,LINE
chr13,68131985,68132006,MA1714.1,+,1.39e-06,L1M4b,L1,LINE
chr18,68651518,68651539,MA1714.1,+,1.39e-06,ERVL-E-int,ERVL,LTR
chr3,69034226,69034247,MA1714.1,+,1.39e-06,MIR,MIR,SINE
chr5,76036642,76036663,MA1714.1,+,1.39e-06,AluSz,Alu,SINE
chr15,80579540,80579561,MA1714.1,+,1.39e-06,L1MB2,L1,LINE
chr3,87646611,87646632,MA1714.1,-,1.39e-06,THE1A-int,ERVL-MaLR,LTR
chr7,88155805,88155826,MA1714.1,-,1.39e-06,THE1A-int,ERVL-MaLR,LTR
chr6,90280273,90280294,MA1714.1,-,1.39e-06,L1MB3,L1,LINE
chr13,98546412,98546433,MA1714.1,-,1.39e-06,MIRc,MIR,SINE
chr3,104868262,104868283,MA1714.1,-,1.39e-06,THE1A-int,ERVL-MaLR,LTR
chr13,110480149,110480170,MA1714.1,-,1.39e-06,L1PA6,L1,LINE
chr6,112413032,112413053,MA1714.1,+,1.39e-06,L1MEc,L1,LINE
chr6,112820262,112820283,MA1714.1,-,1.39e-06,Charlie25,hAT-Charlie,DNA
chrX,119033584,119033605,MA1714.1,-,1.39e-06,LTR33,ERVL,LTR
chr5,127056645,127056666,MA1714.1,-,1.39e-06,MSTA-int,ERVL-MaLR,LTR
chr8,127711595,127711616,MA1714.1,+,1.39e-06,THE1A-int,ERVL-MaLR,LTR
chr11,132379388,132379409,MA1714.1,+,1.39e-06,THE1A-int,ERVL-MaLR,LTR
chr10,133457748,133457769,MA1714.1,-,1.39e-06,MLT1A0,ERVL-MaLR,LTR
chr8,137762212,137762233,MA1714.1,-,1.39e-06,L1M3b,L1,LINE
chr4,140361639,140361660,MA1714.1,-,1.39e-06,L1M4c,L1,LINE
chr4,140435784,140435805,MA1714.1,+,1.39e-06,MIRb,MIR,SINE
chr3,159696727,159696748,MA1714.1,+,1.39e-06,L1MEg,L1,LINE
chr1,190050198,190050219,MA1714.1,+,1.39e-06,MIR,MIR,SINE
chr18,547554,547575,MA1714.1,-,1.4e-06,THE1A-int,ERVL-MaLR,LTR
chr11,2105854,2105875,MA1714.1,-,1.4e-06,L1ME1,L1,LINE
chr2,2503553,2503574,MA1714.1,-,1.4e-06,THE1A-int,ERVL-MaLR,LTR
chr6_qbl_hap6,3872609,3872630,MA1714.1,+,1.4e-06,THE1A-int,ERVL-MaLR,LTR
chr6_ssto_hap7,4070271,4070292,MA1714.1,+,1.4e-06,THE1A-int,ERVL-MaLR,LTR
chr6_cox_hap2,4086155,4086176,MA1714.1,+,1.4e-06,THE1A-int,ERVL-MaLR,LTR
chr6_mann_hap4,4096165,4096186,MA1714.1,+,1.4e-06,THE1A-int,ERVL-MaLR,LTR
chr6,5796807,5796828,MA1714.1,-,1.4e-06,THE1A-int,ERVL-MaLR,LTR
chr18,6135234,6135255,MA1714.1,-,1.4e-06,THE1A-int,ERVL-MaLR,LTR
chr2,7781597,7781618,MA1714.1,-,1.4e-06,THE1A-int,ERVL-MaLR,LTR
chr7,8565198,8565219,MA1714.1,+,1.4e-06,THE1A-int,ERVL-MaLR,LTR
chr12,9054366,9054387,MA1714.1,-,1.4e-06,THE1A-int,ERVL-MaLR,LTR
chr7,9464135,9464156,MA1714.1,-,1.4e-06,THE1A-int,ERVL-MaLR,LTR
chr17,10760153,10760174,MA1714.1,+,1.4e-06,L1ME4a,L1,LINE
chr9,11623249,11623270,MA1714.1,+,1.4e-06,MIR3,MIR,SINE
chr19,11744223,11744244,MA1714.1,+,1.4e-06,THE1A-int,ERVL-MaLR,LTR
chrX,12101272,12101293,MA1714.1,+,1.4e-06,THE1A-int,ERVL-MaLR,LTR
chr20,12253783,12253804,MA1714.1,-,1.4e-06,THE1A-int,ERVL-MaLR,LTR
chr11,13834689,13834710,MA1714.1,-,1.4e-06,THE1A-int,ERVL-MaLR,LTR
chr8,14200405,14200426,MA1714.1,+,1.4e-06,THE1A-int,ERVL-MaLR,LTR
chr3,14785417,14785438,MA1714.1,-,1.4e-06,THE1A-int,ERVL-MaLR,LTR
chr1,15633027,15633048,MA1714.1,+,1.4e-06,THE1A-int,ERVL-MaLR,LTR
chr20,20225230,20225251,MA1714.1,-,1.4e-06,THE1B-int,ERVL-MaLR,LTR
chr13,21786453,21786474,MA1714.1,+,1.4e-06,THE1A-int,ERVL-MaLR,LTR
chr21,23373270,23373291,MA1714.1,-,1.4e-06,THE1A-int,ERVL-MaLR,LTR
chr10,25054125,25054146,MA1714.1,-,1.4e-06,THE1A-int,ERVL-MaLR,LTR
chr15,25137341,25137362,MA1714.1,-,1.4e-06,MER31-int,ERV1,LTR
chr18,25486376,25486397,MA1714.1,-,1.4e-06,THE1A-int,ERVL-MaLR,LTR
chr11,26510654,26510675,MA1714.1,+,1.4e-06,THE1A-int,ERVL-MaLR,LTR
chr13,28277455,28277476,MA1714.1,-,1.4e-06,L1MCa,L1,LINE
chr11,29100071,29100092,MA1714.1,+,1.4e-06,THE1A-int,ERVL-MaLR,LTR
chr14,29153201,29153222,MA1714.1,+,1.4e-06,THE1A-int,ERVL-MaLR,LTR
chr2,29542410,29542431,MA1714.1,+,1.4e-06,L3,CR1,LINE
chr22,29942222,29942243,MA1714.1,-,1.4e-06,THE1A-int,ERVL-MaLR,LTR
chr7,30039616,30039637,MA1714.1,-,1.4e-06,THE1A-int,ERVL-MaLR,LTR
chr22,30140247,30140268,MA1714.1,-,1.4e-06,MIRb,MIR,SINE
chr5,30477453,30477474,MA1714.1,-,1.4e-06,THE1A-int,ERVL-MaLR,LTR
chr1,30616556,30616577,MA1714.1,-,1.4e-06,THE1A-int,ERVL-MaLR,LTR
chr4,31201481,31201502,MA1714.1,-,1.4e-06,THE1A-int,ERVL-MaLR,LTR
chr2,31744553,31744574,MA1714.1,+,1.4e-06,THE1A-int,ERVL-MaLR,LTR
chr13,31887982,31888003,MA1714.1,+,1.4e-06,THE1A-int,ERVL-MaLR,LTR
chr4,31908075,31908096,MA1714.1,-,1.4e-06,THE1B-int,ERVL-MaLR,LTR
chr10,32025622,32025643,MA1714.1,-,1.4e-06,THE1B-int,ERVL-MaLR,LTR
chr15,32155870,32155891,MA1714.1,-,1.4e-06,THE1A-int,ERVL-MaLR,LTR
chr6,32640501,32640522,MA1714.1,+,1.4e-06,THE1A-int,ERVL-MaLR,LTR
chr8,33899595,33899616,MA1714.1,+,1.4e-06,MIRb,MIR,SINE
chr4,34060392,34060413,MA1714.1,-,1.4e-06,THE1A-int,ERVL-MaLR,LTR
chr5,34765936,34765957,MA1714.1,+,1.4e-06,THE1A-int,ERVL-MaLR,LTR
chr13,35103664,35103685,MA1714.1,+,1.4e-06,THE1A-int,ERVL-MaLR,LTR
chr14,39611053,39611074,MA1714.1,-,1.4e-06,THE1A-int,ERVL-MaLR,LTR
chrX,40290602,40290623,MA1714.1,+,1.4e-06,THE1A-int,ERVL-MaLR,LTR
chr18,40346702,40346723,MA1714.1,+,1.4e-06,THE1A-int,ERVL-MaLR,LTR
chr5,40882559,40882580,MA1714.1,+,1.4e-06,THE1A-int,ERVL-MaLR,LTR
chr14,41568641,41568662,MA1714.1,+,1.4e-06,THE1A-int,ERVL-MaLR,LTR
chr1,43093234,43093255,MA1714.1,+,1.4e-06,THE1A-int,ERVL-MaLR,LTR
chr4,43122691,43122712,MA1714.1,-,1.4e-06,THE1A-int,ERVL-MaLR,LTR
chr11,43487507,43487528,MA1714.1,+,1.4e-06,L1MB2,L1,LINE
chr11,43498285,43498306,MA1714.1,-,1.4e-06,THE1A-int,ERVL-MaLR,LTR
chr7,43756370,43756391,MA1714.1,+,1.4e-06,THE1B-int,ERVL-MaLR,LTR
chr18,44972866,44972887,MA1714.1,+,1.4e-06,THE1B-int,ERVL-MaLR,LTR
chr20,45902448,45902469,MA1714.1,-,1.4e-06,AluJr,Alu,SINE
chr22,46661676,46661697,MA1714.1,-,1.4e-06,THE1A-int,ERVL-MaLR,LTR
chr11,46949664,46949685,MA1714.1,+,1.4e-06,THE1A-int,ERVL-MaLR,LTR
chr15,48668966,48668987,MA1714.1,+,1.4e-06,THE1B-int,ERVL-MaLR,LTR
chr22,48996974,48996995,MA1714.1,+,1.4e-06,MER44D,TcMar-Tigger,DNA
chr4,49231375,49231396,MA1714.1,-,1.4e-06,MSTA-int,ERVL-MaLR,LTR
chr4,49568074,49568095,MA1714.1,+,1.4e-06,MSTA-int,ERVL-MaLR,LTR
chr19,49791653,49791674,MA1714.1,+,1.4e-06,THE1A-int,ERVL-MaLR,LTR
chr17,50387408,50387429,MA1714.1,-,1.4e-06,THE1A-int,ERVL-MaLR,LTR
chr2,52483081,52483102,MA1714.1,-,1.4e-06,THE1A-int,ERVL-MaLR,LTR
chr13,52590602,52590623,MA1714.1,+,1.4e-06,THE1A-int,ERVL-MaLR,LTR
chr13,54540249,54540270,MA1714.1,+,1.4e-06,THE1B-int,ERVL-MaLR,LTR
chr20,55814976,55814997,MA1714.1,-,1.4e-06,THE1A-int,ERVL-MaLR,LTR
chrX,55885221,55885242,MA1714.1,-,1.4e-06,THE1A-int,ERVL-MaLR,LTR
chr11,56937400,56937421,MA1714.1,-,1.4e-06,THE1A-int,ERVL-MaLR,LTR
chr18,57142193,57142214,MA1714.1,-,1.4e-06,HAL1,L1,LINE
chr1,57494745,57494766,MA1714.1,+,1.4e-06,THE1A-int,ERVL-MaLR,LTR
chr4,57693662,57693683,MA1714.1,+,1.4e-06,THE1A-int,ERVL-MaLR,LTR
chr12,59048074,59048095,MA1714.1,-,1.4e-06,THE1A-int,ERVL-MaLR,LTR
chr1,59101387,59101408,MA1714.1,+,1.4e-06,THE1A-int,ERVL-MaLR,LTR
chr18,59673261,59673282,MA1714.1,-,1.4e-06,THE1A-int,ERVL-MaLR,LTR
chr2,59735106,59735127,MA1714.1,+,1.4e-06,THE1A-int,ERVL-MaLR,LTR
chr10,60186438,60186459,MA1714.1,-,1.4e-06,THE1A-int,ERVL-MaLR,LTR
chr15,60587664,60587685,MA1714.1,-,1.4e-06,THE1A-int,ERVL-MaLR,LTR
chr10,61537611,61537632,MA1714.1,-,1.4e-06,THE1A-int,ERVL-MaLR,LTR
chr3,66610528,66610549,MA1714.1,-,1.4e-06,THE1A-int,ERVL-MaLR,LTR
chr10,67022729,67022750,MA1714.1,-,1.4e-06,THE1A-int,ERVL-MaLR,LTR
chr8,67164864,67164885,MA1714.1,-,1.4e-06,MER4D0,ERV1,LTR
chr6,69458976,69458997,MA1714.1,-,1.4e-06,THE1A-int,ERVL-MaLR,LTR
chr1,69635729,69635750,MA1714.1,+,1.4e-06,THE1A-int,ERVL-MaLR,LTR
chr3,69959184,69959205,MA1714.1,+,1.4e-06,THE1A-int,ERVL-MaLR,LTR
chr8,71424642,71424663,MA1714.1,+,1.4e-06,THE1A-int,ERVL-MaLR,LTR
chr6,71430548,71430569,MA1714.1,-,1.4e-06,THE1A-int,ERVL-MaLR,LTR
chr10,71445153,71445174,MA1714.1,-,1.4e-06,AluJo,Alu,SINE
chr2,73012846,73012867,MA1714.1,-,1.4e-06,THE1A-int,ERVL-MaLR,LTR
chr8,74104991,74105012,MA1714.1,+,1.4e-06,L1MCc,L1,LINE
chr11,74370360,74370381,MA1714.1,-,1.4e-06,THE1A-int,ERVL-MaLR,LTR
chr8,75137898,75137919,MA1714.1,-,1.4e-06,THE1A-int,ERVL-MaLR,LTR
chr12,75631694,75631715,MA1714.1,-,1.4e-06,L1MC3,L1,LINE
chr15,76034828,76034849,MA1714.1,+,1.4e-06,THE1A-int,ERVL-MaLR,LTR
chr13,77301948,77301969,MA1714.1,+,1.4e-06,THE1A-int,ERVL-MaLR,LTR
chr1,78760041,78760062,MA1714.1,+,1.4e-06,THE1A-int,ERVL-MaLR,LTR
chr11,78905967,78905988,MA1714.1,+,1.4e-06,THE1A-int,ERVL-MaLR,LTR
chr6,78970349,78970370,MA1714.1,-,1.4e-06,THE1A-int,ERVL-MaLR,LTR
chr3,80702674,80702695,MA1714.1,+,1.4e-06,THE1A-int,ERVL-MaLR,LTR
chrX,81768034,81768055,MA1714.1,-,1.4e-06,THE1B-int,ERVL-MaLR,LTR
chr5,82801874,82801895,MA1714.1,-,1.4e-06,THE1A-int,ERVL-MaLR,LTR
chr9,83585465,83585486,MA1714.1,+,1.4e-06,THE1A-int,ERVL-MaLR,LTR
chr12,83678625,83678646,MA1714.1,+,1.4e-06,THE1A-int,ERVL-MaLR,LTR
chr11,83825294,83825315,MA1714.1,+,1.4e-06,Charlie1b,hAT-Charlie,DNA
chr12,83840092,83840113,MA1714.1,+,1.4e-06,THE1A-int,ERVL-MaLR,LTR
chr11,84288917,84288938,MA1714.1,+,1.4e-06,THE1A-int,ERVL-MaLR,LTR
chr10,84653646,84653667,MA1714.1,+,1.4e-06,L1M5,L1,LINE
chr3,84950073,84950094,MA1714.1,+,1.4e-06,THE1A-int,ERVL-MaLR,LTR
chrX,85146377,85146398,MA1714.1,+,1.4e-06,THE1A-int,ERVL-MaLR,LTR
chr2,86109067,86109088,MA1714.1,+,1.4e-06,THE1A-int,ERVL-MaLR,LTR
chr6,87163155,87163176,MA1714.1,+,1.4e-06,THE1A-int,ERVL-MaLR,LTR
chr2,87524249,87524270,MA1714.1,-,1.4e-06,THE1A-int,ERVL-MaLR,LTR
chr12,88425146,88425167,MA1714.1,-,1.4e-06,THE1A-int,ERVL-MaLR,LTR
chr8,90395729,90395750,MA1714.1,+,1.4e-06,L1PREC2,L1,LINE
chr14,92059223,92059244,MA1714.1,+,1.4e-06,THE1A-int,ERVL-MaLR,LTR
chr11,93087014,93087035,MA1714.1,-,1.4e-06,THE1A-int,ERVL-MaLR,LTR
chr9,93582924,93582945,MA1714.1,-,1.4e-06,THE1A-int,ERVL-MaLR,LTR
chrX,93590422,93590443,MA1714.1,+,1.4e-06,THE1A-int,ERVL-MaLR,LTR
chr5,95952978,95952999,MA1714.1,-,1.4e-06,Charlie4z,hAT-Charlie,DNA
chr14,96050753,96050774,MA1714.1,-,1.4e-06,THE1A-int,ERVL-MaLR,LTR
chr8,96135900,96135921,MA1714.1,+,1.4e-06,THE1A-int,ERVL-MaLR,LTR
chr12,97287052,97287073,MA1714.1,+,1.4e-06,THE1A-int,ERVL-MaLR,LTR
chr10,97634741,97634762,MA1714.1,-,1.4e-06,THE1A-int,ERVL-MaLR,LTR
chr14,97974332,97974353,MA1714.1,+,1.4e-06,THE1A-int,ERVL-MaLR,LTR
chr2,98456229,98456250,MA1714.1,-,1.4e-06,MER3,hAT-Charlie,DNA
chr8,98498785,98498806,MA1714.1,-,1.4e-06,L1PA6,L1,LINE
chr11,99510021,99510042,MA1714.1,-,1.4e-06,THE1A-int,ERVL-MaLR,LTR
chr4,100606472,100606493,MA1714.1,+,1.4e-06,THE1A-int,ERVL-MaLR,LTR
chr15,101956821,101956842,MA1714.1,+,1.4e-06,THE1A-int,ERVL-MaLR,LTR
chr10,103087392,103087413,MA1714.1,+,1.4e-06,THE1A-int,ERVL-MaLR,LTR
chrX,105094323,105094344,MA1714.1,-,1.4e-06,THE1A-int,ERVL-MaLR,LTR
chr5,105367979,105368000,MA1714.1,-,1.4e-06,THE1A-int,ERVL-MaLR,LTR
chr2,105789230,105789251,MA1714.1,-,1.4e-06,THE1A-int,ERVL-MaLR,LTR
chr2,107303131,107303152,MA1714.1,-,1.4e-06,L1MD2,L1,LINE
chr1,108675206,108675227,MA1714.1,-,1.4e-06,THE1A-int,ERVL-MaLR,LTR
chr2,108705369,108705390,MA1714.1,+,1.4e-06,THE1A-int,ERVL-MaLR,LTR
chr11,109030704,109030725,MA1714.1,-,1.4e-06,THE1A-int,ERVL-MaLR,LTR
chr13,109435001,109435022,MA1714.1,+,1.4e-06,THE1A-int,ERVL-MaLR,LTR
chr5,110067424,110067445,MA1714.1,-,1.4e-06,THE1A-int,ERVL-MaLR,LTR
chr12,111111396,111111417,MA1714.1,+,1.4e-06,THE1A-int,ERVL-MaLR,LTR
chr3,111302658,111302679,MA1714.1,-,1.4e-06,THE1A-int,ERVL-MaLR,LTR
chr10,111553286,111553307,MA1714.1,-,1.4e-06,THE1A-int,ERVL-MaLR,LTR
chr2,112322019,112322040,MA1714.1,+,1.4e-06,THE1A-int,ERVL-MaLR,LTR
chr11,113750586,113750607,MA1714.1,-,1.4e-06,THE1A-int,ERVL-MaLR,LTR
chr12,113929776,113929797,MA1714.1,+,1.4e-06,THE1A-int,ERVL-MaLR,LTR
chr5,117819559,117819580,MA1714.1,-,1.4e-06,THE1A-int,ERVL-MaLR,LTR
chr7,117979010,117979031,MA1714.1,+,1.4e-06,THE1A-int,ERVL-MaLR,LTR
chr10,119063148,119063169,MA1714.1,+,1.4e-06,THE1A-int,ERVL-MaLR,LTR
chr11,119081211,119081232,MA1714.1,-,1.4e-06,AluSz6,Alu,SINE
chr1,119606171,119606192,MA1714.1,+,1.4e-06,THE1A-int,ERVL-MaLR,LTR
chr3,120564431,120564452,MA1714.1,-,1.4e-06,HAL1,L1,LINE
chr4,121039354,121039375,MA1714.1,-,1.4e-06,THE1B-int,ERVL-MaLR,LTR
chr3,121697311,121697332,MA1714.1,+,1.4e-06,THE1B-int,ERVL-MaLR,LTR
chr9,124276796,124276817,MA1714.1,-,1.4e-06,THE1A-int,ERVL-MaLR,LTR
chr5,124793478,124793499,MA1714.1,+,1.4e-06,THE1A-int,ERVL-MaLR,LTR
chr4,125547986,125548007,MA1714.1,+,1.4e-06,MLT1G1,ERVL-MaLR,LTR
chr7,125637403,125637424,MA1714.1,+,1.4e-06,THE1A-int,ERVL-MaLR,LTR
chr6,125779834,125779855,MA1714.1,-,1.4e-06,THE1A-int,ERVL-MaLR,LTR
chr11,129410126,129410147,MA1714.1,-,1.4e-06,THE1A-int,ERVL-MaLR,LTR
chr5,130082513,130082534,MA1714.1,+,1.4e-06,THE1A-int,ERVL-MaLR,LTR
chr6,130166247,130166268,MA1714.1,-,1.4e-06,MIRb,MIR,SINE
chr7,130545764,130545785,MA1714.1,+,1.4e-06,THE1A-int,ERVL-MaLR,LTR
chr4,130598249,130598270,MA1714.1,+,1.4e-06,THE1A-int,ERVL-MaLR,LTR
chrX,130654830,130654851,MA1714.1,+,1.4e-06,THE1A-int,ERVL-MaLR,LTR
chr3,131476580,131476601,MA1714.1,+,1.4e-06,THE1A-int,ERVL-MaLR,LTR
chr2,132694388,132694409,MA1714.1,-,1.4e-06,THE1A-int,ERVL-MaLR,LTR
chr3,132730740,132730761,MA1714.1,-,1.4e-06,THE1A-int,ERVL-MaLR,LTR
chr6,134913372,134913393,MA1714.1,+,1.4e-06,L1MC3,L1,LINE
chr2,136008088,136008109,MA1714.1,+,1.4e-06,THE1A-int,ERVL-MaLR,LTR
chr2,137671101,137671122,MA1714.1,+,1.4e-06,THE1A-int,ERVL-MaLR,LTR
chr9,138096682,138096703,MA1714.1,-,1.4e-06,MLT1E2,ERVL-MaLR,LTR
chr3,138321528,138321549,MA1714.1,+,1.4e-06,THE1A-int,ERVL-MaLR,LTR
chr8,139033927,139033948,MA1714.1,+,1.4e-06,THE1A-int,ERVL-MaLR,LTR
chr5,139099722,139099743,MA1714.1,+,1.4e-06,THE1A-int,ERVL-MaLR,LTR
chr8,140262346,140262367,MA1714.1,+,1.4e-06,THE1A-int,ERVL-MaLR,LTR
chr5,142634690,142634711,MA1714.1,-,1.4e-06,L1M5,L1,LINE
chrX,143030178,143030199,MA1714.1,+,1.4e-06,THE1A-int,ERVL-MaLR,LTR
chr4,143887588,143887609,MA1714.1,-,1.4e-06,THE1A-int,ERVL-MaLR,LTR
chr6,144107040,144107061,MA1714.1,-,1.4e-06,THE1A-int,ERVL-MaLR,LTR
chr5,144354882,144354903,MA1714.1,+,1.4e-06,THE1A-int,ERVL-MaLR,LTR
chr3,144791311,144791332,MA1714.1,-,1.4e-06,THE1A-int,ERVL-MaLR,LTR
chr3,145063061,145063082,MA1714.1,-,1.4e-06,THE1B-int,ERVL-MaLR,LTR
chr4,150282604,150282625,MA1714.1,+,1.4e-06,THE1A-int,ERVL-MaLR,LTR
chr7,152168252,152168273,MA1714.1,+,1.4e-06,THE1A-int,ERVL-MaLR,LTR
chr4,153066977,153066998,MA1714.1,-,1.4e-06,THE1A-int,ERVL-MaLR,LTR
chr3,156285857,156285878,MA1714.1,+,1.4e-06,THE1A-int,ERVL-MaLR,LTR
chr7,158173742,158173763,MA1714.1,-,1.4e-06,THE1B-int,ERVL-MaLR,LTR
chr1,163079578,163079599,MA1714.1,-,1.4e-06,THE1A-int,ERVL-MaLR,LTR
chr3,163289985,163290006,MA1714.1,+,1.4e-06,THE1A-int,ERVL-MaLR,LTR
chr4,164157103,164157124,MA1714.1,-,1.4e-06,THE1A-int,ERVL-MaLR,LTR
chr2,167579588,167579609,MA1714.1,-,1.4e-06,THE1A-int,ERVL-MaLR,LTR
chr1,168307215,168307236,MA1714.1,-,1.4e-06,THE1A-int,ERVL-MaLR,LTR
chr2,176325312,176325333,MA1714.1,+,1.4e-06,THE1A-int,ERVL-MaLR,LTR
chr1,180928934,180928955,MA1714.1,-,1.4e-06,THE1A-int,ERVL-MaLR,LTR
chr1,181498195,181498216,MA1714.1,+,1.4e-06,THE1A-int,ERVL-MaLR,LTR
chr2,183180302,183180323,MA1714.1,+,1.4e-06,LTR88a,Gypsy,LTR
chr4,188217812,188217833,MA1714.1,-,1.4e-06,THE1A-int,ERVL-MaLR,LTR
chr1,188745109,188745130,MA1714.1,+,1.4e-06,THE1A-int,ERVL-MaLR,LTR
chr1,194776502,194776523,MA1714.1,+,1.4e-06,MSTA-int,ERVL-MaLR,LTR
chr2,194909157,194909178,MA1714.1,+,1.4e-06,THE1A-int,ERVL-MaLR,LTR
chr2,204369238,204369259,MA1714.1,-,1.4e-06,THE1A-int,ERVL-MaLR,LTR
chr1,211212384,211212405,MA1714.1,+,1.4e-06,THE1A-int,ERVL-MaLR,LTR
chr2,225527593,225527614,MA1714.1,-,1.4e-06,THE1A-int,ERVL-MaLR,LTR
chr2,232613393,232613414,MA1714.1,+,1.4e-06,THE1A-int,ERVL-MaLR,LTR
chr2,238212061,238212082,MA1714.1,+,1.4e-06,THE1A-int,ERVL-MaLR,LTR
chr1,238709624,238709645,MA1714.1,-,1.4e-06,THE1A-int,ERVL-MaLR,LTR
chr12,5202130,5202151,MA1714.1,-,1.41e-06,L1PA15,L1,LINE
chrY,5322856,5322877,MA1714.1,-,1.41e-06,MSTA-int,ERVL-MaLR,LTR
chr22,23821891,23821912,MA1714.1,+,1.41e-06,L1MC2,L1,LINE
chr5,26164488,26164509,MA1714.1,-,1.41e-06,L1MC3,L1,LINE
chr19,28515797,28515818,MA1714.1,+,1.41e-06,L4,RTE,LINE
chr11,33478478,33478499,MA1714.1,-,1.41e-06,LTR78,ERV1,LTR
chr2,37965862,37965883,MA1714.1,-,1.41e-06,MER74A,ERVL,LTR
chr8,56960208,56960229,MA1714.1,-,1.41e-06,MLT1A0,ERVL-MaLR,LTR
chr8,69653990,69654011,MA1714.1,-,1.41e-06,L1MA3,L1,LINE
chr3,71155996,71156017,MA1714.1,-,1.41e-06,AluJb,Alu,SINE
chr7,91598257,91598278,MA1714.1,-,1.41e-06,AluJb,Alu,SINE
chr12,107708405,107708426,MA1714.1,-,1.41e-06,MIR,MIR,SINE
chr2,108053003,108053024,MA1714.1,-,1.41e-06,L1M4c,L1,LINE
chr4,114531295,114531316,MA1714.1,-,1.41e-06,L1PREC2,L1,LINE
chr11,117436802,117436823,MA1714.1,-,1.41e-06,MIRb,MIR,SINE
chrX,123272220,123272241,MA1714.1,-,1.41e-06,L1PREC2,L1,LINE
chrX,148769883,148769904,MA1714.1,-,1.41e-06,MER21A,ERVL,LTR
chrX,148769883,148769904,MA1714.1,-,1.41e-06,MER39,ERV1,LTR
chrX,148769883,148769904,MA1714.1,-,1.41e-06,MER21A,ERVL,LTR
chrX,148769883,148769904,MA1714.1,-,1.41e-06,MER39,ERV1,LTR
chr4,154219957,154219978,MA1714.1,-,1.41e-06,AluJo,Alu,SINE
chr4,164366615,164366636,MA1714.1,+,1.41e-06,AluJb,Alu,SINE
chr4,169396744,169396765,MA1714.1,+,1.41e-06,L1M6,L1,LINE
chr5,173178123,173178144,MA1714.1,+,1.41e-06,MIR,MIR,SINE
chr8,12513113,12513134,MA1714.1,+,1.42e-06,MER20,hAT-Charlie,DNA
chr8,13532081,13532102,MA1714.1,-,1.42e-06,L1ME3A,L1,LINE
chr4,14928901,14928922,MA1714.1,-,1.42e-06,L1PA16,L1,LINE
chrY,15453736,15453757,MA1714.1,+,1.42e-06,HERV1_I-int,ERV1,LTR
chr5,17465449,17465470,MA1714.1,-,1.42e-06,L1MEf,L1,LINE
chr5,25333960,25333981,MA1714.1,+,1.42e-06,L1MA4,L1,LINE
chr7,32197350,32197371,MA1714.1,+,1.42e-06,L1MC4,L1,LINE
chr14,43794498,43794519,MA1714.1,-,1.42e-06,L1M3,L1,LINE
chr12,44280572,44280593,MA1714.1,-,1.42e-06,L1PA12,L1,LINE
chr15,45969662,45969683,MA1714.1,-,1.42e-06,L1MC4,L1,LINE
chr22,49729055,49729076,MA1714.1,-,1.42e-06,MLT1E1A,ERVL-MaLR,LTR
chr4,59461418,59461439,MA1714.1,+,1.42e-06,L1M5,L1,LINE
chr3,61485348,61485369,MA1714.1,-,1.42e-06,L1PA13,L1,LINE
chr15,62751569,62751590,MA1714.1,+,1.42e-06,MIRc,MIR,SINE
chr17,69207794,69207815,MA1714.1,+,1.42e-06,L1MD1,L1,LINE
chr14,69643887,69643908,MA1714.1,-,1.42e-06,ERVL-E-int,ERVL,LTR
chr14,71924678,71924699,MA1714.1,-,1.42e-06,L1M5,L1,LINE
chr11,72882841,72882862,MA1714.1,+,1.42e-06,L1MD3,L1,LINE
chrX,82675265,82675286,MA1714.1,+,1.42e-06,L1PA13,L1,LINE
chr7,85578022,85578043,MA1714.1,-,1.42e-06,L1MA3,L1,LINE
chr6,88079268,88079289,MA1714.1,-,1.42e-06,THE1B-int,ERVL-MaLR,LTR
chr15,92897221,92897242,MA1714.1,+,1.42e-06,THE1D-int,ERVL-MaLR,LTR
chr5,97009509,97009530,MA1714.1,-,1.42e-06,L1PA13,L1,LINE
chr12,108471402,108471423,MA1714.1,-,1.42e-06,L1ME5,L1,LINE
chr11,109028673,109028694,MA1714.1,+,1.42e-06,LTR85a,Gypsy,LTR
chr4,115181922,115181943,MA1714.1,-,1.42e-06,AluJr4,Alu,SINE
chr3,175606563,175606584,MA1714.1,+,1.42e-06,MER57A-int,ERV1,LTR
chr2,190291837,190291858,MA1714.1,+,1.42e-06,MSTA-int,ERVL-MaLR,LTR
chr2,219788776,219788797,MA1714.1,-,1.42e-06,MSTA-int,ERVL-MaLR,LTR
chr6,11299656,11299677,MA1714.1,+,1.43e-06,L1PA6,L1,LINE
chr17,11485529,11485550,MA1714.1,-,1.43e-06,MER52D,ERV1,LTR
chr7,13148923,13148944,MA1714.1,-,1.43e-06,MER52A,ERV1,LTR
chr1,30516406,30516427,MA1714.1,+,1.43e-06,MER52A,ERV1,LTR
chr5,31568820,31568841,MA1714.1,+,1.43e-06,L1M5,L1,LINE
chr22,50476303,50476324,MA1714.1,-,1.43e-06,L1ME3,L1,LINE
chr16,50931809,50931830,MA1714.1,+,1.43e-06,ERV3-16A3_I-int,ERVL,LTR
chr18,59523006,59523027,MA1714.1,+,1.43e-06,MER52A,ERV1,LTR
chr18,65389911,65389932,MA1714.1,-,1.43e-06,L1MA4,L1,LINE
chr12,65792525,65792546,MA1714.1,-,1.43e-06,L1PA7,L1,LINE
chr5,66682607,66682628,MA1714.1,+,1.43e-06,HAL1b,L1,LINE
chr11,67340270,67340291,MA1714.1,+,1.43e-06,LTR13_,ERVK,LTR
chrX,69388225,69388246,MA1714.1,+,1.43e-06,MIRb,MIR,SINE
chr14,70591569,70591590,MA1714.1,+,1.43e-06,MER117,hAT-Charlie,DNA
chr15,72769578,72769599,MA1714.1,-,1.43e-06,L1M5,L1,LINE
chr2,73487229,73487250,MA1714.1,-,1.43e-06,MIR,MIR,SINE
chr10,79649622,79649643,MA1714.1,+,1.43e-06,MER20B,hAT-Charlie,DNA
chr12,90108649,90108670,MA1714.1,-,1.43e-06,MSTA-int,ERVL-MaLR,LTR
chr13,104775474,104775495,MA1714.1,+,1.43e-06,THE1B-int,ERVL-MaLR,LTR
chr10,105660706,105660727,MA1714.1,-,1.43e-06,MIR,MIR,SINE
chr10,106491775,106491796,MA1714.1,+,1.43e-06,MIRb,MIR,SINE
chr4,109915688,109915709,MA1714.1,+,1.43e-06,L1PA6,L1,LINE
chr8,112272152,112272173,MA1714.1,-,1.43e-06,ERV3-16A3_I-int,ERVL,LTR
chr12,113671553,113671574,MA1714.1,-,1.43e-06,MIRb,MIR,SINE
chr9,114309118,114309139,MA1714.1,-,1.43e-06,L1MB4,L1,LINE
chr8,116122898,116122919,MA1714.1,-,1.43e-06,MER52A,ERV1,LTR
chr4,118121419,118121440,MA1714.1,+,1.43e-06,L1M1,L1,LINE
chr7,126326814,126326835,MA1714.1,+,1.43e-06,MER52D,ERV1,LTR
chr5,142404231,142404252,MA1714.1,-,1.43e-06,MIRb,MIR,SINE
chr2,143707238,143707259,MA1714.1,-,1.43e-06,THE1B-int,ERVL-MaLR,LTR
chr2,199310513,199310534,MA1714.1,+,1.43e-06,MLT1A0,ERVL-MaLR,LTR
chr1,212094909,212094930,MA1714.1,-,1.43e-06,MIRb,MIR,SINE
chr6_qbl_hap6,4222427,4222448,MA1714.1,+,1.44e-06,MLT-int,ERVL-MaLR,LTR
chr6_dbb_hap3,4271677,4271698,MA1714.1,+,1.44e-06,MLT-int,ERVL-MaLR,LTR
chr6_apd_hap1,4277326,4277347,MA1714.1,+,1.44e-06,MLT-int,ERVL-MaLR,LTR
chr6_mcf_hap5,4327184,4327205,MA1714.1,+,1.44e-06,MLT-int,ERVL-MaLR,LTR
chr11,4386820,4386841,MA1714.1,+,1.44e-06,L1MA8,L1,LINE
chr6_cox_hap2,4434824,4434845,MA1714.1,+,1.44e-06,MLT-int,ERVL-MaLR,LTR
chr6_ssto_hap7,4471046,4471067,MA1714.1,+,1.44e-06,MLT-int,ERVL-MaLR,LTR
chr18,11296066,11296087,MA1714.1,+,1.44e-06,PRIMAX-int,ERV1,LTR
chr3,16576700,16576721,MA1714.1,-,1.44e-06,MIRb,MIR,SINE
chrY,16862759,16862780,MA1714.1,-,1.44e-06,L1ME3B,L1,LINE
chr10,16997716,16997737,MA1714.1,-,1.44e-06,MIRb,MIR,SINE
chr20,30513159,30513180,MA1714.1,-,1.44e-06,MIR,MIR,SINE
chr3,30956539,30956560,MA1714.1,+,1.44e-06,L1MA3,L1,LINE
chr3,32565262,32565283,MA1714.1,+,1.44e-06,MLT1D,ERVL-MaLR,LTR
chr6,32990321,32990342,MA1714.1,+,1.44e-06,MLT-int,ERVL-MaLR,LTR
chr21,35711253,35711274,MA1714.1,-,1.44e-06,HAL1,L1,LINE
chr6,37235709,37235730,MA1714.1,-,1.44e-06,L1M7,L1,LINE
chr7,42631010,42631031,MA1714.1,-,1.44e-06,L1MEf,L1,LINE
chr6,45661278,45661299,MA1714.1,+,1.44e-06,L1MEd,L1,LINE
chr20,53121761,53121782,MA1714.1,+,1.44e-06,MER58A,hAT-Charlie,DNA
chr11,71595867,71595888,MA1714.1,-,1.44e-06,SATR1,Satellite,Satellite
chr2,75945819,75945840,MA1714.1,-,1.44e-06,L1ME3B,L1,LINE
chr15,76737466,76737487,MA1714.1,-,1.44e-06,L1PB3,L1,LINE
chr14,83007321,83007342,MA1714.1,-,1.44e-06,L1PB1,L1,LINE
chr3,84558869,84558890,MA1714.1,+,1.44e-06,THE1C-int,ERVL-MaLR,LTR
chr10,93592683,93592704,MA1714.1,-,1.44e-06,L1ME2z,L1,LINE
chr1,97314550,97314571,MA1714.1,+,1.44e-06,THE1A-int,ERVL-MaLR,LTR
chr9,115612400,115612421,MA1714.1,-,1.44e-06,MER96,hAT,DNA
chr10,117845907,117845928,MA1714.1,-,1.44e-06,MIRb,MIR,SINE
chr10,125539264,125539285,MA1714.1,+,1.44e-06,MIR,MIR,SINE
chr3,159328773,159328794,MA1714.1,-,1.44e-06,MIRc,MIR,SINE
chr9,4280431,4280452,MA1714.1,+,1.45e-06,L1MC4,L1,LINE
chr4,14377139,14377160,MA1714.1,+,1.45e-06,AluJo,Alu,SINE
chr20,20779967,20779988,MA1714.1,-,1.45e-06,LTR84b,ERVL,LTR
chr1,23028177,23028198,MA1714.1,-,1.45e-06,AluJr,Alu,SINE
chr14,24689878,24689899,MA1714.1,-,1.45e-06,MIR,MIR,SINE
chr9,27159350,27159371,MA1714.1,-,1.45e-06,MLT1H,ERVL-MaLR,LTR
chr8,37383567,37383588,MA1714.1,+,1.45e-06,L1PB1,L1,LINE
chr22,41936989,41937010,MA1714.1,+,1.45e-06,MIRb,MIR,SINE
chrX,42846695,42846716,MA1714.1,-,1.45e-06,ERV3-16A3_I-int,ERVL,LTR
chr6,44376074,44376095,MA1714.1,-,1.45e-06,FLAM_C,Alu,SINE
chr21,47669684,47669705,MA1714.1,-,1.45e-06,MIR,MIR,SINE
chr6,47705403,47705424,MA1714.1,-,1.45e-06,MLT1D,ERVL-MaLR,LTR
chr5,50292366,50292387,MA1714.1,-,1.45e-06,AluJo,Alu,SINE
chr6,56462214,56462235,MA1714.1,+,1.45e-06,MIR,MIR,SINE
chr5,57185840,57185861,MA1714.1,-,1.45e-06,MIRb,MIR,SINE
chr1,60969756,60969777,MA1714.1,+,1.45e-06,MIR3,MIR,SINE
chr17,61643041,61643062,MA1714.1,+,1.45e-06,MIR,MIR,SINE
chr10,70640010,70640031,MA1714.1,-,1.45e-06,AluJr,Alu,SINE
chr11,75534450,75534471,MA1714.1,-,1.45e-06,AluJr,Alu,SINE
chr6,77148029,77148050,MA1714.1,-,1.45e-06,MLT1N2,ERVL-MaLR,LTR
chr9,83328232,83328253,MA1714.1,+,1.45e-06,MER117,hAT-Charlie,DNA
chr6,85278039,85278060,MA1714.1,+,1.45e-06,L1MA7,L1,LINE
chr7,96072189,96072210,MA1714.1,+,1.45e-06,AluJb,Alu,SINE
chr8,115107587,115107608,MA1714.1,+,1.45e-06,L1ME1,L1,LINE
chr8,117593170,117593191,MA1714.1,-,1.45e-06,MIR,MIR,SINE
chr4,124210303,124210324,MA1714.1,-,1.45e-06,L1PB3,L1,LINE
chr6,124406748,124406769,MA1714.1,+,1.45e-06,MIRb,MIR,SINE
chrX,125978013,125978034,MA1714.1,+,1.45e-06,L1MA7,L1,LINE
chr1,211812126,211812147,MA1714.1,-,1.45e-06,MER21A,ERVL,LTR
chr7,11586341,11586362,MA1714.1,+,1.46e-06,L1PA15,L1,LINE
chrX,15828176,15828197,MA1714.1,+,1.46e-06,MIR,MIR,SINE
chrY,16840621,16840642,MA1714.1,+,1.46e-06,L1MB3,L1,LINE
chr7,19731230,19731251,MA1714.1,-,1.46e-06,LTR12C,ERV1,LTR
chr19,20303508,20303529,MA1714.1,-,1.46e-06,AluJb,Alu,SINE
chr17,27178956,27178977,MA1714.1,+,1.46e-06,AluJb,Alu,SINE
chr6,27331534,27331555,MA1714.1,+,1.46e-06,AluJb,Alu,SINE
chrX,28040235,28040256,MA1714.1,-,1.46e-06,L1MB4,L1,LINE
chr9,28767835,28767856,MA1714.1,-,1.46e-06,L1MC5,L1,LINE
chr19,30570580,30570601,MA1714.1,-,1.46e-06,HAL1,L1,LINE
chr8,31086574,31086595,MA1714.1,-,1.46e-06,ERVL-E-int,ERVL,LTR
chr14,36137351,36137372,MA1714.1,+,1.46e-06,L1MA4,L1,LINE
chr14,36440074,36440095,MA1714.1,+,1.46e-06,AluSz,Alu,SINE
chr21,41517658,41517679,MA1714.1,+,1.46e-06,AluSx1,Alu,SINE
chr7,48457543,48457564,MA1714.1,-,1.46e-06,L1MC1,L1,LINE
chr20,59399826,59399847,MA1714.1,-,1.46e-06,L1MD3,L1,LINE
chr2,59426252,59426273,MA1714.1,+,1.46e-06,THE1C-int,ERVL-MaLR,LTR
chr3,61388794,61388815,MA1714.1,-,1.46e-06,MIRc,MIR,SINE
chr3,80870070,80870091,MA1714.1,+,1.46e-06,L1MEc,L1,LINE
chr6,81672614,81672635,MA1714.1,+,1.46e-06,MIR,MIR,SINE
chr5,86132424,86132445,MA1714.1,-,1.46e-06,L1MEc,L1,LINE
chr3,95759020,95759041,MA1714.1,-,1.46e-06,L1MC1,L1,LINE
chr8,100879908,100879929,MA1714.1,+,1.46e-06,MIR,MIR,SINE
chr3,104798759,104798780,MA1714.1,-,1.46e-06,THE1D-int,ERVL-MaLR,LTR
chr11,116353394,116353415,MA1714.1,+,1.46e-06,MIRb,MIR,SINE
chr9,134346623,134346644,MA1714.1,-,1.46e-06,L1MEd,L1,LINE
chr4,163414344,163414365,MA1714.1,+,1.46e-06,THE1B-int,ERVL-MaLR,LTR
chr1,168825666,168825687,MA1714.1,+,1.46e-06,L1MC1,L1,LINE
chr1,191648991,191649012,MA1714.1,-,1.46e-06,L1MA3,L1,LINE
chr18,2727088,2727109,MA1714.1,+,1.47e-06,MIR,MIR,SINE
chr17,5999450,5999471,MA1714.1,-,1.47e-06,MIR,MIR,SINE
chr13,25428378,25428399,MA1714.1,+,1.47e-06,MIR,MIR,SINE
chrX,28566160,28566181,MA1714.1,+,1.47e-06,MIR,MIR,SINE
chr1,32443540,32443561,MA1714.1,-,1.47e-06,LTR50,ERVL,LTR
chr19,34101595,34101616,MA1714.1,-,1.47e-06,MSTB1,ERVL-MaLR,LTR
chr19,34161762,34161783,MA1714.1,-,1.47e-06,MIR,MIR,SINE
chr20,41922619,41922640,MA1714.1,+,1.47e-06,MIR,MIR,SINE
chr10,43667887,43667908,MA1714.1,-,1.47e-06,MIR,MIR,SINE
chr5,45926814,45926835,MA1714.1,-,1.47e-06,L1PA4,L1,LINE
chr1,47210942,47210963,MA1714.1,-,1.47e-06,MIR,MIR,SINE
chr17,53576857,53576878,MA1714.1,+,1.47e-06,MIRb,MIR,SINE
chr15,53648531,53648552,MA1714.1,-,1.47e-06,Kanga1b,TcMar-Tc2,DNA
chr14,55095390,55095411,MA1714.1,-,1.47e-06,MIR,MIR,SINE
chr8,59639717,59639738,MA1714.1,+,1.47e-06,L1PA4,L1,LINE
chr18,63832716,63832737,MA1714.1,+,1.47e-06,L1MD1,L1,LINE
chr15,65571564,65571585,MA1714.1,+,1.47e-06,MIR,MIR,SINE
chr8,67466551,67466572,MA1714.1,+,1.47e-06,AluSx,Alu,SINE
chr14,71077256,71077277,MA1714.1,-,1.47e-06,MIR,MIR,SINE
chr1,74928287,74928308,MA1714.1,+,1.47e-06,MIRb,MIR,SINE
chr4,75651881,75651902,MA1714.1,+,1.47e-06,L1MC3,L1,LINE
chr1,77534538,77534559,MA1714.1,-,1.47e-06,MIR,MIR,SINE
chr11,81632004,81632025,MA1714.1,-,1.47e-06,L1MB1,L1,LINE
chr14,92043803,92043824,MA1714.1,-,1.47e-06,MIR,MIR,SINE
chr11,99566636,99566657,MA1714.1,+,1.47e-06,MIR,MIR,SINE
chr3,99627534,99627555,MA1714.1,+,1.47e-06,MIR,MIR,SINE
chr1,112133899,112133920,MA1714.1,-,1.47e-06,L1M5,L1,LINE
chr3,113872364,113872385,MA1714.1,-,1.47e-06,MIR,MIR,SINE
chr5,114342780,114342801,MA1714.1,-,1.47e-06,MER47B,TcMar-Tigger,DNA
chr12,116508146,116508167,MA1714.1,+,1.47e-06,MIRb,MIR,SINE
chr6,118592330,118592351,MA1714.1,-,1.47e-06,MIRb,MIR,SINE
chr5,127590054,127590075,MA1714.1,-,1.47e-06,MIRb,MIR,SINE
chr5,148068014,148068035,MA1714.1,+,1.47e-06,L1PB4,L1,LINE
chr1,150985194,150985215,MA1714.1,-,1.47e-06,MIR,MIR,SINE
chr3,157792198,157792219,MA1714.1,+,1.47e-06,L1ME4a,L1,LINE
chr6,158378257,158378278,MA1714.1,-,1.47e-06,L1MEc,L1,LINE
chr5,165707214,165707235,MA1714.1,-,1.47e-06,MIR,MIR,SINE
chr1,173958411,173958432,MA1714.1,-,1.47e-06,AluJb,Alu,SINE
chr2,208469457,208469478,MA1714.1,-,1.47e-06,L1MB5,L1,LINE
chr20,2977129,2977150,MA1714.1,+,1.48e-06,L1ME4a,L1,LINE
chr12,6915979,6916000,MA1714.1,+,1.48e-06,L1MD1,L1,LINE
chr3,39015825,39015846,MA1714.1,+,1.48e-06,L1MEe,L1,LINE
chr6,41146539,41146560,MA1714.1,-,1.48e-06,L1MC4a,L1,LINE
chr1,43421813,43421834,MA1714.1,+,1.48e-06,Charlie7a,hAT-Charlie,DNA
chr19,44705911,44705932,MA1714.1,+,1.48e-06,L1M5,L1,LINE
chr14,45913020,45913041,MA1714.1,+,1.48e-06,THE1D-int,ERVL-MaLR,LTR
chr12,50421009,50421030,MA1714.1,-,1.48e-06,MIRb,MIR,SINE
chr18,56184809,56184830,MA1714.1,-,1.48e-06,MER106A,hAT-Charlie,DNA
chr12,60712457,60712478,MA1714.1,+,1.48e-06,L1MEg,L1,LINE
chr13,60885948,60885969,MA1714.1,-,1.48e-06,LTR33,ERVL,LTR
chr16,64870387,64870408,MA1714.1,-,1.48e-06,ERV3-16A3_I-int,ERVL,LTR
chr13,70768038,70768059,MA1714.1,-,1.48e-06,L1PA7,L1,LINE
chr2,74219164,74219185,MA1714.1,+,1.48e-06,L3,CR1,LINE
chr1,77840736,77840757,MA1714.1,-,1.48e-06,MIRb,MIR,SINE
chr1,85395870,85395891,MA1714.1,+,1.48e-06,AluJo,Alu,SINE
chr12,94938620,94938641,MA1714.1,+,1.48e-06,L1MB3,L1,LINE
chr15,95504217,95504238,MA1714.1,+,1.48e-06,L1MA6,L1,LINE
chr10,97652604,97652625,MA1714.1,+,1.48e-06,L1MB8,L1,LINE
chr12,126870815,126870836,MA1714.1,+,1.48e-06,LTR78,ERV1,LTR
chr2,133424245,133424266,MA1714.1,+,1.48e-06,MIRc,MIR,SINE
chr7,139743727,139743748,MA1714.1,+,1.48e-06,L1MEe,L1,LINE
chr8,141676412,141676433,MA1714.1,+,1.48e-06,AluSx,Alu,SINE
chr4,131430,131451,MA1714.1,-,1.49e-06,L1MB1,L1,LINE
chr10,8719414,8719435,MA1714.1,+,1.49e-06,MLT1L,ERVL-MaLR,LTR
chr16,10231220,10231241,MA1714.1,-,1.49e-06,MIRb,MIR,SINE
chr7,20527135,20527156,MA1714.1,+,1.49e-06,L1M2,L1,LINE
chr7,20750695,20750716,MA1714.1,-,1.49e-06,L1MEc,L1,LINE
chr22,25904877,25904898,MA1714.1,-,1.49e-06,AluJo,Alu,SINE
chr1,28232802,28232823,MA1714.1,+,1.49e-06,AluSx1,Alu,SINE
chr22,28752483,28752504,MA1714.1,-,1.49e-06,MER45C,hAT-Tip100,DNA
chr16,29269991,29270012,MA1714.1,-,1.49e-06,MLT1D,ERVL-MaLR,LTR
chr22,31474201,31474222,MA1714.1,-,1.49e-06,MIR3,MIR,SINE
chr19,32510620,32510641,MA1714.1,+,1.49e-06,AluJo,Alu,SINE
chr3,38381517,38381538,MA1714.1,+,1.49e-06,L1ME5,L1,LINE
chr20,39694180,39694201,MA1714.1,-,1.49e-06,L1MB4,L1,LINE
chr2,46801292,46801313,MA1714.1,-,1.49e-06,MIRb,MIR,SINE
chr13,48565733,48565754,MA1714.1,+,1.49e-06,L2a,L2,LINE
chr2,51364549,51364570,MA1714.1,+,1.49e-06,L1MA6,L1,LINE
chr20,52232223,52232244,MA1714.1,+,1.49e-06,AluJo,Alu,SINE
chr11,57273743,57273764,MA1714.1,+,1.49e-06,AluJb,Alu,SINE
chr9,75135487,75135508,MA1714.1,+,1.49e-06,Helitron1Nb_Mam,Helitron,RC
chr3,77858916,77858937,MA1714.1,+,1.49e-06,L1ME3A,L1,LINE
chr14,77952374,77952395,MA1714.1,-,1.49e-06,MIR,MIR,SINE
chr7,78422915,78422936,MA1714.1,+,1.49e-06,L1MD,L1,LINE
chr6,80094590,80094611,MA1714.1,-,1.49e-06,MER68,ERVL,LTR
chr13,81263114,81263135,MA1714.1,-,1.49e-06,MSTA-int,ERVL-MaLR,LTR
chr16,88265182,88265203,MA1714.1,-,1.49e-06,MLT1D,ERVL-MaLR,LTR
chr6,92270408,92270429,MA1714.1,-,1.49e-06,MSTA-int,ERVL-MaLR,LTR
chr6,93175495,93175516,MA1714.1,-,1.49e-06,MSTA-int,ERVL-MaLR,LTR
chr6,105709958,105709979,MA1714.1,+,1.49e-06,LTR81A,Gypsy,LTR
chrX,108658564,108658585,MA1714.1,+,1.49e-06,L1ME2,L1,LINE
chr9,123291779,123291800,MA1714.1,+,1.49e-06,MIRb,MIR,SINE
chr9,126529006,126529027,MA1714.1,+,1.49e-06,MIRc,MIR,SINE
chr9,135193157,135193178,MA1714.1,-,1.49e-06,L1MEd,L1,LINE
chr8,143953198,143953219,MA1714.1,+,1.49e-06,MLT1A0-int,ERVL-MaLR,LTR
chr2,179388596,179388617,MA1714.1,+,1.49e-06,LTR16A1,ERVL,LTR
chr3,189420766,189420787,MA1714.1,-,1.49e-06,MIRb,MIR,SINE
chr2,194280405,194280426,MA1714.1,+,1.49e-06,L1M2,L1,LINE
chr2,212547657,212547678,MA1714.1,-,1.49e-06,L1ME1,L1,LINE
chr6_qbl_hap6,323453,323474,MA1714.1,-,1.5e-06,FRAM,Alu,SINE
chr6_mann_hap4,323457,323478,MA1714.1,-,1.5e-06,FRAM,Alu,SINE
chr6_dbb_hap3,323467,323488,MA1714.1,-,1.5e-06,FRAM,Alu,SINE
chr6_apd_hap1,323498,323519,MA1714.1,-,1.5e-06,FRAM,Alu,SINE
chr6_mcf_hap5,323602,323623,MA1714.1,-,1.5e-06,FRAM,Alu,SINE
chr6_ssto_hap7,360934,360955,MA1714.1,-,1.5e-06,FRAM,Alu,SINE
chr6_cox_hap2,538872,538893,MA1714.1,-,1.5e-06,FRAM,Alu,SINE
chr9,1939712,1939733,MA1714.1,+,1.5e-06,MIRb,MIR,SINE
chr12,10000566,10000587,MA1714.1,-,1.5e-06,L1P3,L1,LINE
chr6,10860100,10860121,MA1714.1,-,1.5e-06,L1MA3,L1,LINE
chrX,11117426,11117447,MA1714.1,+,1.5e-06,MLT1K,ERVL-MaLR,LTR
chr8,14380873,14380894,MA1714.1,-,1.5e-06,L1MD1,L1,LINE
chr3,17809977,17809998,MA1714.1,+,1.5e-06,L1MA2,L1,LINE
chr4,18256303,18256324,MA1714.1,-,1.5e-06,L1PB1,L1,LINE
chr16,19898229,19898250,MA1714.1,-,1.5e-06,MIR,MIR,SINE
chr4,22323069,22323090,MA1714.1,+,1.5e-06,MLT1K,ERVL-MaLR,LTR
chr10,27771251,27771272,MA1714.1,-,1.5e-06,AluJo,Alu,SINE
chr6,29020056,29020077,MA1714.1,-,1.5e-06,FRAM,Alu,SINE
chr18,40684108,40684129,MA1714.1,+,1.5e-06,L1MA5,L1,LINE
chr22,41163675,41163696,MA1714.1,-,1.5e-06,MIR,MIR,SINE
chr17,56827833,56827854,MA1714.1,-,1.5e-06,L1MC2,L1,LINE
chr18,57440253,57440274,MA1714.1,+,1.5e-06,L1PA6,L1,LINE
chr17,58683421,58683442,MA1714.1,-,1.5e-06,L1MB4,L1,LINE
chr13,63382551,63382572,MA1714.1,+,1.5e-06,HAL1,L1,LINE
chr4,81417130,81417151,MA1714.1,-,1.5e-06,MSTA-int,ERVL-MaLR,LTR
chr11,82285385,82285406,MA1714.1,-,1.5e-06,L1MC4,L1,LINE
chr6,82568587,82568608,MA1714.1,+,1.5e-06,MIRb,MIR,SINE
chr10,88120478,88120499,MA1714.1,-,1.5e-06,MIRb,MIR,SINE
chr9,111259694,111259715,MA1714.1,-,1.5e-06,MIRb,MIR,SINE
chr10,124448993,124449014,MA1714.1,-,1.5e-06,MIR,MIR,SINE
chr9,125124018,125124039,MA1714.1,-,1.5e-06,MIR,MIR,SINE
chrX,132480902,132480923,MA1714.1,+,1.5e-06,L1MB8,L1,LINE
chr7,137855777,137855798,MA1714.1,+,1.5e-06,HAL1,L1,LINE
chr2,142604569,142604590,MA1714.1,+,1.5e-06,L1MEd,L1,LINE
chr5,147675834,147675855,MA1714.1,-,1.5e-06,L1M5,L1,LINE
chr1,193587511,193587532,MA1714.1,-,1.5e-06,L1MA6,L1,LINE
chr1,197050426,197050447,MA1714.1,+,1.5e-06,THE1B-int,ERVL-MaLR,LTR
chr2,217910918,217910939,MA1714.1,-,1.5e-06,MIRc,MIR,SINE
chr2,223204298,223204319,MA1714.1,+,1.5e-06,L1MA3,L1,LINE
chr2,232476023,232476044,MA1714.1,+,1.5e-06,MIRb,MIR,SINE
chr1,246110921,246110942,MA1714.1,+,1.5e-06,MIRb,MIR,SINE
chr9,2348905,2348926,MA1714.1,+,1.51e-06,MSTA-int,ERVL-MaLR,LTR
chr12,3860354,3860375,MA1714.1,+,1.51e-06,MIR,MIR,SINE
chr1,7893873,7893894,MA1714.1,-,1.51e-06,L1ME1,L1,LINE
chr6,8832637,8832658,MA1714.1,-,1.51e-06,L1MC1,L1,LINE
chr11,15417084,15417105,MA1714.1,-,1.51e-06,L1PB4,L1,LINE
chr4,18989706,18989727,MA1714.1,-,1.51e-06,MIR,MIR,SINE
chr19,24004703,24004724,MA1714.1,-,1.51e-06,HERV3-int,ERV1,LTR
chr11,25623970,25623991,MA1714.1,+,1.51e-06,MIRc,MIR,SINE
chr10,28492806,28492827,MA1714.1,+,1.51e-06,MIR,MIR,SINE
chr21,29657503,29657524,MA1714.1,+,1.51e-06,L1ME5,L1,LINE
chr18,30719860,30719881,MA1714.1,+,1.51e-06,THE1B-int,ERVL-MaLR,LTR
chr5,33433916,33433937,MA1714.1,-,1.51e-06,MIRc,MIR,SINE
chrX,33443533,33443554,MA1714.1,-,1.51e-06,L1PA13,L1,LINE
chr9,34944369,34944390,MA1714.1,-,1.51e-06,ERV3-16A3_I-int,ERVL,LTR
chr14,42028693,42028714,MA1714.1,+,1.51e-06,MLT1B,ERVL-MaLR,LTR
chr20,51412246,51412267,MA1714.1,-,1.51e-06,MIR,MIR,SINE
chr12,51712551,51712572,MA1714.1,+,1.51e-06,MIRb,MIR,SINE
chr8,52936567,52936588,MA1714.1,+,1.51e-06,MSTA-int,ERVL-MaLR,LTR
chr14,56087455,56087476,MA1714.1,-,1.51e-06,THE1B-int,ERVL-MaLR,LTR
chr16,56307057,56307078,MA1714.1,-,1.51e-06,L1MEc,L1,LINE
chr14,61343389,61343410,MA1714.1,-,1.51e-06,L1MB3,L1,LINE
chr13,68094116,68094137,MA1714.1,+,1.51e-06,MSTB1-int,ERVL-MaLR,LTR
chr6,68288966,68288987,MA1714.1,+,1.51e-06,THE1B-int,ERVL-MaLR,LTR
chr15,70786664,70786685,MA1714.1,-,1.51e-06,MIR,MIR,SINE
chr12,71506315,71506336,MA1714.1,-,1.51e-06,THE1B-int,ERVL-MaLR,LTR
chr8,72642163,72642184,MA1714.1,-,1.51e-06,L1MC4a,L1,LINE
chr1,75558419,75558440,MA1714.1,+,1.51e-06,L3,CR1,LINE
chr10,95268525,95268546,MA1714.1,+,1.51e-06,L2a,L2,LINE
chr4,101286731,101286752,MA1714.1,+,1.51e-06,MIR,MIR,SINE
chr5,103814870,103814891,MA1714.1,+,1.51e-06,THE1C-int,ERVL-MaLR,LTR
chr6,109873070,109873091,MA1714.1,-,1.51e-06,L1PA8A,L1,LINE
chr2,137426515,137426536,MA1714.1,-,1.51e-06,THE1D-int,ERVL-MaLR,LTR
chr5,138548334,138548355,MA1714.1,+,1.51e-06,AluJb,Alu,SINE
chr5,146531612,146531633,MA1714.1,+,1.51e-06,HSMAR2,TcMar-Mariner,DNA
chr3,163559277,163559298,MA1714.1,-,1.51e-06,THE1D-int,ERVL-MaLR,LTR
chr5,173906628,173906649,MA1714.1,+,1.51e-06,L1MA9,L1,LINE
chr5,178098756,178098777,MA1714.1,+,1.51e-06,L1MEg2,L1,LINE
chr4,184867463,184867484,MA1714.1,+,1.51e-06,MIR,MIR,SINE
chr4,187087049,187087070,MA1714.1,+,1.51e-06,MIRb,MIR,SINE
chr1,196641450,196641471,MA1714.1,-,1.51e-06,L1MEg,L1,LINE
chr2,234453482,234453503,MA1714.1,+,1.51e-06,L1MEd,L1,LINE
chr6_dbb_hap3,2736808,2736829,MA1714.1,-,1.52e-06,L1MA4A,L1,LINE
chr6_qbl_hap6,2745179,2745200,MA1714.1,-,1.52e-06,L1MA4A,L1,LINE
chr6_ssto_hap7,2782242,2782263,MA1714.1,-,1.52e-06,L1MA4A,L1,LINE
chr6_mcf_hap5,2831261,2831282,MA1714.1,-,1.52e-06,L1MA4A,L1,LINE
chr6_cox_hap2,2961136,2961157,MA1714.1,-,1.52e-06,L1MA4A,L1,LINE
chrX,17222764,17222785,MA1714.1,+,1.52e-06,LTR40a,ERVL,LTR
chr6,18609042,18609063,MA1714.1,-,1.52e-06,MSTA-int,ERVL-MaLR,LTR
chr4,18759526,18759547,MA1714.1,-,1.52e-06,MLT1J,ERVL-MaLR,LTR
chr2,26917062,26917083,MA1714.1,+,1.52e-06,MIR3,MIR,SINE
chr19,29126560,29126581,MA1714.1,+,1.52e-06,L1MA9,L1,LINE
chr15,31702873,31702894,MA1714.1,+,1.52e-06,L1MCa,L1,LINE
chrX,35454960,35454981,MA1714.1,-,1.52e-06,MER4B-int,ERV1,LTR
chr18,36404011,36404032,MA1714.1,+,1.52e-06,L1MC3,L1,LINE
chrX,41853843,41853864,MA1714.1,+,1.52e-06,L1MB8,L1,LINE
chrX,53508422,53508443,MA1714.1,+,1.52e-06,L1MEc,L1,LINE
chr17,54388277,54388298,MA1714.1,-,1.52e-06,L1MA9,L1,LINE
chr10,55653543,55653564,MA1714.1,+,1.52e-06,L1PB1,L1,LINE
chr18,56593039,56593060,MA1714.1,-,1.52e-06,L1MD1,L1,LINE
chr14,58987063,58987084,MA1714.1,-,1.52e-06,L1MB7,L1,LINE
chr10,65629326,65629347,MA1714.1,+,1.52e-06,MER91A,hAT-Tip100,DNA
chr15,76992412,76992433,MA1714.1,-,1.52e-06,L1P4e,L1,LINE
chr12,78518305,78518326,MA1714.1,-,1.52e-06,AluSz,Alu,SINE
chr9,82917030,82917051,MA1714.1,-,1.52e-06,L1M4b,L1,LINE
chr15,91494147,91494168,MA1714.1,+,1.52e-06,MIR,MIR,SINE
chr5,93034515,93034536,MA1714.1,-,1.52e-06,L2c,L2,LINE
chr6,112782850,112782871,MA1714.1,-,1.52e-06,MER57A-int,ERV1,LTR
chr7,115662902,115662923,MA1714.1,-,1.52e-06,MIRb,MIR,SINE
chr3,119504561,119504582,MA1714.1,-,1.52e-06,L1ME3C,L1,LINE
chr12,128333754,128333775,MA1714.1,-,1.52e-06,L1PREC2,L1,LINE
chr4,147510404,147510425,MA1714.1,+,1.52e-06,L2c,L2,LINE
chr6,149855216,149855237,MA1714.1,+,1.52e-06,AluSz,Alu,SINE
chr5,160695466,160695487,MA1714.1,-,1.52e-06,L1MA5A,L1,LINE
chr20,665159,665180,MA1714.1,-,1.53e-06,MIRc,MIR,SINE
chr2,4989942,4989963,MA1714.1,+,1.53e-06,AluSx,Alu,SINE
chr3,31109562,31109583,MA1714.1,-,1.53e-06,LTR78B,ERV1,LTR
chr9,34000140,34000161,MA1714.1,-,1.53e-06,AluJr,Alu,SINE
chr18,35975184,35975205,MA1714.1,+,1.53e-06,HERVL-int,ERVL,LTR
chr1,41395263,41395284,MA1714.1,-,1.53e-06,MIRb,MIR,SINE
chr20,43059587,43059608,MA1714.1,-,1.53e-06,MIRb,MIR,SINE
chr12,49770251,49770272,MA1714.1,-,1.53e-06,AluJr,Alu,SINE
chr11,58177508,58177529,MA1714.1,+,1.53e-06,L1MA6,L1,LINE
chr10,76135377,76135398,MA1714.1,+,1.53e-06,LTR86B2,ERVL,LTR
chr6,76904330,76904351,MA1714.1,-,1.53e-06,L1MB2,L1,LINE
chr6,80206401,80206422,MA1714.1,+,1.53e-06,L1ME1,L1,LINE
chr12,83736986,83737007,MA1714.1,+,1.53e-06,MSTA-int,ERVL-MaLR,LTR
chrX,90634861,90634882,MA1714.1,+,1.53e-06,ERVL-B4-int,ERVL,LTR
chr11,96443985,96444006,MA1714.1,-,1.53e-06,L1M5,L1,LINE
chr1,102643991,102644012,MA1714.1,-,1.53e-06,L1MC3,L1,LINE
chr10,117963734,117963755,MA1714.1,+,1.53e-06,L1MC3,L1,LINE
chr4,125583084,125583105,MA1714.1,+,1.53e-06,L1ME3A,L1,LINE
chr8,136498027,136498048,MA1714.1,-,1.53e-06,MIRc,MIR,SINE
chr7,141809370,141809391,MA1714.1,+,1.53e-06,L1MB7,L1,LINE
chr3,152497687,152497708,MA1714.1,+,1.53e-06,MIR3,MIR,SINE
chr2,206247979,206248000,MA1714.1,-,1.53e-06,L1MC4a,L1,LINE
chr8,19642701,19642722,MA1714.1,+,1.55e-06,L1MB4,L1,LINE
chr22,29663422,29663443,MA1714.1,+,1.55e-06,MIRc,MIR,SINE
chr14,36397140,36397161,MA1714.1,-,1.55e-06,LTR57-int,ERVL,LTR
chr4,37513439,37513460,MA1714.1,-,1.55e-06,L1M1,L1,LINE
chr9,38495931,38495952,MA1714.1,-,1.55e-06,L1MEf,L1,LINE
chr13,45199218,45199239,MA1714.1,-,1.55e-06,HAL1,L1,LINE
chr8,53378044,53378065,MA1714.1,+,1.55e-06,AluJb,Alu,SINE
chrX,54982221,54982242,MA1714.1,+,1.55e-06,MIRc,MIR,SINE
chr6,55930212,55930233,MA1714.1,-,1.55e-06,L2c,L2,LINE
chr13,62182476,62182497,MA1714.1,-,1.55e-06,MSTB-int,ERVL-MaLR,LTR
chr6,63932506,63932527,MA1714.1,+,1.55e-06,MIR,MIR,SINE
chr15,64375526,64375547,MA1714.1,-,1.55e-06,MIRc,MIR,SINE
chr16,68159896,68159917,MA1714.1,-,1.55e-06,AluSx,Alu,SINE
chr9,78514502,78514523,MA1714.1,-,1.55e-06,L1MA9,L1,LINE
chr7,78810848,78810869,MA1714.1,-,1.55e-06,THE1B-int,ERVL-MaLR,LTR
chr4,81816020,81816041,MA1714.1,+,1.55e-06,L1MA9,L1,LINE
chr6,86121901,86121922,MA1714.1,-,1.55e-06,L1MEf,L1,LINE
chr11,90086463,90086484,MA1714.1,+,1.55e-06,ERV3-16A3_I-int,ERVL,LTR
chr11,102228051,102228072,MA1714.1,-,1.55e-06,L1MA9,L1,LINE
chr8,104636969,104636990,MA1714.1,-,1.55e-06,MIR,MIR,SINE
chr13,105868840,105868861,MA1714.1,-,1.55e-06,L1MA4,L1,LINE
chr12,106161784,106161805,MA1714.1,-,1.55e-06,MIRc,MIR,SINE
chr3,109850596,109850617,MA1714.1,+,1.55e-06,L1PA11,L1,LINE
chr2,117537021,117537042,MA1714.1,+,1.55e-06,MER65C,ERV1,LTR
chr2,126338605,126338626,MA1714.1,+,1.55e-06,MIRb,MIR,SINE
chr6,139287112,139287133,MA1714.1,-,1.55e-06,MIR,MIR,SINE
chr4,169993812,169993833,MA1714.1,+,1.55e-06,MLT1N2,ERVL-MaLR,LTR
chr3,196504471,196504492,MA1714.1,+,1.55e-06,Charlie1a,hAT-Charlie,DNA
chr1,247288451,247288472,MA1714.1,-,1.55e-06,L1MB7,L1,LINE
chr7,4086073,4086094,MA1714.1,-,1.56e-06,L1ME1,L1,LINE
chr17,10271295,10271316,MA1714.1,-,1.56e-06,Charlie1a,hAT-Charlie,DNA
chr12,18725667,18725688,MA1714.1,-,1.56e-06,L1ME3A,L1,LINE
chr19,24231373,24231394,MA1714.1,-,1.56e-06,AluJb,Alu,SINE
chr10,27592687,27592708,MA1714.1,+,1.56e-06,L1PA4,L1,LINE
chr2,33010528,33010549,MA1714.1,-,1.56e-06,L1MEe,L1,LINE
chrX,39559215,39559236,MA1714.1,-,1.56e-06,MER39,ERV1,LTR
chr12,41585797,41585818,MA1714.1,-,1.56e-06,AluSx1,Alu,SINE
chrX,43218417,43218438,MA1714.1,+,1.56e-06,L1MC3,L1,LINE
chr14,46013940,46013961,MA1714.1,+,1.56e-06,THE1D-int,ERVL-MaLR,LTR
chr5,57829843,57829864,MA1714.1,+,1.56e-06,MIR,MIR,SINE
chrX,58304510,58304531,MA1714.1,-,1.56e-06,GSATX,centr,Satellite
chr14,60750854,60750875,MA1714.1,+,1.56e-06,MIRc,MIR,SINE
chr12,60961557,60961578,MA1714.1,+,1.56e-06,MSTA-int,ERVL-MaLR,LTR
chr11,64863262,64863283,MA1714.1,-,1.56e-06,MIR,MIR,SINE
chr1,65658247,65658268,MA1714.1,-,1.56e-06,MSTD-int,ERVL-MaLR,LTR
chr10,72504791,72504812,MA1714.1,-,1.56e-06,MIRb,MIR,SINE
chr4,78927280,78927301,MA1714.1,+,1.56e-06,L1MC1,L1,LINE
chr10,80401305,80401326,MA1714.1,-,1.56e-06,L3,CR1,LINE
chr3,80881140,80881161,MA1714.1,-,1.56e-06,ERV3-16A3_I-int,ERVL,LTR
chr5,84257082,84257103,MA1714.1,-,1.56e-06,MER52A,ERV1,LTR
chr6,94244123,94244144,MA1714.1,+,1.56e-06,L1P3,L1,LINE
chr5,104014282,104014303,MA1714.1,+,1.56e-06,L1PB1,L1,LINE
chr3,105226262,105226283,MA1714.1,-,1.56e-06,L1MC2,L1,LINE
chr12,109166503,109166524,MA1714.1,-,1.56e-06,AluJb,Alu,SINE
chr10,111318997,111319018,MA1714.1,-,1.56e-06,MSTD-int,ERVL-MaLR,LTR
chr9,113994905,113994926,MA1714.1,+,1.56e-06,MER1B,hAT-Charlie,DNA
chr6,146370977,146370998,MA1714.1,-,1.56e-06,MIRb,MIR,SINE
chr3,146444975,146444996,MA1714.1,+,1.56e-06,L1PA7,L1,LINE
chr4,164714149,164714170,MA1714.1,+,1.56e-06,MIRb,MIR,SINE
chr2,181482007,181482028,MA1714.1,+,1.56e-06,HAL1,L1,LINE
chr9,205947,205968,MA1714.1,-,1.57e-06,L1MC4,L1,LINE
chr20,4394552,4394573,MA1714.1,+,1.57e-06,L1ME5,L1,LINE
chr3,5106692,5106713,MA1714.1,+,1.57e-06,Charlie1a,hAT-Charlie,DNA
chr16,5653971,5653992,MA1714.1,-,1.57e-06,MER117,hAT-Charlie,DNA
chr4,6485324,6485345,MA1714.1,-,1.57e-06,L1MEc,L1,LINE
chr8,8213295,8213316,MA1714.1,+,1.57e-06,L1M3,L1,LINE
chr4,19452761,19452782,MA1714.1,-,1.57e-06,THE1C-int,ERVL-MaLR,LTR
chr15,25535773,25535794,MA1714.1,+,1.57e-06,L1MA9,L1,LINE
chrX,26795207,26795228,MA1714.1,-,1.57e-06,L1MEg,L1,LINE
chr18,32795250,32795271,MA1714.1,-,1.57e-06,L1MB3,L1,LINE
chrX,37645561,37645582,MA1714.1,-,1.57e-06,MIRb,MIR,SINE
chr2,39817268,39817289,MA1714.1,-,1.57e-06,MLT1H,ERVL-MaLR,LTR
chr20,40396114,40396135,MA1714.1,-,1.57e-06,AluSz6,Alu,SINE
chr6,50292620,50292641,MA1714.1,-,1.57e-06,THE1C-int,ERVL-MaLR,LTR
chr4,52687548,52687569,MA1714.1,+,1.57e-06,ALR/Alpha,centr,Satellite
chrX,53118966,53118987,MA1714.1,-,1.57e-06,L1MC3,L1,LINE
chr10,57124583,57124604,MA1714.1,-,1.57e-06,L1MEf,L1,LINE
chr20,62285547,62285568,MA1714.1,+,1.57e-06,MIRb,MIR,SINE
chrX,65748812,65748833,MA1714.1,+,1.57e-06,L1PB1,L1,LINE
chr18,69299171,69299192,MA1714.1,-,1.57e-06,LTR50,ERVL,LTR
chr1,71317388,71317409,MA1714.1,+,1.57e-06,L1M5,L1,LINE
chr7,71677723,71677744,MA1714.1,+,1.57e-06,AluJr,Alu,SINE
chr10,78286111,78286132,MA1714.1,-,1.57e-06,MLT1J,ERVL-MaLR,LTR
chr13,80332954,80332975,MA1714.1,-,1.57e-06,L1MA3,L1,LINE
chr12,80407872,80407893,MA1714.1,-,1.57e-06,L1M2,L1,LINE
chr10,85511472,85511493,MA1714.1,+,1.57e-06,THE1C-int,ERVL-MaLR,LTR
chr10,87697514,87697535,MA1714.1,+,1.57e-06,MER20,hAT-Charlie,DNA
chr14,96974091,96974112,MA1714.1,+,1.57e-06,Charlie1a,hAT-Charlie,DNA
chr4,103247885,103247906,MA1714.1,+,1.57e-06,Charlie1a,hAT-Charlie,DNA
chr12,111109172,111109193,MA1714.1,+,1.57e-06,MLT1C,ERVL-MaLR,LTR
chr2,122866486,122866507,MA1714.1,+,1.57e-06,Charlie1a,hAT-Charlie,DNA
chr4,135690510,135690531,MA1714.1,-,1.57e-06,ERVL-B4-int,ERVL,LTR
chr3,137372135,137372156,MA1714.1,+,1.57e-06,MLT1N2-int,ERVL-MaLR,LTR
chrX,140287855,140287876,MA1714.1,+,1.57e-06,THE1B-int,ERVL-MaLR,LTR
chr9,140337640,140337661,MA1714.1,-,1.57e-06,L1MDa,L1,LINE
chrX,149441482,149441503,MA1714.1,+,1.57e-06,THE1B-int,ERVL-MaLR,LTR
chr2,172226171,172226192,MA1714.1,+,1.57e-06,Charlie1,hAT-Charlie,DNA
chr1,173804293,173804314,MA1714.1,-,1.57e-06,AluSx,Alu,SINE
chr2,204094084,204094105,MA1714.1,+,1.57e-06,MER115,hAT-Tip100,DNA
chrUn_gl000223,77616,77637,MA1714.1,-,1.58e-06,MER52A,ERV1,LTR
chr4_ctg9_hap1,436440,436461,MA1714.1,+,1.58e-06,THE1D-int,ERVL-MaLR,LTR
chr5,2120776,2120797,MA1714.1,-,1.58e-06,L1MA9,L1,LINE
chr18,2911400,2911421,MA1714.1,-,1.58e-06,MER50,ERV1,LTR
chrY,3014307,3014328,MA1714.1,-,1.58e-06,THE1B-int,ERVL-MaLR,LTR
chr6,16667314,16667335,MA1714.1,-,1.58e-06,MIRb,MIR,SINE
chr5,17885637,17885658,MA1714.1,+,1.58e-06,THE1B-int,ERVL-MaLR,LTR
chr20,22379899,22379920,MA1714.1,+,1.58e-06,MIR,MIR,SINE
chr10,22976291,22976312,MA1714.1,+,1.58e-06,L1MA9,L1,LINE
chr14,27812411,27812432,MA1714.1,+,1.58e-06,THE1B-int,ERVL-MaLR,LTR
chr8,27815284,27815305,MA1714.1,+,1.58e-06,MIRc,MIR,SINE
chr6,27897116,27897137,MA1714.1,-,1.58e-06,THE1B-int,ERVL-MaLR,LTR
chr8,31260949,31260970,MA1714.1,+,1.58e-06,LTR16D2,ERVL,LTR
chr11,33929153,33929174,MA1714.1,+,1.58e-06,MIR,MIR,SINE
chr10,35557828,35557849,MA1714.1,-,1.58e-06,MLT-int,ERVL-MaLR,LTR
chr2,40837279,40837300,MA1714.1,-,1.58e-06,MSTB-int,ERVL-MaLR,LTR
chr12,47063670,47063691,MA1714.1,-,1.58e-06,MSTB-int,ERVL-MaLR,LTR
chr2,48404990,48405011,MA1714.1,-,1.58e-06,MSTB1-int,ERVL-MaLR,LTR
chr6,52375207,52375228,MA1714.1,+,1.58e-06,L1MEd,L1,LINE
chr3,58000115,58000136,MA1714.1,-,1.58e-06,L3,CR1,LINE
chr15,59921502,59921523,MA1714.1,-,1.58e-06,Tigger1,TcMar-Tigger,DNA
chr5,64039898,64039919,MA1714.1,+,1.58e-06,MER50,ERV1,LTR
chr4,64554625,64554646,MA1714.1,+,1.58e-06,MSTA-int,ERVL-MaLR,LTR
chr4,68823537,68823558,MA1714.1,+,1.58e-06,THE1B-int,ERVL-MaLR,LTR
chr4,69724189,69724210,MA1714.1,+,1.58e-06,THE1D-int,ERVL-MaLR,LTR
chr1,71156603,71156624,MA1714.1,+,1.58e-06,THE1B-int,ERVL-MaLR,LTR
chr1,73316335,73316356,MA1714.1,+,1.58e-06,MLT1A0,ERVL-MaLR,LTR
chr5,75481533,75481554,MA1714.1,-,1.58e-06,THE1D-int,ERVL-MaLR,LTR
chr12,75822454,75822475,MA1714.1,+,1.58e-06,THE1D-int,ERVL-MaLR,LTR
chr13,80081200,80081221,MA1714.1,-,1.58e-06,HAL1b,L1,LINE
chr8,80731928,80731949,MA1714.1,+,1.58e-06,MIRc,MIR,SINE
chr6,81702405,81702426,MA1714.1,+,1.58e-06,L1ME1,L1,LINE
chr7,82940464,82940485,MA1714.1,-,1.58e-06,MER97c,hAT-Tip100,DNA
chr7,86246048,86246069,MA1714.1,+,1.58e-06,THE1C-int,ERVL-MaLR,LTR
chr16,87545310,87545331,MA1714.1,-,1.58e-06,THE1C-int,ERVL-MaLR,LTR
chr14,88115940,88115961,MA1714.1,+,1.58e-06,THE1D-int,ERVL-MaLR,LTR
chrX,88745392,88745413,MA1714.1,-,1.58e-06,THE1B-int,ERVL-MaLR,LTR
chr14,91706613,91706634,MA1714.1,-,1.58e-06,MER11B,ERVK,LTR
chr6,94375381,94375402,MA1714.1,+,1.58e-06,HERVL-int,ERVL,LTR
chrX,97875230,97875251,MA1714.1,-,1.58e-06,THE1B-int,ERVL-MaLR,LTR
chr6,98591223,98591244,MA1714.1,-,1.58e-06,THE1D-int,ERVL-MaLR,LTR
chr6,102232054,102232075,MA1714.1,+,1.58e-06,THE1D-int,ERVL-MaLR,LTR
chr9,103940395,103940416,MA1714.1,+,1.58e-06,HERVL-int,ERVL,LTR
chrX,105805044,105805065,MA1714.1,+,1.58e-06,L1M3,L1,LINE
chr5,107868420,107868441,MA1714.1,-,1.58e-06,THE1-int,ERVL-MaLR,LTR
chr8,111509945,111509966,MA1714.1,+,1.58e-06,THE1C-int,ERVL-MaLR,LTR
chr1,118088465,118088486,MA1714.1,+,1.58e-06,HAL1,L1,LINE
chrX,119544006,119544027,MA1714.1,-,1.58e-06,THE1D-int,ERVL-MaLR,LTR
chr10,121610353,121610374,MA1714.1,+,1.58e-06,L1MD1,L1,LINE
chr6,122122789,122122810,MA1714.1,+,1.58e-06,THE1C-int,ERVL-MaLR,LTR
chr7,123434503,123434524,MA1714.1,+,1.58e-06,THE1C-int,ERVL-MaLR,LTR
chr11,126488351,126488372,MA1714.1,-,1.58e-06,AluSx,Alu,SINE
chr9,129845954,129845975,MA1714.1,-,1.58e-06,LTR78,ERV1,LTR
chr7,129982469,129982490,MA1714.1,+,1.58e-06,L1MEg,L1,LINE
chr4,133506397,133506418,MA1714.1,+,1.58e-06,THE1D-int,ERVL-MaLR,LTR
chr12,133605027,133605048,MA1714.1,+,1.58e-06,MER52A,ERV1,LTR
chr3,163575641,163575662,MA1714.1,+,1.58e-06,THE1D-int,ERVL-MaLR,LTR
chr3,164952658,164952679,MA1714.1,-,1.58e-06,MER33,hAT-Charlie,DNA
chr4,170531230,170531251,MA1714.1,-,1.58e-06,AluSz,Alu,SINE
chr3,178854480,178854501,MA1714.1,+,1.58e-06,L1MEf,L1,LINE
chr3,186863429,186863450,MA1714.1,-,1.58e-06,THE1D-int,ERVL-MaLR,LTR
chr2,191030416,191030437,MA1714.1,+,1.58e-06,L1MEd,L1,LINE
chr3,195025355,195025376,MA1714.1,+,1.58e-06,HAL1,L1,LINE
chr2,223650939,223650960,MA1714.1,+,1.58e-06,MER112,hAT-Charlie,DNA
chr1,245048055,245048076,MA1714.1,+,1.58e-06,AluSz,Alu,SINE
chr6,3087723,3087744,MA1714.1,-,1.59e-06,L1MDa,L1,LINE
chrX,4058900,4058921,MA1714.1,-,1.59e-06,L1MB3,L1,LINE
chrX,4176332,4176353,MA1714.1,+,1.59e-06,MER52A,ERV1,LTR
chr20,19349606,19349627,MA1714.1,+,1.59e-06,L1MC4,L1,LINE
chr18,21222549,21222570,MA1714.1,+,1.59e-06,MER52A,ERV1,LTR
chr15,32044680,32044701,MA1714.1,-,1.59e-06,Charlie1a,hAT-Charlie,DNA
chr21,32320850,32320871,MA1714.1,-,1.59e-06,L1MA4,L1,LINE
chr15,33998583,33998604,MA1714.1,-,1.59e-06,L1MB4,L1,LINE
chr1,37247494,37247515,MA1714.1,+,1.59e-06,MIRb,MIR,SINE
chrX,39846395,39846416,MA1714.1,+,1.59e-06,MER113A,hAT-Charlie,DNA
chr4,44231396,44231417,MA1714.1,+,1.59e-06,MER50B,ERV1,LTR
chr17,49083342,49083363,MA1714.1,+,1.59e-06,Charlie17a,hAT-Charlie,DNA
chr16,51728372,51728393,MA1714.1,+,1.59e-06,L1MC3,L1,LINE
chr20,53422732,53422753,MA1714.1,+,1.59e-06,MIRb,MIR,SINE
chr3,55313674,55313695,MA1714.1,+,1.59e-06,HAL1b,L1,LINE
chr6,69107889,69107910,MA1714.1,+,1.59e-06,L1MB7,L1,LINE
chr10,81083870,81083891,MA1714.1,-,1.59e-06,MLT1H,ERVL-MaLR,LTR
chr13,82464708,82464729,MA1714.1,+,1.59e-06,MER52A,ERV1,LTR
chr1,99096954,99096975,MA1714.1,-,1.59e-06,MER31-int,ERV1,LTR
chr2,129510686,129510707,MA1714.1,-,1.59e-06,HAL1b,L1,LINE
chr6,164698640,164698661,MA1714.1,-,1.59e-06,L1ME3E,L1,LINE
chr4,166043854,166043875,MA1714.1,+,1.59e-06,AluSx,Alu,SINE
chr6,170509409,170509430,MA1714.1,+,1.59e-06,L1MD1,L1,LINE
chr4,171139014,171139035,MA1714.1,+,1.59e-06,L1MA4,L1,LINE
chr1,177393040,177393061,MA1714.1,-,1.59e-06,LTR40a,ERVL,LTR
chr2,185394966,185394987,MA1714.1,-,1.59e-06,MER52A,ERV1,LTR
chr16,567259,567280,MA1714.1,+,1.6e-06,L1MD3,L1,LINE
chr10,3599126,3599147,MA1714.1,-,1.6e-06,L1MC5,L1,LINE
chr2,3987463,3987484,MA1714.1,-,1.6e-06,L1PA8A,L1,LINE
chr17,7672914,7672935,MA1714.1,-,1.6e-06,L1M5,L1,LINE
chr1,31362058,31362079,MA1714.1,+,1.6e-06,MIR,MIR,SINE
chr19,32213085,32213106,MA1714.1,-,1.6e-06,Charlie1a,hAT-Charlie,DNA
chrX,38771514,38771535,MA1714.1,+,1.6e-06,MIRc,MIR,SINE
chr14,52197666,52197687,MA1714.1,-,1.6e-06,MIR,MIR,SINE
chr2,53876482,53876503,MA1714.1,+,1.6e-06,LTR8A,ERV1,LTR
chr3,74710334,74710355,MA1714.1,-,1.6e-06,MIR,MIR,SINE
chr7,80182642,80182663,MA1714.1,-,1.6e-06,L1PB3,L1,LINE
chr8,81004531,81004552,MA1714.1,-,1.6e-06,L1MA4A,L1,LINE
chr16,85628332,85628353,MA1714.1,+,1.6e-06,MIR,MIR,SINE
chr7,97829538,97829559,MA1714.1,-,1.6e-06,L1MEf,L1,LINE
chr5,111802650,111802671,MA1714.1,+,1.6e-06,L2,L2,LINE
chr8,137963168,137963189,MA1714.1,+,1.6e-06,L1ME3B,L1,LINE
chr3,152254353,152254374,MA1714.1,-,1.6e-06,L1PA13,L1,LINE
chr2,154703546,154703567,MA1714.1,+,1.6e-06,L1MEg,L1,LINE
chr7,156877240,156877261,MA1714.1,+,1.6e-06,MSTA-int,ERVL-MaLR,LTR
chr4,163932695,163932716,MA1714.1,-,1.6e-06,THE1B-int,ERVL-MaLR,LTR
chr1,170122604,170122625,MA1714.1,+,1.6e-06,MSTB-int,ERVL-MaLR,LTR
chr1,208027266,208027287,MA1714.1,-,1.6e-06,MER112,hAT-Charlie,DNA
chr2,209564925,209564946,MA1714.1,-,1.6e-06,L1PA15,L1,LINE
chr2,10616235,10616256,MA1714.1,-,1.61e-06,MIRb,MIR,SINE
chr10,14502933,14502954,MA1714.1,+,1.61e-06,L1MEg,L1,LINE
chr8,16251248,16251269,MA1714.1,+,1.61e-06,L1PB1,L1,LINE
chrY,18184349,18184370,MA1714.1,+,1.61e-06,HERV9-int,ERV1,LTR
chr22,20980084,20980105,MA1714.1,-,1.61e-06,MIRc,MIR,SINE
chr18,25260432,25260453,MA1714.1,-,1.61e-06,L1MB8,L1,LINE
chr21,25394347,25394368,MA1714.1,+,1.61e-06,MLT1A,ERVL-MaLR,LTR
chr22,36834423,36834444,MA1714.1,-,1.61e-06,AluJr,Alu,SINE
chr10,38044626,38044647,MA1714.1,-,1.61e-06,AluJo,Alu,SINE
chr8,39334713,39334734,MA1714.1,+,1.61e-06,MLT-int,ERVL-MaLR,LTR
chr6,42435149,42435170,MA1714.1,-,1.61e-06,MLT1A1-int,ERVL-MaLR,LTR
chr13,44063335,44063356,MA1714.1,+,1.61e-06,MLT1A1-int,ERVL-MaLR,LTR
chr5,44504872,44504893,MA1714.1,+,1.61e-06,MLT-int,ERVL-MaLR,LTR
chr1,44672801,44672822,MA1714.1,+,1.61e-06,AluJo,Alu,SINE
chr21,45162716,45162737,MA1714.1,+,1.61e-06,AluJr,Alu,SINE
chr11,47963110,47963131,MA1714.1,-,1.61e-06,MIRb,MIR,SINE
chr6,52449591,52449612,MA1714.1,+,1.61e-06,MER97c,hAT-Tip100,DNA
chr10,57344342,57344363,MA1714.1,+,1.61e-06,AluSc,Alu,SINE
chrX,58337998,58338019,MA1714.1,+,1.61e-06,ALR/Alpha,centr,Satellite
chr3,60659826,60659847,MA1714.1,-,1.61e-06,L1MEf,L1,LINE
chr6,79484647,79484668,MA1714.1,+,1.61e-06,HAL1,L1,LINE
chr5,87545737,87545758,MA1714.1,-,1.61e-06,HERV35I-int,ERV1,LTR
chr10,95014127,95014148,MA1714.1,+,1.61e-06,LTR88a,Gypsy,LTR
chr11,106079178,106079199,MA1714.1,-,1.61e-06,ERV3-16A3_I-int,ERVL,LTR
chrX,110593644,110593665,MA1714.1,-,1.61e-06,MIRc,MIR,SINE
chr9,126903339,126903360,MA1714.1,+,1.61e-06,L1M5,L1,LINE
chr2,201821419,201821440,MA1714.1,+,1.61e-06,AluJr,Alu,SINE
chr3,2329046,2329067,MA1714.1,+,1.63e-06,AluJo,Alu,SINE
chr2,2350225,2350246,MA1714.1,-,1.63e-06,L1MC5,L1,LINE
chr17,12966850,12966871,MA1714.1,+,1.63e-06,MIRb,MIR,SINE
chr4,28169420,28169441,MA1714.1,-,1.63e-06,L1MA2,L1,LINE
chr19,32623840,32623861,MA1714.1,+,1.63e-06,AluJr,Alu,SINE
chr6,33509237,33509258,MA1714.1,+,1.63e-06,AluSx,Alu,SINE
chr1,35564268,35564289,MA1714.1,+,1.63e-06,AluSx,Alu,SINE
chr18,40477491,40477512,MA1714.1,+,1.63e-06,MER106B,hAT-Charlie,DNA
chr3,43582842,43582863,MA1714.1,-,1.63e-06,MIR,MIR,SINE
chr12,47140124,47140145,MA1714.1,+,1.63e-06,AluSx1,Alu,SINE
chr17,54610542,54610563,MA1714.1,-,1.63e-06,MIRb,MIR,SINE
chr4,56313294,56313315,MA1714.1,+,1.63e-06,AluSz6,Alu,SINE
chr3,56977240,56977261,MA1714.1,+,1.63e-06,Tigger1,TcMar-Tigger,DNA
chr5,61214238,61214259,MA1714.1,-,1.63e-06,AluSp,Alu,SINE
chrX,67529459,67529480,MA1714.1,-,1.63e-06,MER82,TcMar-Tigger,DNA
chr5,76274143,76274164,MA1714.1,+,1.63e-06,Tigger1,TcMar-Tigger,DNA
chrX,80142198,80142219,MA1714.1,-,1.63e-06,THE1-int,ERVL-MaLR,LTR
chr16,80232950,80232971,MA1714.1,-,1.63e-06,MIR,MIR,SINE
chr12,82810487,82810508,MA1714.1,-,1.63e-06,AluJb,Alu,SINE
chr5,83871635,83871656,MA1714.1,-,1.63e-06,L1MA7,L1,LINE
chr10,87779352,87779373,MA1714.1,-,1.63e-06,MIRb,MIR,SINE
chrX,94222315,94222336,MA1714.1,+,1.63e-06,MER50-int,ERV1,LTR
chrX,105878453,105878474,MA1714.1,-,1.63e-06,MIRc,MIR,SINE
chr13,115098786,115098807,MA1714.1,+,1.63e-06,L1MB7,L1,LINE
chr9,126818543,126818564,MA1714.1,-,1.63e-06,MIR,MIR,SINE
chr2,139780873,139780894,MA1714.1,+,1.63e-06,ERVL-E-int,ERVL,LTR
chr7,139950044,139950065,MA1714.1,-,1.63e-06,HAL1,L1,LINE
chr3,144659889,144659910,MA1714.1,-,1.63e-06,L1MC3,L1,LINE
chrX,150857102,150857123,MA1714.1,+,1.63e-06,L1M1,L1,LINE
chr3,151313580,151313601,MA1714.1,+,1.63e-06,L1MA9,L1,LINE
chr1,163280024,163280045,MA1714.1,-,1.63e-06,Tigger1,TcMar-Tigger,DNA
chr6,163558753,163558774,MA1714.1,-,1.63e-06,MIR,MIR,SINE
chr1,193105919,193105940,MA1714.1,-,1.63e-06,AluJr,Alu,SINE
chr12,7655129,7655150,MA1714.1,+,1.64e-06,L3,CR1,LINE
chr8,8777349,8777370,MA1714.1,-,1.64e-06,L1MC3,L1,LINE
chr10,10449869,10449890,MA1714.1,+,1.64e-06,FRAM,Alu,SINE
chr6,19196036,19196057,MA1714.1,+,1.64e-06,HAL1b,L1,LINE
chr2,20832795,20832816,MA1714.1,-,1.64e-06,MIRb,MIR,SINE
chr18,27742757,27742778,MA1714.1,+,1.64e-06,MLT1M,ERVL-MaLR,LTR
chr5,33447166,33447187,MA1714.1,+,1.64e-06,FAM,Alu,SINE
chr11,34287561,34287582,MA1714.1,+,1.64e-06,MIR3,MIR,SINE
chr21,35627375,35627396,MA1714.1,-,1.64e-06,L1MC3,L1,LINE
chr22,36881039,36881060,MA1714.1,-,1.64e-06,HERVIP10F-int,ERV1,LTR
chr21,44434904,44434925,MA1714.1,-,1.64e-06,L1MD,L1,LINE
chr8,55278186,55278207,MA1714.1,-,1.64e-06,MIR,MIR,SINE
chr2,68298749,68298770,MA1714.1,+,1.64e-06,MIRb,MIR,SINE
chr9,78420023,78420044,MA1714.1,+,1.64e-06,L1MEc,L1,LINE
chr10,98958794,98958815,MA1714.1,-,1.64e-06,MER117,hAT-Charlie,DNA
chr12,105800852,105800873,MA1714.1,+,1.64e-06,MLT1A0,ERVL-MaLR,LTR
chr3,110105206,110105227,MA1714.1,+,1.64e-06,L1MA9,L1,LINE
chr10,125147587,125147608,MA1714.1,+,1.64e-06,THE1B-int,ERVL-MaLR,LTR
chr3,127654158,127654179,MA1714.1,+,1.64e-06,L1M4b,L1,LINE
chr9,138429627,138429648,MA1714.1,-,1.64e-06,L1MB7,L1,LINE
chr2,148125070,148125091,MA1714.1,+,1.64e-06,MIRc,MIR,SINE
chr1,154413670,154413691,MA1714.1,-,1.64e-06,L3,CR1,LINE
chr1,170264384,170264405,MA1714.1,+,1.64e-06,L1ME3C,L1,LINE
chr5,174386533,174386554,MA1714.1,-,1.64e-06,L1MA8,L1,LINE
chr1,216335733,216335754,MA1714.1,-,1.64e-06,L1ME3,L1,LINE
chr2,230397997,230398018,MA1714.1,+,1.64e-06,Charlie1a,hAT-Charlie,DNA
chr3,871888,871909,MA1714.1,-,1.65e-06,THE1D-int,ERVL-MaLR,LTR
chr16,2149447,2149468,MA1714.1,-,1.65e-06,L1M4,L1,LINE
chr10,2598384,2598405,MA1714.1,-,1.65e-06,L1MC,L1,LINE
chr2,4589487,4589508,MA1714.1,-,1.65e-06,MLT1A0,ERVL-MaLR,LTR
chr10,6452594,6452615,MA1714.1,+,1.65e-06,MER20B,hAT-Charlie,DNA
chr12,8154260,8154281,MA1714.1,+,1.65e-06,ERVL-int,ERVL,LTR
chr4,11005070,11005091,MA1714.1,-,1.65e-06,MLT1B,ERVL-MaLR,LTR
chr11,13190662,13190683,MA1714.1,+,1.65e-06,L1MA9,L1,LINE
chr11,17653021,17653042,MA1714.1,-,1.65e-06,L1MC4,L1,LINE
chr1,18737624,18737645,MA1714.1,-,1.65e-06,MIRb,MIR,SINE
chr15,26838344,26838365,MA1714.1,+,1.65e-06,L1M6,L1,LINE
chr3,26983818,26983839,MA1714.1,+,1.65e-06,L1PA8,L1,LINE
chrX,28503061,28503082,MA1714.1,-,1.65e-06,MIRb,MIR,SINE
chr4,30513503,30513524,MA1714.1,-,1.65e-06,HAL1,L1,LINE
chr19,35182090,35182111,MA1714.1,-,1.65e-06,L1MEc,L1,LINE
chr5,35536695,35536716,MA1714.1,+,1.65e-06,L1M6,L1,LINE
chr17,37990234,37990255,MA1714.1,-,1.65e-06,L1MC3,L1,LINE
chr4,40779060,40779081,MA1714.1,+,1.65e-06,L1MB7,L1,LINE
chr15,41414321,41414342,MA1714.1,+,1.65e-06,AluJo,Alu,SINE
chr12,42649482,42649503,MA1714.1,-,1.65e-06,ERVL-E-int,ERVL,LTR
chr3,43165428,43165449,MA1714.1,+,1.65e-06,L1MEg,L1,LINE
chr4,43397034,43397055,MA1714.1,+,1.65e-06,MSTA-int,ERVL-MaLR,LTR
chr12,49685731,49685752,MA1714.1,-,1.65e-06,MIR,MIR,SINE
chr1,51684527,51684548,MA1714.1,-,1.65e-06,MLT1H1,ERVL-MaLR,LTR
chr11,66776393,66776414,MA1714.1,+,1.65e-06,MIR,MIR,SINE
chr16,68894837,68894858,MA1714.1,+,1.65e-06,MIRb,MIR,SINE
chr1,79174985,79175006,MA1714.1,+,1.65e-06,L1MA9,L1,LINE
chr7,87083713,87083734,MA1714.1,+,1.65e-06,L1MC4,L1,LINE
chrX,87924422,87924443,MA1714.1,-,1.65e-06,MSTA-int,ERVL-MaLR,LTR
chr4,92979659,92979680,MA1714.1,-,1.65e-06,MLT1D,ERVL-MaLR,LTR
chr14,93028378,93028399,MA1714.1,-,1.65e-06,L1MC3,L1,LINE
chr7,98970760,98970781,MA1714.1,-,1.65e-06,MIRb,MIR,SINE
chr1,100859742,100859763,MA1714.1,-,1.65e-06,AluJr,Alu,SINE
chr3,140759994,140760015,MA1714.1,+,1.65e-06,L1MEc,L1,LINE
chr2,183225730,183225751,MA1714.1,-,1.65e-06,MIRb,MIR,SINE
chr1,225098531,225098552,MA1714.1,-,1.65e-06,THE1D-int,ERVL-MaLR,LTR
chr6,5051357,5051378,MA1714.1,+,1.66e-06,L1M4c,L1,LINE
chr3,8638117,8638138,MA1714.1,+,1.66e-06,L3,CR1,LINE
chr11,10657793,10657814,MA1714.1,-,1.66e-06,AluJo,Alu,SINE
chr3,10955967,10955988,MA1714.1,-,1.66e-06,MIRc,MIR,SINE
chr2,17213010,17213031,MA1714.1,-,1.66e-06,THE1D-int,ERVL-MaLR,LTR
chr13,19877872,19877893,MA1714.1,+,1.66e-06,AluJo,Alu,SINE
chr1,21827226,21827247,MA1714.1,+,1.66e-06,MLT1K-int,ERVL-MaLR,LTR
chr12,27804284,27804305,MA1714.1,-,1.66e-06,FLAM_C,Alu,SINE
chr17,30483502,30483523,MA1714.1,-,1.66e-06,AluJb,Alu,SINE
chr13,35176997,35177018,MA1714.1,+,1.66e-06,AluSx1,Alu,SINE
chr1,46759507,46759528,MA1714.1,-,1.66e-06,AluSx,Alu,SINE
chr13,50610435,50610456,MA1714.1,+,1.66e-06,MIR,MIR,SINE
chr2,51178465,51178486,MA1714.1,+,1.66e-06,MER20B,hAT-Charlie,DNA
chr11,54795398,54795419,MA1714.1,-,1.66e-06,ALR/Alpha,centr,Satellite
chr17,58173574,58173595,MA1714.1,+,1.66e-06,MamRep1527,LTR,LTR
chr1,60193781,60193802,MA1714.1,-,1.66e-06,L1MC3,L1,LINE
chr2,65365709,65365730,MA1714.1,-,1.66e-06,AluJb,Alu,SINE
chr8,66887518,66887539,MA1714.1,+,1.66e-06,MLT1A1-int,ERVL-MaLR,LTR
chr15,71218630,71218651,MA1714.1,-,1.66e-06,FLAM_C,Alu,SINE
chr17,72664198,72664219,MA1714.1,+,1.66e-06,L1MCa,L1,LINE
chr15,76460474,76460495,MA1714.1,-,1.66e-06,MIR3,MIR,SINE
chr15,76520186,76520207,MA1714.1,+,1.66e-06,Helitron3Na_Mam,Helitron,RC
chr4,78347797,78347818,MA1714.1,-,1.66e-06,MLT1A1-int,ERVL-MaLR,LTR
chr1,82026075,82026096,MA1714.1,+,1.66e-06,MIR,MIR,SINE
chrX,85345382,85345403,MA1714.1,+,1.66e-06,L1PB1,L1,LINE
chrX,105214493,105214514,MA1714.1,-,1.66e-06,MLT-int,ERVL-MaLR,LTR
chr10,108869322,108869343,MA1714.1,-,1.66e-06,MSTA-int,ERVL-MaLR,LTR
chr7,110150936,110150957,MA1714.1,-,1.66e-06,L1ME1,L1,LINE
chr13,110259464,110259485,MA1714.1,-,1.66e-06,L1PREC2,L1,LINE
chr7,113281190,113281211,MA1714.1,-,1.66e-06,THE1A-int,ERVL-MaLR,LTR
chr1,115083525,115083546,MA1714.1,-,1.66e-06,L1M7,L1,LINE
chr4,162218478,162218499,MA1714.1,+,1.66e-06,L1MC1,L1,LINE
chr5,162550179,162550200,MA1714.1,+,1.66e-06,L1MA9,L1,LINE
chr2,170734661,170734682,MA1714.1,+,1.66e-06,AluSx1,Alu,SINE
chr2,206428045,206428066,MA1714.1,-,1.66e-06,MIRb,MIR,SINE
chr4,3331886,3331907,MA1714.1,-,1.67e-06,LTR80B,ERVL,LTR
chr12,3456911,3456932,MA1714.1,+,1.67e-06,MIRc,MIR,SINE
chr4,4236000,4236021,MA1714.1,-,1.67e-06,HSMAR2,TcMar-Mariner,DNA
chr1,6178617,6178638,MA1714.1,+,1.67e-06,L1MB7,L1,LINE
chr3,11412523,11412544,MA1714.1,+,1.67e-06,MIRb,MIR,SINE
chr3,16290697,16290718,MA1714.1,-,1.67e-06,MIR,MIR,SINE
chr10,18270529,18270550,MA1714.1,-,1.67e-06,MIR,MIR,SINE
chr2,19700641,19700662,MA1714.1,-,1.67e-06,Charlie9,hAT-Charlie,DNA
chr11,21446229,21446250,MA1714.1,+,1.67e-06,L1M4c,L1,LINE
chr8,23627646,23627667,MA1714.1,+,1.67e-06,HAL1,L1,LINE
chr7,25316628,25316649,MA1714.1,+,1.67e-06,MIRc,MIR,SINE
chr21,25987087,25987108,MA1714.1,+,1.67e-06,THE1B-int,ERVL-MaLR,LTR
chr13,27953290,27953311,MA1714.1,-,1.67e-06,L1M5,L1,LINE
chr11,30597668,30597689,MA1714.1,-,1.67e-06,MIR,MIR,SINE
chr14,31690592,31690613,MA1714.1,-,1.67e-06,MIR,MIR,SINE
chr1,31741207,31741228,MA1714.1,-,1.67e-06,AluJr,Alu,SINE
chr8,33927730,33927751,MA1714.1,+,1.67e-06,MIRb,MIR,SINE
chr10,56215522,56215543,MA1714.1,+,1.67e-06,THE1C-int,ERVL-MaLR,LTR
chr11,56643342,56643363,MA1714.1,+,1.67e-06,MIRc,MIR,SINE
chr19,57165395,57165416,MA1714.1,-,1.67e-06,L1ME2,L1,LINE
chr2,63010855,63010876,MA1714.1,-,1.67e-06,THE1C-int,ERVL-MaLR,LTR
chr8,64701805,64701826,MA1714.1,+,1.67e-06,L1MEg,L1,LINE
chr3,67339663,67339684,MA1714.1,-,1.67e-06,L1MC3,L1,LINE
chr12,68905121,68905142,MA1714.1,+,1.67e-06,MIR,MIR,SINE
chr4,75119808,75119829,MA1714.1,+,1.67e-06,L1M3c,L1,LINE
chr6,78098447,78098468,MA1714.1,-,1.67e-06,L1MA7,L1,LINE
chr6,79428370,79428391,MA1714.1,-,1.67e-06,Arthur1,hAT-Tip100,DNA
chr9,79555214,79555235,MA1714.1,+,1.67e-06,FLAM_C,Alu,SINE
chrX,84470279,84470300,MA1714.1,-,1.67e-06,MSTB1-int,ERVL-MaLR,LTR
chr15,86152443,86152464,MA1714.1,-,1.67e-06,L1MA6,L1,LINE
chr7,87183354,87183375,MA1714.1,-,1.67e-06,MIRb,MIR,SINE
chr13,90701274,90701295,MA1714.1,-,1.67e-06,L1M1,L1,LINE
chr10,91060833,91060854,MA1714.1,-,1.67e-06,MIR,MIR,SINE
chr11,96816427,96816448,MA1714.1,+,1.67e-06,L1MEc,L1,LINE
chr12,111605433,111605454,MA1714.1,-,1.67e-06,MIR,MIR,SINE
chr7,114429101,114429122,MA1714.1,-,1.67e-06,L1MC4a,L1,LINE
chrX,114509538,114509559,MA1714.1,+,1.67e-06,AluJr,Alu,SINE
chr10,122728749,122728770,MA1714.1,+,1.67e-06,L1MB7,L1,LINE
chr10,125309536,125309557,MA1714.1,-,1.67e-06,MIRc,MIR,SINE
chr7,125463283,125463304,MA1714.1,+,1.67e-06,HSMAR2,TcMar-Mariner,DNA
chr6,145702387,145702408,MA1714.1,+,1.67e-06,L1ME2,L1,LINE
chr2,160616621,160616642,MA1714.1,-,1.67e-06,L1MB5,L1,LINE
chr1,164930204,164930225,MA1714.1,+,1.67e-06,MIR,MIR,SINE
chr1,205421532,205421553,MA1714.1,+,1.67e-06,L3,CR1,LINE
chr1,242897264,242897285,MA1714.1,+,1.67e-06,L1MD1,L1,LINE
chr19,15808844,15808865,MA1714.1,+,1.68e-06,MIR,MIR,SINE
chr1,16264670,16264691,MA1714.1,-,1.68e-06,AluSz,Alu,SINE
chr10,17101923,17101944,MA1714.1,-,1.68e-06,MIRc,MIR,SINE
chr9,19146788,19146809,MA1714.1,+,1.68e-06,AluJb,Alu,SINE
chrY,19742263,19742284,MA1714.1,-,1.68e-06,L1MB7,L1,LINE
chrY,20437490,20437511,MA1714.1,+,1.68e-06,L1MB7,L1,LINE
chr6,21212014,21212035,MA1714.1,-,1.68e-06,AluJb,Alu,SINE
chrX,24603102,24603123,MA1714.1,+,1.68e-06,MamGypLTR2c,Gypsy,LTR
chr18,25544642,25544663,MA1714.1,-,1.68e-06,MIRb,MIR,SINE
chr13,27226148,27226169,MA1714.1,+,1.68e-06,L1MCa,L1,LINE
chrX,34729680,34729701,MA1714.1,+,1.68e-06,L1MA9,L1,LINE
chr10,35224212,35224233,MA1714.1,+,1.68e-06,AluJr,Alu,SINE
chr18,61414083,61414104,MA1714.1,-,1.68e-06,L1MC4a,L1,LINE
chr10,66145259,66145280,MA1714.1,-,1.68e-06,MSTA-int,ERVL-MaLR,LTR
chr5,68646888,68646909,MA1714.1,+,1.68e-06,L1MB7,L1,LINE
chr2,69682809,69682830,MA1714.1,+,1.68e-06,LTR78B,ERV1,LTR
chr10,82078596,82078617,MA1714.1,+,1.68e-06,L1MC3,L1,LINE
chr2,85967005,85967026,MA1714.1,+,1.68e-06,AluJr,Alu,SINE
chr1,89238951,89238972,MA1714.1,-,1.68e-06,AluSz6,Alu,SINE
chr3,97883338,97883359,MA1714.1,-,1.68e-06,ERVL-B4-int,ERVL,LTR
chr4,138580027,138580048,MA1714.1,+,1.68e-06,AluSp,Alu,SINE
chr6,145489092,145489113,MA1714.1,+,1.68e-06,L1MEg,L1,LINE
chr3,149131191,149131212,MA1714.1,+,1.68e-06,BLACKJACK,hAT-Blackjack,DNA
chr2,151516914,151516935,MA1714.1,-,1.68e-06,MSTB1-int,ERVL-MaLR,LTR
chr6,170722118,170722139,MA1714.1,-,1.68e-06,HAL1,L1,LINE
chr2,188038540,188038561,MA1714.1,-,1.68e-06,MER52-int,ERV1,LTR
chr1,243603486,243603507,MA1714.1,+,1.68e-06,MIR,MIR,SINE
chrY,3872541,3872562,MA1714.1,+,1.7e-06,L1PA7,L1,LINE
chr4,15089907,15089928,MA1714.1,-,1.7e-06,L1MD1,L1,LINE
chr10,15733689,15733710,MA1714.1,+,1.7e-06,L1MA7,L1,LINE
chr4,22058652,22058673,MA1714.1,+,1.7e-06,THE1B-int,ERVL-MaLR,LTR
chr14,24356935,24356956,MA1714.1,+,1.7e-06,L1MA9,L1,LINE
chr1,24818556,24818577,MA1714.1,-,1.7e-06,MIRc,MIR,SINE
chrX,28764421,28764442,MA1714.1,+,1.7e-06,CR1_Mam,CR1,LINE
chr13,30928240,30928261,MA1714.1,+,1.7e-06,HAL1,L1,LINE
chr20,31183694,31183715,MA1714.1,-,1.7e-06,MIR3,MIR,SINE
chr16,34590006,34590027,MA1714.1,-,1.7e-06,L1M4c,L1,LINE
chr1,42523840,42523861,MA1714.1,+,1.7e-06,L1ME3C,L1,LINE
chr13,43675751,43675772,MA1714.1,-,1.7e-06,L1PB1,L1,LINE
chr11,46376429,46376450,MA1714.1,-,1.7e-06,L1ME3C,L1,LINE
chr16,60537227,60537248,MA1714.1,-,1.7e-06,Charlie4a,hAT-Charlie,DNA
chrX,63028573,63028594,MA1714.1,+,1.7e-06,MLT1D,ERVL-MaLR,LTR
chr4,65178378,65178399,MA1714.1,+,1.7e-06,AluJr,Alu,SINE
chr14,71026726,71026747,MA1714.1,+,1.7e-06,L1M5,L1,LINE
chr10,72900076,72900097,MA1714.1,+,1.7e-06,MIR,MIR,SINE
chr1,88487935,88487956,MA1714.1,-,1.7e-06,MSTB-int,ERVL-MaLR,LTR
chrX,89682538,89682559,MA1714.1,+,1.7e-06,L1PA7,L1,LINE
chr5,91000912,91000933,MA1714.1,-,1.7e-06,AluSz6,Alu,SINE
chr10,93704462,93704483,MA1714.1,-,1.7e-06,L1MB8,L1,LINE
chr12,100686515,100686536,MA1714.1,-,1.7e-06,MIRb,MIR,SINE
chr4,110106103,110106124,MA1714.1,-,1.7e-06,L3,CR1,LINE
chr11,110672435,110672456,MA1714.1,-,1.7e-06,MLT1J,ERVL-MaLR,LTR
chr3,124314806,124314827,MA1714.1,+,1.7e-06,MIR,MIR,SINE
chr8,134200138,134200159,MA1714.1,-,1.7e-06,MIR,MIR,SINE
chr9,135390541,135390562,MA1714.1,+,1.7e-06,MER5A,hAT-Charlie,DNA
chr4,145986710,145986731,MA1714.1,+,1.7e-06,L1ME4a,L1,LINE
chr20,3945197,3945218,MA1714.1,-,1.71e-06,AluJb,Alu,SINE
chr17,8592155,8592176,MA1714.1,-,1.71e-06,AluJb,Alu,SINE
chr5,12051271,12051292,MA1714.1,+,1.71e-06,L1MCc,L1,LINE
chr2,18240408,18240429,MA1714.1,-,1.71e-06,L1ME3,L1,LINE
chr1,18674553,18674574,MA1714.1,-,1.71e-06,MIR,MIR,SINE
chr21,22070626,22070647,MA1714.1,+,1.71e-06,THE1C-int,ERVL-MaLR,LTR
chr1,23898463,23898484,MA1714.1,+,1.71e-06,L1MB7,L1,LINE
chr6,25124165,25124186,MA1714.1,-,1.71e-06,LTR78,ERV1,LTR
chr6,25805688,25805709,MA1714.1,+,1.71e-06,L1PB3,L1,LINE
chr12,29576487,29576508,MA1714.1,+,1.71e-06,L3,CR1,LINE
chr12,31095199,31095220,MA1714.1,-,1.71e-06,MIRc,MIR,SINE
chr19,31857345,31857366,MA1714.1,-,1.71e-06,MIRb,MIR,SINE
chr19,33178278,33178299,MA1714.1,+,1.71e-06,AluJo,Alu,SINE
chr18,35173909,35173930,MA1714.1,-,1.71e-06,L1M5,L1,LINE
chr5,42383550,42383571,MA1714.1,-,1.71e-06,ERV3-16A3_I-int,ERVL,LTR
chr20,48255551,48255572,MA1714.1,-,1.71e-06,MIR,MIR,SINE
chr3,49113299,49113320,MA1714.1,+,1.71e-06,AluSz,Alu,SINE
chr1,50654705,50654726,MA1714.1,+,1.71e-06,L2b,L2,LINE
chr4,54171573,54171594,MA1714.1,-,1.71e-06,L1M3,L1,LINE
chr3,58729895,58729916,MA1714.1,-,1.71e-06,MIRc,MIR,SINE
chr12,59934300,59934321,MA1714.1,+,1.71e-06,SATR1,Satellite,Satellite
chrX,62091294,62091315,MA1714.1,+,1.71e-06,L1MA5,L1,LINE
chr15,66395798,66395819,MA1714.1,+,1.71e-06,MIR,MIR,SINE
chr8,66772676,66772697,MA1714.1,-,1.71e-06,L1MC2,L1,LINE
chr6,67800401,67800422,MA1714.1,-,1.71e-06,L1MC1,L1,LINE
chr18,71612176,71612197,MA1714.1,+,1.71e-06,MIR,MIR,SINE
chr17,73373370,73373391,MA1714.1,+,1.71e-06,AluJr,Alu,SINE
chr8,77018502,77018523,MA1714.1,-,1.71e-06,L1MCa,L1,LINE
chr4,99550517,99550538,MA1714.1,+,1.71e-06,MIR,MIR,SINE
chr8,105382290,105382311,MA1714.1,+,1.71e-06,LTR78,ERV1,LTR
chr8,105619624,105619645,MA1714.1,+,1.71e-06,THE1B-int,ERVL-MaLR,LTR
chr5,111794045,111794066,MA1714.1,+,1.71e-06,L1MB7,L1,LINE
chr10,113698051,113698072,MA1714.1,-,1.71e-06,L1ME3D,L1,LINE
chr12,133094028,133094049,MA1714.1,-,1.71e-06,L2a,L2,LINE
chr7,146146443,146146464,MA1714.1,-,1.71e-06,L1MDa,L1,LINE
chr2,157210963,157210984,MA1714.1,-,1.71e-06,L1MB3,L1,LINE
chr2,178633581,178633602,MA1714.1,+,1.71e-06,MIR,MIR,SINE
chr1,198890113,198890134,MA1714.1,-,1.71e-06,AluSz,Alu,SINE
chr1,220854355,220854376,MA1714.1,-,1.71e-06,L1MC4,L1,LINE
chr1,222072256,222072277,MA1714.1,+,1.71e-06,L1MC4a,L1,LINE
chr2,15694802,15694823,MA1714.1,+,1.72e-06,L1MEd,L1,LINE
chr13,19348750,19348771,MA1714.1,-,1.72e-06,MSTA-int,ERVL-MaLR,LTR
chr18,20071220,20071241,MA1714.1,-,1.72e-06,L1MA9,L1,LINE
chr2,25242054,25242075,MA1714.1,+,1.72e-06,MER47A,TcMar-Tigger,DNA
chr11,29873830,29873851,MA1714.1,+,1.72e-06,L1PA15-16,L1,LINE
chr10,32243916,32243937,MA1714.1,+,1.72e-06,THE1D-int,ERVL-MaLR,LTR
chr11,32651709,32651730,MA1714.1,+,1.72e-06,L1MEc,L1,LINE
chr6,35318758,35318779,MA1714.1,-,1.72e-06,Charlie1b,hAT-Charlie,DNA
chr1,36249216,36249237,MA1714.1,-,1.72e-06,L1MEf,L1,LINE
chr22,43833270,43833291,MA1714.1,-,1.72e-06,MIR,MIR,SINE
chr12,50839060,50839081,MA1714.1,-,1.72e-06,L1MEf,L1,LINE
chr12,53329704,53329725,MA1714.1,+,1.72e-06,L1ME1,L1,LINE
chr6,56587866,56587887,MA1714.1,+,1.72e-06,L3,CR1,LINE
chrX,56890035,56890056,MA1714.1,+,1.72e-06,HERVL32-int,ERVL,LTR
chr5,74771726,74771747,MA1714.1,+,1.72e-06,MIR,MIR,SINE
chr17,75008025,75008046,MA1714.1,-,1.72e-06,AluSg,Alu,SINE
chr17,77123936,77123957,MA1714.1,-,1.72e-06,MIR3,MIR,SINE
chr3,78507580,78507601,MA1714.1,+,1.72e-06,MER39,ERV1,LTR
chr1,81511479,81511500,MA1714.1,+,1.72e-06,LTR33A,ERVL,LTR
chr11,96997774,96997795,MA1714.1,-,1.72e-06,L1MC3,L1,LINE
chr1,105434642,105434663,MA1714.1,+,1.72e-06,L1M4b,L1,LINE
chr9,107979334,107979355,MA1714.1,-,1.72e-06,LTR85a,Gypsy,LTR
chr2,112826336,112826357,MA1714.1,-,1.72e-06,L1ME3A,L1,LINE
chr4,118242290,118242311,MA1714.1,+,1.72e-06,MSTD,ERVL-MaLR,LTR
chr8,119857948,119857969,MA1714.1,-,1.72e-06,L1M7,L1,LINE
chrX,122892775,122892796,MA1714.1,+,1.72e-06,THE1B-int,ERVL-MaLR,LTR
chr12,124325388,124325409,MA1714.1,-,1.72e-06,MIR,MIR,SINE
chr9,135518247,135518268,MA1714.1,-,1.72e-06,AluJb,Alu,SINE
chr7,146107889,146107910,MA1714.1,-,1.72e-06,L1MA8,L1,LINE
chr5,148461458,148461479,MA1714.1,+,1.72e-06,L1MA9,L1,LINE
chr5,152892029,152892050,MA1714.1,+,1.72e-06,L3,CR1,LINE
chr7,156862726,156862747,MA1714.1,-,1.72e-06,L1M2,L1,LINE
chr2,178508476,178508497,MA1714.1,+,1.72e-06,THE1B-int,ERVL-MaLR,LTR
chr3,180888381,180888402,MA1714.1,-,1.72e-06,L1MB3,L1,LINE
chr2,206329995,206330016,MA1714.1,-,1.72e-06,MIR,MIR,SINE
chr2,221581229,221581250,MA1714.1,-,1.72e-06,THE1D-int,ERVL-MaLR,LTR
chr2,236308730,236308751,MA1714.1,+,1.72e-06,MSTA-int,ERVL-MaLR,LTR
chr18,5027308,5027329,MA1714.1,+,1.73e-06,L1MC4a,L1,LINE
chr11,22925469,22925490,MA1714.1,-,1.73e-06,L1MA8,L1,LINE
chr6,28149328,28149349,MA1714.1,+,1.73e-06,L1MEg,L1,LINE
chr1,28704109,28704130,MA1714.1,+,1.73e-06,AluJb,Alu,SINE
chr1,33632119,33632140,MA1714.1,-,1.73e-06,MIR,MIR,SINE
chr7,35646340,35646361,MA1714.1,-,1.73e-06,MLT1D,ERVL-MaLR,LTR
chr19,35890789,35890810,MA1714.1,-,1.73e-06,AluSz6,Alu,SINE
chr17,37231858,37231879,MA1714.1,+,1.73e-06,MIRb,MIR,SINE
chr3,38429337,38429358,MA1714.1,-,1.73e-06,L1MEg,L1,LINE
chr11,39307562,39307583,MA1714.1,-,1.73e-06,THE1B-int,ERVL-MaLR,LTR
chr20,39520294,39520315,MA1714.1,+,1.73e-06,MIRb,MIR,SINE
chr15,40026036,40026057,MA1714.1,+,1.73e-06,MLT1L,ERVL-MaLR,LTR
chr18,45044463,45044484,MA1714.1,+,1.73e-06,L1MB7,L1,LINE
chr12,45210911,45210932,MA1714.1,-,1.73e-06,MER20B,hAT-Charlie,DNA
chr17,54157944,54157965,MA1714.1,-,1.73e-06,MIR,MIR,SINE
chr6,81131787,81131808,MA1714.1,+,1.73e-06,THE1D-int,ERVL-MaLR,LTR
chr14,82494286,82494307,MA1714.1,-,1.73e-06,THE1B-int,ERVL-MaLR,LTR
chrX,93095982,93096003,MA1714.1,-,1.73e-06,L1PA15,L1,LINE
chr9,96636995,96637016,MA1714.1,-,1.73e-06,MST-int,ERVL-MaLR,LTR
chr9,100171100,100171121,MA1714.1,+,1.73e-06,L1ME1,L1,LINE
chr12,115540181,115540202,MA1714.1,+,1.73e-06,MIRb,MIR,SINE
chr10,118849902,118849923,MA1714.1,+,1.73e-06,L1MB2,L1,LINE
chr2,123606983,123607004,MA1714.1,-,1.73e-06,L1MD,L1,LINE
chr4,145398604,145398625,MA1714.1,-,1.73e-06,L1MA8,L1,LINE
chr2,150775147,150775168,MA1714.1,+,1.73e-06,L1MA9,L1,LINE
chr3,177436215,177436236,MA1714.1,+,1.73e-06,L1MCc,L1,LINE
chr3,5524370,5524391,MA1714.1,-,1.75e-06,LTR16A,ERVL,LTR
chr17,11794216,11794237,MA1714.1,-,1.75e-06,AluJr,Alu,SINE
chr2,16273404,16273425,MA1714.1,+,1.75e-06,L1PB3,L1,LINE
chr17,29435895,29435916,MA1714.1,+,1.75e-06,MIRc,MIR,SINE
chr16,31219242,31219263,MA1714.1,-,1.75e-06,AluJb,Alu,SINE
chr13,33903536,33903557,MA1714.1,-,1.75e-06,L1MA9,L1,LINE
chr1,39257643,39257664,MA1714.1,-,1.75e-06,MIRb,MIR,SINE
chr9,39318623,39318644,MA1714.1,+,1.75e-06,THE1C-int,ERVL-MaLR,LTR
chr9,39847869,39847890,MA1714.1,+,1.75e-06,THE1C-int,ERVL-MaLR,LTR
chr9,40663542,40663563,MA1714.1,+,1.75e-06,THE1C-int,ERVL-MaLR,LTR
chr9,41364113,41364134,MA1714.1,-,1.75e-06,THE1C-int,ERVL-MaLR,LTR
chr9,41463609,41463630,MA1714.1,+,1.75e-06,THE1C-int,ERVL-MaLR,LTR
chr4,42915775,42915796,MA1714.1,+,1.75e-06,THE1C-int,ERVL-MaLR,LTR
chr9,44288515,44288536,MA1714.1,-,1.75e-06,THE1C-int,ERVL-MaLR,LTR
chr9,44359377,44359398,MA1714.1,+,1.75e-06,THE1C-int,ERVL-MaLR,LTR
chr9,46730489,46730510,MA1714.1,-,1.75e-06,THE1C-int,ERVL-MaLR,LTR
chr9,46801286,46801307,MA1714.1,+,1.75e-06,THE1C-int,ERVL-MaLR,LTR
chr15,47631845,47631866,MA1714.1,+,1.75e-06,AluJb,Alu,SINE
chr15,52437034,52437055,MA1714.1,+,1.75e-06,MER77B,ERVL,LTR
chr3,55418902,55418923,MA1714.1,+,1.75e-06,L1MC3,L1,LINE
chr2,57383478,57383499,MA1714.1,-,1.75e-06,MSTB-int,ERVL-MaLR,LTR
chr3,58615795,58615816,MA1714.1,+,1.75e-06,MIRb,MIR,SINE
chr7,64953343,64953364,MA1714.1,-,1.75e-06,ALR/Alpha,centr,Satellite
chr9,65546367,65546388,MA1714.1,-,1.75e-06,THE1C-int,ERVL-MaLR,LTR
chr5,68817875,68817896,MA1714.1,-,1.75e-06,FLAM_C,Alu,SINE
chr12,68917766,68917787,MA1714.1,+,1.75e-06,MIR,MIR,SINE
chr14,70956614,70956635,MA1714.1,-,1.75e-06,MST-int,ERVL-MaLR,LTR
chr12,76986426,76986447,MA1714.1,+,1.75e-06,MLT1E1A,ERVL-MaLR,LTR
chr8,82177380,82177401,MA1714.1,-,1.75e-06,MIRb,MIR,SINE
chrX,82725670,82725691,MA1714.1,-,1.75e-06,L1PA16,L1,LINE
chrX,84912243,84912264,MA1714.1,+,1.75e-06,MSTA-int,ERVL-MaLR,LTR
chr13,89508785,89508806,MA1714.1,+,1.75e-06,L1MB1,L1,LINE
chr12,90558382,90558403,MA1714.1,-,1.75e-06,MLT1-int,ERVL-MaLR,LTR
chr2,95882570,95882591,MA1714.1,-,1.75e-06,L1MDa,L1,LINE
chr5,99125834,99125855,MA1714.1,-,1.75e-06,MSTA-int,ERVL-MaLR,LTR
chrX,100530673,100530694,MA1714.1,+,1.75e-06,MIRb,MIR,SINE
chr5,101272836,101272857,MA1714.1,-,1.75e-06,L1PA16,L1,LINE
chr13,103693528,103693549,MA1714.1,+,1.75e-06,MIR,MIR,SINE
chr10,104658509,104658530,MA1714.1,-,1.75e-06,MIR,MIR,SINE
chr5,105630220,105630241,MA1714.1,+,1.75e-06,MLT1H-int,ERVL-MaLR,LTR
chr12,105790558,105790579,MA1714.1,+,1.75e-06,L1MEg1,L1,LINE
chr9,116835849,116835870,MA1714.1,-,1.75e-06,AluJr4,Alu,SINE
chr4,123981806,123981827,MA1714.1,-,1.75e-06,THE1B-int,ERVL-MaLR,LTR
chrX,125945056,125945077,MA1714.1,-,1.75e-06,L1M1,L1,LINE
chr12,129736292,129736313,MA1714.1,+,1.75e-06,MLT1J2,ERVL-MaLR,LTR
chr9,129766238,129766259,MA1714.1,-,1.75e-06,L1MEc,L1,LINE
chr4,143260101,143260122,MA1714.1,+,1.75e-06,LTR33,ERVL,LTR
chr5,145936987,145937008,MA1714.1,-,1.75e-06,THE1B-int,ERVL-MaLR,LTR
chr4,152111595,152111616,MA1714.1,+,1.75e-06,THE1B-int,ERVL-MaLR,LTR
chr1,152432407,152432428,MA1714.1,-,1.75e-06,MIRb,MIR,SINE
chr6,163349783,163349804,MA1714.1,-,1.75e-06,L1MA4,L1,LINE
chr4,185010879,185010900,MA1714.1,-,1.75e-06,AluJr,Alu,SINE
chr2,199059355,199059376,MA1714.1,-,1.75e-06,MSTA-int,ERVL-MaLR,LTR
chr1,246980550,246980571,MA1714.1,+,1.75e-06,HAL1,L1,LINE
chr11,3592592,3592613,MA1714.1,-,1.76e-06,AluSg,Alu,SINE
chr8,7069606,7069627,MA1714.1,-,1.76e-06,AluSg,Alu,SINE
chr8,7528208,7528229,MA1714.1,-,1.76e-06,AluSg,Alu,SINE
chrY,7780249,7780270,MA1714.1,+,1.76e-06,L1PA13,L1,LINE
chr8,7932947,7932968,MA1714.1,+,1.76e-06,AluSg,Alu,SINE
chr4,7998208,7998229,MA1714.1,-,1.76e-06,L1MDa,L1,LINE
chr4,9012346,9012367,MA1714.1,+,1.76e-06,AluSg,Alu,SINE
chrX,12353827,12353848,MA1714.1,-,1.76e-06,LTR85c,Gypsy,LTR
chr8,12449056,12449077,MA1714.1,-,1.76e-06,AluSz6,Alu,SINE
chr11,16278293,16278314,MA1714.1,+,1.76e-06,L1MC1,L1,LINE
chr22,18104147,18104168,MA1714.1,-,1.76e-06,AluJb,Alu,SINE
chr3,23956688,23956709,MA1714.1,+,1.76e-06,MLT1D,ERVL-MaLR,LTR
chr5,30754074,30754095,MA1714.1,-,1.76e-06,ERV3-16A3_I-int,ERVL,LTR
chr7,37145709,37145730,MA1714.1,-,1.76e-06,MIRb,MIR,SINE
chr21,44183599,44183620,MA1714.1,+,1.76e-06,MLT1C,ERVL-MaLR,LTR
chr22,44251182,44251203,MA1714.1,+,1.76e-06,MIRb,MIR,SINE
chrX,46441864,46441885,MA1714.1,-,1.76e-06,L1ME4a,L1,LINE
chr16,49345494,49345515,MA1714.1,-,1.76e-06,L1MA7,L1,LINE
chr10,62379370,62379391,MA1714.1,-,1.76e-06,MIRc,MIR,SINE
chr4,63721162,63721183,MA1714.1,+,1.76e-06,AluSc5,Alu,SINE
chr11,65892348,65892369,MA1714.1,-,1.76e-06,MLT1L,ERVL-MaLR,LTR
chr16,66427791,66427812,MA1714.1,-,1.76e-06,L1M6,L1,LINE
chr11,67713438,67713459,MA1714.1,-,1.76e-06,AluSg,Alu,SINE
chr10,69305330,69305351,MA1714.1,+,1.76e-06,Tigger13a,TcMar-Tigger,DNA
chr9,72532785,72532806,MA1714.1,+,1.76e-06,L1MC5,L1,LINE
chr12,78633561,78633582,MA1714.1,-,1.76e-06,L1MC4a,L1,LINE
chr7,81610194,81610215,MA1714.1,-,1.76e-06,L2b,L2,LINE
chr14,81843236,81843257,MA1714.1,-,1.76e-06,MER106A,hAT-Charlie,DNA
chr6,87333499,87333520,MA1714.1,-,1.76e-06,Cheshire,hAT-Charlie,DNA
chr8,97997598,97997619,MA1714.1,-,1.76e-06,L1MEe,L1,LINE
chr11,100244006,100244027,MA1714.1,-,1.76e-06,L1MA4,L1,LINE
chr5,102479218,102479239,MA1714.1,+,1.76e-06,L1MA3,L1,LINE
chrX,104803848,104803869,MA1714.1,-,1.76e-06,LTR88a,Gypsy,LTR
chr12,104841480,104841501,MA1714.1,-,1.76e-06,L1PA17,L1,LINE
chr9,135213862,135213883,MA1714.1,+,1.76e-06,L1MC4,L1,LINE
chr6,138000455,138000476,MA1714.1,+,1.76e-06,AluSq4,Alu,SINE
chr6,139991385,139991406,MA1714.1,+,1.76e-06,L1MB2,L1,LINE
chrX,144627019,144627040,MA1714.1,-,1.76e-06,THE1B-int,ERVL-MaLR,LTR
chr4,146555440,146555461,MA1714.1,-,1.76e-06,L1M1,L1,LINE
chr7,149910001,149910022,MA1714.1,+,1.76e-06,MIRc,MIR,SINE
chr7,153453410,153453431,MA1714.1,-,1.76e-06,MIRc,MIR,SINE
chr3,183263630,183263651,MA1714.1,-,1.76e-06,CR1_Mam,CR1,LINE
chr1,246970156,246970177,MA1714.1,+,1.76e-06,L1ME3,L1,LINE
chr20,8974826,8974847,MA1714.1,-,1.77e-06,AluJr,Alu,SINE
chr5,16993522,16993543,MA1714.1,+,1.77e-06,L1MEd,L1,LINE
chr17,19310320,19310341,MA1714.1,-,1.77e-06,AluJb,Alu,SINE
chrY,21390807,21390828,MA1714.1,-,1.77e-06,AluJr4,Alu,SINE
chr15,24962605,24962626,MA1714.1,-,1.77e-06,L1PA10,L1,LINE
chr1,25172568,25172589,MA1714.1,+,1.77e-06,L1MEg,L1,LINE
chr16,28999299,28999320,MA1714.1,+,1.77e-06,AluJb,Alu,SINE
chr2,30773274,30773295,MA1714.1,-,1.77e-06,L1MC3,L1,LINE
chr6,34868199,34868220,MA1714.1,-,1.77e-06,MIR,MIR,SINE
chr13,36357799,36357820,MA1714.1,-,1.77e-06,AluSq,Alu,SINE
chr15,44206883,44206904,MA1714.1,-,1.77e-06,MIR,MIR,SINE
chr3,63907491,63907512,MA1714.1,+,1.77e-06,MIRb,MIR,SINE
chr14,66353729,66353750,MA1714.1,+,1.77e-06,FRAM,Alu,SINE
chr1,78271452,78271473,MA1714.1,-,1.77e-06,AluSz,Alu,SINE
chr10,79122285,79122306,MA1714.1,+,1.77e-06,MIRb,MIR,SINE
chr16,82968025,82968046,MA1714.1,-,1.77e-06,THE1C-int,ERVL-MaLR,LTR
chr3,94790292,94790313,MA1714.1,+,1.77e-06,L1MB1,L1,LINE
chr11,104946427,104946448,MA1714.1,+,1.77e-06,HUERS-P1-int,ERV1,LTR
chr2,116883364,116883385,MA1714.1,-,1.77e-06,MSTA-int,ERVL-MaLR,LTR
chr7,118238658,118238679,MA1714.1,-,1.77e-06,L1MD,L1,LINE
chr12,125087135,125087156,MA1714.1,-,1.77e-06,AluJr,Alu,SINE
chr12,126840499,126840520,MA1714.1,+,1.77e-06,MLT1L,ERVL-MaLR,LTR
chr12,127271375,127271396,MA1714.1,-,1.77e-06,LTR78,ERV1,LTR
chr9,127277602,127277623,MA1714.1,+,1.77e-06,MER103C,hAT-Charlie,DNA
chr12,132086756,132086777,MA1714.1,-,1.77e-06,THE1B-int,ERVL-MaLR,LTR
chr7,134651254,134651275,MA1714.1,-,1.77e-06,MIR,MIR,SINE
chr4,136664691,136664712,MA1714.1,+,1.77e-06,FRAM,Alu,SINE
chr2,143872342,143872363,MA1714.1,-,1.77e-06,LTR40a,ERVL,LTR
chr4,155917972,155917993,MA1714.1,-,1.77e-06,L1MCa,L1,LINE
chr2,160919621,160919642,MA1714.1,-,1.77e-06,MIRc,MIR,SINE
chr2,165071222,165071243,MA1714.1,+,1.77e-06,L1MEc,L1,LINE
chr5,165804927,165804948,MA1714.1,-,1.77e-06,MER52A,ERV1,LTR
chr3,176422493,176422514,MA1714.1,+,1.77e-06,MIRc,MIR,SINE
chr2,241996379,241996400,MA1714.1,+,1.77e-06,L1MEc,L1,LINE
chr4,2937142,2937163,MA1714.1,-,1.78e-06,MLT2F,ERVL,LTR
chrY,5055686,5055707,MA1714.1,-,1.78e-06,THE1C-int,ERVL-MaLR,LTR
chr18,13249124,13249145,MA1714.1,-,1.78e-06,L1MA5A,L1,LINE
chr4,15500728,15500749,MA1714.1,+,1.78e-06,L1MC1,L1,LINE
chr9,15796285,15796306,MA1714.1,+,1.78e-06,L1MEd,L1,LINE
chr5,16567817,16567838,MA1714.1,+,1.78e-06,AluJr,Alu,SINE
chr20,16736559,16736580,MA1714.1,-,1.78e-06,MSTB-int,ERVL-MaLR,LTR
chr1,17726628,17726649,MA1714.1,+,1.78e-06,AluJb,Alu,SINE
chr5,19137213,19137234,MA1714.1,+,1.78e-06,FLAM_C,Alu,SINE
chr21,20098709,20098730,MA1714.1,-,1.78e-06,FLAM_C,Alu,SINE
chr7,21507134,21507155,MA1714.1,-,1.78e-06,L1MB7,L1,LINE
chr17,31314815,31314836,MA1714.1,-,1.78e-06,THE1D-int,ERVL-MaLR,LTR
chr3,34794664,34794685,MA1714.1,+,1.78e-06,L1PA16,L1,LINE
chr5,39981201,39981222,MA1714.1,+,1.78e-06,MSTB-int,ERVL-MaLR,LTR
chr7,44700899,44700920,MA1714.1,-,1.78e-06,L1MD1,L1,LINE
chr13,44775119,44775140,MA1714.1,-,1.78e-06,Kanga2_a,TcMar-Tc2,DNA
chr4,47201583,47201604,MA1714.1,+,1.78e-06,MLT1-int,ERVL-MaLR,LTR
chr19,51902716,51902737,MA1714.1,-,1.78e-06,HERVK14-int,ERVK,LTR
chr11,58648656,58648677,MA1714.1,-,1.78e-06,MIRb,MIR,SINE
chr20,60661945,60661966,MA1714.1,+,1.78e-06,MLT1C,ERVL-MaLR,LTR
chr8,60820614,60820635,MA1714.1,+,1.78e-06,L1MA3,L1,LINE
chrX,62493262,62493283,MA1714.1,+,1.78e-06,MER83B-int,ERV1,LTR
chr18,68662750,68662771,MA1714.1,+,1.78e-06,THE1C-int,ERVL-MaLR,LTR
chr2,69290191,69290212,MA1714.1,+,1.78e-06,L1MEf,L1,LINE
chr15,70828416,70828437,MA1714.1,-,1.78e-06,MIRb,MIR,SINE
chr11,79835258,79835279,MA1714.1,+,1.78e-06,MSTA-int,ERVL-MaLR,LTR
chr4,84306437,84306458,MA1714.1,-,1.78e-06,MSTA-int,ERVL-MaLR,LTR
chrX,91217988,91218009,MA1714.1,-,1.78e-06,THE1C-int,ERVL-MaLR,LTR
chr14,93351354,93351375,MA1714.1,+,1.78e-06,AluJb,Alu,SINE
chr2,96393659,96393680,MA1714.1,-,1.78e-06,MIRc,MIR,SINE
chr14,102134314,102134335,MA1714.1,+,1.78e-06,L1MEg,L1,LINE
chr7,103901406,103901427,MA1714.1,-,1.78e-06,L1MC3,L1,LINE
chr3,106250969,106250990,MA1714.1,+,1.78e-06,THE1B-int,ERVL-MaLR,LTR
chr2,107597903,107597924,MA1714.1,+,1.78e-06,L3,CR1,LINE
chr2,114127064,114127085,MA1714.1,-,1.78e-06,MIRc,MIR,SINE
chr7,130670871,130670892,MA1714.1,-,1.78e-06,MamRep605,MamRep605,Unknown
chr5,138296885,138296906,MA1714.1,-,1.78e-06,L3,CR1,LINE
chrX,138498545,138498566,MA1714.1,+,1.78e-06,ERV3-16A3_I-int,ERVL,LTR
chr7,12740833,12740854,MA1714.1,-,1.8e-06,MER21A,ERVL,LTR
chr17,16737607,16737628,MA1714.1,-,1.8e-06,MIRb,MIR,SINE
chr12,18212213,18212234,MA1714.1,+,1.8e-06,L1MB1,L1,LINE
chr6,22445705,22445726,MA1714.1,+,1.8e-06,L2c,L2,LINE
chr2,24610564,24610585,MA1714.1,+,1.8e-06,AluSz,Alu,SINE
chr7,30124386,30124407,MA1714.1,-,1.8e-06,MIR,MIR,SINE
chr19,32296536,32296557,MA1714.1,-,1.8e-06,MER20,hAT-Charlie,DNA
chr10,36704406,36704427,MA1714.1,-,1.8e-06,L1MA2,L1,LINE
chr15,47334267,47334288,MA1714.1,-,1.8e-06,L1MA9,L1,LINE
chr20,55161181,55161202,MA1714.1,+,1.8e-06,AluSx1,Alu,SINE
chr8,75533883,75533904,MA1714.1,-,1.8e-06,THE1D,ERVL-MaLR,LTR
chr2,77626841,77626862,MA1714.1,-,1.8e-06,MIR,MIR,SINE
chr5,79518788,79518809,MA1714.1,-,1.8e-06,AluJr,Alu,SINE
chr3,80970612,80970633,MA1714.1,+,1.8e-06,THE1D-int,ERVL-MaLR,LTR
chr6,82310870,82310891,MA1714.1,+,1.8e-06,L1PA14,L1,LINE
chr15,85067923,85067944,MA1714.1,-,1.8e-06,L1MEd,L1,LINE
chrX,98744471,98744492,MA1714.1,-,1.8e-06,L1MA4,L1,LINE
chr3,102455206,102455227,MA1714.1,+,1.8e-06,HERVL18-int,ERVL,LTR
chr6,106466709,106466730,MA1714.1,-,1.8e-06,L1MC3,L1,LINE
chr4,107302182,107302203,MA1714.1,+,1.8e-06,L1MA4,L1,LINE
chr11,112830301,112830322,MA1714.1,+,1.8e-06,L1ME4a,L1,LINE
chr3,126318621,126318642,MA1714.1,-,1.8e-06,LTR52-int,ERVL,LTR
chr8,132184793,132184814,MA1714.1,+,1.8e-06,L1M6,L1,LINE
chr2,135646408,135646429,MA1714.1,+,1.8e-06,L1MC4,L1,LINE
chr3,153659242,153659263,MA1714.1,+,1.8e-06,AluJb,Alu,SINE
chr1,156604361,156604382,MA1714.1,-,1.8e-06,ERVL-E-int,ERVL,LTR
chr1,211227548,211227569,MA1714.1,+,1.8e-06,AluSx,Alu,SINE
chr16,907325,907346,MA1714.1,-,1.81e-06,L1MD1,L1,LINE
chr19,11736305,11736326,MA1714.1,-,1.81e-06,HERVK3-int,ERVK,LTR
chr7,13488696,13488717,MA1714.1,+,1.81e-06,L1MA7,L1,LINE
chr20,16686557,16686578,MA1714.1,+,1.81e-06,THE1B-int,ERVL-MaLR,LTR
chr12,18438041,18438062,MA1714.1,+,1.81e-06,L1ME1,L1,LINE
chr8,36012161,36012182,MA1714.1,-,1.81e-06,L1ME3A,L1,LINE
chr20,39819466,39819487,MA1714.1,-,1.81e-06,L1MA4A,L1,LINE
chr20,39878578,39878599,MA1714.1,+,1.81e-06,L1MDb,L1,LINE
chr18,48536524,48536545,MA1714.1,-,1.81e-06,AluJo,Alu,SINE
chr17,53967454,53967475,MA1714.1,-,1.81e-06,MIRb,MIR,SINE
chr4,54597201,54597222,MA1714.1,-,1.81e-06,L1MEd,L1,LINE
chr16,55472376,55472397,MA1714.1,-,1.81e-06,L1MB3,L1,LINE
chr8,55510564,55510585,MA1714.1,-,1.81e-06,L1MD2,L1,LINE
chr18,58845992,58846013,MA1714.1,+,1.81e-06,THE1B-int,ERVL-MaLR,LTR
chr14,58900920,58900941,MA1714.1,+,1.81e-06,L1MD,L1,LINE
chr5,67852953,67852974,MA1714.1,+,1.81e-06,HAL1-3A_ME,L1,LINE
chr5,82064929,82064950,MA1714.1,+,1.81e-06,THE1D-int,ERVL-MaLR,LTR
chrX,88162250,88162271,MA1714.1,+,1.81e-06,HAL1b,L1,LINE
chr6,90835871,90835892,MA1714.1,+,1.81e-06,X7A_LINE,CR1,LINE
chr4,94887080,94887101,MA1714.1,-,1.81e-06,L1MA4,L1,LINE
chr11,99403319,99403340,MA1714.1,+,1.81e-06,THE1A,ERVL-MaLR,LTR
chr12,107518507,107518528,MA1714.1,-,1.81e-06,L1M5,L1,LINE
chr11,113431502,113431523,MA1714.1,-,1.81e-06,MLT1B,ERVL-MaLR,LTR
chr9,114227074,114227095,MA1714.1,+,1.81e-06,L1ME3C,L1,LINE
chr12,132545680,132545701,MA1714.1,+,1.81e-06,L1MEd,L1,LINE
chr3,132956809,132956830,MA1714.1,+,1.81e-06,Charlie1a,hAT-Charlie,DNA
chr2,136715176,136715197,MA1714.1,-,1.81e-06,AluJb,Alu,SINE
chrX,138387791,138387812,MA1714.1,-,1.81e-06,L1ME3C,L1,LINE
chr6,142060326,142060347,MA1714.1,-,1.81e-06,L1MC3,L1,LINE
chr4,149717754,149717775,MA1714.1,+,1.81e-06,L1MC3,L1,LINE
chr6,164904687,164904708,MA1714.1,-,1.81e-06,THE1B-int,ERVL-MaLR,LTR
chr4,167530062,167530083,MA1714.1,+,1.81e-06,L1MC1,L1,LINE
chr2,203342654,203342675,MA1714.1,-,1.81e-06,MER82,TcMar-Tigger,DNA
chr1,4979354,4979375,MA1714.1,-,1.82e-06,THE1B-int,ERVL-MaLR,LTR
chr10,4981100,4981121,MA1714.1,-,1.82e-06,L2a,L2,LINE
chr18,7344128,7344149,MA1714.1,+,1.82e-06,L1ME1,L1,LINE
chr9,7765217,7765238,MA1714.1,+,1.82e-06,Tigger1,TcMar-Tigger,DNA
chr4,11325604,11325625,MA1714.1,+,1.82e-06,MSTA-int,ERVL-MaLR,LTR
chr18,12957178,12957199,MA1714.1,+,1.82e-06,AluSp,Alu,SINE
chr10,13437698,13437719,MA1714.1,+,1.82e-06,MIR,MIR,SINE
chr19,14810344,14810365,MA1714.1,-,1.82e-06,AluSz,Alu,SINE
chr18,14926850,14926871,MA1714.1,+,1.82e-06,AluJo,Alu,SINE
chr5,14952445,14952466,MA1714.1,-,1.82e-06,L1ME3A,L1,LINE
chr20,16942119,16942140,MA1714.1,-,1.82e-06,THE1B-int,ERVL-MaLR,LTR
chr1,21702425,21702446,MA1714.1,+,1.82e-06,THE1A-int,ERVL-MaLR,LTR
chr7,24525281,24525302,MA1714.1,+,1.82e-06,HAL1,L1,LINE
chr14,31037561,31037582,MA1714.1,-,1.82e-06,L1MB7,L1,LINE
chr20,31502095,31502116,MA1714.1,-,1.82e-06,MLT1A0-int,ERVL-MaLR,LTR
chr20,31770963,31770984,MA1714.1,+,1.82e-06,MIRb,MIR,SINE
chr17,38825743,38825764,MA1714.1,+,1.82e-06,L1MA9,L1,LINE
chr3,43015454,43015475,MA1714.1,+,1.82e-06,THE1A-int,ERVL-MaLR,LTR
chr18,48056969,48056990,MA1714.1,+,1.82e-06,MIRc,MIR,SINE
chr18,49198197,49198218,MA1714.1,+,1.82e-06,L1M7,L1,LINE
chr12,51486342,51486363,MA1714.1,-,1.82e-06,AluJo,Alu,SINE
chr1,60202592,60202613,MA1714.1,+,1.82e-06,THE1B-int,ERVL-MaLR,LTR
chr16,60778401,60778422,MA1714.1,-,1.82e-06,THE1A-int,ERVL-MaLR,LTR
chrX,63271903,63271924,MA1714.1,+,1.82e-06,L1MA9,L1,LINE
chr2,63696890,63696911,MA1714.1,+,1.82e-06,L1PREC2,L1,LINE
chr8,75571925,75571946,MA1714.1,-,1.82e-06,AluJr4,Alu,SINE
chr10,77826220,77826241,MA1714.1,-,1.82e-06,MIRb,MIR,SINE
chr14,86489177,86489198,MA1714.1,-,1.82e-06,L3,CR1,LINE
chr11,88266991,88267012,MA1714.1,+,1.82e-06,THE1B-int,ERVL-MaLR,LTR
chr13,98106346,98106367,MA1714.1,-,1.82e-06,L1MD1,L1,LINE
chr15,99732551,99732572,MA1714.1,+,1.82e-06,THE1B-int,ERVL-MaLR,LTR
chr5,102727015,102727036,MA1714.1,-,1.82e-06,AluJr,Alu,SINE
chr14,103110529,103110550,MA1714.1,-,1.82e-06,MLT1G1,ERVL-MaLR,LTR
chr12,110158895,110158916,MA1714.1,-,1.82e-06,MIRb,MIR,SINE
chr7,110296321,110296342,MA1714.1,-,1.82e-06,L1PA4,L1,LINE
chr5,110312199,110312220,MA1714.1,-,1.82e-06,THE1B-int,ERVL-MaLR,LTR
chr3,113471701,113471722,MA1714.1,+,1.82e-06,L1M5,L1,LINE
chr1,114271501,114271522,MA1714.1,+,1.82e-06,AluSx1,Alu,SINE
chr5,115047862,115047883,MA1714.1,-,1.82e-06,THE1B-int,ERVL-MaLR,LTR
chr11,121097750,121097771,MA1714.1,-,1.82e-06,MSTB-int,ERVL-MaLR,LTR
chr4,128283857,128283878,MA1714.1,+,1.82e-06,AluJr,Alu,SINE
chr10,128559133,128559154,MA1714.1,-,1.82e-06,MIRb,MIR,SINE
chr10,132060006,132060027,MA1714.1,-,1.82e-06,MLT1B,ERVL-MaLR,LTR
chr11,132235985,132236006,MA1714.1,+,1.82e-06,MER44B,TcMar-Tigger,DNA
chr5,147956386,147956407,MA1714.1,+,1.82e-06,L1PA14,L1,LINE
chr3,175687746,175687767,MA1714.1,+,1.82e-06,L1MB7,L1,LINE
chr2,188358113,188358134,MA1714.1,-,1.82e-06,THE1B-int,ERVL-MaLR,LTR
chr3,189964123,189964144,MA1714.1,-,1.82e-06,THE1B-int,ERVL-MaLR,LTR
chr4,190640394,190640415,MA1714.1,+,1.82e-06,HAL1-3A_ME,L1,LINE
chr2,221793226,221793247,MA1714.1,-,1.82e-06,THE1B-int,ERVL-MaLR,LTR
chr1,227942976,227942997,MA1714.1,-,1.82e-06,AluJb,Alu,SINE
chr2,230183048,230183069,MA1714.1,-,1.82e-06,AluSx1,Alu,SINE
chr10,6029582,6029603,MA1714.1,+,1.83e-06,MIR,MIR,SINE
chr22,16899750,16899771,MA1714.1,+,1.83e-06,ERV3-16A3_I-int,ERVL,LTR
chr21,30811358,30811379,MA1714.1,+,1.83e-06,AluSz6,Alu,SINE
chr18,32815150,32815171,MA1714.1,+,1.83e-06,AluJo,Alu,SINE
chr1,33162452,33162473,MA1714.1,-,1.83e-06,AluSz,Alu,SINE
chr17,35224164,35224185,MA1714.1,+,1.83e-06,MIR3,MIR,SINE
chr5,36007283,36007304,MA1714.1,-,1.83e-06,MSTA-int,ERVL-MaLR,LTR
chr7,45086003,45086024,MA1714.1,+,1.83e-06,L1MD1,L1,LINE
chr19,46356021,46356042,MA1714.1,+,1.83e-06,MIRb,MIR,SINE
chr10,52974313,52974334,MA1714.1,-,1.83e-06,AluJo,Alu,SINE
chr15,57363757,57363778,MA1714.1,+,1.83e-06,AluSz6,Alu,SINE
chr8,57453210,57453231,MA1714.1,-,1.83e-06,MIRc,MIR,SINE
chr12,61551134,61551155,MA1714.1,-,1.83e-06,LTR49-int,ERV1,LTR
chr11,62641191,62641212,MA1714.1,-,1.83e-06,FLAM_C,Alu,SINE
chr10,62728602,62728623,MA1714.1,+,1.83e-06,L3b,CR1,LINE
chr7,64555700,64555721,MA1714.1,-,1.83e-06,L1MC5,L1,LINE
chr7,73388109,73388130,MA1714.1,-,1.83e-06,AluSx,Alu,SINE
chr4,74176435,74176456,MA1714.1,-,1.83e-06,L3,CR1,LINE
chr14,80595013,80595034,MA1714.1,-,1.83e-06,L1MA4,L1,LINE
chr16,80996159,80996180,MA1714.1,+,1.83e-06,AluSz,Alu,SINE
chrX,86907196,86907217,MA1714.1,-,1.83e-06,THE1A-int,ERVL-MaLR,LTR
chr6,87568592,87568613,MA1714.1,+,1.83e-06,L1M3b,L1,LINE
chr12,89196938,89196959,MA1714.1,-,1.83e-06,MIR,MIR,SINE
chr4,93635986,93636007,MA1714.1,-,1.83e-06,THE1B-int,ERVL-MaLR,LTR
chr10,93787810,93787831,MA1714.1,+,1.83e-06,L3,CR1,LINE
chr11,95128062,95128083,MA1714.1,+,1.83e-06,L1MDa,L1,LINE
chr7,104453175,104453196,MA1714.1,+,1.83e-06,AluSx1,Alu,SINE
chr1,108136596,108136617,MA1714.1,-,1.83e-06,MIRb,MIR,SINE
chr1,112691976,112691997,MA1714.1,+,1.83e-06,THE1D-int,ERVL-MaLR,LTR
chr8,119541778,119541799,MA1714.1,-,1.83e-06,L1PB4,L1,LINE
chr8,124824325,124824346,MA1714.1,-,1.83e-06,AluSz,Alu,SINE
chr10,129422034,129422055,MA1714.1,-,1.83e-06,L1M6,L1,LINE
chr3,139263656,139263677,MA1714.1,-,1.83e-06,MLT1D,ERVL-MaLR,LTR
chr6,140650633,140650654,MA1714.1,-,1.83e-06,MER52-int,ERV1,LTR
chr6,141195351,141195372,MA1714.1,+,1.83e-06,L1MC5,L1,LINE
chrX,154292702,154292723,MA1714.1,+,1.83e-06,MIRb,MIR,SINE
chr2,165056556,165056577,MA1714.1,+,1.83e-06,L1MB1,L1,LINE
chr4,170724474,170724495,MA1714.1,+,1.83e-06,MER21A,ERVL,LTR
chr1,179357564,179357585,MA1714.1,-,1.83e-06,L1MEg,L1,LINE
chr1,189181772,189181793,MA1714.1,-,1.83e-06,MLT2F,ERVL,LTR
chr1,201506756,201506777,MA1714.1,-,1.83e-06,MIR,MIR,SINE
chr2,234514466,234514487,MA1714.1,-,1.83e-06,MSTB-int,ERVL-MaLR,LTR
chr19,3749409,3749430,MA1714.1,-,1.85e-06,AluJo,Alu,SINE
chr8,17710290,17710311,MA1714.1,-,1.85e-06,MIR,MIR,SINE
chr4,18817260,18817281,MA1714.1,+,1.85e-06,MSTB1-int,ERVL-MaLR,LTR
chr3,20508972,20508993,MA1714.1,+,1.85e-06,THE1C,ERVL-MaLR,LTR
chr10,21701641,21701662,MA1714.1,+,1.85e-06,L1M6,L1,LINE
chr15,24508605,24508626,MA1714.1,-,1.85e-06,L1PREC2,L1,LINE
chr15,24614618,24614639,MA1714.1,-,1.85e-06,L1PREC2,L1,LINE
chr5,24893854,24893875,MA1714.1,-,1.85e-06,MSTA-int,ERVL-MaLR,LTR
chr22,31236720,31236741,MA1714.1,+,1.85e-06,MIRb,MIR,SINE
chr22,33621638,33621659,MA1714.1,-,1.85e-06,L1PREC2,L1,LINE
chrX,41564152,41564173,MA1714.1,+,1.85e-06,MIR,MIR,SINE
chr5,43753732,43753753,MA1714.1,-,1.85e-06,THE1B-int,ERVL-MaLR,LTR
chr1,48112143,48112164,MA1714.1,+,1.85e-06,MIRc,MIR,SINE
chr14,50177516,50177537,MA1714.1,-,1.85e-06,L1M7,L1,LINE
chr7,54353139,54353160,MA1714.1,+,1.85e-06,L1M3c,L1,LINE
chr16,57797935,57797956,MA1714.1,+,1.85e-06,MIR,MIR,SINE
chr2,59020321,59020342,MA1714.1,-,1.85e-06,MIRb,MIR,SINE
chr4,63339333,63339354,MA1714.1,-,1.85e-06,AluJo,Alu,SINE
chr4,66415095,66415116,MA1714.1,+,1.85e-06,L1MEg,L1,LINE
chr4,71605278,71605299,MA1714.1,+,1.85e-06,MamRep605,MamRep605,Unknown
chr10,87463285,87463306,MA1714.1,+,1.85e-06,L1M6,L1,LINE
chr4,93403110,93403131,MA1714.1,+,1.85e-06,L1PA17,L1,LINE
chr2,121297237,121297258,MA1714.1,+,1.85e-06,MIRb,MIR,SINE
chr9,129841183,129841204,MA1714.1,-,1.85e-06,MIRb,MIR,SINE
chrX,142329238,142329259,MA1714.1,+,1.85e-06,L1MEc,L1,LINE
chr6,160158597,160158618,MA1714.1,-,1.85e-06,AluJo,Alu,SINE
chr2,208588956,208588977,MA1714.1,-,1.85e-06,L4,RTE,LINE
chr5,602980,603001,MA1714.1,-,1.86e-06,MLT1D,ERVL-MaLR,LTR
chr6_dbb_hap3,2601754,2601775,MA1714.1,+,1.86e-06,MER4A,ERV1,LTR
chr6_qbl_hap6,2609898,2609919,MA1714.1,+,1.86e-06,MER4A,ERV1,LTR
chr6_ssto_hap7,2650141,2650162,MA1714.1,+,1.86e-06,MER4A,ERV1,LTR
chr6_mann_hap4,2662876,2662897,MA1714.1,+,1.86e-06,MER4A,ERV1,LTR
chr6_mcf_hap5,2696164,2696185,MA1714.1,+,1.86e-06,MER4A,ERV1,LTR
chr6_cox_hap2,2829110,2829131,MA1714.1,+,1.86e-06,MER4A,ERV1,LTR
chr20,4216935,4216956,MA1714.1,+,1.86e-06,MIR,MIR,SINE
chr9,12998934,12998955,MA1714.1,-,1.86e-06,MIR,MIR,SINE
chr1,16029287,16029308,MA1714.1,-,1.86e-06,AluJr,Alu,SINE
chr3,17155595,17155616,MA1714.1,-,1.86e-06,THE1C,ERVL-MaLR,LTR
chr1,17266955,17266976,MA1714.1,-,1.86e-06,AluSg7,Alu,SINE
chr4,17401433,17401454,MA1714.1,-,1.86e-06,L1MB3,L1,LINE
chr15,20356117,20356138,MA1714.1,-,1.86e-06,L1MDa,L1,LINE
chr13,20415664,20415685,MA1714.1,-,1.86e-06,L1MEg,L1,LINE
chr15,21362714,21362735,MA1714.1,-,1.86e-06,L1MDa,L1,LINE
chr22,22654962,22654983,MA1714.1,-,1.86e-06,L1MDa,L1,LINE
chr21,26518754,26518775,MA1714.1,-,1.86e-06,THE1A-int,ERVL-MaLR,LTR
chr4,29798141,29798162,MA1714.1,+,1.86e-06,L1MA4A,L1,LINE
chr6,31316422,31316443,MA1714.1,+,1.86e-06,MER4A,ERV1,LTR
chr16,33507207,33507228,MA1714.1,+,1.86e-06,L1MDa,L1,LINE
chr7,34251690,34251711,MA1714.1,-,1.86e-06,MamRep1879,hAT,DNA
chr15,35242216,35242237,MA1714.1,-,1.86e-06,L1MEd,L1,LINE
chr17,35697948,35697969,MA1714.1,+,1.86e-06,FAM,Alu,SINE
chr4,38548532,38548553,MA1714.1,-,1.86e-06,THE1C,ERVL-MaLR,LTR
chr10,43309433,43309454,MA1714.1,-,1.86e-06,L1MD2,L1,LINE
chr12,45991283,45991304,MA1714.1,-,1.86e-06,MamGypLTR1a,Gypsy,LTR
chr20,48991587,48991608,MA1714.1,+,1.86e-06,MIR,MIR,SINE
chr20,49678635,49678656,MA1714.1,+,1.86e-06,THE1C,ERVL-MaLR,LTR
chr11,50014922,50014943,MA1714.1,+,1.86e-06,L1M1,L1,LINE
chr17,51277018,51277039,MA1714.1,-,1.86e-06,L1MCa,L1,LINE
chr11,51360125,51360146,MA1714.1,-,1.86e-06,MER11C,ERVK,LTR
chr18,51457856,51457877,MA1714.1,+,1.86e-06,L1PREC2,L1,LINE
chr1,53342170,53342191,MA1714.1,+,1.86e-06,MIR,MIR,SINE
chr12,54023651,54023672,MA1714.1,-,1.86e-06,L1M4c,L1,LINE
chr13,58185545,58185566,MA1714.1,+,1.86e-06,MIRb,MIR,SINE
chr10,66426096,66426117,MA1714.1,-,1.86e-06,L1MA4,L1,LINE
chr9,67337605,67337626,MA1714.1,+,1.86e-06,L1MDa,L1,LINE
chr9,71438012,71438033,MA1714.1,-,1.86e-06,MLT1D,ERVL-MaLR,LTR
chr2,71704853,71704874,MA1714.1,+,1.86e-06,Charlie1a,hAT-Charlie,DNA
chr3,80619684,80619705,MA1714.1,+,1.86e-06,THE1C,ERVL-MaLR,LTR
chr14,87431244,87431265,MA1714.1,+,1.86e-06,THE1B-int,ERVL-MaLR,LTR
chr5,88956515,88956536,MA1714.1,+,1.86e-06,MSTB1-int,ERVL-MaLR,LTR
chr10,100826428,100826449,MA1714.1,-,1.86e-06,THE1B,ERVL-MaLR,LTR
chr8,104579163,104579184,MA1714.1,-,1.86e-06,L1MB8,L1,LINE
chr8,108166101,108166122,MA1714.1,-,1.86e-06,MIRb,MIR,SINE
chr3,110669860,110669881,MA1714.1,+,1.86e-06,MSTA-int,ERVL-MaLR,LTR
chr9,115820108,115820129,MA1714.1,-,1.86e-06,MLT2B2,ERVL,LTR
chr10,129292293,129292314,MA1714.1,-,1.86e-06,MLT1A0,ERVL-MaLR,LTR
chr5,132876363,132876384,MA1714.1,-,1.86e-06,MLT1G1-int,ERVL-MaLR,LTR
chr4,134290097,134290118,MA1714.1,+,1.86e-06,L1PREC2,L1,LINE
chr5,154890142,154890163,MA1714.1,-,1.86e-06,MIRc,MIR,SINE
chr3,175674455,175674476,MA1714.1,-,1.86e-06,THE1B,ERVL-MaLR,LTR
chr2,178596240,178596261,MA1714.1,-,1.86e-06,HAL1,L1,LINE
chr1,187639820,187639841,MA1714.1,+,1.86e-06,MER5B,hAT-Charlie,DNA
chr2,201658194,201658215,MA1714.1,+,1.86e-06,AluJo,Alu,SINE
chr18,896692,896713,MA1714.1,+,1.87e-06,MIRb,MIR,SINE
chr4,4688707,4688728,MA1714.1,+,1.87e-06,MIR,MIR,SINE
chr16,5346617,5346638,MA1714.1,-,1.87e-06,L1MA8,L1,LINE
chr3,6023596,6023617,MA1714.1,-,1.87e-06,THE1B-int,ERVL-MaLR,LTR
chr18,19734570,19734591,MA1714.1,+,1.87e-06,MIR,MIR,SINE
chr21,21292706,21292727,MA1714.1,+,1.87e-06,L1MC1,L1,LINE
chr4,24056586,24056607,MA1714.1,-,1.87e-06,MIR,MIR,SINE
chr9,36349067,36349088,MA1714.1,+,1.87e-06,Tigger1,TcMar-Tigger,DNA
chr19,37479892,37479913,MA1714.1,-,1.87e-06,L1MA6,L1,LINE
chr9,37673899,37673920,MA1714.1,-,1.87e-06,THE1A-int,ERVL-MaLR,LTR
chr6,40675281,40675302,MA1714.1,+,1.87e-06,L1MC5,L1,LINE
chr15,43490955,43490976,MA1714.1,+,1.87e-06,THE1A-int,ERVL-MaLR,LTR
chr11,43637206,43637227,MA1714.1,-,1.87e-06,L1MEc,L1,LINE
chrX,46725856,46725877,MA1714.1,-,1.87e-06,L1MC3,L1,LINE
chrX,48616751,48616772,MA1714.1,+,1.87e-06,ERVL-B4-int,ERVL,LTR
chr7,57183064,57183085,MA1714.1,-,1.87e-06,THE1D-int,ERVL-MaLR,LTR
chr10,59329162,59329183,MA1714.1,+,1.87e-06,L1M3,L1,LINE
chr7,62747402,62747423,MA1714.1,-,1.87e-06,THE1D-int,ERVL-MaLR,LTR
chr12,62909232,62909253,MA1714.1,+,1.87e-06,L1MB2,L1,LINE
chr6,65082833,65082854,MA1714.1,-,1.87e-06,L1PA15,L1,LINE
chr12,68813710,68813731,MA1714.1,-,1.87e-06,MIR,MIR,SINE
chr17,75491602,75491623,MA1714.1,-,1.87e-06,MIRb,MIR,SINE
chr11,77582095,77582116,MA1714.1,-,1.87e-06,AluJo,Alu,SINE
chr4,77834417,77834438,MA1714.1,+,1.87e-06,MER20B,hAT-Charlie,DNA
chr7,79961011,79961032,MA1714.1,+,1.87e-06,ERVL-B4-int,ERVL,LTR
chr9,84783478,84783499,MA1714.1,+,1.87e-06,MIR,MIR,SINE
chr12,95985218,95985239,MA1714.1,+,1.87e-06,ERVL-B4-int,ERVL,LTR
chr2,96005637,96005658,MA1714.1,-,1.87e-06,MLT1J2,ERVL-MaLR,LTR
chr5,109487275,109487296,MA1714.1,+,1.87e-06,L1M1,L1,LINE
chr9,116416401,116416422,MA1714.1,+,1.87e-06,MIR,MIR,SINE
chrX,121063529,121063550,MA1714.1,+,1.87e-06,THE1D-int,ERVL-MaLR,LTR
chr11,123770117,123770138,MA1714.1,+,1.87e-06,MIRb,MIR,SINE
chr5,124174486,124174507,MA1714.1,-,1.87e-06,L1ME4a,L1,LINE
chr6,132900232,132900253,MA1714.1,-,1.87e-06,AluJr,Alu,SINE
chrX,143649018,143649039,MA1714.1,-,1.87e-06,MIR,MIR,SINE
chr1,153244785,153244806,MA1714.1,-,1.87e-06,L1MA8,L1,LINE
chr3,162886902,162886923,MA1714.1,-,1.87e-06,L1MA1,L1,LINE
chr3,164176432,164176453,MA1714.1,+,1.87e-06,AluSx1,Alu,SINE
chr4,166949829,166949850,MA1714.1,-,1.87e-06,L1MEe,L1,LINE
chr3,169163039,169163060,MA1714.1,+,1.87e-06,THE1A-int,ERVL-MaLR,LTR
chr1,175040921,175040942,MA1714.1,+,1.87e-06,MIR,MIR,SINE
chr4,179160345,179160366,MA1714.1,+,1.87e-06,L1PA15,L1,LINE
chr4,181429364,181429385,MA1714.1,-,1.87e-06,L1ME1,L1,LINE
chr2,227116938,227116959,MA1714.1,-,1.87e-06,MIR,MIR,SINE
chr20,1832427,1832448,MA1714.1,+,1.89e-06,MLT1L,ERVL-MaLR,LTR
chrY,2420866,2420887,MA1714.1,+,1.89e-06,MER103C,hAT-Charlie,DNA
chrX,2470866,2470887,MA1714.1,+,1.89e-06,MER103C,hAT-Charlie,DNA
chr2,15034779,15034800,MA1714.1,+,1.89e-06,HAL1,L1,LINE
chr11,19060990,19061011,MA1714.1,+,1.89e-06,L1M3de,L1,LINE
chr21,20412860,20412881,MA1714.1,-,1.89e-06,THE1B-int,ERVL-MaLR,LTR
chrY,20827431,20827452,MA1714.1,+,1.89e-06,MER117,hAT-Charlie,DNA
chr18,30897967,30897988,MA1714.1,+,1.89e-06,LTR73,ERV1,LTR
chr6,34440703,34440724,MA1714.1,-,1.89e-06,MIR,MIR,SINE
chr17,38939832,38939853,MA1714.1,-,1.89e-06,AluJb,Alu,SINE
chr8,47018270,47018291,MA1714.1,-,1.89e-06,GSAT,centr,Satellite
chr20,59253482,59253503,MA1714.1,+,1.89e-06,L1MEe,L1,LINE
chr18,69598309,69598330,MA1714.1,-,1.89e-06,HAL1-3A_ME,L1,LINE
chr1,75415883,75415904,MA1714.1,+,1.89e-06,THE1B-int,ERVL-MaLR,LTR
chr2,84499449,84499470,MA1714.1,+,1.89e-06,MIR,MIR,SINE
chr11,85522684,85522705,MA1714.1,+,1.89e-06,MIRb,MIR,SINE
chr4,87837481,87837502,MA1714.1,+,1.89e-06,ERVL-E-int,ERVL,LTR
chr5,89406938,89406959,MA1714.1,+,1.89e-06,L1PA16,L1,LINE
chr4,96793123,96793144,MA1714.1,-,1.89e-06,MER47A,TcMar-Tigger,DNA
chr2,138931091,138931112,MA1714.1,-,1.89e-06,MIR,MIR,SINE
chr4,159815351,159815372,MA1714.1,-,1.89e-06,AluJb,Alu,SINE
chr2,216210956,216210977,MA1714.1,-,1.89e-06,AluJr,Alu,SINE
chr1,226528824,226528845,MA1714.1,+,1.89e-06,THE1B-int,ERVL-MaLR,LTR
chr1,238809750,238809771,MA1714.1,+,1.89e-06,L1MEg1,L1,LINE
chr16,5945728,5945749,MA1714.1,+,1.9e-06,MIRb,MIR,SINE
chr19,7911711,7911732,MA1714.1,-,1.9e-06,MIRb,MIR,SINE
chr9,9761382,9761403,MA1714.1,+,1.9e-06,L1MD2,L1,LINE
chr2,17153199,17153220,MA1714.1,-,1.9e-06,L2a,L2,LINE
chr19,20299579,20299600,MA1714.1,-,1.9e-06,L1MB2,L1,LINE
chr8,21513422,21513443,MA1714.1,-,1.9e-06,L1M5,L1,LINE
chr16,27456233,27456254,MA1714.1,-,1.9e-06,MIRb,MIR,SINE
chr21,31190234,31190255,MA1714.1,-,1.9e-06,MIR,MIR,SINE
chr1,38258807,38258828,MA1714.1,-,1.9e-06,MIRb,MIR,SINE
chr21,44138845,44138866,MA1714.1,-,1.9e-06,L1ME2,L1,LINE
chr7,46155933,46155954,MA1714.1,-,1.9e-06,L1MC3,L1,LINE
chr14,48903267,48903288,MA1714.1,-,1.9e-06,L1MEg,L1,LINE
chr14,51292217,51292238,MA1714.1,-,1.9e-06,MIRb,MIR,SINE
chr11,56766074,56766095,MA1714.1,-,1.9e-06,MER52-int,ERV1,LTR
chr9,78398265,78398286,MA1714.1,-,1.9e-06,L1PA15,L1,LINE
chr1,79101709,79101730,MA1714.1,+,1.9e-06,MIR,MIR,SINE
chr6,92313818,92313839,MA1714.1,-,1.9e-06,MSTA-int,ERVL-MaLR,LTR
chr6,93808659,93808680,MA1714.1,+,1.9e-06,L1MEg,L1,LINE
chr12,97359234,97359255,MA1714.1,+,1.9e-06,L1M4c,L1,LINE
chr7,98973959,98973980,MA1714.1,+,1.9e-06,MIRb,MIR,SINE
chr14,101745848,101745869,MA1714.1,+,1.9e-06,L1ME1,L1,LINE
chr1,112888946,112888967,MA1714.1,+,1.9e-06,L3,CR1,LINE
chr8,130074265,130074286,MA1714.1,+,1.9e-06,L3,CR1,LINE
chr8,142722400,142722421,MA1714.1,-,1.9e-06,MIRb,MIR,SINE
chr7,156828956,156828977,MA1714.1,-,1.9e-06,L1M4,L1,LINE
chr2,216869867,216869888,MA1714.1,+,1.9e-06,L1ME3B,L1,LINE
chr1,227542250,227542271,MA1714.1,-,1.9e-06,ERV3-16A3_I-int,ERVL,LTR
chr4,2844397,2844418,MA1714.1,-,1.91e-06,L1MB3,L1,LINE
chr19,4257196,4257217,MA1714.1,+,1.91e-06,MIRb,MIR,SINE
chr10,6296852,6296873,MA1714.1,-,1.91e-06,AluSz,Alu,SINE
chr20,11182433,11182454,MA1714.1,+,1.91e-06,L1MEg,L1,LINE
chr16,15150574,15150595,MA1714.1,+,1.91e-06,AluJr,Alu,SINE
chr5,23919383,23919404,MA1714.1,+,1.91e-06,L1PA15,L1,LINE
chrX,26406451,26406472,MA1714.1,+,1.91e-06,Tigger4,TcMar-Tigger,DNA
chr7,32303061,32303082,MA1714.1,-,1.91e-06,L1MC4,L1,LINE
chr14,32378196,32378217,MA1714.1,-,1.91e-06,L1MA9,L1,LINE
chr12,32477386,32477407,MA1714.1,-,1.91e-06,Tigger6a,TcMar-Tigger,DNA
chr9,32907695,32907716,MA1714.1,+,1.91e-06,Tigger6b,TcMar-Tigger,DNA
chr13,35237484,35237505,MA1714.1,+,1.91e-06,L1M5,L1,LINE
chr8,35595824,35595845,MA1714.1,+,1.91e-06,MIRc,MIR,SINE
chr11,36083587,36083608,MA1714.1,-,1.91e-06,MIRb,MIR,SINE
chr10,36986019,36986040,MA1714.1,+,1.91e-06,L1MD1,L1,LINE
chr18,38469096,38469117,MA1714.1,-,1.91e-06,L1MDa,L1,LINE
chr17,39111545,39111566,MA1714.1,+,1.91e-06,MIR,MIR,SINE
chr2,45133961,45133982,MA1714.1,+,1.91e-06,MIRc,MIR,SINE
chr7,49647797,49647818,MA1714.1,+,1.91e-06,L1PB1,L1,LINE
chr16,56123006,56123027,MA1714.1,+,1.91e-06,MIR,MIR,SINE
chr15,58669387,58669408,MA1714.1,-,1.91e-06,MER34C_,ERV1,LTR
chr3,59389645,59389666,MA1714.1,+,1.91e-06,MIRb,MIR,SINE
chr14,64557013,64557034,MA1714.1,+,1.91e-06,MIRb,MIR,SINE
chr17,65122003,65122024,MA1714.1,+,1.91e-06,MLT1E2,ERVL-MaLR,LTR
chrX,65221967,65221988,MA1714.1,+,1.91e-06,MER21A,ERVL,LTR
chr13,65349979,65350000,MA1714.1,-,1.91e-06,L1PB1,L1,LINE
chr13,68676473,68676494,MA1714.1,-,1.91e-06,THE1C-int,ERVL-MaLR,LTR
chrX,71167704,71167725,MA1714.1,+,1.91e-06,L1PB1,L1,LINE
chr12,71816783,71816804,MA1714.1,+,1.91e-06,MIR,MIR,SINE
chr17,80391361,80391382,MA1714.1,-,1.91e-06,AluJb,Alu,SINE
chr5,83204827,83204848,MA1714.1,+,1.91e-06,MLT1D,ERVL-MaLR,LTR
chr1,86197813,86197834,MA1714.1,+,1.91e-06,MIRb,MIR,SINE
chr6,86454352,86454373,MA1714.1,+,1.91e-06,MSTA-int,ERVL-MaLR,LTR
chr16,87241686,87241707,MA1714.1,-,1.91e-06,MER20B,hAT-Charlie,DNA
chr4,90373541,90373562,MA1714.1,+,1.91e-06,L1MC2,L1,LINE
chr15,96069583,96069604,MA1714.1,-,1.91e-06,THE1B-int,ERVL-MaLR,LTR
chr7,99197110,99197131,MA1714.1,+,1.91e-06,AluJo,Alu,SINE
chr4,103905345,103905366,MA1714.1,-,1.91e-06,AluJb,Alu,SINE
chr6,117549071,117549092,MA1714.1,-,1.91e-06,ERV3-16A3_I-int,ERVL,LTR
chr11,118617407,118617428,MA1714.1,-,1.91e-06,FLAM_A,Alu,SINE
chr2,124832897,124832918,MA1714.1,-,1.91e-06,Tigger6a,TcMar-Tigger,DNA
chrX,133667550,133667571,MA1714.1,+,1.91e-06,AluSx1,Alu,SINE
chrX,143038212,143038233,MA1714.1,+,1.91e-06,THE1D-int,ERVL-MaLR,LTR
chr4,172421739,172421760,MA1714.1,+,1.91e-06,L1MA5,L1,LINE
chr3,186697762,186697783,MA1714.1,-,1.91e-06,MIRb,MIR,SINE
chr1,193348660,193348681,MA1714.1,-,1.91e-06,HERVL-int,ERVL,LTR
chr1,221869783,221869804,MA1714.1,+,1.91e-06,ERVL-E-int,ERVL,LTR
chr1,248397740,248397761,MA1714.1,-,1.91e-06,L1PA10,L1,LINE
chr18,5262823,5262844,MA1714.1,+,1.93e-06,L1PA13,L1,LINE
chrY,6063049,6063070,MA1714.1,-,1.93e-06,THE1B-int,ERVL-MaLR,LTR
chr6,8427550,8427571,MA1714.1,+,1.93e-06,THE1A-int,ERVL-MaLR,LTR
chr16,9752873,9752894,MA1714.1,-,1.93e-06,MER21C,ERVL,LTR
chr4,19856421,19856442,MA1714.1,-,1.93e-06,MSTA-int,ERVL-MaLR,LTR
chr21,20182555,20182576,MA1714.1,-,1.93e-06,MSTA-int,ERVL-MaLR,LTR
chr11,21615529,21615550,MA1714.1,+,1.93e-06,THE1B-int,ERVL-MaLR,LTR
chr13,24651594,24651615,MA1714.1,+,1.93e-06,L1PA17,L1,LINE
chr6,25270569,25270590,MA1714.1,-,1.93e-06,L1MEc,L1,LINE
chr8,34471584,34471605,MA1714.1,+,1.93e-06,L1PB1,L1,LINE
chrX,51831296,51831317,MA1714.1,-,1.93e-06,L1PA12,L1,LINE
chr13,55976319,55976340,MA1714.1,-,1.93e-06,L1MC2,L1,LINE
chr8,57527679,57527700,MA1714.1,-,1.93e-06,L1MDa,L1,LINE
chr15,79870088,79870109,MA1714.1,-,1.93e-06,L1MEc,L1,LINE
chr6,98850351,98850372,MA1714.1,-,1.93e-06,L1ME4a,L1,LINE
chr9,101951102,101951123,MA1714.1,-,1.93e-06,MIR,MIR,SINE
chr10,105134941,105134962,MA1714.1,+,1.93e-06,MER20,hAT-Charlie,DNA
chr2,124374425,124374446,MA1714.1,+,1.93e-06,L1MA2,L1,LINE
chr3,147661348,147661369,MA1714.1,-,1.93e-06,MER39,ERV1,LTR
chr4,152556839,152556860,MA1714.1,+,1.93e-06,L1MB2,L1,LINE
chr2,157431674,157431695,MA1714.1,+,1.93e-06,L3,CR1,LINE
chr3,163061155,163061176,MA1714.1,+,1.93e-06,L1MC1,L1,LINE
chr4,175464257,175464278,MA1714.1,+,1.93e-06,L1MCa,L1,LINE
chr2,223198136,223198157,MA1714.1,+,1.93e-06,L1M2,L1,LINE
chr18,2781848,2781869,MA1714.1,+,1.94e-06,L1MEg,L1,LINE
chr17,8911120,8911141,MA1714.1,-,1.94e-06,AluJr,Alu,SINE
chr3,11002664,11002685,MA1714.1,+,1.94e-06,MIRb,MIR,SINE
chr20,15731474,15731495,MA1714.1,+,1.94e-06,L1MA6,L1,LINE
chr22,19056439,19056460,MA1714.1,-,1.94e-06,MIRc,MIR,SINE
chr17,19383907,19383928,MA1714.1,-,1.94e-06,AluJr4,Alu,SINE
chr2,22551343,22551364,MA1714.1,+,1.94e-06,MIRb,MIR,SINE
chr8,25012672,25012693,MA1714.1,+,1.94e-06,AluJb,Alu,SINE
chr1,27283119,27283140,MA1714.1,+,1.94e-06,L1MC4,L1,LINE
chr14,27686086,27686107,MA1714.1,-,1.94e-06,MER51-int,ERV1,LTR
chr20,30871790,30871811,MA1714.1,-,1.94e-06,AluJr,Alu,SINE
chr5,31600287,31600308,MA1714.1,-,1.94e-06,LTR24,ERV1,LTR
chr20,34587494,34587515,MA1714.1,-,1.94e-06,L1MEc,L1,LINE
chr3,34916815,34916836,MA1714.1,+,1.94e-06,AluSz,Alu,SINE
chr15,38272152,38272173,MA1714.1,-,1.94e-06,L1PA15,L1,LINE
chr5,38727819,38727840,MA1714.1,+,1.94e-06,MIR,MIR,SINE
chr22,41647753,41647774,MA1714.1,+,1.94e-06,L1ME4a,L1,LINE
chr2,50909126,50909147,MA1714.1,+,1.94e-06,MIRb,MIR,SINE
chr2,51202448,51202469,MA1714.1,+,1.94e-06,Charlie1b,hAT-Charlie,DNA
chr14,51278922,51278943,MA1714.1,-,1.94e-06,MIRc,MIR,SINE
chr13,58626162,58626183,MA1714.1,+,1.94e-06,MSTA-int,ERVL-MaLR,LTR
chr14,62267560,62267581,MA1714.1,-,1.94e-06,L1MEf,L1,LINE
chr7,62334179,62334200,MA1714.1,+,1.94e-06,ALR/Alpha,centr,Satellite
chr16,63372554,63372575,MA1714.1,-,1.94e-06,L1PA16,L1,LINE
chr17,70156309,70156330,MA1714.1,+,1.94e-06,MIR,MIR,SINE
chr12,74718680,74718701,MA1714.1,-,1.94e-06,L2,L2,LINE
chr1,82117490,82117511,MA1714.1,-,1.94e-06,AluJr4,Alu,SINE
chr12,85194418,85194439,MA1714.1,+,1.94e-06,MLT1H2-int,ERVL-MaLR,LTR
chr4,88595298,88595319,MA1714.1,-,1.94e-06,THE1B-int,ERVL-MaLR,LTR
chr5,90564559,90564580,MA1714.1,+,1.94e-06,MER21A,ERVL,LTR
chr9,90590876,90590897,MA1714.1,+,1.94e-06,L1MC4a,L1,LINE
chr12,91854171,91854192,MA1714.1,-,1.94e-06,L1ME4a,L1,LINE
chr10,93419974,93419995,MA1714.1,+,1.94e-06,L3,CR1,LINE
chr12,95073957,95073978,MA1714.1,+,1.94e-06,MIR,MIR,SINE
chr5,97068712,97068733,MA1714.1,-,1.94e-06,L1MEd,L1,LINE
chr10,103122893,103122914,MA1714.1,-,1.94e-06,MIR,MIR,SINE
chr4,111759040,111759061,MA1714.1,+,1.94e-06,MIRb,MIR,SINE
chr4,119112214,119112235,MA1714.1,-,1.94e-06,MER57A-int,ERV1,LTR
chr11,119585849,119585870,MA1714.1,+,1.94e-06,L3,CR1,LINE
chr4,122089747,122089768,MA1714.1,-,1.94e-06,AluJr4,Alu,SINE
chr9,125715207,125715228,MA1714.1,+,1.94e-06,MIRc,MIR,SINE
chr5,128811547,128811568,MA1714.1,-,1.94e-06,L1MB7,L1,LINE
chr9,129807870,129807891,MA1714.1,+,1.94e-06,L1MC3,L1,LINE
chr8,133203465,133203486,MA1714.1,-,1.94e-06,AluJr,Alu,SINE
chr8,142493566,142493587,MA1714.1,-,1.94e-06,L1ME2,L1,LINE
chr6,145480545,145480566,MA1714.1,+,1.94e-06,THE1C-int,ERVL-MaLR,LTR
chr7,157829962,157829983,MA1714.1,+,1.94e-06,L1M5,L1,LINE
chr9_gl000200_random,144781,144802,MA1714.1,-,1.95e-06,AluSz,Alu,SINE
chr19,297753,297774,MA1714.1,+,1.95e-06,L1MEf,L1,LINE
chr11,2348650,2348671,MA1714.1,-,1.95e-06,MLT1A1-int,ERVL-MaLR,LTR
chr7,2997972,2997993,MA1714.1,+,1.95e-06,AluJr,Alu,SINE
chr16,8384809,8384830,MA1714.1,-,1.95e-06,L1ME5,L1,LINE
chr1,12781165,12781186,MA1714.1,+,1.95e-06,AluJb,Alu,SINE
chrX,13237573,13237594,MA1714.1,-,1.95e-06,AluJo,Alu,SINE
chr4,13448419,13448440,MA1714.1,-,1.95e-06,L1P3,L1,LINE
chr22,17533017,17533038,MA1714.1,+,1.95e-06,L1MB8,L1,LINE
chr17,19763102,19763123,MA1714.1,-,1.95e-06,AluJr,Alu,SINE
chr11,20010819,20010840,MA1714.1,+,1.95e-06,MLT1D,ERVL-MaLR,LTR
chr16,20409419,20409440,MA1714.1,+,1.95e-06,MIR,MIR,SINE
chr12,24870574,24870595,MA1714.1,-,1.95e-06,MIRc,MIR,SINE
chr12,30391076,30391097,MA1714.1,+,1.95e-06,MIRb,MIR,SINE
chr6,34729699,34729720,MA1714.1,-,1.95e-06,AluJr,Alu,SINE
chr9,39620526,39620547,MA1714.1,+,1.95e-06,AluSz,Alu,SINE
chr9,41066635,41066656,MA1714.1,-,1.95e-06,AluSz,Alu,SINE
chr9,41765567,41765588,MA1714.1,+,1.95e-06,AluSz,Alu,SINE
chr9,43437531,43437552,MA1714.1,-,1.95e-06,AluSz,Alu,SINE
chr9,44596784,44596805,MA1714.1,-,1.95e-06,AluSz,Alu,SINE
chrX,45879140,45879161,MA1714.1,-,1.95e-06,L1MC3,L1,LINE
chr9,47033185,47033206,MA1714.1,-,1.95e-06,AluSz,Alu,SINE
chr20,48871079,48871100,MA1714.1,-,1.95e-06,AluJr,Alu,SINE
chr13,49744872,49744893,MA1714.1,+,1.95e-06,MIRb,MIR,SINE
chr15,52827829,52827850,MA1714.1,-,1.95e-06,L1MC3,L1,LINE
chr14,60257687,60257708,MA1714.1,-,1.95e-06,HAL1b,L1,LINE
chr11,60986155,60986176,MA1714.1,-,1.95e-06,MLT1F2,ERVL-MaLR,LTR
chr11,61004984,61005005,MA1714.1,-,1.95e-06,MLT1F2,ERVL-MaLR,LTR
chr18,65215283,65215304,MA1714.1,+,1.95e-06,L1MA9,L1,LINE
chr9,66093808,66093829,MA1714.1,-,1.95e-06,AluSz,Alu,SINE
chr14,67374614,67374635,MA1714.1,+,1.95e-06,L1MC3,L1,LINE
chr5,68105825,68105846,MA1714.1,-,1.95e-06,L1MC3,L1,LINE
chr1,68332010,68332031,MA1714.1,+,1.95e-06,AluJb,Alu,SINE
chr7,74074547,74074568,MA1714.1,-,1.95e-06,AluSx1,Alu,SINE
chr1,76906989,76907010,MA1714.1,-,1.95e-06,MIRb,MIR,SINE
chr10,81236815,81236836,MA1714.1,+,1.95e-06,L1MC3,L1,LINE
chr11,85233357,85233378,MA1714.1,+,1.95e-06,THE1C-int,ERVL-MaLR,LTR
chr9,85307000,85307021,MA1714.1,-,1.95e-06,L1MA4A,L1,LINE
chr12,88132174,88132195,MA1714.1,+,1.95e-06,L1MC3,L1,LINE
chr14,92603663,92603684,MA1714.1,-,1.95e-06,AluJb,Alu,SINE
chr5,101598286,101598307,MA1714.1,-,1.95e-06,AluJr,Alu,SINE
chr8,101651770,101651791,MA1714.1,+,1.95e-06,L1MC3,L1,LINE
chr1,102467169,102467190,MA1714.1,-,1.95e-06,Tigger2,TcMar-Tigger,DNA
chr5,103363982,103364003,MA1714.1,+,1.95e-06,MER52-int,ERV1,LTR
chr14,103635229,103635250,MA1714.1,+,1.95e-06,MER52-int,ERV1,LTR
chr6,113948131,113948152,MA1714.1,-,1.95e-06,MLT1D,ERVL-MaLR,LTR
chr2,114639561,114639582,MA1714.1,-,1.95e-06,AluJb,Alu,SINE
chr7,118890065,118890086,MA1714.1,-,1.95e-06,L1MC3,L1,LINE
chr4,130526921,130526942,MA1714.1,-,1.95e-06,Charlie2b,hAT-Charlie,DNA
chr5,132977486,132977507,MA1714.1,-,1.95e-06,HAL1-3A_ME,L1,LINE
chr5,142616406,142616427,MA1714.1,+,1.95e-06,MLT1K,ERVL-MaLR,LTR
chr2,147821771,147821792,MA1714.1,+,1.95e-06,THE1C-int,ERVL-MaLR,LTR
chr6,169522215,169522236,MA1714.1,+,1.95e-06,MER52-int,ERV1,LTR
chr5,176142772,176142793,MA1714.1,-,1.95e-06,HAL1,L1,LINE
chr20,1083566,1083587,MA1714.1,-,1.97e-06,L1ME3,L1,LINE
chr1,6665620,6665641,MA1714.1,+,1.97e-06,AluSq2,Alu,SINE
chrY,6880740,6880761,MA1714.1,+,1.97e-06,MSTA-int,ERVL-MaLR,LTR
chr9,14557175,14557196,MA1714.1,+,1.97e-06,HAL1,L1,LINE
chr12,21024719,21024740,MA1714.1,-,1.97e-06,L1M1,L1,LINE
chr5,23542215,23542236,MA1714.1,-,1.97e-06,AluSx1,Alu,SINE
chr18,27306937,27306958,MA1714.1,+,1.97e-06,MSTA-int,ERVL-MaLR,LTR
chr21,28678158,28678179,MA1714.1,+,1.97e-06,AluSx4,Alu,SINE
chr21,35327689,35327710,MA1714.1,+,1.97e-06,L1MEd,L1,LINE
chr20,35461691,35461712,MA1714.1,-,1.97e-06,MIRb,MIR,SINE
chr6,37966555,37966576,MA1714.1,+,1.97e-06,L1MC3,L1,LINE
chr2,51604098,51604119,MA1714.1,+,1.97e-06,THE1C-int,ERVL-MaLR,LTR
chr18,55017346,55017367,MA1714.1,-,1.97e-06,L1MA5A,L1,LINE
chr13,55908360,55908381,MA1714.1,+,1.97e-06,MSTA-int,ERVL-MaLR,LTR
chr10,59612576,59612597,MA1714.1,-,1.97e-06,L1MEc,L1,LINE
chr13,61355887,61355908,MA1714.1,-,1.97e-06,L1PREC2,L1,LINE
chr12,68462920,68462941,MA1714.1,-,1.97e-06,L1M2a1,L1,LINE
chr12,69014075,69014096,MA1714.1,-,1.97e-06,AluSq2,Alu,SINE
chr16,72148187,72148208,MA1714.1,-,1.97e-06,L1M3,L1,LINE
chr5,86436921,86436942,MA1714.1,+,1.97e-06,HAL1-3A_ME,L1,LINE
chr6,90436107,90436128,MA1714.1,+,1.97e-06,AluSz6,Alu,SINE
chr7,94695880,94695901,MA1714.1,+,1.97e-06,HAL1,L1,LINE
chr8,100777813,100777834,MA1714.1,-,1.97e-06,LTR40c,ERVL,LTR
chr1,106322053,106322074,MA1714.1,+,1.97e-06,THE1C-int,ERVL-MaLR,LTR
chr7,107071370,107071391,MA1714.1,+,1.97e-06,MLT1D,ERVL-MaLR,LTR
chr9,108583206,108583227,MA1714.1,-,1.97e-06,SATR1,Satellite,Satellite
chr5,110964089,110964110,MA1714.1,+,1.97e-06,L1ME2,L1,LINE
chr3,118020109,118020130,MA1714.1,-,1.97e-06,L1MEg,L1,LINE
chr9,121126123,121126144,MA1714.1,+,1.97e-06,MER52A,ERV1,LTR
chr7,124867828,124867849,MA1714.1,-,1.97e-06,L1MA9,L1,LINE
chr4,125551655,125551676,MA1714.1,-,1.97e-06,L1MB2,L1,LINE
chr3,174332557,174332578,MA1714.1,-,1.97e-06,L1MA3,L1,LINE
chr1,180448634,180448655,MA1714.1,+,1.97e-06,L1MA4A,L1,LINE
chr2,218302960,218302981,MA1714.1,-,1.97e-06,MLT1L,ERVL-MaLR,LTR
chrX,4475601,4475622,MA1714.1,+,1.98e-06,L1PB1,L1,LINE
chr10,4866155,4866176,MA1714.1,+,1.98e-06,L1MC,L1,LINE
chr18,5644851,5644872,MA1714.1,-,1.98e-06,Charlie1a,hAT-Charlie,DNA
chr2,17427000,17427021,MA1714.1,-,1.98e-06,MIR,MIR,SINE
chr13,23854896,23854917,MA1714.1,+,1.98e-06,MIRb,MIR,SINE
chr12,24601064,24601085,MA1714.1,+,1.98e-06,AluSx,Alu,SINE
chr4,31280056,31280077,MA1714.1,+,1.98e-06,HSMAR2,TcMar-Mariner,DNA
chr19,34648262,34648283,MA1714.1,+,1.98e-06,HAL1,L1,LINE
chr12,45905565,45905586,MA1714.1,-,1.98e-06,THE1D-int,ERVL-MaLR,LTR
chr12,46707742,46707763,MA1714.1,+,1.98e-06,L1MB3,L1,LINE
chr7,57360592,57360613,MA1714.1,+,1.98e-06,AluSx1,Alu,SINE
chr15,60437171,60437192,MA1714.1,-,1.98e-06,L1MEg,L1,LINE
chr12,65751395,65751416,MA1714.1,-,1.98e-06,L1MC3,L1,LINE
chr13,66072339,66072360,MA1714.1,-,1.98e-06,MER106B,hAT-Charlie,DNA
chr2,67577463,67577484,MA1714.1,-,1.98e-06,THE1C-int,ERVL-MaLR,LTR
chr14,67639875,67639896,MA1714.1,+,1.98e-06,L1M2a,L1,LINE
chr17,73665529,73665550,MA1714.1,-,1.98e-06,AluSx1,Alu,SINE
chrX,75949380,75949401,MA1714.1,+,1.98e-06,L1PB1,L1,LINE
chr9,77320496,77320517,MA1714.1,+,1.98e-06,L1MA4,L1,LINE
chrX,81243920,81243941,MA1714.1,+,1.98e-06,MIRc,MIR,SINE
chr7,83928993,83929014,MA1714.1,+,1.98e-06,HAL1,L1,LINE
chr7,91892209,91892230,MA1714.1,-,1.98e-06,MIRb,MIR,SINE
chr10,97452607,97452628,MA1714.1,+,1.98e-06,MER30,hAT-Charlie,DNA
chr12,102349862,102349883,MA1714.1,-,1.98e-06,MER1A,hAT-Charlie,DNA
chr7,104149395,104149416,MA1714.1,+,1.98e-06,L1MD1,L1,LINE
chr11,104505108,104505129,MA1714.1,+,1.98e-06,MLT1D,ERVL-MaLR,LTR
chr11,105676968,105676989,MA1714.1,+,1.98e-06,HAL1,L1,LINE
chr9,106554557,106554578,MA1714.1,-,1.98e-06,L1ME3C,L1,LINE
chr11,111109195,111109216,MA1714.1,-,1.98e-06,MER94,hAT-Blackjack,DNA
chrX,124972149,124972170,MA1714.1,-,1.98e-06,MIRc,MIR,SINE
chr4,151576585,151576606,MA1714.1,-,1.98e-06,L1MC5,L1,LINE
chr4,160585486,160585507,MA1714.1,-,1.98e-06,THE1D-int,ERVL-MaLR,LTR
chr6,165602004,165602025,MA1714.1,+,1.98e-06,MIR,MIR,SINE
chr4,180704261,180704282,MA1714.1,-,1.98e-06,L1MC1,L1,LINE
chr1,236776006,236776027,MA1714.1,+,1.98e-06,L1MEc,L1,LINE
chr2,242813080,242813101,MA1714.1,-,1.98e-06,MER3,hAT-Charlie,DNA
chr1,2553536,2553557,MA1714.1,+,2e-06,MLT1A,ERVL-MaLR,LTR
chr9,2742914,2742935,MA1714.1,-,2e-06,MIR3,MIR,SINE
chrX,5862993,5863014,MA1714.1,+,2e-06,MIR,MIR,SINE
chr11,7838447,7838468,MA1714.1,+,2e-06,L1MA2,L1,LINE
chr3,12115136,12115157,MA1714.1,-,2e-06,HAL1,L1,LINE
chr22,20083013,20083034,MA1714.1,-,2e-06,Tigger2a,TcMar-Tigger,DNA
chr3,22420964,22420985,MA1714.1,+,2e-06,HAL1-3A_ME,L1,LINE
chr16,24358394,24358415,MA1714.1,+,2e-06,AluJo,Alu,SINE
chr22,24510446,24510467,MA1714.1,-,2e-06,MIR,MIR,SINE
chr21,27932913,27932934,MA1714.1,-,2e-06,L1ME3C,L1,LINE
chrX,29421831,29421852,MA1714.1,-,2e-06,L1MC3,L1,LINE
chr5,44212387,44212408,MA1714.1,+,2e-06,THE1D-int,ERVL-MaLR,LTR
chr11,51253153,51253174,MA1714.1,+,2e-06,ALR/Alpha,centr,Satellite
chr13,51537053,51537074,MA1714.1,-,2e-06,L1MEc,L1,LINE
chr6,52140438,52140459,MA1714.1,+,2e-06,L1MC,L1,LINE
chrX,64007067,64007088,MA1714.1,-,2e-06,L1M2,L1,LINE
chr6,77277012,77277033,MA1714.1,-,2e-06,MSTB-int,ERVL-MaLR,LTR
chr4,80464213,80464234,MA1714.1,-,2e-06,L1MC1,L1,LINE
chr6,82246502,82246523,MA1714.1,-,2e-06,THE1B-int,ERVL-MaLR,LTR
chr12,86387138,86387159,MA1714.1,+,2e-06,MER52-int,ERV1,LTR
chr6,96546658,96546679,MA1714.1,-,2e-06,L3,CR1,LINE
chr11,97973380,97973401,MA1714.1,+,2e-06,L1MA9,L1,LINE
chr14,100902517,100902538,MA1714.1,-,2e-06,MIRb,MIR,SINE
chr5,107730782,107730803,MA1714.1,-,2e-06,L1M5,L1,LINE
chr11,107811019,107811040,MA1714.1,-,2e-06,AluSz,Alu,SINE
chr8,112826719,112826740,MA1714.1,-,2e-06,THE1C-int,ERVL-MaLR,LTR
chr12,113358608,113358629,MA1714.1,-,2e-06,MIRb,MIR,SINE
chr12,116688727,116688748,MA1714.1,+,2e-06,L1MEc,L1,LINE
chr11,119329104,119329125,MA1714.1,+,2e-06,L1MB3,L1,LINE
chr11,123711039,123711060,MA1714.1,+,2e-06,MIRb,MIR,SINE
chr6,131339315,131339336,MA1714.1,-,2e-06,MLT1J,ERVL-MaLR,LTR
chr8,144019406,144019427,MA1714.1,+,2e-06,L1M5,L1,LINE
chr6,145184924,145184945,MA1714.1,+,2e-06,THE1D-int,ERVL-MaLR,LTR
chr2,147252262,147252283,MA1714.1,-,2e-06,THE1D-int,ERVL-MaLR,LTR
chr2,154382483,154382504,MA1714.1,+,2e-06,L1M1,L1,LINE
chr2,164620042,164620063,MA1714.1,+,2e-06,MIRb,MIR,SINE
chr6,166302667,166302688,MA1714.1,-,2e-06,MER106B,hAT-Charlie,DNA
chr5,179964250,179964271,MA1714.1,-,2e-06,L1MC1,L1,LINE
chr20,3420541,3420562,MA1714.1,+,2.01e-06,L1MC3,L1,LINE
chr16,8848430,8848451,MA1714.1,-,2.01e-06,LTR45C,ERV1,LTR
chr2,13317809,13317830,MA1714.1,-,2.01e-06,THE1D-int,ERVL-MaLR,LTR
chr12,24559476,24559497,MA1714.1,+,2.01e-06,LTR78,ERV1,LTR
chr11,24900309,24900330,MA1714.1,-,2.01e-06,L1PA8A,L1,LINE
chr9,35779097,35779118,MA1714.1,+,2.01e-06,LTR78B,ERV1,LTR
chr13,41427813,41427834,MA1714.1,+,2.01e-06,L1MA8,L1,LINE
chr13,41865391,41865412,MA1714.1,-,2.01e-06,AluJb,Alu,SINE
chr4,47190165,47190186,MA1714.1,+,2.01e-06,L2a,L2,LINE
chr11,50603518,50603539,MA1714.1,+,2.01e-06,ALR/Alpha,centr,Satellite
chr8,52465983,52466004,MA1714.1,-,2.01e-06,MSTD-int,ERVL-MaLR,LTR
chr1,53954970,53954991,MA1714.1,-,2.01e-06,HAL1,L1,LINE
chr4,54155717,54155738,MA1714.1,+,2.01e-06,L1M2a,L1,LINE
chr20,58432694,58432715,MA1714.1,+,2.01e-06,MSTA-int,ERVL-MaLR,LTR
chr17,62231178,62231199,MA1714.1,+,2.01e-06,AluJr,Alu,SINE
chr13,68112154,68112175,MA1714.1,+,2.01e-06,L1MC3,L1,LINE
chr7,73664369,73664390,MA1714.1,+,2.01e-06,AluJr,Alu,SINE
chr15,80516291,80516312,MA1714.1,+,2.01e-06,MLT1H1,ERVL-MaLR,LTR
chr2,86493343,86493364,MA1714.1,+,2.01e-06,L1MEb,L1,LINE
chr12,90076376,90076397,MA1714.1,+,2.01e-06,L1MC4a,L1,LINE
chr11,91027247,91027268,MA1714.1,+,2.01e-06,L1MB8,L1,LINE
chr1,92164169,92164190,MA1714.1,-,2.01e-06,AluJb,Alu,SINE
chr4,92796467,92796488,MA1714.1,+,2.01e-06,THE1B-int,ERVL-MaLR,LTR
chr2,100976872,100976893,MA1714.1,+,2.01e-06,L1MDa,L1,LINE
chr2,104323318,104323339,MA1714.1,-,2.01e-06,AluJo,Alu,SINE
chr7,111261743,111261764,MA1714.1,-,2.01e-06,L1MB8,L1,LINE
chr5,116350129,116350150,MA1714.1,-,2.01e-06,L1M3,L1,LINE
chr4,116959565,116959586,MA1714.1,+,2.01e-06,L1MB3,L1,LINE
chrX,125763463,125763484,MA1714.1,-,2.01e-06,THE1C-int,ERVL-MaLR,LTR
chr8,129372395,129372416,MA1714.1,-,2.01e-06,AluJr4,Alu,SINE
chr3,131879226,131879247,MA1714.1,+,2.01e-06,ERV3-16A3_LTR,ERVL,LTR
chr8,133006376,133006397,MA1714.1,+,2.01e-06,AluJr,Alu,SINE
chr3,135056355,135056376,MA1714.1,+,2.01e-06,HAL1,L1,LINE
chrX,137597596,137597617,MA1714.1,+,2.01e-06,L1MB5,L1,LINE
chr5,141798018,141798039,MA1714.1,-,2.01e-06,L1MB1,L1,LINE
chrX,145202968,145202989,MA1714.1,+,2.01e-06,L1PA6,L1,LINE
chr4,150718534,150718555,MA1714.1,+,2.01e-06,L1MA2,L1,LINE
chr5,151076696,151076717,MA1714.1,+,2.01e-06,Charlie15a,hAT-Charlie,DNA
chr4,154413410,154413431,MA1714.1,-,2.01e-06,AluJo,Alu,SINE
chr3,178413063,178413084,MA1714.1,-,2.01e-06,THE1C-int,ERVL-MaLR,LTR
chr2,185398181,185398202,MA1714.1,-,2.01e-06,MLT1B,ERVL-MaLR,LTR
chr2,213244928,213244949,MA1714.1,+,2.01e-06,MER2,TcMar-Tigger,DNA
chr9,6039726,6039747,MA1714.1,-,2.02e-06,AluSq2,Alu,SINE
chr4,12040831,12040852,MA1714.1,+,2.02e-06,THE1C-int,ERVL-MaLR,LTR
chr6,12444598,12444619,MA1714.1,+,2.02e-06,MIRb,MIR,SINE
chr19,17982108,17982129,MA1714.1,-,2.02e-06,MIR,MIR,SINE
chr12,21479973,21479994,MA1714.1,+,2.02e-06,THE1B-int,ERVL-MaLR,LTR
chr11,23009960,23009981,MA1714.1,-,2.02e-06,THE1B-int,ERVL-MaLR,LTR
chr21,23766037,23766058,MA1714.1,+,2.02e-06,L1MC3,L1,LINE
chr14,25335885,25335906,MA1714.1,+,2.02e-06,L1MEc,L1,LINE
chr4,26558581,26558602,MA1714.1,-,2.02e-06,L1PA7,L1,LINE
chr16,28184279,28184300,MA1714.1,+,2.02e-06,MER2,TcMar-Tigger,DNA
chr19,28741427,28741448,MA1714.1,-,2.02e-06,MLT1H2,ERVL-MaLR,LTR
chr20,31339239,31339260,MA1714.1,+,2.02e-06,L1MC4,L1,LINE
chr5,33131751,33131772,MA1714.1,+,2.02e-06,THE1B-int,ERVL-MaLR,LTR
chr12,33943071,33943092,MA1714.1,-,2.02e-06,THE1B-int,ERVL-MaLR,LTR
chr6,34507976,34507997,MA1714.1,+,2.02e-06,AluJb,Alu,SINE
chr3,35223295,35223316,MA1714.1,-,2.02e-06,THE1C-int,ERVL-MaLR,LTR
chr15,37957856,37957877,MA1714.1,-,2.02e-06,L1PREC2,L1,LINE
chr14,38231127,38231148,MA1714.1,-,2.02e-06,L1MA7,L1,LINE
chr8,38370444,38370465,MA1714.1,-,2.02e-06,MIRb,MIR,SINE
chr4,41647046,41647067,MA1714.1,-,2.02e-06,MIR,MIR,SINE
chr7,42357607,42357628,MA1714.1,+,2.02e-06,L1M1,L1,LINE
chr14,45131876,45131897,MA1714.1,+,2.02e-06,MIRc,MIR,SINE
chr1,45707328,45707349,MA1714.1,-,2.02e-06,THE1B-int,ERVL-MaLR,LTR
chr22,46979921,46979942,MA1714.1,-,2.02e-06,L1MC3,L1,LINE
chr17,48054320,48054341,MA1714.1,+,2.02e-06,MIRb,MIR,SINE
chr2,48473782,48473803,MA1714.1,+,2.02e-06,MLT1A0-int,ERVL-MaLR,LTR
chr14,48619038,48619059,MA1714.1,+,2.02e-06,MSTA-int,ERVL-MaLR,LTR
chr12,56045249,56045270,MA1714.1,+,2.02e-06,THE1C-int,ERVL-MaLR,LTR
chr6,58608965,58608986,MA1714.1,+,2.02e-06,THE1C-int,ERVL-MaLR,LTR
chr11,60103203,60103224,MA1714.1,+,2.02e-06,MIRc,MIR,SINE
chr1,65922783,65922804,MA1714.1,-,2.02e-06,L1MCa,L1,LINE
chr12,77606674,77606695,MA1714.1,+,2.02e-06,L1MA4,L1,LINE
chr11,82655449,82655470,MA1714.1,-,2.02e-06,THE1B-int,ERVL-MaLR,LTR
chr3,85423054,85423075,MA1714.1,-,2.02e-06,THE1B-int,ERVL-MaLR,LTR
chr1,90110967,90110988,MA1714.1,+,2.02e-06,L1MEf,L1,LINE
chrX,105133838,105133859,MA1714.1,-,2.02e-06,THE1B-int,ERVL-MaLR,LTR
chrX,106427935,106427956,MA1714.1,+,2.02e-06,L1MD1,L1,LINE
chr12,111194212,111194233,MA1714.1,+,2.02e-06,L2a,L2,LINE
chr11,113819256,113819277,MA1714.1,+,2.02e-06,MIRc,MIR,SINE
chr2,118334785,118334806,MA1714.1,+,2.02e-06,L1MA7,L1,LINE
chrX,120307096,120307117,MA1714.1,-,2.02e-06,L1MB7,L1,LINE
chr7,131059215,131059236,MA1714.1,-,2.02e-06,L1MC3,L1,LINE
chr8,132159433,132159454,MA1714.1,-,2.02e-06,MIRb,MIR,SINE
chr5,133809057,133809078,MA1714.1,-,2.02e-06,L1MB8,L1,LINE
chr4,134910260,134910281,MA1714.1,-,2.02e-06,THE1C-int,ERVL-MaLR,LTR
chr4,136565164,136565185,MA1714.1,+,2.02e-06,THE1B-int,ERVL-MaLR,LTR
chr4,136680754,136680775,MA1714.1,-,2.02e-06,THE1C-int,ERVL-MaLR,LTR
chr5,139358991,139359012,MA1714.1,+,2.02e-06,MIRc,MIR,SINE
chrX,144412855,144412876,MA1714.1,-,2.02e-06,MLT1F1-int,ERVL-MaLR,LTR
chr4,146872218,146872239,MA1714.1,-,2.02e-06,L3,CR1,LINE
chr4,152050937,152050958,MA1714.1,+,2.02e-06,MIR,MIR,SINE
chr1,159353254,159353275,MA1714.1,+,2.02e-06,MSTA-int,ERVL-MaLR,LTR
chr1,189842048,189842069,MA1714.1,+,2.02e-06,ERVL-E-int,ERVL,LTR
chr9,941526,941547,MA1714.1,+,2.04e-06,L1MB3,L1,LINE
chr20,5241799,5241820,MA1714.1,+,2.04e-06,L1ME3E,L1,LINE
chr19,6979698,6979719,MA1714.1,+,2.04e-06,MER21C,ERVL,LTR
chr9,7211764,7211785,MA1714.1,-,2.04e-06,MIRb,MIR,SINE
chr12,21540299,21540320,MA1714.1,+,2.04e-06,THE1B-int,ERVL-MaLR,LTR
chr15,22688202,22688223,MA1714.1,+,2.04e-06,L1MA5A,L1,LINE
chr11,27224826,27224847,MA1714.1,+,2.04e-06,MLT1E1A,ERVL-MaLR,LTR
chr15,28652963,28652984,MA1714.1,-,2.04e-06,L1MA5A,L1,LINE
chr15,28748965,28748986,MA1714.1,+,2.04e-06,L1MA5A,L1,LINE
chr19,30485327,30485348,MA1714.1,-,2.04e-06,L1MB2,L1,LINE
chr18,30668431,30668452,MA1714.1,-,2.04e-06,L1MC,L1,LINE
chr21,38986053,38986074,MA1714.1,+,2.04e-06,L1MC1,L1,LINE
chr4,40725213,40725234,MA1714.1,-,2.04e-06,L1MB7,L1,LINE
chr20,43713432,43713453,MA1714.1,-,2.04e-06,MIRc,MIR,SINE
chr12,47907769,47907790,MA1714.1,+,2.04e-06,THE1B-int,ERVL-MaLR,LTR
chr22,50610741,50610762,MA1714.1,-,2.04e-06,MLT1C,ERVL-MaLR,LTR
chr15,56235568,56235589,MA1714.1,+,2.04e-06,MSTA-int,ERVL-MaLR,LTR
chr1,56765591,56765612,MA1714.1,-,2.04e-06,LTR85a,Gypsy,LTR
chr16,61165694,61165715,MA1714.1,+,2.04e-06,L1MEc,L1,LINE
chr17,64332105,64332126,MA1714.1,-,2.04e-06,L1ME4a,L1,LINE
chr18,66739048,66739069,MA1714.1,-,2.04e-06,L1M6,L1,LINE
chr11,69236281,69236302,MA1714.1,+,2.04e-06,MIRc,MIR,SINE
chr1,71397447,71397468,MA1714.1,-,2.04e-06,THE1A-int,ERVL-MaLR,LTR
chr3,72320901,72320922,MA1714.1,+,2.04e-06,HAL1,L1,LINE
chr7,79904329,79904350,MA1714.1,-,2.04e-06,L1MEe,L1,LINE
chr10,89605520,89605541,MA1714.1,-,2.04e-06,Tigger3b,TcMar-Tigger,DNA
chr10,98421033,98421054,MA1714.1,+,2.04e-06,L1MC1,L1,LINE
chr15,99583964,99583985,MA1714.1,+,2.04e-06,AluSx3,Alu,SINE
chr2,102298696,102298717,MA1714.1,+,2.04e-06,MIR,MIR,SINE
chr1,102776217,102776238,MA1714.1,+,2.04e-06,AluJb,Alu,SINE
chr5,118140537,118140558,MA1714.1,+,2.04e-06,L1MA4,L1,LINE
chrX,124139438,124139459,MA1714.1,+,2.04e-06,L1PA8,L1,LINE
chr8,130852137,130852158,MA1714.1,-,2.04e-06,L2c,L2,LINE
chrX,144794449,144794470,MA1714.1,+,2.04e-06,MIRb,MIR,SINE
chr5,145409003,145409024,MA1714.1,+,2.04e-06,MER117,hAT-Charlie,DNA
chr6,155643372,155643393,MA1714.1,+,2.04e-06,MLT1D,ERVL-MaLR,LTR
chr5,159668665,159668686,MA1714.1,+,2.04e-06,AluJr,Alu,SINE
chr3,161705126,161705147,MA1714.1,+,2.04e-06,LTR40a,ERVL,LTR
chr6,164508460,164508481,MA1714.1,+,2.04e-06,L1MC4,L1,LINE
chr3,177714169,177714190,MA1714.1,-,2.04e-06,L1MEd,L1,LINE
chr2,205305910,205305931,MA1714.1,-,2.04e-06,MIRc,MIR,SINE
chr2,216761291,216761312,MA1714.1,+,2.04e-06,MIRb,MIR,SINE
chr1,226435192,226435213,MA1714.1,-,2.04e-06,L1MEg,L1,LINE
chrX,4911360,4911381,MA1714.1,+,2.05e-06,AluJr,Alu,SINE
chr1,5580065,5580086,MA1714.1,-,2.05e-06,THE1B-int,ERVL-MaLR,LTR
chr6,7663504,7663525,MA1714.1,+,2.05e-06,AluSx1,Alu,SINE
chr1,9125927,9125948,MA1714.1,+,2.05e-06,AluJo,Alu,SINE
chr19,9279394,9279415,MA1714.1,-,2.05e-06,AluSz,Alu,SINE
chr20,9610850,9610871,MA1714.1,+,2.05e-06,MLT1F2-int,ERVL-MaLR,LTR
chr12,11069398,11069419,MA1714.1,+,2.05e-06,AluJb,Alu,SINE
chrX,12428298,12428319,MA1714.1,-,2.05e-06,L1ME5,L1,LINE
chr21,16674283,16674304,MA1714.1,-,2.05e-06,MLT1M,ERVL-MaLR,LTR
chr11,24154193,24154214,MA1714.1,+,2.05e-06,AluJr4,Alu,SINE
chr14,24849701,24849722,MA1714.1,-,2.05e-06,L3,CR1,LINE
chr15,25856595,25856616,MA1714.1,-,2.05e-06,AluSx,Alu,SINE
chr1,31048643,31048664,MA1714.1,+,2.05e-06,AluJr,Alu,SINE
chr11,36446754,36446775,MA1714.1,-,2.05e-06,MIR,MIR,SINE
chr21,41050130,41050151,MA1714.1,+,2.05e-06,MLT1A0,ERVL-MaLR,LTR
chr7,43467468,43467489,MA1714.1,-,2.05e-06,MLT1E3,ERVL-MaLR,LTR
chr11,44689926,44689947,MA1714.1,+,2.05e-06,L1MC4,L1,LINE
chr18,45813815,45813836,MA1714.1,+,2.05e-06,L1ME3C,L1,LINE
chr18,48825680,48825701,MA1714.1,-,2.05e-06,AluSq2,Alu,SINE
chr3,50261377,50261398,MA1714.1,-,2.05e-06,AluJr,Alu,SINE
chr18,55404258,55404279,MA1714.1,-,2.05e-06,AluJb,Alu,SINE
chr15,57379362,57379383,MA1714.1,+,2.05e-06,AluJo,Alu,SINE
chr1,59165015,59165036,MA1714.1,-,2.05e-06,MIRb,MIR,SINE
chr1,63229971,63229992,MA1714.1,-,2.05e-06,Charlie1a,hAT-Charlie,DNA
chrX,63777058,63777079,MA1714.1,+,2.05e-06,L1MD,L1,LINE
chr7,67619579,67619600,MA1714.1,-,2.05e-06,LTR85c,Gypsy,LTR
chr1,69671879,69671900,MA1714.1,+,2.05e-06,AluSz,Alu,SINE
chrX,70201468,70201489,MA1714.1,+,2.05e-06,AluJo,Alu,SINE
chr4,72789709,72789730,MA1714.1,+,2.05e-06,MSTA-int,ERVL-MaLR,LTR
chr17,79043837,79043858,MA1714.1,-,2.05e-06,AluJr,Alu,SINE
chrX,94702584,94702605,MA1714.1,-,2.05e-06,THE1D-int,ERVL-MaLR,LTR
chr4,95797801,95797822,MA1714.1,-,2.05e-06,MIR,MIR,SINE
chr3,98711507,98711528,MA1714.1,-,2.05e-06,L1MC2,L1,LINE
chr12,101997633,101997654,MA1714.1,+,2.05e-06,AluJb,Alu,SINE
chr11,102516242,102516263,MA1714.1,-,2.05e-06,L1MA9,L1,LINE
chr1,104597641,104597662,MA1714.1,-,2.05e-06,L1M4c,L1,LINE
chr7,104936054,104936075,MA1714.1,+,2.05e-06,L1MB4,L1,LINE
chr5,107413041,107413062,MA1714.1,+,2.05e-06,LTR49-int,ERV1,LTR
chr11,107706234,107706255,MA1714.1,-,2.05e-06,AluJb,Alu,SINE
chr9,111421879,111421900,MA1714.1,+,2.05e-06,MSTA-int,ERVL-MaLR,LTR
chr2,116012951,116012972,MA1714.1,-,2.05e-06,THE1C-int,ERVL-MaLR,LTR
chr6,122294629,122294650,MA1714.1,-,2.05e-06,L1MC5,L1,LINE
chr2,127365995,127366016,MA1714.1,+,2.05e-06,L1ME3E,L1,LINE
chr5,132074882,132074903,MA1714.1,-,2.05e-06,L1MB8,L1,LINE
chrX,138997593,138997614,MA1714.1,+,2.05e-06,AluSz6,Alu,SINE
chr7,140757788,140757809,MA1714.1,+,2.05e-06,Zaphod,hAT-Tip100,DNA
chrX,147157943,147157964,MA1714.1,-,2.05e-06,AluJr,Alu,SINE
chrX,150247523,150247544,MA1714.1,+,2.05e-06,Charlie21a,hAT-Charlie,DNA
chr5,151932632,151932653,MA1714.1,+,2.05e-06,L1MA10,L1,LINE
chr2,160612580,160612601,MA1714.1,+,2.05e-06,MIRb,MIR,SINE
chr3,164047600,164047621,MA1714.1,-,2.05e-06,AluSz6,Alu,SINE
chr3,164106237,164106258,MA1714.1,-,2.05e-06,THE1D-int,ERVL-MaLR,LTR
chr1,194028966,194028987,MA1714.1,-,2.05e-06,MSTA-int,ERVL-MaLR,LTR
chr1,211461470,211461491,MA1714.1,+,2.05e-06,AluJb,Alu,SINE
chr1,219057520,219057541,MA1714.1,-,2.05e-06,THE1D-int,ERVL-MaLR,LTR
chr1,229474775,229474796,MA1714.1,+,2.05e-06,HAL1,L1,LINE
chr3,5079674,5079695,MA1714.1,+,2.07e-06,L3,CR1,LINE
chr12,5940758,5940779,MA1714.1,+,2.07e-06,MIRc,MIR,SINE
chrX,17413773,17413794,MA1714.1,+,2.07e-06,L1ME4a,L1,LINE
chr8,21800501,21800522,MA1714.1,-,2.07e-06,Charlie1a,hAT-Charlie,DNA
chr2,30201941,30201962,MA1714.1,-,2.07e-06,MIRb,MIR,SINE
chr17,33349634,33349655,MA1714.1,-,2.07e-06,MIRb,MIR,SINE
chr11,37065773,37065794,MA1714.1,+,2.07e-06,MIRb,MIR,SINE
chr12,38117905,38117926,MA1714.1,+,2.07e-06,ALR/Alpha,centr,Satellite
chr21,39335164,39335185,MA1714.1,+,2.07e-06,L1MC4,L1,LINE
chr3,42206093,42206114,MA1714.1,-,2.07e-06,MIR,MIR,SINE
chr6,56662415,56662436,MA1714.1,+,2.07e-06,AluSq2,Alu,SINE
chr2,62394128,62394149,MA1714.1,+,2.07e-06,L1MC3,L1,LINE
chr13,64863647,64863668,MA1714.1,-,2.07e-06,MLT2B4,ERVL,LTR
chr17,68745430,68745451,MA1714.1,-,2.07e-06,AluSx,Alu,SINE
chr12,68991117,68991138,MA1714.1,-,2.07e-06,MIRb,MIR,SINE
chr4,70494121,70494142,MA1714.1,+,2.07e-06,L1M3,L1,LINE
chr9,72599845,72599866,MA1714.1,-,2.07e-06,MLT1I,ERVL-MaLR,LTR
chr11,74692069,74692090,MA1714.1,+,2.07e-06,HERVL40-int,ERVL,LTR
chr16,75672610,75672631,MA1714.1,+,2.07e-06,L1M7,L1,LINE
chr11,76144443,76144464,MA1714.1,-,2.07e-06,AluJb,Alu,SINE
chr5,76264066,76264087,MA1714.1,-,2.07e-06,MER20B,hAT-Charlie,DNA
chr14,76774539,76774560,MA1714.1,-,2.07e-06,MIR,MIR,SINE
chr11,79000318,79000339,MA1714.1,+,2.07e-06,MER117,hAT-Charlie,DNA
chr8,81442674,81442695,MA1714.1,-,2.07e-06,L3,CR1,LINE
chr5,85545001,85545022,MA1714.1,+,2.07e-06,MSTC,ERVL-MaLR,LTR
chr4,93040256,93040277,MA1714.1,+,2.07e-06,THE1D-int,ERVL-MaLR,LTR
chr8,97095039,97095060,MA1714.1,-,2.07e-06,MLT1D,ERVL-MaLR,LTR
chr3,97998942,97998963,MA1714.1,-,2.07e-06,L1PA16,L1,LINE
chr6,98889353,98889374,MA1714.1,+,2.07e-06,L1MC3,L1,LINE
chr15,99438048,99438069,MA1714.1,+,2.07e-06,AluSx1,Alu,SINE
chrX,99497635,99497656,MA1714.1,+,2.07e-06,L1MA9,L1,LINE
chr3,115669761,115669782,MA1714.1,+,2.07e-06,L1PB2,L1,LINE
chr9,125816956,125816977,MA1714.1,-,2.07e-06,L1MC3,L1,LINE
chrX,130474728,130474749,MA1714.1,+,2.07e-06,MIRb,MIR,SINE
chr12,132180965,132180986,MA1714.1,+,2.07e-06,AluSq,Alu,SINE
chr6,133102649,133102670,MA1714.1,+,2.07e-06,AluSg,Alu,SINE
chr3,136522288,136522309,MA1714.1,-,2.07e-06,HAL1,L1,LINE
chr4,138285434,138285455,MA1714.1,+,2.07e-06,L1MCa,L1,LINE
chr4,143059884,143059905,MA1714.1,+,2.07e-06,MIR,MIR,SINE
chr4,168767076,168767097,MA1714.1,-,2.07e-06,L1MC3,L1,LINE
chr5,2949415,2949436,MA1714.1,-,2.08e-06,AluSz6,Alu,SINE
chr9,9972863,9972884,MA1714.1,-,2.08e-06,MLT1D,ERVL-MaLR,LTR
chr3,10556930,10556951,MA1714.1,+,2.08e-06,MIRb,MIR,SINE
chr4,14638658,14638679,MA1714.1,+,2.08e-06,MIR,MIR,SINE
chr10,15188632,15188653,MA1714.1,+,2.08e-06,MLT1J2,ERVL-MaLR,LTR
chr5,29643878,29643899,MA1714.1,+,2.08e-06,THE1B-int,ERVL-MaLR,LTR
chr8,30386660,30386681,MA1714.1,+,2.08e-06,AluSz,Alu,SINE
chr21,31389968,31389989,MA1714.1,-,2.08e-06,ERVL-E-int,ERVL,LTR
chr3,34103831,34103852,MA1714.1,-,2.08e-06,L1M4b,L1,LINE
chr10,35580360,35580381,MA1714.1,-,2.08e-06,L1MB8,L1,LINE
chr22,36395529,36395550,MA1714.1,+,2.08e-06,AluJr4,Alu,SINE
chr15,39218359,39218380,MA1714.1,-,2.08e-06,L1PA15,L1,LINE
chr7,39261388,39261409,MA1714.1,+,2.08e-06,L1MC4,L1,LINE
chr3,41647712,41647733,MA1714.1,+,2.08e-06,L1MEe,L1,LINE
chr22,42893670,42893691,MA1714.1,-,2.08e-06,L1MC5,L1,LINE
chr4,43555372,43555393,MA1714.1,+,2.08e-06,THE1C-int,ERVL-MaLR,LTR
chr13,45815187,45815208,MA1714.1,+,2.08e-06,AluJb,Alu,SINE
chr12,49246474,49246495,MA1714.1,-,2.08e-06,MER20B,hAT-Charlie,DNA
chr18,50080306,50080327,MA1714.1,+,2.08e-06,MIR,MIR,SINE
chr22,50966276,50966297,MA1714.1,-,2.08e-06,AluJb,Alu,SINE
chr16,66462543,66462564,MA1714.1,+,2.08e-06,MIRb,MIR,SINE
chr1,68376529,68376550,MA1714.1,-,2.08e-06,L1MC1,L1,LINE
chr15,74444502,74444523,MA1714.1,-,2.08e-06,AluJb,Alu,SINE
chr11,74891808,74891829,MA1714.1,-,2.08e-06,MIR,MIR,SINE
chr15,76894128,76894149,MA1714.1,-,2.08e-06,L1MCa,L1,LINE
chr4,77554130,77554151,MA1714.1,-,2.08e-06,MIRc,MIR,SINE
chrX,81189626,81189647,MA1714.1,+,2.08e-06,MSTB1-int,ERVL-MaLR,LTR
chr6,85091619,85091640,MA1714.1,-,2.08e-06,L1PB2,L1,LINE
chr10,85512809,85512830,MA1714.1,-,2.08e-06,THE1D-int,ERVL-MaLR,LTR
chr12,85992086,85992107,MA1714.1,-,2.08e-06,AluSp,Alu,SINE
chr11,88125235,88125256,MA1714.1,-,2.08e-06,THE1B-int,ERVL-MaLR,LTR
chr4,90275681,90275702,MA1714.1,-,2.08e-06,L1M3,L1,LINE
chr8,90518328,90518349,MA1714.1,+,2.08e-06,L1ME3B,L1,LINE
chr14,91919518,91919539,MA1714.1,-,2.08e-06,MIRb,MIR,SINE
chr7,92263605,92263626,MA1714.1,-,2.08e-06,L1M5,L1,LINE
chr8,95667389,95667410,MA1714.1,-,2.08e-06,AluSz,Alu,SINE
chr2,98659378,98659399,MA1714.1,+,2.08e-06,L1MDa,L1,LINE
chr12,100273882,100273903,MA1714.1,+,2.08e-06,MIR,MIR,SINE
chr8,100768977,100768998,MA1714.1,+,2.08e-06,Tigger13a,TcMar-Tigger,DNA
chr9,105545111,105545132,MA1714.1,+,2.08e-06,L1MCa,L1,LINE
chr6,105682308,105682329,MA1714.1,-,2.08e-06,L1PA8,L1,LINE
chr9,107191500,107191521,MA1714.1,+,2.08e-06,MSTA-int,ERVL-MaLR,LTR
chr10,114070523,114070544,MA1714.1,+,2.08e-06,AluSx,Alu,SINE
chr8,137838318,137838339,MA1714.1,+,2.08e-06,L1PA15,L1,LINE
chr6,143608789,143608810,MA1714.1,+,2.08e-06,MIR,MIR,SINE
chr7,144549165,144549186,MA1714.1,-,2.08e-06,L1MEc,L1,LINE
chr5,147039034,147039055,MA1714.1,-,2.08e-06,L1PA8,L1,LINE
chr1,158473092,158473113,MA1714.1,-,2.08e-06,L1MB1,L1,LINE
chr5,160855464,160855485,MA1714.1,-,2.08e-06,L1MA9,L1,LINE
chr5,171918041,171918062,MA1714.1,+,2.08e-06,MIRb,MIR,SINE
chr1,182438209,182438230,MA1714.1,+,2.08e-06,L1MB3,L1,LINE
chr4,185158496,185158517,MA1714.1,+,2.08e-06,L1MC3,L1,LINE
chr3,186401939,186401960,MA1714.1,-,2.08e-06,THE1B-int,ERVL-MaLR,LTR
chr1,208722211,208722232,MA1714.1,-,2.08e-06,Charlie2b,hAT-Charlie,DNA
chr2,236041998,236042019,MA1714.1,+,2.08e-06,AluJb,Alu,SINE
chrY,278521,278542,MA1714.1,+,2.1e-06,L1MEg,L1,LINE
chrX,328521,328542,MA1714.1,+,2.1e-06,L1MEg,L1,LINE
chr1,2514092,2514113,MA1714.1,-,2.1e-06,MER65A,ERV1,LTR
chr1,14706157,14706178,MA1714.1,+,2.1e-06,L1MA3,L1,LINE
chr4,16483961,16483982,MA1714.1,-,2.1e-06,MIRb,MIR,SINE
chr3,20329695,20329716,MA1714.1,-,2.1e-06,MSTB-int,ERVL-MaLR,LTR
chrX,20916437,20916458,MA1714.1,+,2.1e-06,HAL1,L1,LINE
chr19,22566206,22566227,MA1714.1,-,2.1e-06,L1PA5,L1,LINE
chr5,24959880,24959901,MA1714.1,-,2.1e-06,MLT1A0,ERVL-MaLR,LTR
chr20,25894545,25894566,MA1714.1,+,2.1e-06,HAL1,L1,LINE
chr3,27989396,27989417,MA1714.1,-,2.1e-06,L1MA9,L1,LINE
chr20,29443895,29443916,MA1714.1,+,2.1e-06,HAL1,L1,LINE
chr3,32347254,32347275,MA1714.1,-,2.1e-06,L1ME5,L1,LINE
chr13,34934216,34934237,MA1714.1,-,2.1e-06,MIR,MIR,SINE
chr5,35292429,35292450,MA1714.1,-,2.1e-06,L1MB1,L1,LINE
chr12,37864954,37864975,MA1714.1,+,2.1e-06,HAL1,L1,LINE
chr2,39170561,39170582,MA1714.1,-,2.1e-06,HAL1,L1,LINE
chr2,44062887,44062908,MA1714.1,+,2.1e-06,MLT1A0,ERVL-MaLR,LTR
chr22,50543916,50543937,MA1714.1,-,2.1e-06,BLACKJACK,hAT-Blackjack,DNA
chr17,51136568,51136589,MA1714.1,+,2.1e-06,L1MA4,L1,LINE
chr20,56065705,56065726,MA1714.1,+,2.1e-06,L1ME1,L1,LINE
chr6,57630126,57630147,MA1714.1,-,2.1e-06,L1P2,L1,LINE
chr7,57760442,57760463,MA1714.1,+,2.1e-06,HAL1,L1,LINE
chr17,59126195,59126216,MA1714.1,+,2.1e-06,L1MEc,L1,LINE
chr5,61168216,61168237,MA1714.1,-,2.1e-06,THE1B-int,ERVL-MaLR,LTR
chr4,63488164,63488185,MA1714.1,+,2.1e-06,MIRb,MIR,SINE
chr4,66621766,66621787,MA1714.1,+,2.1e-06,L1MEd,L1,LINE
chr2,66826523,66826544,MA1714.1,-,2.1e-06,L1PA14,L1,LINE
chr17,67060694,67060715,MA1714.1,+,2.1e-06,MIRb,MIR,SINE
chr4,77309659,77309680,MA1714.1,+,2.1e-06,L1MA2,L1,LINE
chr11,86776806,86776827,MA1714.1,-,2.1e-06,L1MD1,L1,LINE
chr5,100844284,100844305,MA1714.1,+,2.1e-06,Tigger2,TcMar-Tigger,DNA
chr5,120463589,120463610,MA1714.1,+,2.1e-06,MSTA-int,ERVL-MaLR,LTR
chr4,124722797,124722818,MA1714.1,+,2.1e-06,L1MB1,L1,LINE
chr9,134043229,134043250,MA1714.1,-,2.1e-06,L1ME3B,L1,LINE
chr2,151635215,151635236,MA1714.1,+,2.1e-06,LTR85b,Gypsy,LTR
chr2,154924734,154924755,MA1714.1,+,2.1e-06,L1MA3,L1,LINE
chr5,156175875,156175896,MA1714.1,-,2.1e-06,AluSx,Alu,SINE
chr5,159000240,159000261,MA1714.1,-,2.1e-06,L1M5,L1,LINE
chr1,202064046,202064067,MA1714.1,+,2.1e-06,Charlie1a,hAT-Charlie,DNA
chr1,212833057,212833078,MA1714.1,+,2.1e-06,L1PA4,L1,LINE
chr1,217863591,217863612,MA1714.1,-,2.1e-06,L1MEd,L1,LINE
chr1,245795464,245795485,MA1714.1,-,2.1e-06,L1MA4A,L1,LINE
chr4,6380603,6380624,MA1714.1,-,2.11e-06,MIRb,MIR,SINE
chrX,10203193,10203214,MA1714.1,-,2.11e-06,MLT1J,ERVL-MaLR,LTR
chr5,14571708,14571729,MA1714.1,+,2.11e-06,Cheshire,hAT-Charlie,DNA
chr9,21001681,21001702,MA1714.1,+,2.11e-06,L1M4c,L1,LINE
chr21,28496597,28496618,MA1714.1,-,2.11e-06,THE1B-int,ERVL-MaLR,LTR
chr17,33204811,33204832,MA1714.1,+,2.11e-06,L4,RTE,LINE
chr17,33204811,33204832,MA1714.1,+,2.11e-06,MIR3,MIR,SINE
chr17,33204811,33204832,MA1714.1,+,2.11e-06,L4,RTE,LINE
chr17,33204811,33204832,MA1714.1,+,2.11e-06,MIR3,MIR,SINE
chr10,34386036,34386057,MA1714.1,+,2.11e-06,L1M4c,L1,LINE
chr5,36005102,36005123,MA1714.1,-,2.11e-06,LTR50,ERVL,LTR
chr14,37780161,37780182,MA1714.1,-,2.11e-06,L1MEg1,L1,LINE
chr9,38626179,38626200,MA1714.1,-,2.11e-06,L1MCa,L1,LINE
chr21,42706285,42706306,MA1714.1,+,2.11e-06,MSTA-int,ERVL-MaLR,LTR
chr4,44065496,44065517,MA1714.1,+,2.11e-06,MSTB1-int,ERVL-MaLR,LTR
chr1,44941882,44941903,MA1714.1,+,2.11e-06,L1ME3F,L1,LINE
chr7,51567232,51567253,MA1714.1,+,2.11e-06,HAL1,L1,LINE
chr3,54166930,54166951,MA1714.1,+,2.11e-06,MIRb,MIR,SINE
chr20,61539767,61539788,MA1714.1,+,2.11e-06,MLT1E1A,ERVL-MaLR,LTR
chr10,64181230,64181251,MA1714.1,+,2.11e-06,ERVL-E-int,ERVL,LTR
chr6,71541058,71541079,MA1714.1,-,2.11e-06,L1PA15,L1,LINE
chr12,78219456,78219477,MA1714.1,-,2.11e-06,LTR40a,ERVL,LTR
chr5,94657013,94657034,MA1714.1,+,2.11e-06,HAL1,L1,LINE
chr3,97082837,97082858,MA1714.1,+,2.11e-06,L1MB3,L1,LINE
chr5,97785946,97785967,MA1714.1,+,2.11e-06,L1MA8,L1,LINE
chr3,99048443,99048464,MA1714.1,+,2.11e-06,L1PA15,L1,LINE
chr13,101215564,101215585,MA1714.1,+,2.11e-06,L1MB5,L1,LINE
chr10,106490625,106490646,MA1714.1,-,2.11e-06,THE1D,ERVL-MaLR,LTR
chr8,107515814,107515835,MA1714.1,+,2.11e-06,LTR78,ERV1,LTR
chrX,111955578,111955599,MA1714.1,-,2.11e-06,L1MB7,L1,LINE
chr12,114187582,114187603,MA1714.1,-,2.11e-06,MIR,MIR,SINE
chr10,116878419,116878440,MA1714.1,-,2.11e-06,L1MEg,L1,LINE
chr10,118264311,118264332,MA1714.1,-,2.11e-06,MER117,hAT-Charlie,DNA
chr11,119448175,119448196,MA1714.1,+,2.11e-06,AluSz,Alu,SINE
chr3,121426447,121426468,MA1714.1,+,2.11e-06,AluJo,Alu,SINE
chr3,124547362,124547383,MA1714.1,+,2.11e-06,L1ME1,L1,LINE
chr11,127326449,127326470,MA1714.1,+,2.11e-06,L1MA9,L1,LINE
chr2,134797657,134797678,MA1714.1,-,2.11e-06,MSTA-int,ERVL-MaLR,LTR
chr4,138869022,138869043,MA1714.1,-,2.11e-06,L1PA15,L1,LINE
chr4,143782011,143782032,MA1714.1,-,2.11e-06,ERVL-B4-int,ERVL,LTR
chr5,147175926,147175947,MA1714.1,+,2.11e-06,L1MC4,L1,LINE
chr1,163402864,163402885,MA1714.1,-,2.11e-06,L1MC3,L1,LINE
chr3,166249978,166249999,MA1714.1,-,2.11e-06,THE1C-int,ERVL-MaLR,LTR
chr4,173905576,173905597,MA1714.1,-,2.11e-06,THE1C,ERVL-MaLR,LTR
chr2,185792434,185792455,MA1714.1,-,2.11e-06,L1MA3,L1,LINE
chr3,188836337,188836358,MA1714.1,+,2.11e-06,THE1C-int,ERVL-MaLR,LTR
chr3,193113335,193113356,MA1714.1,-,2.11e-06,THE1D-int,ERVL-MaLR,LTR
chr1,207045038,207045059,MA1714.1,+,2.11e-06,MIRb,MIR,SINE
chr2,210363557,210363578,MA1714.1,-,2.11e-06,MSTA-int,ERVL-MaLR,LTR
chr1,237075918,237075939,MA1714.1,-,2.11e-06,AluY,Alu,SINE
chr6,7057812,7057833,MA1714.1,+,2.13e-06,AluJr,Alu,SINE
chr19,7893109,7893130,MA1714.1,-,2.13e-06,AluSc,Alu,SINE
chr4,10644154,10644175,MA1714.1,+,2.13e-06,MIR3,MIR,SINE
chr2,12515413,12515434,MA1714.1,+,2.13e-06,MLT2B1,ERVL,LTR
chr15,26175680,26175701,MA1714.1,-,2.13e-06,L1M3c,L1,LINE
chr16,26894285,26894306,MA1714.1,+,2.13e-06,L1PA8,L1,LINE
chr1,27566944,27566965,MA1714.1,+,2.13e-06,MIR,MIR,SINE
chr14,28187352,28187373,MA1714.1,-,2.13e-06,AluSz6,Alu,SINE
chr17,28455988,28456009,MA1714.1,-,2.13e-06,AluJr4,Alu,SINE
chr12,30877814,30877835,MA1714.1,+,2.13e-06,AluJo,Alu,SINE
chr10,31815179,31815200,MA1714.1,+,2.13e-06,MER106A,hAT-Charlie,DNA
chr3,39213412,39213433,MA1714.1,-,2.13e-06,MIRb,MIR,SINE
chr8,48416626,48416647,MA1714.1,-,2.13e-06,L1PA4,L1,LINE
chr14,48885759,48885780,MA1714.1,-,2.13e-06,L1PA4,L1,LINE
chr11,50555695,50555716,MA1714.1,+,2.13e-06,ALR/Alpha,centr,Satellite
chr13,52282729,52282750,MA1714.1,+,2.13e-06,L1MEc,L1,LINE
chr11,60736133,60736154,MA1714.1,-,2.13e-06,L1MEe,L1,LINE
chr4,67173546,67173567,MA1714.1,+,2.13e-06,THE1C-int,ERVL-MaLR,LTR
chr2,70049887,70049908,MA1714.1,+,2.13e-06,L1MB4,L1,LINE
chr5,72018798,72018819,MA1714.1,+,2.13e-06,MLT1D,ERVL-MaLR,LTR
chr15,76329476,76329497,MA1714.1,+,2.13e-06,L1MA3,L1,LINE
chr9,76834009,76834030,MA1714.1,-,2.13e-06,L1MA2,L1,LINE
chr14,80718708,80718729,MA1714.1,+,2.13e-06,L3,CR1,LINE
chr6,83251713,83251734,MA1714.1,+,2.13e-06,L1MC4a,L1,LINE
chr16,87996099,87996120,MA1714.1,+,2.13e-06,Charlie1a,hAT-Charlie,DNA
chr4,98937722,98937743,MA1714.1,-,2.13e-06,L1M3c,L1,LINE
chr12,99110374,99110395,MA1714.1,-,2.13e-06,L1M6,L1,LINE
chr11,106183260,106183281,MA1714.1,-,2.13e-06,L1ME1,L1,LINE
chr2,111725070,111725091,MA1714.1,+,2.13e-06,L1MDb,L1,LINE
chr7,113285970,113285991,MA1714.1,-,2.13e-06,THE1B-int,ERVL-MaLR,LTR
chr3,117507292,117507313,MA1714.1,+,2.13e-06,MIRb,MIR,SINE
chr4,126141996,126142017,MA1714.1,+,2.13e-06,THE1-int,ERVL-MaLR,LTR
chr5,131376529,131376550,MA1714.1,-,2.13e-06,L1PA13,L1,LINE
chr12,131792865,131792886,MA1714.1,-,2.13e-06,L1ME3F,L1,LINE
chr12,132137598,132137619,MA1714.1,+,2.13e-06,L1ME3C,L1,LINE
chr5,134979517,134979538,MA1714.1,-,2.13e-06,MIR,MIR,SINE
chr4,153161063,153161084,MA1714.1,-,2.13e-06,MIRb,MIR,SINE
chr2,162640329,162640350,MA1714.1,+,2.13e-06,L1M3d,L1,LINE
chr6,165279294,165279315,MA1714.1,+,2.13e-06,L1M4c,L1,LINE
chr1,179630848,179630869,MA1714.1,-,2.13e-06,HAL1,L1,LINE
chr2,180875312,180875333,MA1714.1,-,2.13e-06,ERV3-16A3_I-int,ERVL,LTR
chr5,4786494,4786515,MA1714.1,+,2.14e-06,L1MC2,L1,LINE
chr19,4826975,4826996,MA1714.1,+,2.14e-06,Charlie7,hAT-Charlie,DNA
chr10,12378518,12378539,MA1714.1,+,2.14e-06,L1PA15,L1,LINE
chr4,15496630,15496651,MA1714.1,-,2.14e-06,L1PA15,L1,LINE
chr10,17840775,17840796,MA1714.1,+,2.14e-06,MIR,MIR,SINE
chr10,18087761,18087782,MA1714.1,+,2.14e-06,MIR,MIR,SINE
chr11,18692826,18692847,MA1714.1,-,2.14e-06,MIR,MIR,SINE
chr5,18712155,18712176,MA1714.1,+,2.14e-06,L1PA15,L1,LINE
chr17,19924723,19924744,MA1714.1,-,2.14e-06,L1MC4a,L1,LINE
chr18,21871456,21871477,MA1714.1,+,2.14e-06,L1MEd,L1,LINE
chr15,25837759,25837780,MA1714.1,-,2.14e-06,L1MC5,L1,LINE
chrX,26174656,26174677,MA1714.1,-,2.14e-06,THE1D-int,ERVL-MaLR,LTR
chr12,28553314,28553335,MA1714.1,-,2.14e-06,THE1C-int,ERVL-MaLR,LTR
chr9,38035174,38035195,MA1714.1,+,2.14e-06,L3,CR1,LINE
chr10,38418961,38418982,MA1714.1,-,2.14e-06,L1MB4,L1,LINE
chr14,38498409,38498430,MA1714.1,+,2.14e-06,L1PA15,L1,LINE
chr5,39197005,39197026,MA1714.1,+,2.14e-06,MIRb,MIR,SINE
chr11,39845938,39845959,MA1714.1,+,2.14e-06,L1PA17,L1,LINE
chr3,40591776,40591797,MA1714.1,-,2.14e-06,L1MC4,L1,LINE
chr11,43829459,43829480,MA1714.1,-,2.14e-06,MIR,MIR,SINE
chr14,54708554,54708575,MA1714.1,-,2.14e-06,MSTB-int,ERVL-MaLR,LTR
chr12,55153679,55153700,MA1714.1,-,2.14e-06,L1MA4,L1,LINE
chr12,55258924,55258945,MA1714.1,-,2.14e-06,L1PA15,L1,LINE
chr6,55899969,55899990,MA1714.1,+,2.14e-06,L1PA15,L1,LINE
chr4,56644466,56644487,MA1714.1,+,2.14e-06,L1MA6,L1,LINE
chr10,57152648,57152669,MA1714.1,-,2.14e-06,MIR,MIR,SINE
chr11,57698473,57698494,MA1714.1,-,2.14e-06,MIR,MIR,SINE
chr5,59020269,59020290,MA1714.1,-,2.14e-06,L1PA15,L1,LINE
chr8,65888821,65888842,MA1714.1,-,2.14e-06,L1MC4,L1,LINE
chr4,69629463,69629484,MA1714.1,-,2.14e-06,L1P4,L1,LINE
chrX,72858446,72858467,MA1714.1,-,2.14e-06,L1PA15,L1,LINE
chrX,78891306,78891327,MA1714.1,-,2.14e-06,L1MA3,L1,LINE
chr11,79598019,79598040,MA1714.1,-,2.14e-06,MIRb,MIR,SINE
chr6,82210917,82210938,MA1714.1,+,2.14e-06,THE1C-int,ERVL-MaLR,LTR
chr8,86943610,86943631,MA1714.1,+,2.14e-06,L1MB3,L1,LINE
chr4,88429426,88429447,MA1714.1,-,2.14e-06,AluJo,Alu,SINE
chr8,90082874,90082895,MA1714.1,-,2.14e-06,L1PA16,L1,LINE
chrX,94818149,94818170,MA1714.1,+,2.14e-06,MER1A,hAT-Charlie,DNA
chr1,94849411,94849432,MA1714.1,+,2.14e-06,L1MB3,L1,LINE
chr12,95759552,95759573,MA1714.1,-,2.14e-06,L1ME2,L1,LINE
chr11,99720480,99720501,MA1714.1,-,2.14e-06,MIR,MIR,SINE
chr5,104155951,104155972,MA1714.1,+,2.14e-06,MLT1E3,ERVL-MaLR,LTR
chr7,109001330,109001351,MA1714.1,-,2.14e-06,L1M5,L1,LINE
chr7,110157247,110157268,MA1714.1,+,2.14e-06,L1PA15,L1,LINE
chr9,123719204,123719225,MA1714.1,+,2.14e-06,L1PA15,L1,LINE
chr4,129399527,129399548,MA1714.1,-,2.14e-06,L1MA7,L1,LINE
chr7,132577394,132577415,MA1714.1,+,2.14e-06,THE1D-int,ERVL-MaLR,LTR
chr2,133099163,133099184,MA1714.1,+,2.14e-06,L1ME5,L1,LINE
chr9,134830781,134830802,MA1714.1,+,2.14e-06,L1ME2,L1,LINE
chr9,140624208,140624229,MA1714.1,-,2.14e-06,L1MC4,L1,LINE
chr6,168154224,168154245,MA1714.1,-,2.14e-06,THE1A-int,ERVL-MaLR,LTR
chr4,176332592,176332613,MA1714.1,-,2.14e-06,MLT2D,ERVL,LTR
chr2,219853151,219853172,MA1714.1,+,2.14e-06,MIRc,MIR,SINE
chr1,228455413,228455434,MA1714.1,+,2.14e-06,L1M5,L1,LINE
chr1,238197626,238197647,MA1714.1,+,2.14e-06,L1PB1,L1,LINE
chr6_dbb_hap3,3024454,3024475,MA1714.1,+,2.16e-06,MIR,MIR,SINE
chr6_apd_hap1,3053623,3053644,MA1714.1,+,2.16e-06,MIR,MIR,SINE
chr6_ssto_hap7,3069685,3069706,MA1714.1,+,2.16e-06,MIR,MIR,SINE
chr6_mcf_hap5,3118569,3118590,MA1714.1,+,2.16e-06,MIR,MIR,SINE
chr6_cox_hap2,3248445,3248466,MA1714.1,+,2.16e-06,MIR,MIR,SINE
chr17,4090424,4090445,MA1714.1,-,2.16e-06,L1PB2,L1,LINE
chr6,6563785,6563806,MA1714.1,-,2.16e-06,THE1D-int,ERVL-MaLR,LTR
chrX,7124152,7124173,MA1714.1,-,2.16e-06,HAL1,L1,LINE
chrX,18203809,18203830,MA1714.1,+,2.16e-06,L1M1,L1,LINE
chrY,19615098,19615119,MA1714.1,-,2.16e-06,MER89-int,ERV1,LTR
chrY,20564650,20564671,MA1714.1,+,2.16e-06,MER89-int,ERV1,LTR
chr14,21239558,21239579,MA1714.1,-,2.16e-06,LTR24C,ERV1,LTR
chr1,25340305,25340326,MA1714.1,+,2.16e-06,MIRc,MIR,SINE
chr21,26993694,26993715,MA1714.1,-,2.16e-06,ERVL-B4-int,ERVL,LTR
chr18,31465259,31465280,MA1714.1,+,2.16e-06,L1MA1,L1,LINE
chr6,31738872,31738893,MA1714.1,+,2.16e-06,MIR,MIR,SINE
chr12,34305197,34305218,MA1714.1,-,2.16e-06,MER89-int,ERV1,LTR
chr11,37417096,37417117,MA1714.1,-,2.16e-06,L1M4,L1,LINE
chr7,43833047,43833068,MA1714.1,-,2.16e-06,MIRb,MIR,SINE
chrX,46530638,46530659,MA1714.1,-,2.16e-06,L1MC3,L1,LINE
chr18,48169429,48169450,MA1714.1,-,2.16e-06,HAL1b,L1,LINE
chr1,56573999,56574020,MA1714.1,+,2.16e-06,L1PBa,L1,LINE
chr2,59912869,59912890,MA1714.1,+,2.16e-06,MLT1N2,ERVL-MaLR,LTR
chr2,62536836,62536857,MA1714.1,+,2.16e-06,MIRb,MIR,SINE
chr11,74326246,74326267,MA1714.1,+,2.16e-06,MIR,MIR,SINE
chr10,80094133,80094154,MA1714.1,+,2.16e-06,MLT1C,ERVL-MaLR,LTR
chr7,83074015,83074036,MA1714.1,-,2.16e-06,AluSx,Alu,SINE
chr11,85493407,85493428,MA1714.1,-,2.16e-06,THE1C-int,ERVL-MaLR,LTR
chr10,91810718,91810739,MA1714.1,-,2.16e-06,L1PA16,L1,LINE
chrX,92904538,92904559,MA1714.1,+,2.16e-06,MSTA-int,ERVL-MaLR,LTR
chr1,94599509,94599530,MA1714.1,-,2.16e-06,MIRc,MIR,SINE
chr9,96893836,96893857,MA1714.1,+,2.16e-06,L1MC3,L1,LINE
chr8,125125632,125125653,MA1714.1,-,2.16e-06,L1MC4,L1,LINE
chr8,133034837,133034858,MA1714.1,-,2.16e-06,L2,L2,LINE
chrX,139878110,139878131,MA1714.1,-,2.16e-06,THE1B-int,ERVL-MaLR,LTR
chrX,141975610,141975631,MA1714.1,+,2.16e-06,MIR,MIR,SINE
chr6,149165370,149165391,MA1714.1,-,2.16e-06,MIRb,MIR,SINE
chr5,150200503,150200524,MA1714.1,-,2.16e-06,THE1A-int,ERVL-MaLR,LTR
chr5,155075189,155075210,MA1714.1,-,2.16e-06,ERV3-16A3_I-int,ERVL,LTR
chr4,158076765,158076786,MA1714.1,-,2.16e-06,L1MDa,L1,LINE
chr6,166761075,166761096,MA1714.1,-,2.16e-06,L1MC4a,L1,LINE
chr4,170680659,170680680,MA1714.1,-,2.16e-06,HAL1,L1,LINE
chr2,221506314,221506335,MA1714.1,+,2.16e-06,L1MEc,L1,LINE
chr1,247481856,247481877,MA1714.1,+,2.16e-06,L1MD1,L1,LINE
chr18,6725769,6725790,MA1714.1,+,2.17e-06,MER39B,ERV1,LTR
chr3,8343168,8343189,MA1714.1,+,2.17e-06,L3,CR1,LINE
chr11,9104649,9104670,MA1714.1,+,2.17e-06,L1MC4a,L1,LINE
chr11,13554637,13554658,MA1714.1,-,2.17e-06,L1PA8,L1,LINE
chr16,14427632,14427653,MA1714.1,+,2.17e-06,AluSx,Alu,SINE
chr10,14818936,14818957,MA1714.1,-,2.17e-06,MIR,MIR,SINE
chr2,15200914,15200935,MA1714.1,+,2.17e-06,MIRb,MIR,SINE
chr16,15991363,15991384,MA1714.1,-,2.17e-06,AluJb,Alu,SINE
chr10,16185398,16185419,MA1714.1,+,2.17e-06,Arthur1,hAT-Tip100,DNA
chr3,16326197,16326218,MA1714.1,-,2.17e-06,MIR,MIR,SINE
chr9,17519161,17519182,MA1714.1,-,2.17e-06,AluJb,Alu,SINE
chr7,18302557,18302578,MA1714.1,+,2.17e-06,L1MEf,L1,LINE
chr5,19310228,19310249,MA1714.1,-,2.17e-06,THE1D-int,ERVL-MaLR,LTR
chr1,23495868,23495889,MA1714.1,+,2.17e-06,MIRb,MIR,SINE
chr22,24438639,24438660,MA1714.1,-,2.17e-06,AluJb,Alu,SINE
chr1,25278341,25278362,MA1714.1,+,2.17e-06,MIR,MIR,SINE
chr17,31151560,31151581,MA1714.1,-,2.17e-06,MIRb,MIR,SINE
chr14,31482225,31482246,MA1714.1,+,2.17e-06,AluJo,Alu,SINE
chr5,32151085,32151106,MA1714.1,+,2.17e-06,L1MC4a,L1,LINE
chr1,33636455,33636476,MA1714.1,+,2.17e-06,MIRb,MIR,SINE
chr22,33956199,33956220,MA1714.1,+,2.17e-06,MIR,MIR,SINE
chr22,35667610,35667631,MA1714.1,+,2.17e-06,MIR,MIR,SINE
chr15,38353161,38353182,MA1714.1,+,2.17e-06,MIR,MIR,SINE
chr10,38987256,38987277,MA1714.1,+,2.17e-06,L1MEf,L1,LINE
chrX,39904352,39904373,MA1714.1,-,2.17e-06,MIRb,MIR,SINE
chr20,40828962,40828983,MA1714.1,+,2.17e-06,MIRb,MIR,SINE
chr2,41326713,41326734,MA1714.1,-,2.17e-06,MER39,ERV1,LTR
chr20,44720284,44720305,MA1714.1,-,2.17e-06,MIR,MIR,SINE
chr17,45719346,45719367,MA1714.1,+,2.17e-06,MIR,MIR,SINE
chr12,45903480,45903501,MA1714.1,-,2.17e-06,MSTD-int,ERVL-MaLR,LTR
chr3,50760716,50760737,MA1714.1,+,2.17e-06,L1MCc,L1,LINE
chr17,52929856,52929877,MA1714.1,-,2.17e-06,AluJb,Alu,SINE
chr5,54961552,54961573,MA1714.1,+,2.17e-06,AluJb,Alu,SINE
chr6,56998709,56998730,MA1714.1,-,2.17e-06,AluJb,Alu,SINE
chr11,58556813,58556834,MA1714.1,-,2.17e-06,MSTB-int,ERVL-MaLR,LTR
chr18,59362477,59362498,MA1714.1,-,2.17e-06,MIR,MIR,SINE
chr11,67990963,67990984,MA1714.1,+,2.17e-06,L1MB3,L1,LINE
chrX,68150111,68150132,MA1714.1,+,2.17e-06,MIRc,MIR,SINE
chrX,70257010,70257031,MA1714.1,+,2.17e-06,L1ME4a,L1,LINE
chr8,71455410,71455431,MA1714.1,+,2.17e-06,AluJb,Alu,SINE
chr1,72846604,72846625,MA1714.1,-,2.17e-06,THE1C-int,ERVL-MaLR,LTR
chr2,73461073,73461094,MA1714.1,+,2.17e-06,MIRb,MIR,SINE
chr5,73858642,73858663,MA1714.1,+,2.17e-06,MIRb,MIR,SINE
chr11,74346495,74346516,MA1714.1,+,2.17e-06,AluJo,Alu,SINE
chr8,75983009,75983030,MA1714.1,+,2.17e-06,MLT1L,ERVL-MaLR,LTR
chr4,77635421,77635442,MA1714.1,-,2.17e-06,L1MC4a,L1,LINE
chr10,80433631,80433652,MA1714.1,-,2.17e-06,MIRc,MIR,SINE
chr4,83789412,83789433,MA1714.1,+,2.17e-06,AluJb,Alu,SINE
chr9,86843061,86843082,MA1714.1,+,2.17e-06,L1MC5,L1,LINE
chr3,89763683,89763704,MA1714.1,+,2.17e-06,AmnSINE1,Deu,SINE
chr7,90787628,90787649,MA1714.1,-,2.17e-06,AluJb,Alu,SINE
chr13,97905080,97905101,MA1714.1,-,2.17e-06,L1ME4a,L1,LINE
chr9,101142026,101142047,MA1714.1,-,2.17e-06,MIRb,MIR,SINE
chr7,103865995,103866016,MA1714.1,-,2.17e-06,FAM,Alu,SINE
chr6,103964174,103964195,MA1714.1,+,2.17e-06,MLT1B-int,ERVL-MaLR,LTR
chr5,105711080,105711101,MA1714.1,+,2.17e-06,MIRb,MIR,SINE
chr5,108592355,108592376,MA1714.1,-,2.17e-06,MIRb,MIR,SINE
chr1,110986988,110987009,MA1714.1,+,2.17e-06,AluJb,Alu,SINE
chr6,115221898,115221919,MA1714.1,+,2.17e-06,Charlie3,hAT-Charlie,DNA
chr9,117808470,117808491,MA1714.1,-,2.17e-06,MIRb,MIR,SINE
chr4,128151663,128151684,MA1714.1,+,2.17e-06,MIR3,MIR,SINE
chr3,129428066,129428087,MA1714.1,+,2.17e-06,AluJb,Alu,SINE
chr7,132815996,132816017,MA1714.1,+,2.17e-06,MIR3,MIR,SINE
chr2,137869140,137869161,MA1714.1,+,2.17e-06,MIRb,MIR,SINE
chr6,148384849,148384870,MA1714.1,-,2.17e-06,L1PA11,L1,LINE
chr3,150558087,150558108,MA1714.1,-,2.17e-06,L1PA13,L1,LINE
chr2,170847433,170847454,MA1714.1,+,2.17e-06,L1M4c,L1,LINE
chr3,173656061,173656082,MA1714.1,+,2.17e-06,MLT1I,ERVL-MaLR,LTR
chr2,193668870,193668891,MA1714.1,+,2.17e-06,L1ME1,L1,LINE
chr2,210549752,210549773,MA1714.1,-,2.17e-06,MIRb,MIR,SINE
chr1,214400412,214400433,MA1714.1,-,2.17e-06,HAL1,L1,LINE
chr2,228837903,228837924,MA1714.1,+,2.17e-06,MamRep1527,LTR,LTR
chr5,8752054,8752075,MA1714.1,+,2.19e-06,L1PA15,L1,LINE
chr20,13928660,13928681,MA1714.1,+,2.19e-06,MER52A,ERV1,LTR
chr3,23595767,23595788,MA1714.1,+,2.19e-06,L1MA9,L1,LINE
chr4,32093309,32093330,MA1714.1,-,2.19e-06,L1MC2,L1,LINE
chr3,35631772,35631793,MA1714.1,+,2.19e-06,L1M5,L1,LINE
chr9,37930988,37931009,MA1714.1,+,2.19e-06,L1MA9,L1,LINE
chr14,38790851,38790872,MA1714.1,-,2.19e-06,MSTA-int,ERVL-MaLR,LTR
chr20,50049973,50049994,MA1714.1,+,2.19e-06,MIRb,MIR,SINE
chr5,53585597,53585618,MA1714.1,+,2.19e-06,MIR,MIR,SINE
chr8,53822603,53822624,MA1714.1,+,2.19e-06,MER34D,ERV1,LTR
chr20,54340022,54340043,MA1714.1,-,2.19e-06,THE1D-int,ERVL-MaLR,LTR
chr5,57058182,57058203,MA1714.1,+,2.19e-06,MER52C,ERV1,LTR
chr9,71271815,71271836,MA1714.1,+,2.19e-06,L1MEd,L1,LINE
chrX,71737416,71737437,MA1714.1,-,2.19e-06,L1M4,L1,LINE
chr16,71820749,71820770,MA1714.1,+,2.19e-06,AluJo,Alu,SINE
chr15,73647024,73647045,MA1714.1,+,2.19e-06,MIRb,MIR,SINE
chr15,74448010,74448031,MA1714.1,-,2.19e-06,L1ME3A,L1,LINE
chr14,83103039,83103060,MA1714.1,-,2.19e-06,MLT1H1,ERVL-MaLR,LTR
chr10,86748966,86748987,MA1714.1,-,2.19e-06,MIR,MIR,SINE
chr15,87373681,87373702,MA1714.1,+,2.19e-06,ERVL-B4-int,ERVL,LTR
chr8,88581785,88581806,MA1714.1,+,2.19e-06,THE1C-int,ERVL-MaLR,LTR
chr6,101895755,101895776,MA1714.1,-,2.19e-06,L3,CR1,LINE
chr13,112741164,112741185,MA1714.1,-,2.19e-06,L1ME1,L1,LINE
chr9,123265977,123265998,MA1714.1,+,2.19e-06,MIRb,MIR,SINE
chr12,126707580,126707601,MA1714.1,+,2.19e-06,Tigger1,TcMar-Tigger,DNA
chr11,129644127,129644148,MA1714.1,+,2.19e-06,L1MC1,L1,LINE
chr5,160018417,160018438,MA1714.1,+,2.19e-06,MIR,MIR,SINE
chr3,162825472,162825493,MA1714.1,-,2.19e-06,THE1C-int,ERVL-MaLR,LTR
chr1,166315228,166315249,MA1714.1,-,2.19e-06,L1M7,L1,LINE
chr1,188222303,188222324,MA1714.1,-,2.19e-06,L1MC3,L1,LINE
chrUn_gl000248,30210,30231,MA1714.1,+,2.2e-06,MIRc,MIR,SINE
chr8,2933038,2933059,MA1714.1,-,2.2e-06,AluSp,Alu,SINE
chr6,13638408,13638429,MA1714.1,-,2.2e-06,MIR,MIR,SINE
chr10,16248136,16248157,MA1714.1,-,2.2e-06,L1MA2,L1,LINE
chr13,24305748,24305769,MA1714.1,+,2.2e-06,L1ME2z,L1,LINE
chr13,24762942,24762963,MA1714.1,+,2.2e-06,Tigger1,TcMar-Tigger,DNA
chr16,26602189,26602210,MA1714.1,+,2.2e-06,L1MC3,L1,LINE
chr18,31572837,31572858,MA1714.1,+,2.2e-06,L1MB8,L1,LINE
chr22,33080904,33080925,MA1714.1,+,2.2e-06,MIRc,MIR,SINE
chrX,34107258,34107279,MA1714.1,+,2.2e-06,MER52-int,ERV1,LTR
chr18,34572264,34572285,MA1714.1,-,2.2e-06,L1M5,L1,LINE
chr3,34661904,34661925,MA1714.1,-,2.2e-06,L1M3f,L1,LINE
chr7,41176197,41176218,MA1714.1,-,2.2e-06,MER52A,ERV1,LTR
chr4,45906319,45906340,MA1714.1,-,2.2e-06,MSTA-int,ERVL-MaLR,LTR
chr15,46247317,46247338,MA1714.1,+,2.2e-06,MIRb,MIR,SINE
chrX,53794780,53794801,MA1714.1,+,2.2e-06,L1MC,L1,LINE
chr20,53929209,53929230,MA1714.1,+,2.2e-06,L1M3,L1,LINE
chr13,61026814,61026835,MA1714.1,-,2.2e-06,L1MB7,L1,LINE
chr2,74355547,74355568,MA1714.1,+,2.2e-06,L1MC3,L1,LINE
chr10,92063684,92063705,MA1714.1,-,2.2e-06,L1PB4,L1,LINE
chrX,92301978,92301999,MA1714.1,+,2.2e-06,MSTA-int,ERVL-MaLR,LTR
chrX,92432409,92432430,MA1714.1,+,2.2e-06,MER52-int,ERV1,LTR
chr12,98012980,98013001,MA1714.1,-,2.2e-06,MIRb,MIR,SINE
chr6,113476319,113476340,MA1714.1,+,2.2e-06,MSTD-int,ERVL-MaLR,LTR
chr2,117790653,117790674,MA1714.1,-,2.2e-06,THE1A-int,ERVL-MaLR,LTR
chr10,123203923,123203944,MA1714.1,-,2.2e-06,MIRb,MIR,SINE
chr12,126131802,126131823,MA1714.1,+,2.2e-06,L1MDa,L1,LINE
chr8,127472459,127472480,MA1714.1,+,2.2e-06,L1PA7,L1,LINE
chr4,138272572,138272593,MA1714.1,+,2.2e-06,L1PA8,L1,LINE
chr6,146706927,146706948,MA1714.1,+,2.2e-06,L1MEc,L1,LINE
chr4,171390781,171390802,MA1714.1,-,2.2e-06,HAL1-3A_ME,L1,LINE
chr1,180713298,180713319,MA1714.1,-,2.2e-06,L1MEf,L1,LINE
chr1,199437376,199437397,MA1714.1,+,2.2e-06,LTR82B,ERVL,LTR
chr1,215068809,215068830,MA1714.1,+,2.2e-06,MER117,hAT-Charlie,DNA
chr4,4699038,4699059,MA1714.1,+,2.22e-06,MIRb,MIR,SINE
chr10,5640368,5640389,MA1714.1,+,2.22e-06,HAL1,L1,LINE
chr7,6049949,6049970,MA1714.1,-,2.22e-06,L1ME3B,L1,LINE
chr19,8903450,8903471,MA1714.1,-,2.22e-06,AluSx,Alu,SINE
chr8,9002157,9002178,MA1714.1,+,2.22e-06,L1ME4a,L1,LINE
chr19,10133861,10133882,MA1714.1,+,2.22e-06,L1MB3,L1,LINE
chr11,10914391,10914412,MA1714.1,-,2.22e-06,MER117,hAT-Charlie,DNA
chr11,14090794,14090815,MA1714.1,+,2.22e-06,MIR,MIR,SINE
chr6,16465006,16465027,MA1714.1,+,2.22e-06,L1MC3,L1,LINE
chr10,17684486,17684507,MA1714.1,-,2.22e-06,MIR,MIR,SINE
chr1,17814063,17814084,MA1714.1,-,2.22e-06,AluSx,Alu,SINE
chr2,26464812,26464833,MA1714.1,-,2.22e-06,AluSz,Alu,SINE
chr19,29003456,29003477,MA1714.1,+,2.22e-06,ERV3-16A3_I-int,ERVL,LTR
chr1,35289472,35289493,MA1714.1,+,2.22e-06,MLT1J2,ERVL-MaLR,LTR
chr19,43495893,43495914,MA1714.1,-,2.22e-06,MLT1N2,ERVL-MaLR,LTR
chr7,45511097,45511118,MA1714.1,+,2.22e-06,L1MC1,L1,LINE
chr2,46203096,46203117,MA1714.1,-,2.22e-06,MIRb,MIR,SINE
chr11,50623140,50623161,MA1714.1,-,2.22e-06,ALR/Alpha,centr,Satellite
chr15,57638738,57638759,MA1714.1,-,2.22e-06,AluSx1,Alu,SINE
chr1,63934835,63934856,MA1714.1,+,2.22e-06,MIR,MIR,SINE
chr5,66625326,66625347,MA1714.1,-,2.22e-06,L1MA7,L1,LINE
chr7,66768813,66768834,MA1714.1,-,2.22e-06,L1ME3B,L1,LINE
chr14,68765971,68765992,MA1714.1,-,2.22e-06,MIR,MIR,SINE
chr7,72474851,72474872,MA1714.1,+,2.22e-06,L1ME3B,L1,LINE
chr7,74305116,74305137,MA1714.1,+,2.22e-06,L1ME3B,L1,LINE
chr7,74990024,74990045,MA1714.1,-,2.22e-06,L1ME3B,L1,LINE
chr3,76044394,76044415,MA1714.1,+,2.22e-06,THE1D-int,ERVL-MaLR,LTR
chr3,77675053,77675074,MA1714.1,-,2.22e-06,MIR,MIR,SINE
chr6,79477341,79477362,MA1714.1,+,2.22e-06,MSTA-int,ERVL-MaLR,LTR
chr7,81142937,81142958,MA1714.1,-,2.22e-06,L1MEg,L1,LINE
chrX,94129827,94129848,MA1714.1,+,2.22e-06,L1M4c,L1,LINE
chr14,96147511,96147532,MA1714.1,+,2.22e-06,MER101,ERV1,LTR
chr14,98932042,98932063,MA1714.1,+,2.22e-06,L1MEe,L1,LINE
chr7,99935180,99935201,MA1714.1,-,2.22e-06,L1ME3B,L1,LINE
chr7,108221068,108221089,MA1714.1,+,2.22e-06,MER52A,ERV1,LTR
chr6,109652198,109652219,MA1714.1,+,2.22e-06,L1MB3,L1,LINE
chr3,116400702,116400723,MA1714.1,+,2.22e-06,L1ME3A,L1,LINE
chr9,129863514,129863535,MA1714.1,-,2.22e-06,MIRb,MIR,SINE
chr7,132317140,132317161,MA1714.1,-,2.22e-06,MIR,MIR,SINE
chr3,145047624,145047645,MA1714.1,-,2.22e-06,L1ME2,L1,LINE
chr3,157573053,157573074,MA1714.1,+,2.22e-06,MIRb,MIR,SINE
chr3,170623555,170623576,MA1714.1,-,2.22e-06,MIRb,MIR,SINE
chr3,174161372,174161393,MA1714.1,-,2.22e-06,L2a,L2,LINE
chr1,201418013,201418034,MA1714.1,+,2.22e-06,MIRc,MIR,SINE
chr1,224864876,224864897,MA1714.1,+,2.22e-06,MIRb,MIR,SINE
chr19,1824856,1824877,MA1714.1,-,2.23e-06,AluSx3,Alu,SINE
chr7,2219202,2219223,MA1714.1,+,2.23e-06,L1M4,L1,LINE
chr17,2230635,2230656,MA1714.1,+,2.23e-06,AluSx1,Alu,SINE
chr3,5756750,5756771,MA1714.1,+,2.23e-06,MSTB-int,ERVL-MaLR,LTR
chr16,11886483,11886504,MA1714.1,-,2.23e-06,MIR,MIR,SINE
chr2,20439130,20439151,MA1714.1,-,2.23e-06,L1M5,L1,LINE
chr16,32571842,32571863,MA1714.1,+,2.23e-06,ALR/Alpha,centr,Satellite
chr12,34641013,34641034,MA1714.1,-,2.23e-06,ALR/Alpha,centr,Satellite
chrX,34808327,34808348,MA1714.1,-,2.23e-06,MLT2B3,ERVL,LTR
chr14,35803026,35803047,MA1714.1,+,2.23e-06,MIRb,MIR,SINE
chr20,36304197,36304218,MA1714.1,-,2.23e-06,Charlie18a,hAT-Charlie,DNA
chr19,36405500,36405521,MA1714.1,-,2.23e-06,AluSz,Alu,SINE
chr4,39258102,39258123,MA1714.1,-,2.23e-06,MER102c,hAT-Charlie,DNA
chr15,42940947,42940968,MA1714.1,-,2.23e-06,L1MEe,L1,LINE
chr1,43514740,43514761,MA1714.1,-,2.23e-06,MIRb,MIR,SINE
chr7,50127876,50127897,MA1714.1,+,2.23e-06,L1MB7,L1,LINE
chr1,50225098,50225119,MA1714.1,+,2.23e-06,L1MC3,L1,LINE
chr19,50967537,50967558,MA1714.1,-,2.23e-06,MIRb,MIR,SINE
chr5,60987011,60987032,MA1714.1,+,2.23e-06,L1MD2,L1,LINE
chrX,61941743,61941764,MA1714.1,-,2.23e-06,ALR/Alpha,centr,Satellite
chrX,62824632,62824653,MA1714.1,+,2.23e-06,THE1D-int,ERVL-MaLR,LTR
chr17,62985595,62985616,MA1714.1,-,2.23e-06,AluJo,Alu,SINE
chr1,63994115,63994136,MA1714.1,+,2.23e-06,L1MA2,L1,LINE
chr9,67898091,67898112,MA1714.1,+,2.23e-06,L1MA6,L1,LINE
chr9,69353337,69353358,MA1714.1,+,2.23e-06,L1MA6,L1,LINE
chr1,69498090,69498111,MA1714.1,+,2.23e-06,L1MA4A,L1,LINE
chr11,72185438,72185459,MA1714.1,+,2.23e-06,ERVL-E-int,ERVL,LTR
chr16,73769753,73769774,MA1714.1,+,2.23e-06,MLT2F,ERVL,LTR
chr7,85024791,85024812,MA1714.1,-,2.23e-06,THE1B-int,ERVL-MaLR,LTR
chr1,85389190,85389211,MA1714.1,-,2.23e-06,MIR,MIR,SINE
chr15,92331992,92332013,MA1714.1,+,2.23e-06,MLT1A0,ERVL-MaLR,LTR
chrX,95771089,95771110,MA1714.1,+,2.23e-06,MIR3,MIR,SINE
chr10,96402792,96402813,MA1714.1,-,2.23e-06,L1ME3B,L1,LINE
chrX,97250532,97250553,MA1714.1,-,2.23e-06,MIR,MIR,SINE
chrX,107784790,107784811,MA1714.1,+,2.23e-06,L1ME1,L1,LINE
chr7,109588378,109588399,MA1714.1,-,2.23e-06,L1MB4,L1,LINE
chr3,114976128,114976149,MA1714.1,+,2.23e-06,L1PA8A,L1,LINE
chr11,116106614,116106635,MA1714.1,+,2.23e-06,MIRb,MIR,SINE
chr10,119617435,119617456,MA1714.1,+,2.23e-06,MLT1K,ERVL-MaLR,LTR
chrX,125564470,125564491,MA1714.1,+,2.23e-06,MSTD-int,ERVL-MaLR,LTR
chr8,134477791,134477812,MA1714.1,+,2.23e-06,Charlie16a,hAT-Charlie,DNA
chr6,134529698,134529719,MA1714.1,-,2.23e-06,L1PB1,L1,LINE
chr6,140946025,140946046,MA1714.1,+,2.23e-06,L1ME2,L1,LINE
chr8,144141732,144141753,MA1714.1,+,2.23e-06,LTR13_,ERVK,LTR
chr5,152111041,152111062,MA1714.1,+,2.23e-06,MIRc,MIR,SINE
chr2,210280044,210280065,MA1714.1,+,2.23e-06,L1MC2,L1,LINE
chr1,219113753,219113774,MA1714.1,+,2.23e-06,THE1B-int,ERVL-MaLR,LTR
chr2,219368495,219368516,MA1714.1,+,2.23e-06,L1MEc,L1,LINE
chr1,226820418,226820439,MA1714.1,-,2.23e-06,MamRep434,TcMar-Tigger,DNA
chr1,240340196,240340217,MA1714.1,-,2.23e-06,LTR82A,ERVL,LTR
chr1,243770073,243770094,MA1714.1,+,2.23e-06,THE1C-int,ERVL-MaLR,LTR
chr1,247132227,247132248,MA1714.1,-,2.23e-06,MSTA-int,ERVL-MaLR,LTR
chr18,2130737,2130758,MA1714.1,+,2.25e-06,AluSx1,Alu,SINE
chr12,4518078,4518099,MA1714.1,-,2.25e-06,Charlie1b,hAT-Charlie,DNA
chr8,5547346,5547367,MA1714.1,+,2.25e-06,L1M5,L1,LINE
chr12,7497545,7497566,MA1714.1,-,2.25e-06,MSTB-int,ERVL-MaLR,LTR
chr16,10004905,10004926,MA1714.1,-,2.25e-06,L3,CR1,LINE
chr1,12596028,12596049,MA1714.1,-,2.25e-06,L1MC4a,L1,LINE
chr9,13793339,13793360,MA1714.1,+,2.25e-06,L1PA7,L1,LINE
chr2,19857044,19857065,MA1714.1,-,2.25e-06,MSTD-int,ERVL-MaLR,LTR
chr1,19977558,19977579,MA1714.1,-,2.25e-06,MIRb,MIR,SINE
chr20,21166638,21166659,MA1714.1,+,2.25e-06,Charlie22a,hAT-Charlie,DNA
chr1,38629362,38629383,MA1714.1,-,2.25e-06,MIR,MIR,SINE
chr13,46699354,46699375,MA1714.1,+,2.25e-06,MER39,ERV1,LTR
chr2,47993325,47993346,MA1714.1,+,2.25e-06,AluSc,Alu,SINE
chr12,52723904,52723925,MA1714.1,-,2.25e-06,MIRb,MIR,SINE
chr19,53919034,53919055,MA1714.1,-,2.25e-06,MLT1E2,ERVL-MaLR,LTR
chr6,67183066,67183087,MA1714.1,-,2.25e-06,L1MD3,L1,LINE
chr4,75591737,75591758,MA1714.1,+,2.25e-06,L1M4,L1,LINE
chr14,75912373,75912394,MA1714.1,+,2.25e-06,L1MB8,L1,LINE
chr4,79147305,79147326,MA1714.1,-,2.25e-06,L1MEg,L1,LINE
chr8,88718710,88718731,MA1714.1,-,2.25e-06,THE1C-int,ERVL-MaLR,LTR
chr6,91203438,91203459,MA1714.1,+,2.25e-06,L1MB5,L1,LINE
chr8,93911291,93911312,MA1714.1,-,2.25e-06,AluSc5,Alu,SINE
chr7,101769800,101769821,MA1714.1,-,2.25e-06,Tigger5,TcMar-Tigger,DNA
chr10,102764284,102764305,MA1714.1,+,2.25e-06,AluSz,Alu,SINE
chr8,114283576,114283597,MA1714.1,+,2.25e-06,THE1A-int,ERVL-MaLR,LTR
chr2,114763814,114763835,MA1714.1,+,2.25e-06,L1PB1,L1,LINE
chr5,129733941,129733962,MA1714.1,+,2.25e-06,THE1B-int,ERVL-MaLR,LTR
chr4,129989175,129989196,MA1714.1,-,2.25e-06,L1PB1,L1,LINE
chr9,136155290,136155311,MA1714.1,-,2.25e-06,HERVIP10F-int,ERV1,LTR
chr7,138941290,138941311,MA1714.1,+,2.25e-06,MIRc,MIR,SINE
chr6,142945009,142945030,MA1714.1,+,2.25e-06,AluSx3,Alu,SINE
chr1,146563031,146563052,MA1714.1,+,2.25e-06,L1PB1,L1,LINE
chr1,155459024,155459045,MA1714.1,+,2.25e-06,AluSx3,Alu,SINE
chr4,157192596,157192617,MA1714.1,-,2.25e-06,AluSx,Alu,SINE
chr5,158816673,158816694,MA1714.1,-,2.25e-06,L1MCc,L1,LINE
chr5,166758003,166758024,MA1714.1,+,2.25e-06,AluSg,Alu,SINE
chr4,188023409,188023430,MA1714.1,-,2.25e-06,MIRc,MIR,SINE
chr2,196930332,196930353,MA1714.1,+,2.25e-06,LTR33,ERVL,LTR
chr1,203020693,203020714,MA1714.1,-,2.25e-06,L3,CR1,LINE
chr8,6523146,6523167,MA1714.1,+,2.26e-06,MER39,ERV1,LTR
chr12,16245135,16245156,MA1714.1,-,2.26e-06,THE1C-int,ERVL-MaLR,LTR
chr8,18201952,18201973,MA1714.1,+,2.26e-06,L1MB1,L1,LINE
chr21,18626401,18626422,MA1714.1,+,2.26e-06,HAL1,L1,LINE
chr8,20879325,20879346,MA1714.1,+,2.26e-06,AluJr,Alu,SINE
chr1,25638150,25638171,MA1714.1,+,2.26e-06,MSTD-int,ERVL-MaLR,LTR
chr1,25707250,25707271,MA1714.1,-,2.26e-06,MSTD-int,ERVL-MaLR,LTR
chr9,27921143,27921164,MA1714.1,+,2.26e-06,L1PB4,L1,LINE
chr12,28229910,28229931,MA1714.1,+,2.26e-06,L1MB1,L1,LINE
chr9,29562702,29562723,MA1714.1,+,2.26e-06,THE1D-int,ERVL-MaLR,LTR
chr2,53602906,53602927,MA1714.1,+,2.26e-06,L1PA13,L1,LINE
chr14,60256757,60256778,MA1714.1,+,2.26e-06,HAL1b,L1,LINE
chr7,72691942,72691963,MA1714.1,+,2.26e-06,L1PA16,L1,LINE
chr7,74245861,74245882,MA1714.1,+,2.26e-06,L1PA16,L1,LINE
chr7,74530366,74530387,MA1714.1,-,2.26e-06,L1PA16,L1,LINE
chrX,79110107,79110128,MA1714.1,+,2.26e-06,HERVL-int,ERVL,LTR
chr3,80043385,80043406,MA1714.1,-,2.26e-06,HERV16-int,ERVL,LTR
chr14,82256509,82256530,MA1714.1,+,2.26e-06,THE1D-int,ERVL-MaLR,LTR
chr9,86606340,86606361,MA1714.1,-,2.26e-06,AluJr,Alu,SINE
chr5,87101593,87101614,MA1714.1,-,2.26e-06,L1MEc,L1,LINE
chr10,96875170,96875191,MA1714.1,-,2.26e-06,L1MA1,L1,LINE
chr8,97335878,97335899,MA1714.1,-,2.26e-06,MSTD-int,ERVL-MaLR,LTR
chr6,101228366,101228387,MA1714.1,+,2.26e-06,FRAM,Alu,SINE
chr3,111741421,111741442,MA1714.1,+,2.26e-06,MSTB-int,ERVL-MaLR,LTR
chr8,118880719,118880740,MA1714.1,-,2.26e-06,AluJo,Alu,SINE
chrX,127256540,127256561,MA1714.1,+,2.26e-06,L1M4c,L1,LINE
chr8,136733932,136733953,MA1714.1,-,2.26e-06,L1MD3,L1,LINE
chr4,173553920,173553941,MA1714.1,+,2.26e-06,THE1B-int,ERVL-MaLR,LTR
chr1,215563272,215563293,MA1714.1,-,2.26e-06,MSTA-int,ERVL-MaLR,LTR
chr2,229772786,229772807,MA1714.1,+,2.26e-06,L1MA8,L1,LINE
chr20,397771,397792,MA1714.1,+,2.28e-06,MIR,MIR,SINE
chr12,1205163,1205184,MA1714.1,-,2.28e-06,AluJb,Alu,SINE
chr2,1289512,1289533,MA1714.1,-,2.28e-06,HERVL-int,ERVL,LTR
chr19,3433034,3433055,MA1714.1,-,2.28e-06,AluJo,Alu,SINE
chr16,3522852,3522873,MA1714.1,-,2.28e-06,L1MC4,L1,LINE
chr18,3592766,3592787,MA1714.1,+,2.28e-06,AluJb,Alu,SINE
chr17,6200428,6200449,MA1714.1,+,2.28e-06,AluSc8,Alu,SINE
chrX,7178663,7178684,MA1714.1,-,2.28e-06,AluSx1,Alu,SINE
chr12,9052050,9052071,MA1714.1,-,2.28e-06,MER39,ERV1,LTR
chr17,12722405,12722426,MA1714.1,+,2.28e-06,L1M3,L1,LINE
chrX,13013293,13013314,MA1714.1,+,2.28e-06,MER58B,hAT-Charlie,DNA
chr1,13046343,13046364,MA1714.1,-,2.28e-06,L1PA7,L1,LINE
chr1,13320854,13320875,MA1714.1,+,2.28e-06,L1PA7,L1,LINE
chr11,16136990,16137011,MA1714.1,-,2.28e-06,MER5A,hAT-Charlie,DNA
chr6,17242455,17242476,MA1714.1,-,2.28e-06,L1MEg,L1,LINE
chr10,19526207,19526228,MA1714.1,-,2.28e-06,L1MA6,L1,LINE
chr14,21068720,21068741,MA1714.1,+,2.28e-06,HERVL18-int,ERVL,LTR
chr19,22087144,22087165,MA1714.1,-,2.28e-06,THE1D-int,ERVL-MaLR,LTR
chr6,22278366,22278387,MA1714.1,-,2.28e-06,L1MDa,L1,LINE
chr11,24894323,24894344,MA1714.1,-,2.28e-06,MIRc,MIR,SINE
chr4,28488144,28488165,MA1714.1,-,2.28e-06,L1MA7,L1,LINE
chr11,30237009,30237030,MA1714.1,+,2.28e-06,L1MA9,L1,LINE
chr21,32607933,32607954,MA1714.1,+,2.28e-06,HAL1,L1,LINE
chr9,33580678,33580699,MA1714.1,+,2.28e-06,MSTA-int,ERVL-MaLR,LTR
chr21,35011214,35011235,MA1714.1,+,2.28e-06,L3,CR1,LINE
chrX,37288349,37288370,MA1714.1,-,2.28e-06,THE1A-int,ERVL-MaLR,LTR
chr9,38563522,38563543,MA1714.1,-,2.28e-06,MSTA-int,ERVL-MaLR,LTR
chrX,38847015,38847036,MA1714.1,-,2.28e-06,MIRc,MIR,SINE
chr21,41482519,41482540,MA1714.1,+,2.28e-06,L1PA4,L1,LINE
chr20,44597790,44597811,MA1714.1,+,2.28e-06,MIR,MIR,SINE
chr15,45685646,45685667,MA1714.1,+,2.28e-06,MIR,MIR,SINE
chr7,46688154,46688175,MA1714.1,-,2.28e-06,THE1B-int,ERVL-MaLR,LTR
chrX,47869414,47869435,MA1714.1,+,2.28e-06,MIR,MIR,SINE
chrX,47992283,47992304,MA1714.1,+,2.28e-06,MIR,MIR,SINE
chr13,48670052,48670073,MA1714.1,-,2.28e-06,L1MB3,L1,LINE
chr1,48778395,48778416,MA1714.1,+,2.28e-06,L1PA4,L1,LINE
chr18,49216063,49216084,MA1714.1,-,2.28e-06,L1MC3,L1,LINE
chr14,49978104,49978125,MA1714.1,-,2.28e-06,MLT2B1,ERVL,LTR
chr12,52036514,52036535,MA1714.1,-,2.28e-06,X3_LINE,RTE-BovB,LINE
chr3,53438717,53438738,MA1714.1,+,2.28e-06,L1MB3,L1,LINE
chr5,53538427,53538448,MA1714.1,+,2.28e-06,MLT1K,ERVL-MaLR,LTR
chr17,54058889,54058910,MA1714.1,-,2.28e-06,MIRb,MIR,SINE
chr8,56659845,56659866,MA1714.1,+,2.28e-06,AluSz,Alu,SINE
chr18,59545574,59545595,MA1714.1,+,2.28e-06,MER20,hAT-Charlie,DNA
chr20,61669464,61669485,MA1714.1,-,2.28e-06,L1MB4,L1,LINE
chr13,62321044,62321065,MA1714.1,+,2.28e-06,L1MA7,L1,LINE
chr1,62924892,62924913,MA1714.1,+,2.28e-06,L1M5,L1,LINE
chr13,70149226,70149247,MA1714.1,-,2.28e-06,L1MA8,L1,LINE
chr10,73169901,73169922,MA1714.1,+,2.28e-06,MIR,MIR,SINE
chr15,77361493,77361514,MA1714.1,-,2.28e-06,MER58B,hAT-Charlie,DNA
chr5,83260763,83260784,MA1714.1,-,2.28e-06,MIRb,MIR,SINE
chr13,85288305,85288326,MA1714.1,+,2.28e-06,L1MEf,L1,LINE
chr9,87586197,87586218,MA1714.1,-,2.28e-06,L2a,L2,LINE
chr9,90545875,90545896,MA1714.1,-,2.28e-06,MSTA-int,ERVL-MaLR,LTR
chr9,95652685,95652706,MA1714.1,-,2.28e-06,MSTA-int,ERVL-MaLR,LTR
chr13,98695711,98695732,MA1714.1,-,2.28e-06,AluJr,Alu,SINE
chr9,99910303,99910324,MA1714.1,-,2.28e-06,MSTA-int,ERVL-MaLR,LTR
chr6,112436374,112436395,MA1714.1,+,2.28e-06,MIR,MIR,SINE
chr8,113799873,113799894,MA1714.1,+,2.28e-06,L1MA3,L1,LINE
chr8,118200870,118200891,MA1714.1,+,2.28e-06,L1MC4a,L1,LINE
chr6,119853362,119853383,MA1714.1,-,2.28e-06,MIRb,MIR,SINE
chr8,120473405,120473426,MA1714.1,-,2.28e-06,L1PA3,L1,LINE
chr11,123634378,123634399,MA1714.1,+,2.28e-06,L1MA10,L1,LINE
chr10,128134562,128134583,MA1714.1,+,2.28e-06,L1PB1,L1,LINE
chr7,130586823,130586844,MA1714.1,+,2.28e-06,MIRc,MIR,SINE
chr2,131647556,131647577,MA1714.1,-,2.28e-06,L1MEg,L1,LINE
chr2,138202310,138202331,MA1714.1,+,2.28e-06,L1MA4,L1,LINE
chr7,139623689,139623710,MA1714.1,-,2.28e-06,L1MA3,L1,LINE
chr3,140115353,140115374,MA1714.1,-,2.28e-06,MIR,MIR,SINE
chr2,150561971,150561992,MA1714.1,-,2.28e-06,L1MA6,L1,LINE
chr2,151120990,151121011,MA1714.1,+,2.28e-06,L1MC3,L1,LINE
chr4,153182994,153183015,MA1714.1,+,2.28e-06,L1MA9,L1,LINE
chr4,162214332,162214353,MA1714.1,-,2.28e-06,L1MC1,L1,LINE
chr1,168124534,168124555,MA1714.1,-,2.28e-06,L1MA5A,L1,LINE
chr4,169068922,169068943,MA1714.1,-,2.28e-06,HERVL40-int,ERVL,LTR
chr3,171559952,171559973,MA1714.1,-,2.28e-06,MIR,MIR,SINE
chr1,173474931,173474952,MA1714.1,-,2.28e-06,MIRb,MIR,SINE
chr4,178341685,178341706,MA1714.1,-,2.28e-06,L1MC1,L1,LINE
chr4,183149226,183149247,MA1714.1,+,2.28e-06,L1MA9,L1,LINE
chr2,219355915,219355936,MA1714.1,+,2.28e-06,MLT1E1A,ERVL-MaLR,LTR
chr2,231991121,231991142,MA1714.1,+,2.28e-06,AluJb,Alu,SINE
chr4,339203,339224,MA1714.1,-,2.3e-06,MER30B,hAT-Charlie,DNA
chr18,785235,785256,MA1714.1,+,2.3e-06,MER30B,hAT-Charlie,DNA
chr8,1891103,1891124,MA1714.1,+,2.3e-06,L1MB8,L1,LINE
chr5,5167936,5167957,MA1714.1,+,2.3e-06,MER3,hAT-Charlie,DNA
chr2,11829300,11829321,MA1714.1,-,2.3e-06,MIRb,MIR,SINE
chr12,12731039,12731060,MA1714.1,+,2.3e-06,MIR,MIR,SINE
chr17,17488207,17488228,MA1714.1,+,2.3e-06,MIRb,MIR,SINE
chr8,20321903,20321924,MA1714.1,-,2.3e-06,MER96,hAT,DNA
chr8,20339512,20339533,MA1714.1,+,2.3e-06,MLT1B,ERVL-MaLR,LTR
chr12,21125298,21125319,MA1714.1,+,2.3e-06,MSTA-int,ERVL-MaLR,LTR
chr22,30160369,30160390,MA1714.1,-,2.3e-06,MIRc,MIR,SINE
chr19,36162767,36162788,MA1714.1,-,2.3e-06,L1MC5,L1,LINE
chr7,40152128,40152149,MA1714.1,-,2.3e-06,MLT1A,ERVL-MaLR,LTR
chr4,46660668,46660689,MA1714.1,-,2.3e-06,MLT1J1-int,ERVL-MaLR,LTR
chr6,46697260,46697281,MA1714.1,-,2.3e-06,MIR,MIR,SINE
chrX,46698911,46698932,MA1714.1,+,2.3e-06,AluJb,Alu,SINE
chr19,55131446,55131467,MA1714.1,+,2.3e-06,MER4B-int,ERV1,LTR
chr15,58876615,58876636,MA1714.1,-,2.3e-06,FLAM_C,Alu,SINE
chr12,60530591,60530612,MA1714.1,-,2.3e-06,L1MC4a,L1,LINE
chr1,62339085,62339106,MA1714.1,-,2.3e-06,AluJb,Alu,SINE
chr16,63702762,63702783,MA1714.1,-,2.3e-06,MLT1D,ERVL-MaLR,LTR
chrX,68526720,68526741,MA1714.1,+,2.3e-06,MIRb,MIR,SINE
chr9,78208153,78208174,MA1714.1,-,2.3e-06,MamRep38,hAT,DNA
chr2,83445006,83445027,MA1714.1,+,2.3e-06,MER30B,hAT-Charlie,DNA
chr10,85507638,85507659,MA1714.1,+,2.3e-06,MIRb,MIR,SINE
chr15,88548166,88548187,MA1714.1,-,2.3e-06,MIRb,MIR,SINE
chr15,90255688,90255709,MA1714.1,-,2.3e-06,L1MD3,L1,LINE
chr7,103878955,103878976,MA1714.1,-,2.3e-06,MamGypLTR1b,Gypsy,LTR
chr5,104796877,104796898,MA1714.1,-,2.3e-06,MSTA-int,ERVL-MaLR,LTR
chr3,112155601,112155622,MA1714.1,+,2.3e-06,L1PA16,L1,LINE
chr12,124887491,124887512,MA1714.1,+,2.3e-06,MIR,MIR,SINE
chr11,125294008,125294029,MA1714.1,+,2.3e-06,L1ME3B,L1,LINE
chr10,127142630,127142651,MA1714.1,-,2.3e-06,MIRb,MIR,SINE
chr6,127820576,127820597,MA1714.1,+,2.3e-06,L1M6,L1,LINE
chr2,130083941,130083962,MA1714.1,+,2.3e-06,L1MD3,L1,LINE
chrX,130485009,130485030,MA1714.1,+,2.3e-06,L1MD,L1,LINE
chrX,138330649,138330670,MA1714.1,+,2.3e-06,MER30,hAT-Charlie,DNA
chr1,199904116,199904137,MA1714.1,-,2.3e-06,L1MEd,L1,LINE
chr2,218039979,218040000,MA1714.1,-,2.3e-06,Tigger1,TcMar-Tigger,DNA
chr16,6205963,6205984,MA1714.1,-,2.31e-06,MIRb,MIR,SINE
chrY,14502875,14502896,MA1714.1,+,2.31e-06,PABL_B,ERV1,LTR
chr21,15765285,15765306,MA1714.1,-,2.31e-06,L1MEg,L1,LINE
chr20,19040267,19040288,MA1714.1,+,2.31e-06,L1PB1,L1,LINE
chr5,21245322,21245343,MA1714.1,+,2.31e-06,MSTB-int,ERVL-MaLR,LTR
chrY,22157834,22157855,MA1714.1,+,2.31e-06,MER34-int,ERV1,LTR
chr5,24106237,24106258,MA1714.1,+,2.31e-06,L1MD,L1,LINE
chr19,28069527,28069548,MA1714.1,+,2.31e-06,ALR/Alpha,centr,Satellite
chr2,37642136,37642157,MA1714.1,-,2.31e-06,MIR,MIR,SINE
chr12,43758507,43758528,MA1714.1,+,2.31e-06,L1M4b,L1,LINE
chr13,52996154,52996175,MA1714.1,-,2.31e-06,L1MA4A,L1,LINE
chrX,57450369,57450390,MA1714.1,+,2.31e-06,L1PB4,L1,LINE
chr3,63695185,63695206,MA1714.1,-,2.31e-06,MIR,MIR,SINE
chrX,68881964,68881985,MA1714.1,-,2.31e-06,L1MA9,L1,LINE
chr4,70353316,70353337,MA1714.1,+,2.31e-06,L1PA13,L1,LINE
chr13,70867799,70867820,MA1714.1,+,2.31e-06,THE1B-int,ERVL-MaLR,LTR
chr12,71830549,71830570,MA1714.1,-,2.31e-06,MSTA-int,ERVL-MaLR,LTR
chr14,78589735,78589756,MA1714.1,+,2.31e-06,MIRb,MIR,SINE
chr12,78788332,78788353,MA1714.1,+,2.31e-06,MIR,MIR,SINE
chr8,79212786,79212807,MA1714.1,+,2.31e-06,L1MC3,L1,LINE
chr9,85918166,85918187,MA1714.1,-,2.31e-06,MIR,MIR,SINE
chr9,86545652,86545673,MA1714.1,+,2.31e-06,AluSx,Alu,SINE
chr11,99866030,99866051,MA1714.1,-,2.31e-06,MIRc,MIR,SINE
chr8,101703498,101703519,MA1714.1,+,2.31e-06,L1ME3,L1,LINE
chrX,113079307,113079328,MA1714.1,-,2.31e-06,L1MC4a,L1,LINE
chr7,113947350,113947371,MA1714.1,-,2.31e-06,HERVL40-int,ERVL,LTR
chr6,128008594,128008615,MA1714.1,-,2.31e-06,L1PA14,L1,LINE
chr5,128379371,128379392,MA1714.1,+,2.31e-06,L1M4c,L1,LINE
chr4,130001243,130001264,MA1714.1,-,2.31e-06,MSTA-int,ERVL-MaLR,LTR
chr7,130046064,130046085,MA1714.1,+,2.31e-06,Charlie1a,hAT-Charlie,DNA
chr9,138746380,138746401,MA1714.1,-,2.31e-06,AluJb,Alu,SINE
chrX,139524094,139524115,MA1714.1,+,2.31e-06,MIR,MIR,SINE
chr4,155121316,155121337,MA1714.1,+,2.31e-06,L1MC4a,L1,LINE
chr3,196056672,196056693,MA1714.1,+,2.31e-06,L1MB4,L1,LINE
chr1,202877337,202877358,MA1714.1,-,2.31e-06,MIRb,MIR,SINE
chr1,234029584,234029605,MA1714.1,-,2.31e-06,MER2,TcMar-Tigger,DNA
chr1,15704295,15704316,MA1714.1,+,2.33e-06,AluJb,Alu,SINE
chr1,15866068,15866089,MA1714.1,-,2.33e-06,AluJb,Alu,SINE
chr16,17447853,17447874,MA1714.1,+,2.33e-06,MIRb,MIR,SINE
chr17,17557387,17557408,MA1714.1,-,2.33e-06,MSTB-int,ERVL-MaLR,LTR
chr6,18568014,18568035,MA1714.1,-,2.33e-06,AluSx,Alu,SINE
chr13,19711204,19711225,MA1714.1,-,2.33e-06,AluSx,Alu,SINE
chr21,20654267,20654288,MA1714.1,+,2.33e-06,L1MEg,L1,LINE
chr1,21194045,21194066,MA1714.1,+,2.33e-06,MIRb,MIR,SINE
chr10,21902802,21902823,MA1714.1,+,2.33e-06,AluSx,Alu,SINE
chr1,22344543,22344564,MA1714.1,-,2.33e-06,AluSx,Alu,SINE
chr12,24781655,24781676,MA1714.1,-,2.33e-06,L1MC1,L1,LINE
chr4,25387863,25387884,MA1714.1,-,2.33e-06,AluSz,Alu,SINE
chr3,25923497,25923518,MA1714.1,-,2.33e-06,MLT1D,ERVL-MaLR,LTR
chr2,26523265,26523286,MA1714.1,+,2.33e-06,HERV15-int,ERV1,LTR
chr8,30055967,30055988,MA1714.1,-,2.33e-06,AluSz,Alu,SINE
chr16,30738785,30738806,MA1714.1,-,2.33e-06,AluJb,Alu,SINE
chr5,32633214,32633235,MA1714.1,+,2.33e-06,L1ME3C,L1,LINE
chr9,34044056,34044077,MA1714.1,+,2.33e-06,AluSx,Alu,SINE
chr10,36835657,36835678,MA1714.1,+,2.33e-06,AluSp,Alu,SINE
chr10,37732571,37732592,MA1714.1,-,2.33e-06,Charlie1a,hAT-Charlie,DNA
chr19,46450944,46450965,MA1714.1,-,2.33e-06,AluSq4,Alu,SINE
chr18,47181945,47181966,MA1714.1,-,2.33e-06,MIRb,MIR,SINE
chr7,47582310,47582331,MA1714.1,+,2.33e-06,AluSx3,Alu,SINE
chr11,47745846,47745867,MA1714.1,-,2.33e-06,AluJo,Alu,SINE
chr5,52785105,52785126,MA1714.1,+,2.33e-06,L1MC4,L1,LINE
chrX,55352476,55352497,MA1714.1,-,2.33e-06,L1MD1,L1,LINE
chr12,57818516,57818537,MA1714.1,-,2.33e-06,AluJr,Alu,SINE
chr20,62262729,62262750,MA1714.1,+,2.33e-06,AluSx1,Alu,SINE
chr7,65361103,65361124,MA1714.1,-,2.33e-06,AluSx1,Alu,SINE
chr7,65409323,65409344,MA1714.1,+,2.33e-06,AluSx1,Alu,SINE
chr17,66710599,66710620,MA1714.1,+,2.33e-06,AluSx1,Alu,SINE
chrX,66737913,66737934,MA1714.1,-,2.33e-06,L1PB1,L1,LINE
chrX,68686970,68686991,MA1714.1,-,2.33e-06,MIRb,MIR,SINE
chr16,72155552,72155573,MA1714.1,-,2.33e-06,AluJr,Alu,SINE
chr2,73639891,73639912,MA1714.1,+,2.33e-06,AluSz,Alu,SINE
chr1,76553293,76553314,MA1714.1,-,2.33e-06,MIRb,MIR,SINE
chr7,76881249,76881270,MA1714.1,+,2.33e-06,AluSx,Alu,SINE
chr17,79003128,79003149,MA1714.1,-,2.33e-06,AluSg,Alu,SINE
chr2,79125041,79125062,MA1714.1,-,2.33e-06,ERVL-B4-int,ERVL,LTR
chr4,83705091,83705112,MA1714.1,+,2.33e-06,L1MC4,L1,LINE
chr16,84904630,84904651,MA1714.1,+,2.33e-06,AluSz6,Alu,SINE
chrX,86631856,86631877,MA1714.1,-,2.33e-06,AluSq,Alu,SINE
chr16,87225283,87225304,MA1714.1,+,2.33e-06,AluY,Alu,SINE
chr15,87703351,87703372,MA1714.1,+,2.33e-06,THE1B-int,ERVL-MaLR,LTR
chr13,88638248,88638269,MA1714.1,+,2.33e-06,AluJo,Alu,SINE
chr2,88757306,88757327,MA1714.1,-,2.33e-06,AluSq2,Alu,SINE
chr9,96274103,96274124,MA1714.1,-,2.33e-06,AluSx1,Alu,SINE
chr14,104489300,104489321,MA1714.1,+,2.33e-06,AluSx1,Alu,SINE
chr4,105301527,105301548,MA1714.1,+,2.33e-06,HAL1,L1,LINE
chr2,107491878,107491899,MA1714.1,-,2.33e-06,AluSx,Alu,SINE
chr10,110803591,110803612,MA1714.1,+,2.33e-06,HERV9-int,ERV1,LTR
chr1,113989612,113989633,MA1714.1,+,2.33e-06,L1MB3,L1,LINE
chr8,121837339,121837360,MA1714.1,-,2.33e-06,AluJb,Alu,SINE
chr12,122660079,122660100,MA1714.1,-,2.33e-06,AluJo,Alu,SINE
chr2,134581561,134581582,MA1714.1,-,2.33e-06,AluSx1,Alu,SINE
chr2,135885953,135885974,MA1714.1,+,2.33e-06,MIRb,MIR,SINE
chrX,137590186,137590207,MA1714.1,+,2.33e-06,L1MB5,L1,LINE
chr4,138256660,138256681,MA1714.1,+,2.33e-06,AluSx1,Alu,SINE
chr2,141973650,141973671,MA1714.1,+,2.33e-06,MSTA-int,ERVL-MaLR,LTR
chr2,145052488,145052509,MA1714.1,+,2.33e-06,L3,CR1,LINE
chr4,145546847,145546868,MA1714.1,+,2.33e-06,AluSx,Alu,SINE
chr3,152684589,152684610,MA1714.1,+,2.33e-06,MLT1G1-int,ERVL-MaLR,LTR
chr6,162011033,162011054,MA1714.1,-,2.33e-06,AluSx1,Alu,SINE
chr3,185227040,185227061,MA1714.1,+,2.33e-06,AluSz6,Alu,SINE
chr2,215906989,215907010,MA1714.1,-,2.33e-06,AluJr,Alu,SINE
chr4,1961798,1961819,MA1714.1,-,2.34e-06,AluJr,Alu,SINE
chr7,5358657,5358678,MA1714.1,+,2.34e-06,HAL1,L1,LINE
chrY,6444466,6444487,MA1714.1,+,2.34e-06,MSTA-int,ERVL-MaLR,LTR
chr11,8058072,8058093,MA1714.1,+,2.34e-06,L3,CR1,LINE
chr2,9415434,9415455,MA1714.1,-,2.34e-06,AluJr,Alu,SINE
chr3,11933606,11933627,MA1714.1,-,2.34e-06,MIRc,MIR,SINE
chr1,16192165,16192186,MA1714.1,-,2.34e-06,AluSx,Alu,SINE
chr8,23265193,23265214,MA1714.1,+,2.34e-06,MIR,MIR,SINE
chr7,24197752,24197773,MA1714.1,+,2.34e-06,LTR16A1,ERVL,LTR
chr15,24517277,24517298,MA1714.1,-,2.34e-06,L1PBa,L1,LINE
chr13,25838981,25839002,MA1714.1,+,2.34e-06,HAL1,L1,LINE
chr16,26399661,26399682,MA1714.1,-,2.34e-06,L1MA10,L1,LINE
chr20,31135121,31135142,MA1714.1,-,2.34e-06,AluJb,Alu,SINE
chr2,31309588,31309609,MA1714.1,-,2.34e-06,Charlie23a,hAT-Charlie,DNA
chr17,32805859,32805880,MA1714.1,+,2.34e-06,HAL1,L1,LINE
chr5,34733746,34733767,MA1714.1,-,2.34e-06,LTR78B,ERV1,LTR
chr13,34782742,34782763,MA1714.1,-,2.34e-06,L3,CR1,LINE
chr18,35309360,35309381,MA1714.1,+,2.34e-06,MLT2B2,ERVL,LTR
chr5,37046411,37046432,MA1714.1,+,2.34e-06,MIRc,MIR,SINE
chr22,39093778,39093799,MA1714.1,+,2.34e-06,MIR,MIR,SINE
chr12,41564741,41564762,MA1714.1,+,2.34e-06,MLT1D,ERVL-MaLR,LTR
chrX,43887245,43887266,MA1714.1,-,2.34e-06,MIRb,MIR,SINE
chr19,51810403,51810424,MA1714.1,-,2.34e-06,MER21-int,ERVL,LTR
chr17,52466770,52466791,MA1714.1,+,2.34e-06,LTR27B,ERV1,LTR
chr10,55535420,55535441,MA1714.1,+,2.34e-06,MLT1G-int,ERVL-MaLR,LTR
chr7,57065845,57065866,MA1714.1,-,2.34e-06,HAL1,L1,LINE
chr7,63039167,63039188,MA1714.1,+,2.34e-06,HAL1,L1,LINE
chr7,66286036,66286057,MA1714.1,-,2.34e-06,AluJr,Alu,SINE
chr2,68688966,68688987,MA1714.1,+,2.34e-06,AluSg7,Alu,SINE
chrX,78585881,78585902,MA1714.1,-,2.34e-06,L1MA10,L1,LINE
chrX,88497325,88497346,MA1714.1,+,2.34e-06,MSTA-int,ERVL-MaLR,LTR
chr14,90437672,90437693,MA1714.1,-,2.34e-06,L3,CR1,LINE
chr10,92914945,92914966,MA1714.1,-,2.34e-06,MER103C,hAT-Charlie,DNA
chr7,94824825,94824846,MA1714.1,-,2.34e-06,AluJo,Alu,SINE
chr3,97371482,97371503,MA1714.1,+,2.34e-06,MLT1L,ERVL-MaLR,LTR
chrX,98521511,98521532,MA1714.1,-,2.34e-06,L1PB1,L1,LINE
chr9,99595644,99595665,MA1714.1,-,2.34e-06,L1MC3,L1,LINE
chr4,110813465,110813486,MA1714.1,+,2.34e-06,L1PB1,L1,LINE
chr2,123956894,123956915,MA1714.1,-,2.34e-06,L1MC3,L1,LINE
chr5,134302468,134302489,MA1714.1,-,2.34e-06,AluJo,Alu,SINE
chr1,157316488,157316509,MA1714.1,-,2.34e-06,L1PA7,L1,LINE
chr2,169559708,169559729,MA1714.1,+,2.34e-06,Charlie1a,hAT-Charlie,DNA
chr1,174435849,174435870,MA1714.1,+,2.34e-06,AluSz,Alu,SINE
chr1,237391455,237391476,MA1714.1,-,2.34e-06,L1PB1,L1,LINE
chr3,3241653,3241674,MA1714.1,-,2.36e-06,L1PB1,L1,LINE
chr3,8652466,8652487,MA1714.1,-,2.36e-06,THE1C,ERVL-MaLR,LTR
chr2,9711573,9711594,MA1714.1,-,2.36e-06,AluSx,Alu,SINE
chr3,14779638,14779659,MA1714.1,-,2.36e-06,Tigger1,TcMar-Tigger,DNA
chr1,17930812,17930833,MA1714.1,-,2.36e-06,MIRc,MIR,SINE
chr22,18150848,18150869,MA1714.1,-,2.36e-06,AluSx,Alu,SINE
chr10,20210858,20210879,MA1714.1,-,2.36e-06,AluSz,Alu,SINE
chr2,22390111,22390132,MA1714.1,-,2.36e-06,THE1B,ERVL-MaLR,LTR
chr7,26616781,26616802,MA1714.1,-,2.36e-06,MIRb,MIR,SINE
chr20,33408498,33408519,MA1714.1,+,2.36e-06,AluSz,Alu,SINE
chr5,36084612,36084633,MA1714.1,+,2.36e-06,L1PA12,L1,LINE
chr8,39709800,39709821,MA1714.1,-,2.36e-06,HERVIP10F-int,ERV1,LTR
chrX,40738695,40738716,MA1714.1,-,2.36e-06,THE1B,ERVL-MaLR,LTR
chr14,44496784,44496805,MA1714.1,-,2.36e-06,MLT1B,ERVL-MaLR,LTR
chr14,46503263,46503284,MA1714.1,-,2.36e-06,L1M4c,L1,LINE
chr11,47808711,47808732,MA1714.1,-,2.36e-06,AluSz,Alu,SINE
chr14,48169899,48169920,MA1714.1,+,2.36e-06,MLT1F-int,ERVL-MaLR,LTR
chr2,48254649,48254670,MA1714.1,+,2.36e-06,L1MEd,L1,LINE
chr13,54666074,54666095,MA1714.1,-,2.36e-06,L1PA15,L1,LINE
chr16,57501786,57501807,MA1714.1,-,2.36e-06,L1MC4,L1,LINE
chr4,59146561,59146582,MA1714.1,+,2.36e-06,THE1B,ERVL-MaLR,LTR
chr3,67027636,67027657,MA1714.1,+,2.36e-06,MIR,MIR,SINE
chr18,69076004,69076025,MA1714.1,+,2.36e-06,AluJo,Alu,SINE
chr4,72472107,72472128,MA1714.1,-,2.36e-06,L1MC4a,L1,LINE
chr15,75685789,75685810,MA1714.1,-,2.36e-06,AluSz6,Alu,SINE
chr5,82251139,82251160,MA1714.1,+,2.36e-06,L1ME3A,L1,LINE
chr14,89392969,89392990,MA1714.1,+,2.36e-06,THE1B,ERVL-MaLR,LTR
chr13,90913902,90913923,MA1714.1,-,2.36e-06,MSTA-int,ERVL-MaLR,LTR
chr6,93739745,93739766,MA1714.1,-,2.36e-06,THE1D-int,ERVL-MaLR,LTR
chr7,96253740,96253761,MA1714.1,+,2.36e-06,MIR,MIR,SINE
chr8,109661504,109661525,MA1714.1,+,2.36e-06,MIRb,MIR,SINE
chr6,111605077,111605098,MA1714.1,-,2.36e-06,THE1B-int,ERVL-MaLR,LTR
chr6,115526123,115526144,MA1714.1,+,2.36e-06,L1ME2z,L1,LINE
chr9,122308945,122308966,MA1714.1,+,2.36e-06,THE1B,ERVL-MaLR,LTR
chr6,123996328,123996349,MA1714.1,-,2.36e-06,THE1B-int,ERVL-MaLR,LTR
chr6,125694085,125694106,MA1714.1,-,2.36e-06,MIRb,MIR,SINE
chr11,125788234,125788255,MA1714.1,-,2.36e-06,MIRc,MIR,SINE
chr3,125995715,125995736,MA1714.1,-,2.36e-06,L1MC4,L1,LINE
chr9,137497686,137497707,MA1714.1,-,2.36e-06,MLT1A0-int,ERVL-MaLR,LTR
chr3,140136356,140136377,MA1714.1,-,2.36e-06,L1ME4a,L1,LINE
chrX,140295859,140295880,MA1714.1,+,2.36e-06,MSTA-int,ERVL-MaLR,LTR
chr8,141846524,141846545,MA1714.1,+,2.36e-06,MLT1J,ERVL-MaLR,LTR
chr7,143662691,143662712,MA1714.1,-,2.36e-06,MLT1D,ERVL-MaLR,LTR
chr1,146567508,146567529,MA1714.1,+,2.36e-06,AluSx1,Alu,SINE
chrX,149029805,149029826,MA1714.1,-,2.36e-06,L1MD,L1,LINE
chrX,150726207,150726228,MA1714.1,-,2.36e-06,HERV9-int,ERV1,LTR
chr6,160084044,160084065,MA1714.1,-,2.36e-06,AluSq,Alu,SINE
chr2,181308303,181308324,MA1714.1,-,2.36e-06,ERV3-16A3_I-int,ERVL,LTR
chr1,196889186,196889207,MA1714.1,+,2.36e-06,THE1B,ERVL-MaLR,LTR
chr1,197119648,197119669,MA1714.1,-,2.36e-06,LTR40c,ERVL,LTR
chr1,226628005,226628026,MA1714.1,-,2.36e-06,L1M5,L1,LINE
chr2,227256941,227256962,MA1714.1,+,2.36e-06,L1ME2,L1,LINE
chr20,2980379,2980400,MA1714.1,+,2.38e-06,L1ME3D,L1,LINE
chr3,16266008,16266029,MA1714.1,+,2.38e-06,L1MB2,L1,LINE
chr1,17915268,17915289,MA1714.1,+,2.38e-06,MIRb,MIR,SINE
chr11,18534093,18534114,MA1714.1,-,2.38e-06,L1MEg1,L1,LINE
chrY,19043166,19043187,MA1714.1,+,2.38e-06,L1PA7,L1,LINE
chr7,24145237,24145258,MA1714.1,-,2.38e-06,L1MD2,L1,LINE
chr22,28361462,28361483,MA1714.1,-,2.38e-06,L1ME3C,L1,LINE
chr10,29234404,29234425,MA1714.1,-,2.38e-06,L1MD2,L1,LINE
chr2,34212919,34212940,MA1714.1,-,2.38e-06,MSTB-int,ERVL-MaLR,LTR
chr5,43990919,43990940,MA1714.1,-,2.38e-06,L1M5,L1,LINE
chr18,45761594,45761615,MA1714.1,-,2.38e-06,L1MEe,L1,LINE
chrX,48643068,48643089,MA1714.1,-,2.38e-06,MIR,MIR,SINE
chr7,48740106,48740127,MA1714.1,+,2.38e-06,L1MEe,L1,LINE
chr15,64086633,64086654,MA1714.1,-,2.38e-06,MER21B,ERVL,LTR
chr14,72629747,72629768,MA1714.1,+,2.38e-06,L1PB1,L1,LINE
chr4,75301377,75301398,MA1714.1,-,2.38e-06,HERV4_I-int,ERV1,LTR
chr4,75471175,75471196,MA1714.1,-,2.38e-06,HERV4_I-int,ERV1,LTR
chr10,79454025,79454046,MA1714.1,-,2.38e-06,MER113,hAT-Charlie,DNA
chr14,84846388,84846409,MA1714.1,+,2.38e-06,L1MB2,L1,LINE
chr11,86926548,86926569,MA1714.1,-,2.38e-06,MLT1H,ERVL-MaLR,LTR
chr1,92783996,92784017,MA1714.1,-,2.38e-06,MIRb,MIR,SINE
chr12,93925686,93925707,MA1714.1,-,2.38e-06,AluJo,Alu,SINE
chr2,104699461,104699482,MA1714.1,-,2.38e-06,L1MC1,L1,LINE
chr9,106943373,106943394,MA1714.1,+,2.38e-06,L4,RTE,LINE
chr6,110008608,110008629,MA1714.1,+,2.38e-06,MLT1E1A,ERVL-MaLR,LTR
chr1,112846394,112846415,MA1714.1,-,2.38e-06,MIRb,MIR,SINE
chr4,113788499,113788520,MA1714.1,-,2.38e-06,L1M7,L1,LINE
chr6,114509914,114509935,MA1714.1,-,2.38e-06,HAL1,L1,LINE
chr1,115663068,115663089,MA1714.1,-,2.38e-06,MSTA-int,ERVL-MaLR,LTR
chr7,124442954,124442975,MA1714.1,-,2.38e-06,MamGypLTR1d,Gypsy,LTR
chr3,128006789,128006810,MA1714.1,-,2.38e-06,L1MC3,L1,LINE
chr5,128385272,128385293,MA1714.1,-,2.38e-06,ERVL-int,ERVL,LTR
chrX,130089423,130089444,MA1714.1,-,2.38e-06,L1MD2,L1,LINE
chr5,140979712,140979733,MA1714.1,+,2.38e-06,MLT1E3,ERVL-MaLR,LTR
chr8,146125151,146125172,MA1714.1,+,2.38e-06,L1M5,L1,LINE
chr3,173022773,173022794,MA1714.1,-,2.38e-06,L1ME3A,L1,LINE
chrY,6092516,6092537,MA1714.1,-,2.39e-06,MSTB-int,ERVL-MaLR,LTR
chr6,9209039,9209060,MA1714.1,+,2.39e-06,ERVL-B4-int,ERVL,LTR
chrX,9811746,9811767,MA1714.1,-,2.39e-06,L1MC3,L1,LINE
chr7,17786091,17786112,MA1714.1,+,2.39e-06,LTR49,ERV1,LTR
chr16,19417969,19417990,MA1714.1,-,2.39e-06,MER61-int,ERV1,LTR
chr10,20515305,20515326,MA1714.1,+,2.39e-06,MER30,hAT-Charlie,DNA
chr17,25726987,25727008,MA1714.1,-,2.39e-06,AluJb,Alu,SINE
chr1,25853613,25853634,MA1714.1,+,2.39e-06,MIRb,MIR,SINE
chr14,28707950,28707971,MA1714.1,+,2.39e-06,THE1B-int,ERVL-MaLR,LTR
chr12,30049652,30049673,MA1714.1,-,2.39e-06,MSTD-int,ERVL-MaLR,LTR
chr22,30237418,30237439,MA1714.1,-,2.39e-06,AluJo,Alu,SINE
chr3,31609479,31609500,MA1714.1,-,2.39e-06,L1MA3,L1,LINE
chr12,31621838,31621859,MA1714.1,+,2.39e-06,L1MEg,L1,LINE
chr18,32043631,32043652,MA1714.1,-,2.39e-06,THE1D-int,ERVL-MaLR,LTR
chr2,35259901,35259922,MA1714.1,-,2.39e-06,MER52A,ERV1,LTR
chr22,38538536,38538557,MA1714.1,-,2.39e-06,MER30,hAT-Charlie,DNA
chr19,40551582,40551603,MA1714.1,+,2.39e-06,L1MA4A,L1,LINE
chr8,42037000,42037021,MA1714.1,-,2.39e-06,MIRb,MIR,SINE
chr8,43413199,43413220,MA1714.1,-,2.39e-06,HERVS71-int,ERV1,LTR
chr3,50749607,50749628,MA1714.1,-,2.39e-06,L1M4,L1,LINE
chr14,62516934,62516955,MA1714.1,-,2.39e-06,L1PA4,L1,LINE
chrX,64850392,64850413,MA1714.1,+,2.39e-06,AluJo,Alu,SINE
chr4,64919601,64919622,MA1714.1,-,2.39e-06,AluSg,Alu,SINE
chr10,69157464,69157485,MA1714.1,+,2.39e-06,THE1C-int,ERVL-MaLR,LTR
chr17,69923587,69923608,MA1714.1,-,2.39e-06,MIRb,MIR,SINE
chr5,72004000,72004021,MA1714.1,-,2.39e-06,MER52A,ERV1,LTR
chr14,81023793,81023814,MA1714.1,-,2.39e-06,MIRb,MIR,SINE
chrX,81417501,81417522,MA1714.1,+,2.39e-06,MSTA-int,ERVL-MaLR,LTR
chr5,84912796,84912817,MA1714.1,-,2.39e-06,THE1D-int,ERVL-MaLR,LTR
chr6,86295864,86295885,MA1714.1,+,2.39e-06,L1MC5,L1,LINE
chrX,92365403,92365424,MA1714.1,-,2.39e-06,MSTB-int,ERVL-MaLR,LTR
chr7,99601027,99601048,MA1714.1,-,2.39e-06,AluJr4,Alu,SINE
chr6,111729477,111729498,MA1714.1,-,2.39e-06,Charlie1a,hAT-Charlie,DNA
chr9,115640107,115640128,MA1714.1,-,2.39e-06,AluJr,Alu,SINE
chr4,123659773,123659794,MA1714.1,+,2.39e-06,L1M4,L1,LINE
chr7,126687857,126687878,MA1714.1,+,2.39e-06,AluJb,Alu,SINE
chrX,127822122,127822143,MA1714.1,+,2.39e-06,L1ME3A,L1,LINE
chr7,142979196,142979217,MA1714.1,-,2.39e-06,L1MB7,L1,LINE
chr7,149862038,149862059,MA1714.1,-,2.39e-06,MIRb,MIR,SINE
chr4,152133334,152133355,MA1714.1,-,2.39e-06,AluJr,Alu,SINE
chr7,153499345,153499366,MA1714.1,+,2.39e-06,MIRb,MIR,SINE
chr2,153824238,153824259,MA1714.1,-,2.39e-06,HERV4_I-int,ERV1,LTR
chr4,156674611,156674632,MA1714.1,-,2.39e-06,MIRc,MIR,SINE
chr1,170235713,170235734,MA1714.1,-,2.39e-06,L1MA3,L1,LINE
chr3,196940270,196940291,MA1714.1,+,2.39e-06,L1ME1,L1,LINE
chr2,209957597,209957618,MA1714.1,-,2.39e-06,L1PBa,L1,LINE
chr1,241741205,241741226,MA1714.1,-,2.39e-06,L1PB3,L1,LINE
chr11,10075226,10075247,MA1714.1,+,2.41e-06,AluJb,Alu,SINE
chr5,11294394,11294415,MA1714.1,+,2.41e-06,Charlie1a,hAT-Charlie,DNA
chr9,17883297,17883318,MA1714.1,-,2.41e-06,L1MB7,L1,LINE
chr17,19478821,19478842,MA1714.1,-,2.41e-06,AluJr,Alu,SINE
chrY,20735281,20735302,MA1714.1,-,2.41e-06,HERV3-int,ERV1,LTR
chrY,20908872,20908893,MA1714.1,+,2.41e-06,HERV3-int,ERV1,LTR
chr3,23756574,23756595,MA1714.1,-,2.41e-06,L1MC,L1,LINE
chr15,24839965,24839986,MA1714.1,-,2.41e-06,MSTC-int,ERVL-MaLR,LTR
chr7,31205247,31205268,MA1714.1,-,2.41e-06,L1MC4,L1,LINE
chr9,31215959,31215980,MA1714.1,-,2.41e-06,L1MA1,L1,LINE
chr9,31350502,31350523,MA1714.1,+,2.41e-06,L1MA10,L1,LINE
chr22,31869906,31869927,MA1714.1,-,2.41e-06,L1MC4,L1,LINE
chr2,33207647,33207668,MA1714.1,+,2.41e-06,THE1B-int,ERVL-MaLR,LTR
chr6,33681132,33681153,MA1714.1,-,2.41e-06,L1MB3,L1,LINE
chr16,34738159,34738180,MA1714.1,+,2.41e-06,L1MB3,L1,LINE
chrX,35128838,35128859,MA1714.1,-,2.41e-06,MSTB-int,ERVL-MaLR,LTR
chr18,38275434,38275455,MA1714.1,+,2.41e-06,Tigger1,TcMar-Tigger,DNA
chr4,40722598,40722619,MA1714.1,+,2.41e-06,L3,CR1,LINE
chr22,42446891,42446912,MA1714.1,+,2.41e-06,L1MC2,L1,LINE
chr8,42673380,42673401,MA1714.1,+,2.41e-06,Kanga1,TcMar-Tc2,DNA
chr8,49550866,49550887,MA1714.1,-,2.41e-06,L1MC3,L1,LINE
chr14,71600816,71600837,MA1714.1,-,2.41e-06,ERV3-16A3_I-int,ERVL,LTR
chr16,72354082,72354103,MA1714.1,-,2.41e-06,THE1D-int,ERVL-MaLR,LTR
chr13,89686402,89686423,MA1714.1,+,2.41e-06,MSTA-int,ERVL-MaLR,LTR
chr15,89945508,89945529,MA1714.1,-,2.41e-06,MIR,MIR,SINE
chr1,90000303,90000324,MA1714.1,-,2.41e-06,Charlie2b,hAT-Charlie,DNA
chr13,93768104,93768125,MA1714.1,-,2.41e-06,AluJr4,Alu,SINE
chr6,102478059,102478080,MA1714.1,+,2.41e-06,L1MA9,L1,LINE
chr11,121379067,121379088,MA1714.1,-,2.41e-06,L1MB7,L1,LINE
chr6,124972893,124972914,MA1714.1,-,2.41e-06,MSTD-int,ERVL-MaLR,LTR
chr9,125358656,125358677,MA1714.1,-,2.41e-06,L1M1,L1,LINE
chr7,131317063,131317084,MA1714.1,-,2.41e-06,Kanga1d,TcMar-Tc2,DNA
chr2,135973058,135973079,MA1714.1,-,2.41e-06,AluJb,Alu,SINE
chr3,144719996,144720017,MA1714.1,-,2.41e-06,MSTB-int,ERVL-MaLR,LTR
chr4,160797471,160797492,MA1714.1,-,2.41e-06,L1PA8,L1,LINE
chr1,171006119,171006140,MA1714.1,+,2.41e-06,L1ME3E,L1,LINE
chr2,230826417,230826438,MA1714.1,-,2.41e-06,L1M5,L1,LINE
chrY,275164,275185,MA1714.1,+,2.43e-06,AluSx1,Alu,SINE
chrX,325164,325185,MA1714.1,+,2.43e-06,AluSx1,Alu,SINE
chr20,4626228,4626249,MA1714.1,-,2.43e-06,THE1B-int,ERVL-MaLR,LTR
chr8,15448252,15448273,MA1714.1,-,2.43e-06,AluJo,Alu,SINE
chr1,20024163,20024184,MA1714.1,-,2.43e-06,AluJb,Alu,SINE
chr12,20571181,20571202,MA1714.1,+,2.43e-06,MIRb,MIR,SINE
chr19,20889915,20889936,MA1714.1,+,2.43e-06,AluSz6,Alu,SINE
chr12,20988152,20988173,MA1714.1,-,2.43e-06,THE1B-int,ERVL-MaLR,LTR
chr19,22972415,22972436,MA1714.1,-,2.43e-06,L1MD3,L1,LINE
chr8,26508292,26508313,MA1714.1,+,2.43e-06,L1MEd,L1,LINE
chr14,26787870,26787891,MA1714.1,+,2.43e-06,L1ME3F,L1,LINE
chr12,32837120,32837141,MA1714.1,-,2.43e-06,L1MB7,L1,LINE
chr9,33316328,33316349,MA1714.1,-,2.43e-06,AluSx3,Alu,SINE
chr5,36015679,36015700,MA1714.1,+,2.43e-06,MSTA-int,ERVL-MaLR,LTR
chr4,36300673,36300694,MA1714.1,-,2.43e-06,L1ME3F,L1,LINE
chrX,37347209,37347230,MA1714.1,-,2.43e-06,THE1D-int,ERVL-MaLR,LTR
chr4,37498698,37498719,MA1714.1,-,2.43e-06,L1PB1,L1,LINE
chr7,47036391,47036412,MA1714.1,-,2.43e-06,MIRb,MIR,SINE
chr13,53339501,53339522,MA1714.1,-,2.43e-06,L2b,L2,LINE
chr1,57710448,57710469,MA1714.1,+,2.43e-06,MIRb,MIR,SINE
chr13,62837726,62837747,MA1714.1,+,2.43e-06,L1MA4,L1,LINE
chr18,63611481,63611502,MA1714.1,-,2.43e-06,L1ME3A,L1,LINE
chr1,70988059,70988080,MA1714.1,-,2.43e-06,MLT1A0,ERVL-MaLR,LTR
chr4,72913065,72913086,MA1714.1,+,2.43e-06,MSTD-int,ERVL-MaLR,LTR
chr11,74616277,74616298,MA1714.1,-,2.43e-06,FRAM,Alu,SINE
chr6,78661464,78661485,MA1714.1,+,2.43e-06,THE1C-int,ERVL-MaLR,LTR
chrX,79839888,79839909,MA1714.1,-,2.43e-06,L1PA8,L1,LINE
chrX,87602252,87602273,MA1714.1,+,2.43e-06,L1PB3,L1,LINE
chr5,90727883,90727904,MA1714.1,-,2.43e-06,MER113,hAT-Charlie,DNA
chr13,93346161,93346182,MA1714.1,+,2.43e-06,THE1D-int,ERVL-MaLR,LTR
chr8,96793717,96793738,MA1714.1,+,2.43e-06,THE1A-int,ERVL-MaLR,LTR
chr2,101724558,101724579,MA1714.1,+,2.43e-06,L1MC3,L1,LINE
chr11,106054925,106054946,MA1714.1,+,2.43e-06,MER57-int,ERV1,LTR
chr10,106141860,106141881,MA1714.1,-,2.43e-06,MLT1I,ERVL-MaLR,LTR
chr7,117095172,117095193,MA1714.1,+,2.43e-06,L1MA2,L1,LINE
chr5,123132643,123132664,MA1714.1,-,2.43e-06,HAL1b,L1,LINE
chr6,125603058,125603079,MA1714.1,+,2.43e-06,L1PA7,L1,LINE
chr11,126183557,126183578,MA1714.1,+,2.43e-06,L1ME3D,L1,LINE
chr5,147177324,147177345,MA1714.1,+,2.43e-06,Tigger1,TcMar-Tigger,DNA
chr5,173216635,173216656,MA1714.1,-,2.43e-06,L2b,L2,LINE
chr2,186676427,186676448,MA1714.1,+,2.43e-06,MSTA-int,ERVL-MaLR,LTR
chr11,1499724,1499745,MA1714.1,-,2.44e-06,L1MDa,L1,LINE
chr5,15220879,15220900,MA1714.1,-,2.44e-06,ERV3-16A3_I-int,ERVL,LTR
chr16,17144554,17144575,MA1714.1,-,2.44e-06,L1PA16,L1,LINE
chr1,19155125,19155146,MA1714.1,+,2.44e-06,MIRb,MIR,SINE
chr19,23888168,23888189,MA1714.1,+,2.44e-06,THE1A-int,ERVL-MaLR,LTR
chr21,26651301,26651322,MA1714.1,-,2.44e-06,L1MA9,L1,LINE
chr10,26689065,26689086,MA1714.1,-,2.44e-06,HERV16-int,ERVL,LTR
chr13,29838949,29838970,MA1714.1,-,2.44e-06,MSTB-int,ERVL-MaLR,LTR
chr20,30637534,30637555,MA1714.1,+,2.44e-06,LTR16C,ERVL,LTR
chr19,34566357,34566378,MA1714.1,+,2.44e-06,L1MEe,L1,LINE
chr7,43750249,43750270,MA1714.1,-,2.44e-06,MIRb,MIR,SINE
chr11,48177182,48177203,MA1714.1,+,2.44e-06,MIR,MIR,SINE
chr10,67949218,67949239,MA1714.1,-,2.44e-06,L1MA9,L1,LINE
chr3,74203109,74203130,MA1714.1,+,2.44e-06,L1MB4,L1,LINE
chr6,78901912,78901933,MA1714.1,-,2.44e-06,MSTA-int,ERVL-MaLR,LTR
chr6,80415797,80415818,MA1714.1,-,2.44e-06,L1MA9,L1,LINE
chr4,82152351,82152372,MA1714.1,+,2.44e-06,THE1D-int,ERVL-MaLR,LTR
chr2,83371511,83371532,MA1714.1,-,2.44e-06,L1MC4a,L1,LINE
chr15,86518805,86518826,MA1714.1,-,2.44e-06,L1ME5,L1,LINE
chr6,88018308,88018329,MA1714.1,+,2.44e-06,L1ME3A,L1,LINE
chr12,93483421,93483442,MA1714.1,+,2.44e-06,MIR,MIR,SINE
chr10,97159944,97159965,MA1714.1,-,2.44e-06,MIR,MIR,SINE
chr8,100124162,100124183,MA1714.1,-,2.44e-06,L1PA17,L1,LINE
chr10,104538627,104538648,MA1714.1,-,2.44e-06,MIRb,MIR,SINE
chr9,107356754,107356775,MA1714.1,-,2.44e-06,L1MEg,L1,LINE
chr9,122247327,122247348,MA1714.1,+,2.44e-06,L1MD3,L1,LINE
chrX,130911527,130911548,MA1714.1,+,2.44e-06,AluSx,Alu,SINE
chrX,133662206,133662227,MA1714.1,+,2.44e-06,MER96,hAT,DNA
chr6,134234764,134234785,MA1714.1,+,2.44e-06,L1MDa,L1,LINE
chr6,135740995,135741016,MA1714.1,-,2.44e-06,Tigger1,TcMar-Tigger,DNA
chr8,137234898,137234919,MA1714.1,+,2.44e-06,L1MCc,L1,LINE
chrX,143877199,143877220,MA1714.1,-,2.44e-06,Charlie1a,hAT-Charlie,DNA
chr4,161911997,161912018,MA1714.1,-,2.44e-06,HAL1,L1,LINE
chr2,188922892,188922913,MA1714.1,+,2.44e-06,MLT1D-int,ERVL-MaLR,LTR
chr1,207157003,207157024,MA1714.1,-,2.44e-06,MamGypLTR2c,Gypsy,LTR
chr17,2645437,2645458,MA1714.1,-,2.46e-06,AluJo,Alu,SINE
chr5,2988578,2988599,MA1714.1,-,2.46e-06,Looper,PiggyBac,DNA
chr12,3546395,3546416,MA1714.1,-,2.46e-06,L1ME3C,L1,LINE
chr20,4723743,4723764,MA1714.1,+,2.46e-06,L1MC3,L1,LINE
chrY,6795213,6795234,MA1714.1,-,2.46e-06,AluSg,Alu,SINE
chr11,6842969,6842990,MA1714.1,+,2.46e-06,L1MA7,L1,LINE
chr10,9386533,9386554,MA1714.1,-,2.46e-06,MLT1N2,ERVL-MaLR,LTR
chrX,9926268,9926289,MA1714.1,+,2.46e-06,AluJo,Alu,SINE
chr18,10384306,10384327,MA1714.1,-,2.46e-06,MIRc,MIR,SINE
chr6,12316604,12316625,MA1714.1,-,2.46e-06,L1ME2,L1,LINE
chrX,13107458,13107479,MA1714.1,-,2.46e-06,L1ME4a,L1,LINE
chr12,18724898,18724919,MA1714.1,-,2.46e-06,L1ME3A,L1,LINE
chrY,21103081,21103102,MA1714.1,-,2.46e-06,AluJr,Alu,SINE
chr11,22246477,22246498,MA1714.1,+,2.46e-06,L1MA4,L1,LINE
chr4,22462995,22463016,MA1714.1,-,2.46e-06,AluSx,Alu,SINE
chr5,24727429,24727450,MA1714.1,-,2.46e-06,MER83C,ERV1,LTR
chr21,25443259,25443280,MA1714.1,+,2.46e-06,MER1B,hAT-Charlie,DNA
chrX,28284061,28284082,MA1714.1,-,2.46e-06,MLT1E2,ERVL-MaLR,LTR
chr21,28986052,28986073,MA1714.1,-,2.46e-06,L1MC3,L1,LINE
chr19,29897273,29897294,MA1714.1,+,2.46e-06,AluJr,Alu,SINE
chr10,30835270,30835291,MA1714.1,+,2.46e-06,MIR,MIR,SINE
chr1,31758480,31758501,MA1714.1,-,2.46e-06,L1MC4,L1,LINE
chr21,33454023,33454044,MA1714.1,-,2.46e-06,L1MC3,L1,LINE
chr20,45637488,45637509,MA1714.1,+,2.46e-06,MIR,MIR,SINE
chr20,50498390,50498411,MA1714.1,+,2.46e-06,L1MB7,L1,LINE
chrX,53609040,53609061,MA1714.1,-,2.46e-06,L1M5,L1,LINE
chr14,58004168,58004189,MA1714.1,-,2.46e-06,AluJb,Alu,SINE
chr4,60901040,60901061,MA1714.1,-,2.46e-06,L1MB3,L1,LINE
chr15,66498436,66498457,MA1714.1,+,2.46e-06,L1MDa,L1,LINE
chr15,68055274,68055295,MA1714.1,+,2.46e-06,LFSINE_Vert,SINE,SINE
chrX,71413690,71413711,MA1714.1,+,2.46e-06,AluSz,Alu,SINE
chr4,74827852,74827873,MA1714.1,+,2.46e-06,THE1B-int,ERVL-MaLR,LTR
chr16,87827943,87827964,MA1714.1,+,2.46e-06,MIRc,MIR,SINE
chr10,89775659,89775680,MA1714.1,-,2.46e-06,AluJr,Alu,SINE
chr11,89961389,89961410,MA1714.1,-,2.46e-06,MSTB-int,ERVL-MaLR,LTR
chr11,96219474,96219495,MA1714.1,-,2.46e-06,MLT1L,ERVL-MaLR,LTR
chr12,100764528,100764549,MA1714.1,-,2.46e-06,MamGypLTR1c,Gypsy,LTR
chrX,103959045,103959066,MA1714.1,+,2.46e-06,THE1D,ERVL-MaLR,LTR
chr11,106060897,106060918,MA1714.1,+,2.46e-06,MER57-int,ERV1,LTR
chr4,107076015,107076036,MA1714.1,-,2.46e-06,L1MA2,L1,LINE
chr3,111098055,111098076,MA1714.1,+,2.46e-06,L1PB1,L1,LINE
chr5,115421857,115421878,MA1714.1,-,2.46e-06,MER51B,ERV1,LTR
chr2,117050077,117050098,MA1714.1,-,2.46e-06,L1MB1,L1,LINE
chr4,120568704,120568725,MA1714.1,-,2.46e-06,MIR,MIR,SINE
chr11,131301596,131301617,MA1714.1,-,2.46e-06,MIRc,MIR,SINE
chr10,131430012,131430033,MA1714.1,+,2.46e-06,AluJo,Alu,SINE
chr3,138618348,138618369,MA1714.1,+,2.46e-06,L2a,L2,LINE
chr4,141752244,141752265,MA1714.1,-,2.46e-06,L1MD3,L1,LINE
chr8,142764134,142764155,MA1714.1,+,2.46e-06,L1MEd,L1,LINE
chr8,142967925,142967946,MA1714.1,+,2.46e-06,L1MEd,L1,LINE
chr5,157027878,157027899,MA1714.1,-,2.46e-06,AluJr,Alu,SINE
chr6,160717900,160717921,MA1714.1,-,2.46e-06,L1MA9,L1,LINE
chr2,165199893,165199914,MA1714.1,+,2.46e-06,LTR86C,ERVL,LTR
chr3,168687230,168687251,MA1714.1,-,2.46e-06,MIRc,MIR,SINE
chr3,175689331,175689352,MA1714.1,+,2.46e-06,L1MD1,L1,LINE
chr4,175912762,175912783,MA1714.1,-,2.46e-06,HERVL-int,ERVL,LTR
chr3,190061600,190061621,MA1714.1,+,2.46e-06,L1MA9,L1,LINE
chr2,194336069,194336090,MA1714.1,+,2.46e-06,MER52-int,ERV1,LTR
chr3,195431895,195431916,MA1714.1,-,2.46e-06,MER112,hAT-Charlie,DNA
chr2,230197710,230197731,MA1714.1,+,2.46e-06,AluJr,Alu,SINE
chr3,5303798,5303819,MA1714.1,-,2.48e-06,AluJr4,Alu,SINE
chr20,7871347,7871368,MA1714.1,-,2.48e-06,L1PB1,L1,LINE
chr18,11532695,11532716,MA1714.1,+,2.48e-06,L1M1,L1,LINE
chr1,18064625,18064646,MA1714.1,-,2.48e-06,MIR3,MIR,SINE
chr4,18267000,18267021,MA1714.1,-,2.48e-06,THE1D-int,ERVL-MaLR,LTR
chr9,19095382,19095403,MA1714.1,+,2.48e-06,L1ME4a,L1,LINE
chrX,21409720,21409741,MA1714.1,-,2.48e-06,MSTA-int,ERVL-MaLR,LTR
chr8,22896342,22896363,MA1714.1,-,2.48e-06,MER1A,hAT-Charlie,DNA
chr22,23343135,23343156,MA1714.1,-,2.48e-06,MSTA-int,ERVL-MaLR,LTR
chr10,31294428,31294449,MA1714.1,+,2.48e-06,L1MA9,L1,LINE
chr7,31680062,31680083,MA1714.1,-,2.48e-06,L1MEc,L1,LINE
chr14,32147235,32147256,MA1714.1,-,2.48e-06,L1M1,L1,LINE
chr8,34559080,34559101,MA1714.1,+,2.48e-06,AluSx1,Alu,SINE
chr5,36009558,36009579,MA1714.1,-,2.48e-06,MSTA-int,ERVL-MaLR,LTR
chrX,37037220,37037241,MA1714.1,+,2.48e-06,L1PA13,L1,LINE
chr15,38132042,38132063,MA1714.1,+,2.48e-06,L1ME3,L1,LINE
chr15,39175768,39175789,MA1714.1,-,2.48e-06,MLT1A0,ERVL-MaLR,LTR
chrX,47412527,47412548,MA1714.1,-,2.48e-06,MLT1B,ERVL-MaLR,LTR
chr8,52742297,52742318,MA1714.1,+,2.48e-06,AluSx1,Alu,SINE
chr16,57594032,57594053,MA1714.1,-,2.48e-06,HAL1,L1,LINE
chr10,58733739,58733760,MA1714.1,-,2.48e-06,MSTA-int,ERVL-MaLR,LTR
chr6,63551637,63551658,MA1714.1,+,2.48e-06,SATR1,Satellite,Satellite
chr15,63891349,63891370,MA1714.1,+,2.48e-06,MIRb,MIR,SINE
chr11,64435657,64435678,MA1714.1,-,2.48e-06,MIRc,MIR,SINE
chr8,64445694,64445715,MA1714.1,-,2.48e-06,HAL1-3A_ME,L1,LINE
chr7,67481530,67481551,MA1714.1,-,2.48e-06,HAL1-3A_ME,L1,LINE
chr13,75071847,75071868,MA1714.1,-,2.48e-06,L1MD2,L1,LINE
chr12,85412628,85412649,MA1714.1,+,2.48e-06,MIR,MIR,SINE
chr15,88840052,88840073,MA1714.1,-,2.48e-06,MER117,hAT-Charlie,DNA
chr5,93337963,93337984,MA1714.1,-,2.48e-06,L1MC1,L1,LINE
chr14,93603380,93603401,MA1714.1,+,2.48e-06,MIR,MIR,SINE
chr3,95461845,95461866,MA1714.1,-,2.48e-06,MSTA-int,ERVL-MaLR,LTR
chr3,95500265,95500286,MA1714.1,+,2.48e-06,THE1B-int,ERVL-MaLR,LTR
chr12,96046241,96046262,MA1714.1,+,2.48e-06,MIR,MIR,SINE
chr11,96111942,96111963,MA1714.1,-,2.48e-06,L1M6,L1,LINE
chr7,98213422,98213443,MA1714.1,-,2.48e-06,L1MC4,L1,LINE
chr13,99390679,99390700,MA1714.1,+,2.48e-06,MSTA-int,ERVL-MaLR,LTR
chr1,100363338,100363359,MA1714.1,+,2.48e-06,MIR,MIR,SINE
chr12,105129065,105129086,MA1714.1,+,2.48e-06,MIRb,MIR,SINE
chr13,106172384,106172405,MA1714.1,+,2.48e-06,L1PB1,L1,LINE
chr13,106570670,106570691,MA1714.1,-,2.48e-06,MIR,MIR,SINE
chr4,110801487,110801508,MA1714.1,+,2.48e-06,L1M3b,L1,LINE
chr10,111221628,111221649,MA1714.1,+,2.48e-06,L2c,L2,LINE
chr6,113257516,113257537,MA1714.1,+,2.48e-06,MER115,hAT-Tip100,DNA
chr11,114469483,114469504,MA1714.1,-,2.48e-06,MSTA-int,ERVL-MaLR,LTR
chr6,115826388,115826409,MA1714.1,+,2.48e-06,AluJr,Alu,SINE
chr4,121618764,121618785,MA1714.1,-,2.48e-06,AluJb,Alu,SINE
chr11,123683311,123683332,MA1714.1,-,2.48e-06,L1PA15,L1,LINE
chr8,124956358,124956379,MA1714.1,+,2.48e-06,MIRb,MIR,SINE
chr12,125173353,125173374,MA1714.1,-,2.48e-06,MIR,MIR,SINE
chr4,132988375,132988396,MA1714.1,-,2.48e-06,MLT1D,ERVL-MaLR,LTR
chr2,139001559,139001580,MA1714.1,-,2.48e-06,MER21C,ERVL,LTR
chrX,141201690,141201711,MA1714.1,-,2.48e-06,L1MA6,L1,LINE
chr3,149133463,149133484,MA1714.1,+,2.48e-06,MIR,MIR,SINE
chr5,175635629,175635650,MA1714.1,-,2.48e-06,MSTA-int,ERVL-MaLR,LTR
chr5,177129630,177129651,MA1714.1,+,2.48e-06,MSTA-int,ERVL-MaLR,LTR
chr4,184767284,184767305,MA1714.1,-,2.48e-06,L1M4,L1,LINE
chr1,195875400,195875421,MA1714.1,-,2.48e-06,MLT1J1,ERVL-MaLR,LTR
chr2,216519901,216519922,MA1714.1,-,2.48e-06,MER39,ERV1,LTR
chr1,219398604,219398625,MA1714.1,+,2.48e-06,MIRc,MIR,SINE
chr2,230399955,230399976,MA1714.1,+,2.48e-06,Charlie1a,hAT-Charlie,DNA
chr1,230404052,230404073,MA1714.1,+,2.48e-06,MamRep434,TcMar-Tigger,DNA
chr2,231384551,231384572,MA1714.1,-,2.48e-06,LOR1-int,ERV1,LTR
chr1,235072702,235072723,MA1714.1,+,2.48e-06,Looper,PiggyBac,DNA
chr8,3280848,3280869,MA1714.1,-,2.49e-06,L1ME2,L1,LINE
chr18,4996121,4996142,MA1714.1,+,2.49e-06,L1M5,L1,LINE
chr16,7970888,7970909,MA1714.1,+,2.49e-06,AluSz,Alu,SINE
chr12,8939579,8939600,MA1714.1,-,2.49e-06,MSTA-int,ERVL-MaLR,LTR
chr7,9703043,9703064,MA1714.1,+,2.49e-06,AluSz,Alu,SINE
chr18,10153184,10153205,MA1714.1,+,2.49e-06,MLT1J,ERVL-MaLR,LTR
chr4,12002268,12002289,MA1714.1,-,2.49e-06,MSTB1-int,ERVL-MaLR,LTR
chr8,14706331,14706352,MA1714.1,+,2.49e-06,L1ME1,L1,LINE
chrY,18985893,18985914,MA1714.1,-,2.49e-06,AluSc,Alu,SINE
chr11,23237577,23237598,MA1714.1,+,2.49e-06,L1ME2,L1,LINE
chr10,23861088,23861109,MA1714.1,+,2.49e-06,L1M1,L1,LINE
chr2,31857634,31857655,MA1714.1,+,2.49e-06,HERV17-int,ERV1,LTR
chr19,32337847,32337868,MA1714.1,-,2.49e-06,Tigger2,TcMar-Tigger,DNA
chr3,34052833,34052854,MA1714.1,+,2.49e-06,MIRb,MIR,SINE
chr20,34648711,34648732,MA1714.1,+,2.49e-06,L1MC3,L1,LINE
chr6,35603295,35603316,MA1714.1,-,2.49e-06,Charlie1a,hAT-Charlie,DNA
chr22,38556901,38556922,MA1714.1,+,2.49e-06,L1ME3A,L1,LINE
chr14,52848078,52848099,MA1714.1,+,2.49e-06,MSTB1,ERVL-MaLR,LTR
chr14,53761244,53761265,MA1714.1,-,2.49e-06,AluY,Alu,SINE
chr18,54960794,54960815,MA1714.1,-,2.49e-06,L1MC1,L1,LINE
chr15,56017902,56017923,MA1714.1,+,2.49e-06,L1MB7,L1,LINE
chrX,64416605,64416626,MA1714.1,+,2.49e-06,HERVK22-int,ERVK,LTR
chr7,64745284,64745305,MA1714.1,-,2.49e-06,L1MB2,L1,LINE
chr10,67788720,67788741,MA1714.1,+,2.49e-06,HAL1,L1,LINE
chr3,68012725,68012746,MA1714.1,+,2.49e-06,L1ME3F,L1,LINE
chr2,68807932,68807953,MA1714.1,+,2.49e-06,LTR86A2,ERVL,LTR
chr11,79073841,79073862,MA1714.1,+,2.49e-06,MIRb,MIR,SINE
chr3,80700691,80700712,MA1714.1,-,2.49e-06,MLT1F2,ERVL-MaLR,LTR
chr13,80968131,80968152,MA1714.1,+,2.49e-06,MLT1D-int,ERVL-MaLR,LTR
chrX,81133168,81133189,MA1714.1,+,2.49e-06,L1MA3,L1,LINE
chr16,81938164,81938185,MA1714.1,-,2.49e-06,MIRb,MIR,SINE
chr4,85519173,85519194,MA1714.1,+,2.49e-06,AluY,Alu,SINE
chr6,89447723,89447744,MA1714.1,+,2.49e-06,L1MC3,L1,LINE
chr14,90752005,90752026,MA1714.1,-,2.49e-06,AluJo,Alu,SINE
chr11,94584884,94584905,MA1714.1,+,2.49e-06,MIR,MIR,SINE
chr9,96595420,96595441,MA1714.1,-,2.49e-06,L1ME2,L1,LINE
chr10,98323973,98323994,MA1714.1,+,2.49e-06,AluJr,Alu,SINE
chr11,105612578,105612599,MA1714.1,+,2.49e-06,L1MA9,L1,LINE
chr12,109257146,109257167,MA1714.1,+,2.49e-06,MLT1D,ERVL-MaLR,LTR
chr9,115128665,115128686,MA1714.1,+,2.49e-06,THE1B-int,ERVL-MaLR,LTR
chr1,117011548,117011569,MA1714.1,-,2.49e-06,MIRc,MIR,SINE
chr12,117209232,117209253,MA1714.1,+,2.49e-06,AluJb,Alu,SINE
chr6,118506325,118506346,MA1714.1,-,2.49e-06,MamGypLTR1d,Gypsy,LTR
chr1,118875664,118875685,MA1714.1,+,2.49e-06,MIR,MIR,SINE
chr10,123929857,123929878,MA1714.1,-,2.49e-06,AluSz,Alu,SINE
chr2,124605832,124605853,MA1714.1,+,2.49e-06,L1MA4A,L1,LINE
chr8,125059599,125059620,MA1714.1,+,2.49e-06,MIR,MIR,SINE
chr10,126956292,126956313,MA1714.1,-,2.49e-06,L1MA4A,L1,LINE
chrX,140207975,140207996,MA1714.1,+,2.49e-06,L1MEc,L1,LINE
chrX,140561592,140561613,MA1714.1,-,2.49e-06,L1MEc,L1,LINE
chr2,143629834,143629855,MA1714.1,+,2.49e-06,AluY,Alu,SINE
chr5,145910085,145910106,MA1714.1,-,2.49e-06,Charlie1b,hAT-Charlie,DNA
chr5,156655882,156655903,MA1714.1,-,2.49e-06,AluJb,Alu,SINE
chr3,163739992,163740013,MA1714.1,-,2.49e-06,HERVFH21-int,ERV1,LTR
chr1,166142955,166142976,MA1714.1,+,2.49e-06,MIRb,MIR,SINE
chr5,167175988,167176009,MA1714.1,-,2.49e-06,AluJb,Alu,SINE
chr6,169213640,169213661,MA1714.1,+,2.49e-06,L1ME2,L1,LINE
chr5,174814786,174814807,MA1714.1,+,2.49e-06,L1ME4a,L1,LINE
chr2,185955086,185955107,MA1714.1,+,2.49e-06,THE1B-int,ERVL-MaLR,LTR
chr1,189865852,189865873,MA1714.1,+,2.49e-06,L1MA3,L1,LINE
chr2,206835783,206835804,MA1714.1,+,2.49e-06,MER57A-int,ERV1,LTR
chr2,230051365,230051386,MA1714.1,-,2.49e-06,THE1B-int,ERVL-MaLR,LTR
chr2,232851162,232851183,MA1714.1,-,2.49e-06,L1MC4,L1,LINE
chr1,244357344,244357365,MA1714.1,-,2.49e-06,L1ME3B,L1,LINE
chr18,10184630,10184651,MA1714.1,-,2.51e-06,MER57A-int,ERV1,LTR
chr6,11664974,11664995,MA1714.1,+,2.51e-06,L1MD2,L1,LINE
chr16,13756877,13756898,MA1714.1,+,2.51e-06,MIR,MIR,SINE
chr11,20458142,20458163,MA1714.1,-,2.51e-06,L1MA9,L1,LINE
chr7,22856414,22856435,MA1714.1,+,2.51e-06,MIRb,MIR,SINE
chr2,30924936,30924957,MA1714.1,-,2.51e-06,L1ME1,L1,LINE
chr7,42926513,42926534,MA1714.1,+,2.51e-06,L1MC4,L1,LINE
chr11,48383310,48383331,MA1714.1,-,2.51e-06,AluSz6,Alu,SINE
chr1,49951454,49951475,MA1714.1,+,2.51e-06,L1MA2,L1,LINE
chrX,54419066,54419087,MA1714.1,+,2.51e-06,MER4D1,ERV1,LTR
chr19,55847627,55847648,MA1714.1,-,2.51e-06,L1ME3C,L1,LINE
chrX,63114868,63114889,MA1714.1,+,2.51e-06,L1MA4,L1,LINE
chr3,66833252,66833273,MA1714.1,-,2.51e-06,L1ME3C,L1,LINE
chr18,68615157,68615178,MA1714.1,+,2.51e-06,L1M1,L1,LINE
chr3,73380607,73380628,MA1714.1,-,2.51e-06,L1PB1,L1,LINE
chr17,73759743,73759764,MA1714.1,+,2.51e-06,MIRb,MIR,SINE
chr12,79094134,79094155,MA1714.1,-,2.51e-06,L1ME2,L1,LINE
chr11,80487625,80487646,MA1714.1,+,2.51e-06,MLT1H,ERVL-MaLR,LTR
chr8,83894102,83894123,MA1714.1,+,2.51e-06,L1MC4a,L1,LINE
chr13,96668655,96668676,MA1714.1,+,2.51e-06,MSTB-int,ERVL-MaLR,LTR
chr13,96771852,96771873,MA1714.1,-,2.51e-06,ALINE,RTE,LINE
chr8,99049883,99049904,MA1714.1,+,2.51e-06,MIR,MIR,SINE
chr7,130653081,130653102,MA1714.1,-,2.51e-06,MIR,MIR,SINE
chr3,136897209,136897230,MA1714.1,-,2.51e-06,L1MEg,L1,LINE
chr9,140363704,140363725,MA1714.1,+,2.51e-06,L1MEg,L1,LINE
chr7,148047104,148047125,MA1714.1,-,2.51e-06,L2a,L2,LINE
chrX,149990825,149990846,MA1714.1,+,2.51e-06,L1MB5,L1,LINE
chr4,153002468,153002489,MA1714.1,+,2.51e-06,MER117,hAT-Charlie,DNA
chr1,194002990,194003011,MA1714.1,-,2.51e-06,MSTA-int,ERVL-MaLR,LTR
chr2,194437717,194437738,MA1714.1,-,2.51e-06,MLT1A0,ERVL-MaLR,LTR
chr3,197752314,197752335,MA1714.1,-,2.51e-06,AluJb,Alu,SINE
chr2,223771566,223771587,MA1714.1,-,2.51e-06,AluSc,Alu,SINE
chr12,4064379,4064400,MA1714.1,-,2.53e-06,L1MEe,L1,LINE
chr8,4481090,4481111,MA1714.1,+,2.53e-06,L1ME1,L1,LINE
chr16,10600845,10600866,MA1714.1,-,2.53e-06,L1MC5,L1,LINE
chr5,13230831,13230852,MA1714.1,+,2.53e-06,HAL1,L1,LINE
chr2,15985340,15985361,MA1714.1,+,2.53e-06,MIR,MIR,SINE
chr9,16859879,16859900,MA1714.1,+,2.53e-06,AluSx,Alu,SINE
chr1,21609005,21609026,MA1714.1,+,2.53e-06,AluSx,Alu,SINE
chr5,22040361,22040382,MA1714.1,+,2.53e-06,L1MA6,L1,LINE
chr1,23829076,23829097,MA1714.1,-,2.53e-06,L1MB7,L1,LINE
chr15,25145881,25145902,MA1714.1,+,2.53e-06,ERVL-E-int,ERVL,LTR
chr13,26773731,26773752,MA1714.1,+,2.53e-06,L1MEf,L1,LINE
chrX,27367845,27367866,MA1714.1,+,2.53e-06,AluJr,Alu,SINE
chr22,28645523,28645544,MA1714.1,+,2.53e-06,Plat_L3,CR1,LINE
chr22,33166780,33166801,MA1714.1,+,2.53e-06,MIR,MIR,SINE
chr14,35190456,35190477,MA1714.1,-,2.53e-06,L1MB7,L1,LINE
chr1,47108631,47108652,MA1714.1,-,2.53e-06,MER46C,TcMar-Tigger,DNA
chr11,49443249,49443270,MA1714.1,+,2.53e-06,L1MC3,L1,LINE
chr20,50735608,50735629,MA1714.1,+,2.53e-06,AluJo,Alu,SINE
chr19,51045416,51045437,MA1714.1,+,2.53e-06,L1ME5,L1,LINE
chr2,51309557,51309578,MA1714.1,+,2.53e-06,LTR16C,ERVL,LTR
chr12,51929559,51929580,MA1714.1,-,2.53e-06,L1MC3,L1,LINE
chr15,57607052,57607073,MA1714.1,+,2.53e-06,AluSq2,Alu,SINE
chr13,62048855,62048876,MA1714.1,+,2.53e-06,MLT1J2,ERVL-MaLR,LTR
chr14,64026223,64026244,MA1714.1,-,2.53e-06,MSTA,ERVL-MaLR,LTR
chr18,68715130,68715151,MA1714.1,-,2.53e-06,L1MDa,L1,LINE
chr7,69188535,69188556,MA1714.1,+,2.53e-06,MIR,MIR,SINE
chr2,70611983,70612004,MA1714.1,+,2.53e-06,AluJo,Alu,SINE
chr2,70722967,70722988,MA1714.1,-,2.53e-06,L1MB1,L1,LINE
chr8,73371297,73371318,MA1714.1,-,2.53e-06,L1MCa,L1,LINE
chr5,76156037,76156058,MA1714.1,-,2.53e-06,MLT1N2,ERVL-MaLR,LTR
chr11,82812173,82812194,MA1714.1,+,2.53e-06,MIRb,MIR,SINE
chr6,82982299,82982320,MA1714.1,-,2.53e-06,MER127,TcMar-Tigger,DNA
chr8,85671270,85671291,MA1714.1,-,2.53e-06,MLT1D,ERVL-MaLR,LTR
chr9,88679802,88679823,MA1714.1,+,2.53e-06,LTR67B,ERVL,LTR
chr11,92312476,92312497,MA1714.1,+,2.53e-06,L3b,CR1,LINE
chrX,94009856,94009877,MA1714.1,-,2.53e-06,MSTB-int,ERVL-MaLR,LTR
chr2,97029431,97029452,MA1714.1,+,2.53e-06,L3,CR1,LINE
chr1,99275155,99275176,MA1714.1,-,2.53e-06,THE1C-int,ERVL-MaLR,LTR
chr4,99844576,99844597,MA1714.1,-,2.53e-06,AluJb,Alu,SINE
chr9,100279556,100279577,MA1714.1,+,2.53e-06,AluJr,Alu,SINE
chr8,100745677,100745698,MA1714.1,+,2.53e-06,MIR,MIR,SINE
chr9,113673746,113673767,MA1714.1,+,2.53e-06,AluJo,Alu,SINE
chr8,117437046,117437067,MA1714.1,-,2.53e-06,MLT1D,ERVL-MaLR,LTR
chr3,130882421,130882442,MA1714.1,+,2.53e-06,L1MA8,L1,LINE
chrX,152947051,152947072,MA1714.1,+,2.53e-06,L1MC3,L1,LINE
chr7,155376253,155376274,MA1714.1,+,2.53e-06,MLT1A0-int,ERVL-MaLR,LTR
chr5,160073945,160073966,MA1714.1,-,2.53e-06,MER20,hAT-Charlie,DNA
chr5,164630385,164630406,MA1714.1,-,2.53e-06,L1MEc,L1,LINE
chr1,178039593,178039614,MA1714.1,+,2.53e-06,MIRb,MIR,SINE
chr3,183626743,183626764,MA1714.1,-,2.53e-06,MIRb,MIR,SINE
chr1,234779595,234779616,MA1714.1,-,2.53e-06,MIR,MIR,SINE
chr11,9183276,9183297,MA1714.1,-,2.55e-06,MIR,MIR,SINE
chr21,16218787,16218808,MA1714.1,-,2.55e-06,THE1C-int,ERVL-MaLR,LTR
chr9,25533004,25533025,MA1714.1,+,2.55e-06,L3,CR1,LINE
chr2,26066913,26066934,MA1714.1,-,2.55e-06,MER20B,hAT-Charlie,DNA
chr3,31528243,31528264,MA1714.1,+,2.55e-06,MER96B,hAT,DNA
chr3,31916004,31916025,MA1714.1,+,2.55e-06,L1MC4a,L1,LINE
chr19,40800265,40800286,MA1714.1,+,2.55e-06,MER34-int,ERV1,LTR
chr1,42359868,42359889,MA1714.1,-,2.55e-06,MIR,MIR,SINE
chr2,45315372,45315393,MA1714.1,-,2.55e-06,L1MD2,L1,LINE
chr17,46209565,46209586,MA1714.1,-,2.55e-06,MIR,MIR,SINE
chr1,53012741,53012762,MA1714.1,+,2.55e-06,AluJr,Alu,SINE
chr1,55547508,55547529,MA1714.1,+,2.55e-06,MIRc,MIR,SINE
chrX,56082030,56082051,MA1714.1,-,2.55e-06,L1MA5A,L1,LINE
chr1,63244104,63244125,MA1714.1,+,2.55e-06,MER39,ERV1,LTR
chr4,63408696,63408717,MA1714.1,+,2.55e-06,L1MC1,L1,LINE
chr14,64598371,64598392,MA1714.1,-,2.55e-06,AluJr,Alu,SINE
chr7,65080264,65080285,MA1714.1,+,2.55e-06,AluJr,Alu,SINE
chr16,66874155,66874176,MA1714.1,+,2.55e-06,L1PB1,L1,LINE
chr14,69683692,69683713,MA1714.1,-,2.55e-06,L1MA8,L1,LINE
chr13,74788421,74788442,MA1714.1,-,2.55e-06,HAL1,L1,LINE
chr4,75989582,75989603,MA1714.1,-,2.55e-06,Charlie25,hAT-Charlie,DNA
chr4,77809811,77809832,MA1714.1,-,2.55e-06,MIR,MIR,SINE
chr9,78036699,78036720,MA1714.1,+,2.55e-06,MIRc,MIR,SINE
chrX,82273256,82273277,MA1714.1,+,2.55e-06,L1MB4,L1,LINE
chr15,86518373,86518394,MA1714.1,+,2.55e-06,MIRb,MIR,SINE
chrX,87036364,87036385,MA1714.1,+,2.55e-06,L1P3,L1,LINE
chr3,89779635,89779656,MA1714.1,+,2.55e-06,THE1-int,ERVL-MaLR,LTR
chr12,93621934,93621955,MA1714.1,-,2.55e-06,L1ME3C,L1,LINE
chr5,94897456,94897477,MA1714.1,+,2.55e-06,L1MB8,L1,LINE
chr8,103019329,103019350,MA1714.1,+,2.55e-06,L1MD3,L1,LINE
chr14,106258482,106258503,MA1714.1,-,2.55e-06,MER34A1,ERV1,LTR
chr13,109512505,109512526,MA1714.1,-,2.55e-06,L1PA14,L1,LINE
chr11,109625202,109625223,MA1714.1,+,2.55e-06,MIRb,MIR,SINE
chr3,121201827,121201848,MA1714.1,-,2.55e-06,Tigger15a,TcMar-Tigger,DNA
chr4,125130527,125130548,MA1714.1,+,2.55e-06,L3b,CR1,LINE
chrX,129022965,129022986,MA1714.1,+,2.55e-06,L1MC3,L1,LINE
chr11,134603245,134603266,MA1714.1,+,2.55e-06,MER39,ERV1,LTR
chr8,135543751,135543772,MA1714.1,-,2.55e-06,MIRb,MIR,SINE
chr6,148087383,148087404,MA1714.1,+,2.55e-06,HAL1,L1,LINE
chr2,160338896,160338917,MA1714.1,+,2.55e-06,MIRb,MIR,SINE
chr4,171853212,171853233,MA1714.1,+,2.55e-06,L1MD2,L1,LINE
chr2,191636217,191636238,MA1714.1,-,2.55e-06,L1MB4,L1,LINE
chr2,198153580,198153601,MA1714.1,+,2.55e-06,L1MA4A,L1,LINE
chr1,198254076,198254097,MA1714.1,-,2.55e-06,MIRc,MIR,SINE
chr2,207366088,207366109,MA1714.1,-,2.55e-06,L3,CR1,LINE
chr2,230372811,230372832,MA1714.1,+,2.55e-06,L1ME3F,L1,LINE
chr20,1124017,1124038,MA1714.1,+,2.56e-06,L1MD1,L1,LINE
chr20,7144540,7144561,MA1714.1,+,2.56e-06,THE1D-int,ERVL-MaLR,LTR
chr2,15350953,15350974,MA1714.1,+,2.56e-06,L1MA2,L1,LINE
chr11,16612200,16612221,MA1714.1,+,2.56e-06,L1MA3,L1,LINE
chr2,17655846,17655867,MA1714.1,-,2.56e-06,L1MB7,L1,LINE
chrX,19095019,19095040,MA1714.1,+,2.56e-06,L1MEe,L1,LINE
chrX,20982335,20982356,MA1714.1,+,2.56e-06,L1MA3,L1,LINE
chr1,21989348,21989369,MA1714.1,+,2.56e-06,MIR,MIR,SINE
chr1,24552853,24552874,MA1714.1,-,2.56e-06,Tigger1,TcMar-Tigger,DNA
chrX,32735355,32735376,MA1714.1,+,2.56e-06,MSTA-int,ERVL-MaLR,LTR
chr4,33494635,33494656,MA1714.1,-,2.56e-06,MER1A,hAT-Charlie,DNA
chr7,38623794,38623815,MA1714.1,-,2.56e-06,L1MC4,L1,LINE
chr22,43829061,43829082,MA1714.1,+,2.56e-06,L3,CR1,LINE
chr12,47191546,47191567,MA1714.1,+,2.56e-06,L2,L2,LINE
chr22,49388369,49388390,MA1714.1,+,2.56e-06,L1MA6,L1,LINE
chr18,49391413,49391434,MA1714.1,+,2.56e-06,MIRc,MIR,SINE
chr13,49503412,49503433,MA1714.1,+,2.56e-06,MER96,hAT,DNA
chr7,54726282,54726303,MA1714.1,-,2.56e-06,LTR40a,ERVL,LTR
chr18,56287162,56287183,MA1714.1,+,2.56e-06,L1ME1,L1,LINE
chr15,59138102,59138123,MA1714.1,+,2.56e-06,L1MA2,L1,LINE
chr2,60207644,60207665,MA1714.1,-,2.56e-06,MLT1C,ERVL-MaLR,LTR
chr16,61198606,61198627,MA1714.1,-,2.56e-06,AluSz6,Alu,SINE
chr2,64533704,64533725,MA1714.1,-,2.56e-06,MIR,MIR,SINE
chr3,65137924,65137945,MA1714.1,-,2.56e-06,MIR3,MIR,SINE
chr11,75645241,75645262,MA1714.1,+,2.56e-06,L1MA3,L1,LINE
chr18,76956459,76956480,MA1714.1,+,2.56e-06,L1MC4,L1,LINE
chrX,80182463,80182484,MA1714.1,+,2.56e-06,L1PB1,L1,LINE
chr7,84899538,84899559,MA1714.1,+,2.56e-06,L1MA4A,L1,LINE
chr10,86341420,86341441,MA1714.1,+,2.56e-06,L1MA8,L1,LINE
chr6,87900918,87900939,MA1714.1,-,2.56e-06,MER30,hAT-Charlie,DNA
chr10,94533491,94533512,MA1714.1,-,2.56e-06,HAL1b,L1,LINE
chr4,113215965,113215986,MA1714.1,-,2.56e-06,Charlie2a,hAT-Charlie,DNA
chr11,114164714,114164735,MA1714.1,+,2.56e-06,L1MA3,L1,LINE
chr6,115726984,115727005,MA1714.1,-,2.56e-06,L1M7,L1,LINE
chr2,119667250,119667271,MA1714.1,-,2.56e-06,L2c,L2,LINE
chr10,125038839,125038860,MA1714.1,+,2.56e-06,MIRb,MIR,SINE
chr7,142475996,142476017,MA1714.1,+,2.56e-06,MIRb,MIR,SINE
chr3,144127939,144127960,MA1714.1,-,2.56e-06,L1MA5A,L1,LINE
chr4,147006847,147006868,MA1714.1,+,2.56e-06,L1MA4A,L1,LINE
chr6,168320140,168320161,MA1714.1,+,2.56e-06,MIR,MIR,SINE
chr2,169778758,169778779,MA1714.1,-,2.56e-06,HAL1,L1,LINE
chr9,775303,775324,MA1714.1,+,2.58e-06,MLT1F2,ERVL-MaLR,LTR
chr7,2956750,2956771,MA1714.1,+,2.58e-06,MIRc,MIR,SINE
chr4,8495443,8495464,MA1714.1,-,2.58e-06,Tigger3,TcMar-Tigger,DNA
chr21,10979097,10979118,MA1714.1,+,2.58e-06,L1MEg,L1,LINE
chr9,13371230,13371251,MA1714.1,-,2.58e-06,L1MA3,L1,LINE
chr9,13560011,13560032,MA1714.1,+,2.58e-06,MIRb,MIR,SINE
chr16,14896450,14896471,MA1714.1,-,2.58e-06,MIRc,MIR,SINE
chr16,18375537,18375558,MA1714.1,+,2.58e-06,MIRc,MIR,SINE
chr13,20082559,20082580,MA1714.1,+,2.58e-06,L1MEd,L1,LINE
chr9,26354185,26354206,MA1714.1,+,2.58e-06,L1MA9,L1,LINE
chrY,28648998,28649019,MA1714.1,-,2.58e-06,L1MEd,L1,LINE
chr13,34522255,34522276,MA1714.1,+,2.58e-06,THE1D-int,ERVL-MaLR,LTR
chr6,36998522,36998543,MA1714.1,-,2.58e-06,L1ME1,L1,LINE
chr13,37162119,37162140,MA1714.1,-,2.58e-06,HAL1,L1,LINE
chr10,37190658,37190679,MA1714.1,-,2.58e-06,MLT1B,ERVL-MaLR,LTR
chr9,37565454,37565475,MA1714.1,-,2.58e-06,MIRb,MIR,SINE
chr6,40098071,40098092,MA1714.1,+,2.58e-06,HERVL32-int,ERVL,LTR
chr5,42921703,42921724,MA1714.1,-,2.58e-06,LTR57-int,ERVL,LTR
chr2,45338092,45338113,MA1714.1,+,2.58e-06,MIRb,MIR,SINE
chr10,45975914,45975935,MA1714.1,+,2.58e-06,THE1B-int,ERVL-MaLR,LTR
chr6,49135153,49135174,MA1714.1,-,2.58e-06,L1MA6,L1,LINE
chr22,50679920,50679941,MA1714.1,+,2.58e-06,LTR13,ERVK,LTR
chr22,50712161,50712182,MA1714.1,+,2.58e-06,LTR13,ERVK,LTR
chr2,51063603,51063624,MA1714.1,-,2.58e-06,L1MA7,L1,LINE
chr5,51873726,51873747,MA1714.1,+,2.58e-06,AluJo,Alu,SINE
chr14,52284842,52284863,MA1714.1,-,2.58e-06,MLT1L,ERVL-MaLR,LTR
chr1,52595324,52595345,MA1714.1,-,2.58e-06,Charlie1a,hAT-Charlie,DNA
chrX,58127429,58127450,MA1714.1,-,2.58e-06,HSAT4,centr,Satellite
chr15,60051710,60051731,MA1714.1,+,2.58e-06,MIRc,MIR,SINE
chr10,69620652,69620673,MA1714.1,+,2.58e-06,AluJr,Alu,SINE
chr10,71430654,71430675,MA1714.1,+,2.58e-06,L1PA7,L1,LINE
chr9,77002224,77002245,MA1714.1,+,2.58e-06,LTR85a,Gypsy,LTR
chr15,77728872,77728893,MA1714.1,-,2.58e-06,AluSz,Alu,SINE
chr11,104574254,104574275,MA1714.1,-,2.58e-06,L1MC1,L1,LINE
chr11,106424375,106424396,MA1714.1,+,2.58e-06,MER52D,ERV1,LTR
chr2,107537356,107537377,MA1714.1,-,2.58e-06,L1MC2,L1,LINE
chr13,112305956,112305977,MA1714.1,+,2.58e-06,MIRb,MIR,SINE
chr5,119063085,119063106,MA1714.1,+,2.58e-06,THE1D-int,ERVL-MaLR,LTR
chr5,124003410,124003431,MA1714.1,-,2.58e-06,MIR,MIR,SINE
chr7,135464157,135464178,MA1714.1,+,2.58e-06,L1MA4,L1,LINE
chr4,138788758,138788779,MA1714.1,+,2.58e-06,L1PA4,L1,LINE
chr4,143658737,143658758,MA1714.1,+,2.58e-06,L1PA4,L1,LINE
chr4,146718082,146718103,MA1714.1,-,2.58e-06,MIRb,MIR,SINE
chr3,152592113,152592134,MA1714.1,-,2.58e-06,THE1B-int,ERVL-MaLR,LTR
chr1,160134837,160134858,MA1714.1,-,2.58e-06,L3,CR1,LINE
chr4,160676122,160676143,MA1714.1,+,2.58e-06,MSTA-int,ERVL-MaLR,LTR
chr2,161506479,161506500,MA1714.1,+,2.58e-06,MER52D,ERV1,LTR
chr1,164938337,164938358,MA1714.1,+,2.58e-06,MIRb,MIR,SINE
chr3,177318656,177318677,MA1714.1,+,2.58e-06,MIRc,MIR,SINE
chr5,178243702,178243723,MA1714.1,+,2.58e-06,L1M3,L1,LINE
chr1,183613475,183613496,MA1714.1,+,2.58e-06,MIR,MIR,SINE
chr2,219517547,219517568,MA1714.1,-,2.58e-06,MIRc,MIR,SINE
chr5,7912656,7912677,MA1714.1,-,2.6e-06,THE1B-int,ERVL-MaLR,LTR
chr16,9813945,9813966,MA1714.1,-,2.6e-06,MIRb,MIR,SINE
chr3,10549436,10549457,MA1714.1,-,2.6e-06,MIRc,MIR,SINE
chr17,11581084,11581105,MA1714.1,-,2.6e-06,L1ME3D,L1,LINE
chr12,15853056,15853077,MA1714.1,+,2.6e-06,AluSg,Alu,SINE
chrY,20034607,20034628,MA1714.1,-,2.6e-06,AluSq2,Alu,SINE
chrY,20095110,20095131,MA1714.1,+,2.6e-06,AluSq2,Alu,SINE
chr22,24091865,24091886,MA1714.1,-,2.6e-06,AluSx,Alu,SINE
chr9,25433042,25433063,MA1714.1,-,2.6e-06,THE1D-int,ERVL-MaLR,LTR
chrY,26237593,26237614,MA1714.1,-,2.6e-06,AluSq2,Alu,SINE
chr4,26562608,26562629,MA1714.1,+,2.6e-06,L1M5,L1,LINE
chrY,27724815,27724836,MA1714.1,+,2.6e-06,AluSq2,Alu,SINE
chr2,34773318,34773339,MA1714.1,-,2.6e-06,L1M2,L1,LINE
chr20,42118548,42118569,MA1714.1,-,2.6e-06,MER57B2,ERV1,LTR
chr19,47101790,47101811,MA1714.1,-,2.6e-06,L1MA4,L1,LINE
chr12,47152551,47152572,MA1714.1,+,2.6e-06,THE1B-int,ERVL-MaLR,LTR
chr18,48688691,48688712,MA1714.1,+,2.6e-06,MIRc,MIR,SINE
chr13,49558788,49558809,MA1714.1,+,2.6e-06,L1MC4a,L1,LINE
chr18,53111786,53111807,MA1714.1,+,2.6e-06,L3,CR1,LINE
chr5,54669057,54669078,MA1714.1,+,2.6e-06,MER39,ERV1,LTR
chr5,54669057,54669078,MA1714.1,+,2.6e-06,MER21A,ERVL,LTR
chr5,54669057,54669078,MA1714.1,+,2.6e-06,MER39,ERV1,LTR
chr5,54669057,54669078,MA1714.1,+,2.6e-06,MER21A,ERVL,LTR
chr2,56732442,56732463,MA1714.1,-,2.6e-06,AluJr,Alu,SINE
chr18,57006692,57006713,MA1714.1,+,2.6e-06,L1PB4,L1,LINE
chr11,58206133,58206154,MA1714.1,+,2.6e-06,L1M4,L1,LINE
chr10,59685758,59685779,MA1714.1,+,2.6e-06,MLT1A0,ERVL-MaLR,LTR
chr6,63070368,63070389,MA1714.1,+,2.6e-06,L1MB3,L1,LINE
chr16,70339243,70339264,MA1714.1,-,2.6e-06,HAL1,L1,LINE
chr10,70430027,70430048,MA1714.1,-,2.6e-06,L1MC4,L1,LINE
chr3,71469417,71469438,MA1714.1,+,2.6e-06,MER113,hAT-Charlie,DNA
chr10,72888601,72888622,MA1714.1,+,2.6e-06,L3,CR1,LINE
chr5,75432958,75432979,MA1714.1,+,2.6e-06,MIRb,MIR,SINE
chr4,79787670,79787691,MA1714.1,+,2.6e-06,MIR,MIR,SINE
chr13,84038112,84038133,MA1714.1,+,2.6e-06,L1PA8A,L1,LINE
chr4,91465844,91465865,MA1714.1,-,2.6e-06,MER77B,ERVL,LTR
chr9,95364310,95364331,MA1714.1,+,2.6e-06,L1MC4,L1,LINE
chr15,95731250,95731271,MA1714.1,+,2.6e-06,MSTA-int,ERVL-MaLR,LTR
chr6,96915185,96915206,MA1714.1,+,2.6e-06,MIRb,MIR,SINE
chr4,101644429,101644450,MA1714.1,+,2.6e-06,L1MEf,L1,LINE
chrX,102259251,102259272,MA1714.1,+,2.6e-06,MIR,MIR,SINE
chr13,105785026,105785047,MA1714.1,-,2.6e-06,MLT1A0,ERVL-MaLR,LTR
chr10,113786299,113786320,MA1714.1,+,2.6e-06,L1MA7,L1,LINE
chrX,125736237,125736258,MA1714.1,+,2.6e-06,MLT1A0,ERVL-MaLR,LTR
chr2,128795299,128795320,MA1714.1,+,2.6e-06,HERVI-int,ERV1,LTR
chr6,139103620,139103641,MA1714.1,-,2.6e-06,L1MC4a,L1,LINE
chr5,141308395,141308416,MA1714.1,+,2.6e-06,MIR,MIR,SINE
chr5,142014822,142014843,MA1714.1,+,2.6e-06,MIR,MIR,SINE
chr2,146212602,146212623,MA1714.1,+,2.6e-06,L1MC3,L1,LINE
chrX,146289993,146290014,MA1714.1,+,2.6e-06,MSTA-int,ERVL-MaLR,LTR
chr1,151419452,151419473,MA1714.1,-,2.6e-06,L1MC5,L1,LINE
chr3,175653888,175653909,MA1714.1,+,2.6e-06,MSTA-int,ERVL-MaLR,LTR
chr4,175976050,175976071,MA1714.1,+,2.6e-06,L1PBa,L1,LINE
chr1,201494810,201494831,MA1714.1,+,2.6e-06,L1MEf,L1,LINE
chr5,3898467,3898488,MA1714.1,+,2.62e-06,L1MC3,L1,LINE
chr9,5746504,5746525,MA1714.1,+,2.62e-06,MER103C,hAT-Charlie,DNA
chr1,5830617,5830638,MA1714.1,+,2.62e-06,AluSz,Alu,SINE
chr3,5912689,5912710,MA1714.1,-,2.62e-06,L1MC3,L1,LINE
chr5,11887852,11887873,MA1714.1,-,2.62e-06,L1MC3,L1,LINE
chr17,12464265,12464286,MA1714.1,-,2.62e-06,L1PB1,L1,LINE
chr5,13097135,13097156,MA1714.1,+,2.62e-06,L1MC1,L1,LINE
chr19,19977595,19977616,MA1714.1,-,2.62e-06,LTR10B1,ERV1,LTR
chr15,32252175,32252196,MA1714.1,+,2.62e-06,MSTB-int,ERVL-MaLR,LTR
chr4,32812139,32812160,MA1714.1,-,2.62e-06,THE1D-int,ERVL-MaLR,LTR
chr20,34790258,34790279,MA1714.1,-,2.62e-06,L3,CR1,LINE
chr9,35203973,35203994,MA1714.1,+,2.62e-06,MSTA-int,ERVL-MaLR,LTR
chr15,55703586,55703607,MA1714.1,+,2.62e-06,AluSx1,Alu,SINE
chr14,61010543,61010564,MA1714.1,-,2.62e-06,L1ME5,L1,LINE
chr2,61591202,61591223,MA1714.1,+,2.62e-06,L1MB4,L1,LINE
chr3,62947876,62947897,MA1714.1,+,2.62e-06,MamGypLTR1a,Gypsy,LTR
chr14,67273003,67273024,MA1714.1,-,2.62e-06,THE1B-int,ERVL-MaLR,LTR
chr12,72172171,72172192,MA1714.1,-,2.62e-06,MIRb,MIR,SINE
chr13,73447859,73447880,MA1714.1,+,2.62e-06,L1ME1,L1,LINE
chr14,74985956,74985977,MA1714.1,+,2.62e-06,L1M5,L1,LINE
chr17,76012953,76012974,MA1714.1,-,2.62e-06,MIR,MIR,SINE
chrX,83173416,83173437,MA1714.1,+,2.62e-06,L1M3c,L1,LINE
chr13,85255455,85255476,MA1714.1,-,2.62e-06,L1PB4,L1,LINE
chr12,86111658,86111679,MA1714.1,-,2.62e-06,THE1B-int,ERVL-MaLR,LTR
chr4,86788313,86788334,MA1714.1,+,2.62e-06,MIRb,MIR,SINE
chrX,93156518,93156539,MA1714.1,+,2.62e-06,THE1D-int,ERVL-MaLR,LTR
chr9,93296056,93296077,MA1714.1,+,2.62e-06,L1MDa,L1,LINE
chr5,93514174,93514195,MA1714.1,-,2.62e-06,L1M6,L1,LINE
chr8,104951703,104951724,MA1714.1,-,2.62e-06,THE1B-int,ERVL-MaLR,LTR
chr9,118904827,118904848,MA1714.1,-,2.62e-06,MIRb,MIR,SINE
chr6,124687129,124687150,MA1714.1,+,2.62e-06,L1MEg,L1,LINE
chr8,134055927,134055948,MA1714.1,-,2.62e-06,MIRb,MIR,SINE
chr3,135038701,135038722,MA1714.1,-,2.62e-06,ERVL-E-int,ERVL,LTR
chrX,139002002,139002023,MA1714.1,+,2.62e-06,AluSx,Alu,SINE
chr6,155854462,155854483,MA1714.1,+,2.62e-06,L1MEd,L1,LINE
chr3,155864574,155864595,MA1714.1,-,2.62e-06,MER58B,hAT-Charlie,DNA
chr2,160487625,160487646,MA1714.1,+,2.62e-06,AluJb,Alu,SINE
chr1,163034326,163034347,MA1714.1,-,2.62e-06,MER39,ERV1,LTR
chr3,181293892,181293913,MA1714.1,+,2.62e-06,L1M4,L1,LINE
chr1,182671081,182671102,MA1714.1,+,2.62e-06,L1PA16,L1,LINE
chr2,184647270,184647291,MA1714.1,+,2.62e-06,THE1D-int,ERVL-MaLR,LTR
chr2,202834047,202834068,MA1714.1,-,2.62e-06,MLT1D,ERVL-MaLR,LTR
chr6,2325224,2325245,MA1714.1,+,2.64e-06,MSTA-int,ERVL-MaLR,LTR
chrY,3023773,3023794,MA1714.1,-,2.64e-06,L1MA1,L1,LINE
chr20,4248219,4248240,MA1714.1,+,2.64e-06,L1M5,L1,LINE
chr2,4527407,4527428,MA1714.1,-,2.64e-06,MSTA-int,ERVL-MaLR,LTR
chr7,11163400,11163421,MA1714.1,+,2.64e-06,AluSx,Alu,SINE
chr6,13256517,13256538,MA1714.1,-,2.64e-06,MSTA-int,ERVL-MaLR,LTR
chr16,14368908,14368929,MA1714.1,+,2.64e-06,L1ME1,L1,LINE
chr6,15924478,15924499,MA1714.1,-,2.64e-06,AluSx,Alu,SINE
chrX,16709328,16709349,MA1714.1,+,2.64e-06,AluSz6,Alu,SINE
chr17,17540677,17540698,MA1714.1,+,2.64e-06,MSTC-int,ERVL-MaLR,LTR
chr2,17884304,17884325,MA1714.1,+,2.64e-06,Charlie1b,hAT-Charlie,DNA
chr5,22086525,22086546,MA1714.1,-,2.64e-06,AluSx,Alu,SINE
chr22,25587194,25587215,MA1714.1,-,2.64e-06,AluSq2,Alu,SINE
chr11,29464706,29464727,MA1714.1,-,2.64e-06,MSTA-int,ERVL-MaLR,LTR
chr9,30000749,30000770,MA1714.1,+,2.64e-06,MSTD-int,ERVL-MaLR,LTR
chr21,32450417,32450438,MA1714.1,+,2.64e-06,MLT1C,ERVL-MaLR,LTR
chr20,33923987,33924008,MA1714.1,+,2.64e-06,MIR,MIR,SINE
chr11,34790925,34790946,MA1714.1,-,2.64e-06,L1M2a,L1,LINE
chr3,42788985,42789006,MA1714.1,-,2.64e-06,MIR,MIR,SINE
chr1,43242624,43242645,MA1714.1,-,2.64e-06,MLT1F2,ERVL-MaLR,LTR
chr4,44645641,44645662,MA1714.1,+,2.64e-06,MSTA-int,ERVL-MaLR,LTR
chr13,50133824,50133845,MA1714.1,+,2.64e-06,L1MB3,L1,LINE
chr16,51493607,51493628,MA1714.1,+,2.64e-06,ORSL,hAT-Tip100,DNA
chr20,53764784,53764805,MA1714.1,+,2.64e-06,L1MC3,L1,LINE
chr2,54470703,54470724,MA1714.1,-,2.64e-06,AluSx,Alu,SINE
chr5,55166885,55166906,MA1714.1,-,2.64e-06,MIR,MIR,SINE
chr12,57158680,57158701,MA1714.1,-,2.64e-06,AluSx1,Alu,SINE
chr20,58157788,58157809,MA1714.1,-,2.64e-06,L1M5,L1,LINE
chr13,60297296,60297317,MA1714.1,+,2.64e-06,LTR86A1,ERVL,LTR
chr8,61517581,61517602,MA1714.1,+,2.64e-06,MSTA-int,ERVL-MaLR,LTR
chr10,62941966,62941987,MA1714.1,+,2.64e-06,MIRb,MIR,SINE
chr18,63150043,63150064,MA1714.1,+,2.64e-06,LTR75B,ERVL,LTR
chrX,66394261,66394282,MA1714.1,+,2.64e-06,L1PB1,L1,LINE
chr12,68983661,68983682,MA1714.1,+,2.64e-06,MSTA-int,ERVL-MaLR,LTR
chr9,77090622,77090643,MA1714.1,+,2.64e-06,THE1B-int,ERVL-MaLR,LTR
chr11,77913098,77913119,MA1714.1,+,2.64e-06,L1MEd,L1,LINE
chr15,78137576,78137597,MA1714.1,+,2.64e-06,MSTA-int,ERVL-MaLR,LTR
chr4,80268193,80268214,MA1714.1,+,2.64e-06,THE1B-int,ERVL-MaLR,LTR
chr13,83490030,83490051,MA1714.1,+,2.64e-06,L1MA6,L1,LINE
chr12,84105092,84105113,MA1714.1,-,2.64e-06,MSTA-int,ERVL-MaLR,LTR
chr8,84986009,84986030,MA1714.1,-,2.64e-06,L1PA16,L1,LINE
chr10,86467979,86468000,MA1714.1,-,2.64e-06,L1MEc,L1,LINE
chr9,88212294,88212315,MA1714.1,-,2.64e-06,L1M2,L1,LINE
chr3,101244571,101244592,MA1714.1,+,2.64e-06,MSTA-int,ERVL-MaLR,LTR
chr1,102145032,102145053,MA1714.1,-,2.64e-06,L3,CR1,LINE
chr1,102937495,102937516,MA1714.1,+,2.64e-06,AluJb,Alu,SINE
chr14,106607222,106607243,MA1714.1,+,2.64e-06,THE1B-int,ERVL-MaLR,LTR
chr10,121783015,121783036,MA1714.1,+,2.64e-06,LTR88a,Gypsy,LTR
chrX,128108826,128108847,MA1714.1,-,2.64e-06,MIRb,MIR,SINE
chr8,132655610,132655631,MA1714.1,-,2.64e-06,MLT1F2,ERVL-MaLR,LTR
chr3,136857589,136857610,MA1714.1,-,2.64e-06,L1ME3C,L1,LINE
chr9,140597638,140597659,MA1714.1,-,2.64e-06,MSTA-int,ERVL-MaLR,LTR
chr2,158232359,158232380,MA1714.1,-,2.64e-06,MSTA-int,ERVL-MaLR,LTR
chr5,159041317,159041338,MA1714.1,-,2.64e-06,MLT1L,ERVL-MaLR,LTR
chr1,161019698,161019719,MA1714.1,-,2.64e-06,MIR,MIR,SINE
chr5,172227701,172227722,MA1714.1,-,2.64e-06,MIR,MIR,SINE
chr2,172344005,172344026,MA1714.1,-,2.64e-06,AluSz,Alu,SINE
chr2,175303664,175303685,MA1714.1,-,2.64e-06,MIRb,MIR,SINE
chr3,175678818,175678839,MA1714.1,-,2.64e-06,MLT1B,ERVL-MaLR,LTR
chr2,185191492,185191513,MA1714.1,+,2.64e-06,L1MB1,L1,LINE
chr1,212368640,212368661,MA1714.1,+,2.64e-06,MSTA-int,ERVL-MaLR,LTR
chr1,212389546,212389567,MA1714.1,+,2.64e-06,MLT1D,ERVL-MaLR,LTR
chr1,231595955,231595976,MA1714.1,+,2.64e-06,L1MA6,L1,LINE
chr9,2795799,2795820,MA1714.1,+,2.65e-06,AluY,Alu,SINE
chrY,3034285,3034306,MA1714.1,-,2.65e-06,MSTA-int,ERVL-MaLR,LTR
chr10,5373351,5373372,MA1714.1,+,2.65e-06,AluSq2,Alu,SINE
chr9,5381269,5381290,MA1714.1,+,2.65e-06,THE1D-int,ERVL-MaLR,LTR
chr2,10840140,10840161,MA1714.1,+,2.65e-06,AluSx3,Alu,SINE
chr8,12571189,12571210,MA1714.1,+,2.65e-06,SATR1,Satellite,Satellite
chr19,13546422,13546443,MA1714.1,+,2.65e-06,MIR,MIR,SINE
chr12,15122776,15122797,MA1714.1,-,2.65e-06,L1MD2,L1,LINE
chr10,17566370,17566391,MA1714.1,-,2.65e-06,AluSx3,Alu,SINE
chr1,17744375,17744396,MA1714.1,+,2.65e-06,MER2,TcMar-Tigger,DNA
chr4,21776645,21776666,MA1714.1,-,2.65e-06,L1PA8A,L1,LINE
chr6,23730691,23730712,MA1714.1,+,2.65e-06,L1MC3,L1,LINE
chr22,25493179,25493200,MA1714.1,-,2.65e-06,L1ME1,L1,LINE
chr21,27159475,27159496,MA1714.1,+,2.65e-06,AluSq2,Alu,SINE
chr15,29340679,29340700,MA1714.1,+,2.65e-06,L1M5,L1,LINE
chr7,29843243,29843264,MA1714.1,-,2.65e-06,MLT1J,ERVL-MaLR,LTR
chr20,31298770,31298791,MA1714.1,+,2.65e-06,AluJr,Alu,SINE
chr21,34835523,34835544,MA1714.1,+,2.65e-06,AluSx1,Alu,SINE
chr4,37872382,37872403,MA1714.1,-,2.65e-06,L1MA4A,L1,LINE
chr11,39201737,39201758,MA1714.1,-,2.65e-06,L1MA5A,L1,LINE
chr22,43246503,43246524,MA1714.1,+,2.65e-06,AluJb,Alu,SINE
chr12,44375657,44375678,MA1714.1,+,2.65e-06,L1MA6,L1,LINE
chr6,45776572,45776593,MA1714.1,+,2.65e-06,MIRc,MIR,SINE
chr11,47771032,47771053,MA1714.1,+,2.65e-06,AluSz,Alu,SINE
chr15,48297238,48297259,MA1714.1,-,2.65e-06,HAL1,L1,LINE
chr10,50776256,50776277,MA1714.1,-,2.65e-06,MLT1E3-int,ERVL-MaLR,LTR
chr20,53995711,53995732,MA1714.1,-,2.65e-06,MIRb,MIR,SINE
chr20,54094751,54094772,MA1714.1,-,2.65e-06,L1MC4,L1,LINE
chrX,64140466,64140487,MA1714.1,-,2.65e-06,MIR3,MIR,SINE
chr11,68644158,68644179,MA1714.1,+,2.65e-06,AluSx1,Alu,SINE
chr14,69476904,69476925,MA1714.1,+,2.65e-06,L1MEd,L1,LINE
chr18,69476960,69476981,MA1714.1,+,2.65e-06,L1MB7,L1,LINE
chr16,85143340,85143361,MA1714.1,-,2.65e-06,AluJo,Alu,SINE
chrX,88765357,88765378,MA1714.1,-,2.65e-06,MSTA-int,ERVL-MaLR,LTR
chr14,89248878,89248899,MA1714.1,+,2.65e-06,THE1C-int,ERVL-MaLR,LTR
chr12,89367239,89367260,MA1714.1,-,2.65e-06,L1MC5,L1,LINE
chr3,90262450,90262471,MA1714.1,+,2.65e-06,L1MCc,L1,LINE
chr1,101740603,101740624,MA1714.1,+,2.65e-06,L1ME2,L1,LINE
chr1,104131168,104131189,MA1714.1,-,2.65e-06,THE1B-int,ERVL-MaLR,LTR
chr2,106187918,106187939,MA1714.1,-,2.65e-06,L1MB3,L1,LINE
chr14,106254461,106254482,MA1714.1,+,2.65e-06,MSTB-int,ERVL-MaLR,LTR
chr9,121129456,121129477,MA1714.1,-,2.65e-06,MIRc,MIR,SINE
chr12,126450735,126450756,MA1714.1,-,2.65e-06,L1MC5,L1,LINE
chr3,140669240,140669261,MA1714.1,-,2.65e-06,HAL1,L1,LINE
chr8,140880048,140880069,MA1714.1,+,2.65e-06,L1MC4,L1,LINE
chr5,172207192,172207213,MA1714.1,-,2.65e-06,AluSx1,Alu,SINE
chr3,184539203,184539224,MA1714.1,-,2.65e-06,AluSx,Alu,SINE
chr1,197098611,197098632,MA1714.1,-,2.65e-06,MIR,MIR,SINE
chr8_gl000196_random,13217,13238,MA1714.1,+,2.67e-06,AluSx3,Alu,SINE
chr20,932928,932949,MA1714.1,-,2.67e-06,MIRb,MIR,SINE
chrY,2931111,2931132,MA1714.1,-,2.67e-06,L1MC2,L1,LINE
chr6,5418379,5418400,MA1714.1,-,2.67e-06,L1ME1,L1,LINE
chr8,7169135,7169156,MA1714.1,+,2.67e-06,MIR3,MIR,SINE
chr9,11451722,11451743,MA1714.1,+,2.67e-06,THE1C-int,ERVL-MaLR,LTR
chr1,12131998,12132019,MA1714.1,-,2.67e-06,AluSz,Alu,SINE
chr8,13868193,13868214,MA1714.1,-,2.67e-06,THE1B,ERVL-MaLR,LTR
chr18,14270184,14270205,MA1714.1,+,2.67e-06,MSTA-int,ERVL-MaLR,LTR
chr18,14273664,14273685,MA1714.1,+,2.67e-06,MSTA-int,ERVL-MaLR,LTR
chr18,14293248,14293269,MA1714.1,+,2.67e-06,MSTA-int,ERVL-MaLR,LTR
chr18,14309593,14309614,MA1714.1,+,2.67e-06,MSTA-int,ERVL-MaLR,LTR
chr21,15248497,15248518,MA1714.1,-,2.67e-06,MSTA-int,ERVL-MaLR,LTR
chr21,15268040,15268061,MA1714.1,-,2.67e-06,MSTA-int,ERVL-MaLR,LTR
chr21,15271514,15271535,MA1714.1,-,2.67e-06,MSTA-int,ERVL-MaLR,LTR
chr13,19325914,19325935,MA1714.1,-,2.67e-06,MSTA-int,ERVL-MaLR,LTR
chr13,19329442,19329463,MA1714.1,-,2.67e-06,MSTA-int,ERVL-MaLR,LTR
chr13,19338988,19339009,MA1714.1,-,2.67e-06,MSTA-int,ERVL-MaLR,LTR
chr13,19345276,19345297,MA1714.1,-,2.67e-06,MSTA-int,ERVL-MaLR,LTR
chr13,19358293,19358314,MA1714.1,-,2.67e-06,MSTA-int,ERVL-MaLR,LTR
chr13,19364599,19364620,MA1714.1,-,2.67e-06,MSTA-int,ERVL-MaLR,LTR
chr13,19374873,19374894,MA1714.1,-,2.67e-06,MST-int,ERVL-MaLR,LTR
chr13,19378044,19378065,MA1714.1,-,2.67e-06,MST-int,ERVL-MaLR,LTR
chrX,22528748,22528769,MA1714.1,-,2.67e-06,L1MA4,L1,LINE
chr9,23217725,23217746,MA1714.1,-,2.67e-06,L1MA9,L1,LINE
chr9,26752234,26752255,MA1714.1,+,2.67e-06,L1MB3,L1,LINE
chr5,29836820,29836841,MA1714.1,+,2.67e-06,ERVL-E-int,ERVL,LTR
chr1,33524844,33524865,MA1714.1,+,2.67e-06,L1ME2,L1,LINE
chr5,34465910,34465931,MA1714.1,-,2.67e-06,HERVK11D-int,ERVK,LTR
chr5,36359422,36359443,MA1714.1,-,2.67e-06,MIRb,MIR,SINE
chr2,38493791,38493812,MA1714.1,-,2.67e-06,THE1B,ERVL-MaLR,LTR
chr12,38519341,38519362,MA1714.1,+,2.67e-06,HERVK11D-int,ERVK,LTR
chr17,41410614,41410635,MA1714.1,-,2.67e-06,HERVK13-int,ERVK,LTR
chr11,44041437,44041458,MA1714.1,-,2.67e-06,L1MB7,L1,LINE
chr21,46030219,46030240,MA1714.1,+,2.67e-06,THE1A-int,ERVL-MaLR,LTR
chr13,47818669,47818690,MA1714.1,-,2.67e-06,L1MC3,L1,LINE
chr8,48206272,48206293,MA1714.1,-,2.67e-06,AluSx3,Alu,SINE
chr4,49228772,49228793,MA1714.1,-,2.67e-06,MST-int,ERVL-MaLR,LTR
chr14,53503638,53503659,MA1714.1,-,2.67e-06,L1PA16,L1,LINE
chrX,55165925,55165946,MA1714.1,+,2.67e-06,THE1D-int,ERVL-MaLR,LTR
chr11,58124205,58124226,MA1714.1,-,2.67e-06,L1ME1,L1,LINE
chr14,58437617,58437638,MA1714.1,-,2.67e-06,MamRep605,MamRep605,Unknown
chrX,61947840,61947861,MA1714.1,-,2.67e-06,ALR/Alpha,centr,Satellite
chr6,66918938,66918959,MA1714.1,-,2.67e-06,THE1B-int,ERVL-MaLR,LTR
chr7,70420778,70420799,MA1714.1,-,2.67e-06,Charlie7a,hAT-Charlie,DNA
chr18,75015054,75015075,MA1714.1,+,2.67e-06,THE1B,ERVL-MaLR,LTR
chr1,75950673,75950694,MA1714.1,-,2.67e-06,THE1D-int,ERVL-MaLR,LTR
chr6,76764238,76764259,MA1714.1,+,2.67e-06,L1MEe,L1,LINE
chrX,78241339,78241360,MA1714.1,-,2.67e-06,MSTA-int,ERVL-MaLR,LTR
chr16,80847187,80847208,MA1714.1,-,2.67e-06,Charlie1b,hAT-Charlie,DNA
chr7,88291382,88291403,MA1714.1,-,2.67e-06,L1MC3,L1,LINE
chrX,88662534,88662555,MA1714.1,-,2.67e-06,L1MC2,L1,LINE
chr13,88678020,88678041,MA1714.1,-,2.67e-06,MLT1L,ERVL-MaLR,LTR
chr2,89374610,89374631,MA1714.1,+,2.67e-06,THE1B-int,ERVL-MaLR,LTR
chr2,90164290,90164311,MA1714.1,-,2.67e-06,THE1B-int,ERVL-MaLR,LTR
chr9,90543372,90543393,MA1714.1,-,2.67e-06,MST-int,ERVL-MaLR,LTR
chr9,90739401,90739422,MA1714.1,+,2.67e-06,MST-int,ERVL-MaLR,LTR
chr11,92680552,92680573,MA1714.1,-,2.67e-06,HERVK11D-int,ERVK,LTR
chr2,95435366,95435387,MA1714.1,-,2.67e-06,MSTA-int,ERVL-MaLR,LTR
chr12,95972670,95972691,MA1714.1,+,2.67e-06,L2b,L2,LINE
chr15,100317712,100317733,MA1714.1,+,2.67e-06,THE1B,ERVL-MaLR,LTR
chrX,100917030,100917051,MA1714.1,-,2.67e-06,L1M5,L1,LINE
chr14,102207711,102207732,MA1714.1,-,2.67e-06,THE1D-int,ERVL-MaLR,LTR
chr9,110345099,110345120,MA1714.1,-,2.67e-06,AluJb,Alu,SINE
chr11,112320264,112320285,MA1714.1,-,2.67e-06,HAL1,L1,LINE
chr12,114614372,114614393,MA1714.1,+,2.67e-06,HERV4_I-int,ERV1,LTR
chr5,123315990,123316011,MA1714.1,+,2.67e-06,MLT1F2-int,ERVL-MaLR,LTR
chr8,123882098,123882119,MA1714.1,+,2.67e-06,MIR,MIR,SINE
chr6,138215554,138215575,MA1714.1,+,2.67e-06,AluSz6,Alu,SINE
chr5,139162013,139162034,MA1714.1,-,2.67e-06,AluSq,Alu,SINE
chr1,142681702,142681723,MA1714.1,-,2.67e-06,MST-int,ERVL-MaLR,LTR
chr1,143178171,143178192,MA1714.1,-,2.67e-06,MSTA-int,ERVL-MaLR,LTR
chr1,143410098,143410119,MA1714.1,+,2.67e-06,MST-int,ERVL-MaLR,LTR
chr3,169839961,169839982,MA1714.1,+,2.67e-06,AluJo,Alu,SINE
chr4,176867156,176867177,MA1714.1,+,2.67e-06,L1PB4,L1,LINE
chr2,183072485,183072506,MA1714.1,+,2.67e-06,MSTA-int,ERVL-MaLR,LTR
chr3,193384503,193384524,MA1714.1,+,2.67e-06,AluJr,Alu,SINE
chr1,196764300,196764321,MA1714.1,+,2.67e-06,THE1B,ERVL-MaLR,LTR
chr2,207032884,207032905,MA1714.1,-,2.67e-06,THE1B-int,ERVL-MaLR,LTR
chr1,238080005,238080026,MA1714.1,+,2.67e-06,HERVK13-int,ERVK,LTR
chr11,1047528,1047549,MA1714.1,-,2.69e-06,L1MEc,L1,LINE
chr3,8329377,8329398,MA1714.1,+,2.69e-06,AluJb,Alu,SINE
chr11,8716220,8716241,MA1714.1,+,2.69e-06,MER2,TcMar-Tigger,DNA
chr4,10468951,10468972,MA1714.1,-,2.69e-06,MLT1D,ERVL-MaLR,LTR
chr6,19137995,19138016,MA1714.1,-,2.69e-06,L2b,L2,LINE
chr7,20714992,20715013,MA1714.1,+,2.69e-06,L1MB1,L1,LINE
chr21,21607388,21607409,MA1714.1,-,2.69e-06,L1PA8A,L1,LINE
chr11,22250176,22250197,MA1714.1,-,2.69e-06,L1MA6,L1,LINE
chrY,24237322,24237343,MA1714.1,+,2.69e-06,L1PA6,L1,LINE
chrY,24641355,24641376,MA1714.1,-,2.69e-06,L1PA6,L1,LINE
chrY,25847003,25847024,MA1714.1,+,2.69e-06,L1PA6,L1,LINE
chrY,28115343,28115364,MA1714.1,-,2.69e-06,L1PA6,L1,LINE
chr14,28663769,28663790,MA1714.1,+,2.69e-06,L1ME3A,L1,LINE
chr19,29782705,29782726,MA1714.1,+,2.69e-06,LTR85c,Gypsy,LTR
chr20,38689562,38689583,MA1714.1,+,2.69e-06,THE1D-int,ERVL-MaLR,LTR
chr22,40632284,40632305,MA1714.1,-,2.69e-06,L1MD2,L1,LINE
chr6,43677332,43677353,MA1714.1,-,2.69e-06,MIRb,MIR,SINE
chr9,44035762,44035783,MA1714.1,-,2.69e-06,MSTA-int,ERVL-MaLR,LTR
chr19,44917123,44917144,MA1714.1,-,2.69e-06,L1MB8,L1,LINE
chr11,44951995,44952016,MA1714.1,-,2.69e-06,L3,CR1,LINE
chr19,44959877,44959898,MA1714.1,+,2.69e-06,L1MB8,L1,LINE
chr16,46756275,46756296,MA1714.1,+,2.69e-06,MIRc,MIR,SINE
chr22,48279077,48279098,MA1714.1,-,2.69e-06,L1MC3,L1,LINE
chrX,49679368,49679389,MA1714.1,+,2.69e-06,L1MDa,L1,LINE
chr20,53106488,53106509,MA1714.1,-,2.69e-06,L1MC,L1,LINE
chr8,54268856,54268877,MA1714.1,+,2.69e-06,L1MC4,L1,LINE
chr12,57580216,57580237,MA1714.1,-,2.69e-06,L3,CR1,LINE
chr17,57993978,57993999,MA1714.1,-,2.69e-06,HAL1,L1,LINE
chrX,62187495,62187516,MA1714.1,+,2.69e-06,L1PA13,L1,LINE
chr14,64170789,64170810,MA1714.1,-,2.69e-06,AluJo,Alu,SINE
chr9,66383199,66383220,MA1714.1,-,2.69e-06,MSTA-int,ERVL-MaLR,LTR
chr12,68914205,68914226,MA1714.1,+,2.69e-06,FAM,Alu,SINE
chr15,72200911,72200932,MA1714.1,-,2.69e-06,L1MEf,L1,LINE
chr11,72932300,72932321,MA1714.1,-,2.69e-06,MIR,MIR,SINE
chr13,73492553,73492574,MA1714.1,-,2.69e-06,AluSz,Alu,SINE
chr18,74242317,74242338,MA1714.1,-,2.69e-06,MIRb,MIR,SINE
chr18,76987104,76987125,MA1714.1,-,2.69e-06,L1MC4,L1,LINE
chr10,80246143,80246164,MA1714.1,+,2.69e-06,L1M5,L1,LINE
chr13,80793570,80793591,MA1714.1,-,2.69e-06,L1PREC2,L1,LINE
chr15,81119249,81119270,MA1714.1,-,2.69e-06,MIRb,MIR,SINE
chr10,87630904,87630925,MA1714.1,-,2.69e-06,MER47A,TcMar-Tigger,DNA
chr14,90255717,90255738,MA1714.1,-,2.69e-06,L1MC3,L1,LINE
chr13,92724898,92724919,MA1714.1,-,2.69e-06,AluSz6,Alu,SINE
chr6,93468014,93468035,MA1714.1,-,2.69e-06,L3,CR1,LINE
chr7,96188294,96188315,MA1714.1,+,2.69e-06,MIRb,MIR,SINE
chr2,96463799,96463820,MA1714.1,-,2.69e-06,MIRb,MIR,SINE
chr2,96692254,96692275,MA1714.1,+,2.69e-06,MIRb,MIR,SINE
chr9,104778331,104778352,MA1714.1,+,2.69e-06,L1ME1,L1,LINE
chr11,107727390,107727411,MA1714.1,+,2.69e-06,AluSz,Alu,SINE
chr12,109198002,109198023,MA1714.1,-,2.69e-06,MIRb,MIR,SINE
chr6,118518120,118518141,MA1714.1,-,2.69e-06,L1M3,L1,LINE
chr2,128506351,128506372,MA1714.1,-,2.69e-06,AluJb,Alu,SINE
chr2,133043291,133043312,MA1714.1,+,2.69e-06,L1MB8,L1,LINE
chr4,137442705,137442726,MA1714.1,+,2.69e-06,L1MEg,L1,LINE
chr1,147349711,147349732,MA1714.1,-,2.69e-06,MER21C,ERVL,LTR
chr4,166675579,166675600,MA1714.1,-,2.69e-06,ERVL-E-int,ERVL,LTR
chr1,187629603,187629624,MA1714.1,-,2.69e-06,L3,CR1,LINE
chr2,203667669,203667690,MA1714.1,+,2.69e-06,L1MEd,L1,LINE
chr2,225616587,225616608,MA1714.1,-,2.69e-06,MIRb,MIR,SINE
chr7,8437426,8437447,MA1714.1,+,2.71e-06,L1MC4a,L1,LINE
chr3,8651375,8651396,MA1714.1,-,2.71e-06,MIRb,MIR,SINE
chr4,11330075,11330096,MA1714.1,+,2.71e-06,MLT1F2,ERVL-MaLR,LTR
chr5,18793242,18793263,MA1714.1,+,2.71e-06,HERVL18-int,ERVL,LTR
chrY,21473370,21473391,MA1714.1,-,2.71e-06,THE1B-int,ERVL-MaLR,LTR
chrY,22839297,22839318,MA1714.1,+,2.71e-06,L1PA6,L1,LINE
chr2,23934777,23934798,MA1714.1,-,2.71e-06,MIRb,MIR,SINE
chr17,25467823,25467844,MA1714.1,-,2.71e-06,MER58C,hAT-Charlie,DNA
chr9,27577350,27577371,MA1714.1,-,2.71e-06,MSTA-int,ERVL-MaLR,LTR
chr5,31226749,31226770,MA1714.1,-,2.71e-06,MIR3,MIR,SINE
chr19,31724071,31724092,MA1714.1,-,2.71e-06,L1ME2,L1,LINE
chr10,31880619,31880640,MA1714.1,-,2.71e-06,L1MB3,L1,LINE
chr20,40092558,40092579,MA1714.1,+,2.71e-06,L1MC4,L1,LINE
chr22,45273931,45273952,MA1714.1,-,2.71e-06,MLT1A1,ERVL-MaLR,LTR
chr2,47035196,47035217,MA1714.1,+,2.71e-06,AluJb,Alu,SINE
chr18,51470437,51470458,MA1714.1,-,2.71e-06,HERVL18-int,ERVL,LTR
chr15,55200929,55200950,MA1714.1,+,2.71e-06,L1MA1,L1,LINE
chr14,56191994,56192015,MA1714.1,+,2.71e-06,Charlie1b,hAT-Charlie,DNA
chr3,56930373,56930394,MA1714.1,-,2.71e-06,L1MC4,L1,LINE
chr12,58623588,58623609,MA1714.1,-,2.71e-06,L1PA4,L1,LINE
chr10,60250145,60250166,MA1714.1,+,2.71e-06,L1MB1,L1,LINE
chr7,65833789,65833810,MA1714.1,-,2.71e-06,L1MA3,L1,LINE
chr1,80516801,80516822,MA1714.1,+,2.71e-06,HERVL18-int,ERVL,LTR
chr6,87219218,87219239,MA1714.1,-,2.71e-06,L1MA3,L1,LINE
chr8,88654154,88654175,MA1714.1,+,2.71e-06,L1MC4,L1,LINE
chr10,89981522,89981543,MA1714.1,-,2.71e-06,MER117,hAT-Charlie,DNA
chr8,92109326,92109347,MA1714.1,+,2.71e-06,L1MB8,L1,LINE
chr5,92571451,92571472,MA1714.1,+,2.71e-06,L1MD1,L1,LINE
chr6,99472744,99472765,MA1714.1,-,2.71e-06,HERVL18-int,ERVL,LTR
chr14,100868858,100868879,MA1714.1,+,2.71e-06,MIR3,MIR,SINE
chr12,110105312,110105333,MA1714.1,+,2.71e-06,MIR,MIR,SINE
chr3,114789027,114789048,MA1714.1,-,2.71e-06,Tigger13a,TcMar-Tigger,DNA
chr4,116145579,116145600,MA1714.1,+,2.71e-06,L1MEg,L1,LINE
chr11,116372398,116372419,MA1714.1,-,2.71e-06,MIRc,MIR,SINE
chr9,118346494,118346515,MA1714.1,+,2.71e-06,L1MEe,L1,LINE
chr3,124195239,124195260,MA1714.1,+,2.71e-06,MIR,MIR,SINE
chrX,124798750,124798771,MA1714.1,+,2.71e-06,L1PA15,L1,LINE
chr12,130348593,130348614,MA1714.1,+,2.71e-06,MLT1F1,ERVL-MaLR,LTR
chr3,133731234,133731255,MA1714.1,+,2.71e-06,L3,CR1,LINE
chr5,139351850,139351871,MA1714.1,+,2.71e-06,L1ME4a,L1,LINE
chr5,148789015,148789036,MA1714.1,-,2.71e-06,MIRb,MIR,SINE
chr1,163644765,163644786,MA1714.1,-,2.71e-06,L1MC3,L1,LINE
chr1,186326423,186326444,MA1714.1,-,2.71e-06,AluJo,Alu,SINE
chr1,195886383,195886404,MA1714.1,+,2.71e-06,MSTA-int,ERVL-MaLR,LTR
chr2,197941311,197941332,MA1714.1,-,2.71e-06,L1PREC2,L1,LINE
chrUn_gl000223,137829,137850,MA1714.1,-,2.73e-06,MER52A,ERV1,LTR
chr9,2048404,2048425,MA1714.1,+,2.73e-06,MIR,MIR,SINE
chr3,3434092,3434113,MA1714.1,+,2.73e-06,L1M3c,L1,LINE
chr9,4838951,4838972,MA1714.1,-,2.73e-06,MIR,MIR,SINE
chr20,6117057,6117078,MA1714.1,-,2.73e-06,L1MA5A,L1,LINE
chr16,9565589,9565610,MA1714.1,+,2.73e-06,MLT1F2,ERVL-MaLR,LTR
chr20,16535683,16535704,MA1714.1,+,2.73e-06,MER52A,ERV1,LTR
chr7,16626836,16626857,MA1714.1,-,2.73e-06,MER61C,ERV1,LTR
chr3,25103401,25103422,MA1714.1,+,2.73e-06,L1M5,L1,LINE
chr5,25753581,25753602,MA1714.1,-,2.73e-06,MER101-int,ERV1,LTR
chr7,28310456,28310477,MA1714.1,+,2.73e-06,MER52A,ERV1,LTR
chr16,30167762,30167783,MA1714.1,+,2.73e-06,L1M4,L1,LINE
chr20,31867022,31867043,MA1714.1,-,2.73e-06,MER117,hAT-Charlie,DNA
chr2,34518752,34518773,MA1714.1,+,2.73e-06,L1MEg,L1,LINE
chr22,36345309,36345330,MA1714.1,-,2.73e-06,L1MB5,L1,LINE
chrX,36544778,36544799,MA1714.1,+,2.73e-06,MIRc,MIR,SINE
chr8,37363250,37363271,MA1714.1,-,2.73e-06,MIRc,MIR,SINE
chr5,40421719,40421740,MA1714.1,-,2.73e-06,L1PA6,L1,LINE
chr11,44691470,44691491,MA1714.1,+,2.73e-06,L1MC4a,L1,LINE
chr11,48448950,48448971,MA1714.1,-,2.73e-06,L1PA4,L1,LINE
chrX,49529713,49529734,MA1714.1,+,2.73e-06,MIRc,MIR,SINE
chrX,55606837,55606858,MA1714.1,+,2.73e-06,L1M4c,L1,LINE
chr5,57105205,57105226,MA1714.1,-,2.73e-06,L1M7,L1,LINE
chr7,57172784,57172805,MA1714.1,+,2.73e-06,AluJr,Alu,SINE
chr12,61353914,61353935,MA1714.1,+,2.73e-06,THE1D,ERVL-MaLR,LTR
chr7,62737267,62737288,MA1714.1,+,2.73e-06,AluJr,Alu,SINE
chr2,70247487,70247508,MA1714.1,+,2.73e-06,L1MB3,L1,LINE
chr1,71269324,71269345,MA1714.1,+,2.73e-06,THE1B-int,ERVL-MaLR,LTR
chr2,71335346,71335367,MA1714.1,-,2.73e-06,L1MDa,L1,LINE
chrX,77719979,77720000,MA1714.1,-,2.73e-06,L1MB7,L1,LINE
chr1,87049811,87049832,MA1714.1,+,2.73e-06,L1MA8,L1,LINE
chr7,89053375,89053396,MA1714.1,-,2.73e-06,L1M5,L1,LINE
chr5,100158729,100158750,MA1714.1,+,2.73e-06,AluY,Alu,SINE
chr9,100916424,100916445,MA1714.1,-,2.73e-06,L1MEd,L1,LINE
chr5,103384352,103384373,MA1714.1,-,2.73e-06,MLT1I-int,ERVL-MaLR,LTR
chr1,111606135,111606156,MA1714.1,+,2.73e-06,MLT1H-int,ERVL-MaLR,LTR
chrX,127015994,127016015,MA1714.1,+,2.73e-06,L1MEc,L1,LINE
chr7,131591352,131591373,MA1714.1,+,2.73e-06,MIRb,MIR,SINE
chr12,133544813,133544834,MA1714.1,+,2.73e-06,MER52A,ERV1,LTR
chr6,165434935,165434956,MA1714.1,+,2.73e-06,L1MB8,L1,LINE
chr4,178338628,178338649,MA1714.1,-,2.73e-06,AluJr,Alu,SINE
chr2,203715574,203715595,MA1714.1,+,2.73e-06,L1PA8,L1,LINE
chr2,204095728,204095749,MA1714.1,+,2.73e-06,THE1B-int,ERVL-MaLR,LTR
chr2,225289357,225289378,MA1714.1,+,2.73e-06,L1MA5,L1,LINE
chr1,227658566,227658587,MA1714.1,+,2.73e-06,MSTA-int,ERVL-MaLR,LTR
chr1,229534625,229534646,MA1714.1,-,2.73e-06,L1MB5,L1,LINE
chr2,2991070,2991091,MA1714.1,+,2.75e-06,L1PB1,L1,LINE
chr2,14560295,14560316,MA1714.1,+,2.75e-06,MLT1C,ERVL-MaLR,LTR
chr19,14837088,14837109,MA1714.1,-,2.75e-06,MSTB-int,ERVL-MaLR,LTR
chr20,15568963,15568984,MA1714.1,-,2.75e-06,THE1A-int,ERVL-MaLR,LTR
chr17,17566352,17566373,MA1714.1,+,2.75e-06,MIRc,MIR,SINE
chr5,20020556,20020577,MA1714.1,+,2.75e-06,MSTA-int,ERVL-MaLR,LTR
chr21,20448596,20448617,MA1714.1,+,2.75e-06,MSTA-int,ERVL-MaLR,LTR
chr1,21877215,21877236,MA1714.1,-,2.75e-06,L1ME3A,L1,LINE
chr8,22045634,22045655,MA1714.1,-,2.75e-06,MIRc,MIR,SINE
chr11,22064572,22064593,MA1714.1,-,2.75e-06,L1M4,L1,LINE
chr6,26084995,26085016,MA1714.1,+,2.75e-06,L1MB7,L1,LINE
chr21,29092279,29092300,MA1714.1,+,2.75e-06,MSTB-int,ERVL-MaLR,LTR
chr2,31859086,31859107,MA1714.1,+,2.75e-06,LTR17,ERV1,LTR
chr9,32181601,32181622,MA1714.1,+,2.75e-06,MIRc,MIR,SINE
chr4,33703406,33703427,MA1714.1,-,2.75e-06,L1MB1,L1,LINE
chr11,34321501,34321522,MA1714.1,+,2.75e-06,MIR,MIR,SINE
chrX,37226508,37226529,MA1714.1,-,2.75e-06,L1MCb,L1,LINE
chr14,39921261,39921282,MA1714.1,+,2.75e-06,L1MC3,L1,LINE
chr21,42643483,42643504,MA1714.1,-,2.75e-06,L1MEc,L1,LINE
chr21,46251400,46251421,MA1714.1,+,2.75e-06,L1MEf,L1,LINE
chr8,47184710,47184731,MA1714.1,+,2.75e-06,GSAT,centr,Satellite
chr4,48966512,48966533,MA1714.1,-,2.75e-06,Arthur1,hAT-Tip100,DNA
chr1,55177962,55177983,MA1714.1,+,2.75e-06,L1ME5,L1,LINE
chrX,55491392,55491413,MA1714.1,+,2.75e-06,MIRc,MIR,SINE
chrX,55534656,55534677,MA1714.1,-,2.75e-06,MIRc,MIR,SINE
chr11,56092117,56092138,MA1714.1,+,2.75e-06,THE1D-int,ERVL-MaLR,LTR
chr19,57884693,57884714,MA1714.1,-,2.75e-06,THE1D,ERVL-MaLR,LTR
chr10,60749827,60749848,MA1714.1,+,2.75e-06,MSTA-int,ERVL-MaLR,LTR
chr5,63105930,63105951,MA1714.1,-,2.75e-06,MIRb,MIR,SINE
chr2,63426518,63426539,MA1714.1,+,2.75e-06,MSTA-int,ERVL-MaLR,LTR
chr8,66869974,66869995,MA1714.1,+,2.75e-06,MLT1H1-int,ERVL-MaLR,LTR
chr18,71663569,71663590,MA1714.1,+,2.75e-06,THE1B-int,ERVL-MaLR,LTR
chr3,73326127,73326148,MA1714.1,+,2.75e-06,UCON10,UCON10,Unknown
chr14,74298150,74298171,MA1714.1,+,2.75e-06,L1M5,L1,LINE
chr12,77841566,77841587,MA1714.1,+,2.75e-06,L1MA3,L1,LINE
chr8,78034223,78034244,MA1714.1,-,2.75e-06,MIR,MIR,SINE
chr15,83815071,83815092,MA1714.1,+,2.75e-06,MER20B,hAT-Charlie,DNA
chr13,87570595,87570616,MA1714.1,+,2.75e-06,L1MEc,L1,LINE
chr12,89732605,89732626,MA1714.1,-,2.75e-06,MIR,MIR,SINE
chr4,92630251,92630272,MA1714.1,+,2.75e-06,L1M3b,L1,LINE
chr14,95817789,95817810,MA1714.1,-,2.75e-06,L1MEf,L1,LINE
chr6,97313642,97313663,MA1714.1,+,2.75e-06,MIR,MIR,SINE
chr2,107288930,107288951,MA1714.1,-,2.75e-06,L1ME3E,L1,LINE
chr10,112792860,112792881,MA1714.1,-,2.75e-06,THE1A-int,ERVL-MaLR,LTR
chr11,115357141,115357162,MA1714.1,-,2.75e-06,AluJo,Alu,SINE
chr10,127388659,127388680,MA1714.1,-,2.75e-06,MIR,MIR,SINE
chr8,137757723,137757744,MA1714.1,-,2.75e-06,L1M3b,L1,LINE
chr9,140296230,140296251,MA1714.1,-,2.75e-06,THE1A-int,ERVL-MaLR,LTR
chrX,144657646,144657667,MA1714.1,+,2.75e-06,MIR,MIR,SINE
chr1,151428545,151428566,MA1714.1,-,2.75e-06,Charlie1a,hAT-Charlie,DNA
chr3,160658219,160658240,MA1714.1,+,2.75e-06,THE1A-int,ERVL-MaLR,LTR
chr6,161097079,161097100,MA1714.1,+,2.75e-06,L1PREC2,L1,LINE
chr2,161303014,161303035,MA1714.1,-,2.75e-06,L3,CR1,LINE
chr2,167282411,167282432,MA1714.1,+,2.75e-06,HERV16-int,ERVL,LTR
chr4,168935634,168935655,MA1714.1,-,2.75e-06,ERV3-16A3_I-int,ERVL,LTR
chr2,178332210,178332231,MA1714.1,-,2.75e-06,L1ME4a,L1,LINE
chr1,232440257,232440278,MA1714.1,+,2.75e-06,Plat_L3,CR1,LINE
chr2,242889005,242889026,MA1714.1,-,2.75e-06,L1MC3,L1,LINE
chr6_ssto_hap7,3922665,3922686,MA1714.1,+,2.77e-06,AluY,Alu,SINE
chr21,18525429,18525450,MA1714.1,+,2.77e-06,L1PA6,L1,LINE
chrY,19843913,19843934,MA1714.1,-,2.77e-06,L1PA8,L1,LINE
chrY,20335843,20335864,MA1714.1,+,2.77e-06,L1PA8,L1,LINE
chr7,21022941,21022962,MA1714.1,-,2.77e-06,AluSz6,Alu,SINE
chr17,22140516,22140537,MA1714.1,-,2.77e-06,L1MB1,L1,LINE
chr20,22945142,22945163,MA1714.1,+,2.77e-06,MER4B-int,ERV1,LTR
chrY,24221091,24221112,MA1714.1,-,2.77e-06,L1PA8,L1,LINE
chrY,24657577,24657598,MA1714.1,+,2.77e-06,L1PA8,L1,LINE
chr10,25401502,25401523,MA1714.1,-,2.77e-06,MIR,MIR,SINE
chr1,25773799,25773820,MA1714.1,-,2.77e-06,Charlie1b,hAT-Charlie,DNA
chrY,25830776,25830797,MA1714.1,-,2.77e-06,L1PA8,L1,LINE
chr4,26886407,26886428,MA1714.1,-,2.77e-06,MIRb,MIR,SINE
chr6,27168804,27168825,MA1714.1,-,2.77e-06,MLT1B,ERVL-MaLR,LTR
chrY,28131572,28131593,MA1714.1,+,2.77e-06,L1PA8,L1,LINE
chr11,28297311,28297332,MA1714.1,+,2.77e-06,L1MA4A,L1,LINE
chr20,36015924,36015945,MA1714.1,-,2.77e-06,MIRb,MIR,SINE
chr5,43525469,43525490,MA1714.1,+,2.77e-06,MLT1G3,ERVL-MaLR,LTR
chr10,43764511,43764532,MA1714.1,-,2.77e-06,AluJr,Alu,SINE
chr15,46751382,46751403,MA1714.1,-,2.77e-06,MIRb,MIR,SINE
chr13,47394566,47394587,MA1714.1,+,2.77e-06,MIRc,MIR,SINE
chr18,51699249,51699270,MA1714.1,+,2.77e-06,MIRb,MIR,SINE
chr13,58789529,58789550,MA1714.1,+,2.77e-06,L1MB5,L1,LINE
chr14,60664164,60664185,MA1714.1,+,2.77e-06,L1MA3,L1,LINE
chr11,62865389,62865410,MA1714.1,+,2.77e-06,L1PA8,L1,LINE
chr17,64100709,64100730,MA1714.1,+,2.77e-06,L1MA3,L1,LINE
chr14,67237087,67237108,MA1714.1,-,2.77e-06,L1PA13,L1,LINE
chr3,68643229,68643250,MA1714.1,-,2.77e-06,AluJo,Alu,SINE
chr10,70469620,70469641,MA1714.1,+,2.77e-06,L1M4,L1,LINE
chr16,71308265,71308286,MA1714.1,+,2.77e-06,L1MC4,L1,LINE
chr12,74594596,74594617,MA1714.1,-,2.77e-06,THE1B-int,ERVL-MaLR,LTR
chr8,80409696,80409717,MA1714.1,-,2.77e-06,L1PB1,L1,LINE
chr10,80583909,80583930,MA1714.1,-,2.77e-06,ERV3-16A3_I-int,ERVL,LTR
chr12,83140603,83140624,MA1714.1,+,2.77e-06,MLT1E2,ERVL-MaLR,LTR
chr2,84232213,84232234,MA1714.1,+,2.77e-06,L1MC1,L1,LINE
chr11,85034682,85034703,MA1714.1,-,2.77e-06,L1MA4,L1,LINE
chr13,87716246,87716267,MA1714.1,-,2.77e-06,AluJo,Alu,SINE
chr8,97303968,97303989,MA1714.1,-,2.77e-06,L1MC5,L1,LINE
chr1,100561883,100561904,MA1714.1,+,2.77e-06,L1ME1,L1,LINE
chr4,105254106,105254127,MA1714.1,-,2.77e-06,L1ME3,L1,LINE
chr11,106002775,106002796,MA1714.1,-,2.77e-06,MER115,hAT-Tip100,DNA
chr2,113758484,113758505,MA1714.1,-,2.77e-06,L1MEg,L1,LINE
chr4,115814822,115814843,MA1714.1,-,2.77e-06,L1PA8A,L1,LINE
chr11,130706099,130706120,MA1714.1,-,2.77e-06,L1M4c,L1,LINE
chrX,133794682,133794703,MA1714.1,+,2.77e-06,L1MEd,L1,LINE
chr4,143758835,143758856,MA1714.1,+,2.77e-06,L1ME4a,L1,LINE
chr5,146583471,146583492,MA1714.1,-,2.77e-06,MSTD-int,ERVL-MaLR,LTR
chr5,147559785,147559806,MA1714.1,-,2.77e-06,L1MA8,L1,LINE
chr4,149411228,149411249,MA1714.1,+,2.77e-06,L1ME3F,L1,LINE
chr7,151755001,151755022,MA1714.1,-,2.77e-06,L1MC3,L1,LINE
chr1,164371526,164371547,MA1714.1,+,2.77e-06,L1MB7,L1,LINE
chr5,171899702,171899723,MA1714.1,+,2.77e-06,MIRb,MIR,SINE
chr4,188739948,188739969,MA1714.1,-,2.77e-06,L1MA4,L1,LINE
chr1,198384610,198384631,MA1714.1,+,2.77e-06,L3,CR1,LINE
chr2,213649162,213649183,MA1714.1,+,2.77e-06,L1M3,L1,LINE
chr2,224256369,224256390,MA1714.1,-,2.77e-06,L1MC3,L1,LINE
chr1,242288652,242288673,MA1714.1,-,2.77e-06,MIR3,MIR,SINE
chrY,398447,398468,MA1714.1,+,2.78e-06,AluJr,Alu,SINE
chrX,448447,448468,MA1714.1,+,2.78e-06,AluJr,Alu,SINE
chr7,658012,658033,MA1714.1,-,2.78e-06,L1ME5,L1,LINE
chr17_ctg5_hap1,1042756,1042777,MA1714.1,+,2.78e-06,AluJr,Alu,SINE
chr12,1745778,1745799,MA1714.1,-,2.78e-06,AluJb,Alu,SINE
chr18,2262775,2262796,MA1714.1,+,2.78e-06,AluJr,Alu,SINE
chr7,4572134,4572155,MA1714.1,+,2.78e-06,AluJr,Alu,SINE
chr19,4963004,4963025,MA1714.1,-,2.78e-06,AluJo,Alu,SINE
chr7,6081704,6081725,MA1714.1,+,2.78e-06,AluJo,Alu,SINE
chr7,6097972,6097993,MA1714.1,+,2.78e-06,AluJr,Alu,SINE
chr8,9066373,9066394,MA1714.1,-,2.78e-06,AluJr,Alu,SINE
chr6,10612898,10612919,MA1714.1,-,2.78e-06,MIRb,MIR,SINE
chr18,10724281,10724302,MA1714.1,+,2.78e-06,AluJr,Alu,SINE
chr19,11452526,11452547,MA1714.1,+,2.78e-06,AluJr,Alu,SINE
chr2,12171524,12171545,MA1714.1,-,2.78e-06,L1MB3,L1,LINE
chr17,12654976,12654997,MA1714.1,-,2.78e-06,MIR,MIR,SINE
chrY,16119066,16119087,MA1714.1,-,2.78e-06,AluJr,Alu,SINE
chrY,16147402,16147423,MA1714.1,+,2.78e-06,AluJr,Alu,SINE
chr19,16170939,16170960,MA1714.1,+,2.78e-06,AluJr,Alu,SINE
chr16,16647691,16647712,MA1714.1,-,2.78e-06,L1MEe,L1,LINE
chrY,16778023,16778044,MA1714.1,-,2.78e-06,AluJo,Alu,SINE
chrY,16936476,16936497,MA1714.1,-,2.78e-06,AluJr,Alu,SINE
chr16,17151565,17151586,MA1714.1,+,2.78e-06,MER117,hAT-Charlie,DNA
chr5,17890754,17890775,MA1714.1,+,2.78e-06,L1ME2,L1,LINE
chr16,18252481,18252502,MA1714.1,+,2.78e-06,L1MEe,L1,LINE
chrX,18729744,18729765,MA1714.1,-,2.78e-06,L1MB5,L1,LINE
chr22,20138790,20138811,MA1714.1,-,2.78e-06,AluJr,Alu,SINE
chr19,20358061,20358082,MA1714.1,+,2.78e-06,HERVE_a-int,ERV1,LTR
chr8,21946431,21946452,MA1714.1,+,2.78e-06,AluJr,Alu,SINE
chr1,22088171,22088192,MA1714.1,+,2.78e-06,AluJb,Alu,SINE
chr21,24044399,24044420,MA1714.1,+,2.78e-06,THE1B-int,ERVL-MaLR,LTR
chr9,24159853,24159874,MA1714.1,-,2.78e-06,AluJo,Alu,SINE
chr22,26355310,26355331,MA1714.1,-,2.78e-06,AluJr,Alu,SINE
chr16,27041818,27041839,MA1714.1,+,2.78e-06,MLT1F2-int,ERVL-MaLR,LTR
chr10,27752866,27752887,MA1714.1,+,2.78e-06,MER58B,hAT-Charlie,DNA
chr19,28579936,28579957,MA1714.1,+,2.78e-06,L1PA4,L1,LINE
chr10,29720230,29720251,MA1714.1,-,2.78e-06,AluJr,Alu,SINE
chr22,30170921,30170942,MA1714.1,-,2.78e-06,AluJr,Alu,SINE
chr19,31033790,31033811,MA1714.1,-,2.78e-06,AluJo,Alu,SINE
chr13,31204185,31204206,MA1714.1,-,2.78e-06,AluJr,Alu,SINE
chr20,31448571,31448592,MA1714.1,-,2.78e-06,AluJo,Alu,SINE
chr2,32205426,32205447,MA1714.1,+,2.78e-06,AluJr,Alu,SINE
chr21,32799305,32799326,MA1714.1,-,2.78e-06,AluJr,Alu,SINE
chr3,33633027,33633048,MA1714.1,+,2.78e-06,AluJr,Alu,SINE
chr19,34274153,34274174,MA1714.1,+,2.78e-06,AluJr,Alu,SINE
chr2,34445131,34445152,MA1714.1,-,2.78e-06,MIRc,MIR,SINE
chr13,35729191,35729212,MA1714.1,+,2.78e-06,AluJo,Alu,SINE
chr2,35916936,35916957,MA1714.1,-,2.78e-06,AluJo,Alu,SINE
chr14,36328927,36328948,MA1714.1,-,2.78e-06,AluJo,Alu,SINE
chr20,36383281,36383302,MA1714.1,-,2.78e-06,AluSz,Alu,SINE
chr6,38225051,38225072,MA1714.1,-,2.78e-06,AluJr,Alu,SINE
chr14,41549586,41549607,MA1714.1,+,2.78e-06,HAL1b,L1,LINE
chr20,42818338,42818359,MA1714.1,+,2.78e-06,AluJo,Alu,SINE
chr22,42895367,42895388,MA1714.1,-,2.78e-06,L1M7,L1,LINE
chr7,43684197,43684218,MA1714.1,-,2.78e-06,AluJo,Alu,SINE
chr17,43824695,43824716,MA1714.1,-,2.78e-06,AluJr,Alu,SINE
chr19,44026501,44026522,MA1714.1,+,2.78e-06,AluJr,Alu,SINE
chr22,46889071,46889092,MA1714.1,+,2.78e-06,AluJr,Alu,SINE
chr1,47812953,47812974,MA1714.1,-,2.78e-06,AluJr,Alu,SINE
chr20,48064233,48064254,MA1714.1,+,2.78e-06,MIRb,MIR,SINE
chr6,48253451,48253472,MA1714.1,-,2.78e-06,L1MA1,L1,LINE
chr20,50809455,50809476,MA1714.1,-,2.78e-06,AluJr,Alu,SINE
chr3,54175876,54175897,MA1714.1,-,2.78e-06,L2b,L2,LINE
chr6,54257595,54257616,MA1714.1,-,2.78e-06,LTR33A_,ERVL,LTR
chr18,55198119,55198140,MA1714.1,-,2.78e-06,AluJb,Alu,SINE
chr8,55364478,55364499,MA1714.1,-,2.78e-06,AluJo,Alu,SINE
chr11,57078234,57078255,MA1714.1,+,2.78e-06,MIRb,MIR,SINE
chr2,57657459,57657480,MA1714.1,-,2.78e-06,L1PA15,L1,LINE
chr1,60405475,60405496,MA1714.1,-,2.78e-06,L1M1,L1,LINE
chr20,60695902,60695923,MA1714.1,-,2.78e-06,AluJr,Alu,SINE
chr15,62351040,62351061,MA1714.1,+,2.78e-06,AluJo,Alu,SINE
chr8,63320509,63320530,MA1714.1,+,2.78e-06,AluJr,Alu,SINE
chr6,64886119,64886140,MA1714.1,-,2.78e-06,L2a,L2,LINE
chr7,65992842,65992863,MA1714.1,+,2.78e-06,AluJr,Alu,SINE
chr7,67047764,67047785,MA1714.1,+,2.78e-06,AluJr,Alu,SINE
chr16,67214836,67214857,MA1714.1,-,2.78e-06,FRAM,Alu,SINE
chr5,67362471,67362492,MA1714.1,-,2.78e-06,L1MCa,L1,LINE
chr18,67595049,67595070,MA1714.1,-,2.78e-06,L1MB3,L1,LINE
chr7,68770929,68770950,MA1714.1,-,2.78e-06,AluJr,Alu,SINE
chr11,68796542,68796563,MA1714.1,-,2.78e-06,AluJr,Alu,SINE
chr13,69809575,69809596,MA1714.1,-,2.78e-06,L1PA17,L1,LINE
chr14,70091934,70091955,MA1714.1,+,2.78e-06,MIR,MIR,SINE
chr7,73522592,73522613,MA1714.1,+,2.78e-06,AluJr,Alu,SINE
chr7,73803210,73803231,MA1714.1,+,2.78e-06,AluJo,Alu,SINE
chr11,73855279,73855300,MA1714.1,+,2.78e-06,MER65C,ERV1,LTR
chr7,73864778,73864799,MA1714.1,-,2.78e-06,AluJo,Alu,SINE
chr17,73925143,73925164,MA1714.1,-,2.78e-06,AluJb,Alu,SINE
chr7,74009774,74009795,MA1714.1,+,2.78e-06,AluJo,Alu,SINE
chrX,74125569,74125590,MA1714.1,+,2.78e-06,AluSx1,Alu,SINE
chr14,74230613,74230634,MA1714.1,+,2.78e-06,MIRc,MIR,SINE
chr7,75314938,75314959,MA1714.1,-,2.78e-06,AluSq2,Alu,SINE
chr10,76562225,76562246,MA1714.1,-,2.78e-06,AluJr,Alu,SINE
chr9,78136196,78136217,MA1714.1,+,2.78e-06,AluJr,Alu,SINE
chr14,81359673,81359694,MA1714.1,+,2.78e-06,L1MA9,L1,LINE
chrX,81939197,81939218,MA1714.1,-,2.78e-06,L1MA9,L1,LINE
chr11,85724282,85724303,MA1714.1,+,2.78e-06,AluJo,Alu,SINE
chr2,86125761,86125782,MA1714.1,+,2.78e-06,L1MEd,L1,LINE
chr9,89467166,89467187,MA1714.1,-,2.78e-06,L1PA7,L1,LINE
chr7,92186146,92186167,MA1714.1,-,2.78e-06,AluJo,Alu,SINE
chr14,93780151,93780172,MA1714.1,-,2.78e-06,AluJr,Alu,SINE
chr7,98187954,98187975,MA1714.1,-,2.78e-06,AluJo,Alu,SINE
chr5,104259547,104259568,MA1714.1,+,2.78e-06,MSTB-int,ERVL-MaLR,LTR
chr13,104761648,104761669,MA1714.1,+,2.78e-06,THE1D-int,ERVL-MaLR,LTR
chr3,110484457,110484478,MA1714.1,-,2.78e-06,L1MA8,L1,LINE
chr10,111650045,111650066,MA1714.1,+,2.78e-06,Charlie7,hAT-Charlie,DNA
chr7,111753700,111753721,MA1714.1,-,2.78e-06,AluJr,Alu,SINE
chrX,113399951,113399972,MA1714.1,-,2.78e-06,AluJb,Alu,SINE
chr5,114664826,114664847,MA1714.1,+,2.78e-06,LTR70,ERV1,LTR
chrX,114679518,114679539,MA1714.1,+,2.78e-06,AluJo,Alu,SINE
chr1,120763390,120763411,MA1714.1,+,2.78e-06,AluJr,Alu,SINE
chr3,122784688,122784709,MA1714.1,-,2.78e-06,L1MB5,L1,LINE
chrX,123296427,123296448,MA1714.1,-,2.78e-06,HERVL-int,ERVL,LTR
chr6,127402247,127402268,MA1714.1,+,2.78e-06,MIRc,MIR,SINE
chr7,138083979,138084000,MA1714.1,-,2.78e-06,AluJr,Alu,SINE
chr1,143988728,143988749,MA1714.1,-,2.78e-06,AluJr,Alu,SINE
chr5,147502839,147502860,MA1714.1,+,2.78e-06,AluJr,Alu,SINE
chr7,148451910,148451931,MA1714.1,-,2.78e-06,AluJr,Alu,SINE
chr4,152251405,152251426,MA1714.1,+,2.78e-06,AluJr,Alu,SINE
chrX,152884673,152884694,MA1714.1,-,2.78e-06,AluJo,Alu,SINE
chr2,154852471,154852492,MA1714.1,-,2.78e-06,L1MA6,L1,LINE
chr5,159631248,159631269,MA1714.1,+,2.78e-06,FRAM,Alu,SINE
chr5,161698913,161698934,MA1714.1,-,2.78e-06,MER34D,ERV1,LTR
chr2,170232326,170232347,MA1714.1,-,2.78e-06,L1MEg,L1,LINE
chr5,178793690,178793711,MA1714.1,-,2.78e-06,L1MC,L1,LINE
chr2,181922131,181922152,MA1714.1,+,2.78e-06,L1MC4,L1,LINE
chr3,183709009,183709030,MA1714.1,+,2.78e-06,AluJo,Alu,SINE
chr2,209259327,209259348,MA1714.1,-,2.78e-06,HUERS-P3-int,ERV1,LTR
chr1,222804535,222804556,MA1714.1,-,2.78e-06,AluJr,Alu,SINE
chr2,224660501,224660522,MA1714.1,+,2.78e-06,MIR,MIR,SINE
chr2,225719347,225719368,MA1714.1,+,2.78e-06,MIRb,MIR,SINE
chr17_ctg5_hap1,351561,351582,MA1714.1,-,2.8e-06,AluSz,Alu,SINE
chr9,752689,752710,MA1714.1,+,2.8e-06,AluSq2,Alu,SINE
chrY,1303398,1303419,MA1714.1,+,2.8e-06,AluY,Alu,SINE
chrX,1353398,1353419,MA1714.1,+,2.8e-06,AluY,Alu,SINE
chr17_ctg5_hap1,1553842,1553863,MA1714.1,+,2.8e-06,AluSz,Alu,SINE
chr6,3060676,3060697,MA1714.1,+,2.8e-06,Tigger1,TcMar-Tigger,DNA
chr16,4634420,4634441,MA1714.1,-,2.8e-06,AluSx,Alu,SINE
chr16,4757354,4757375,MA1714.1,-,2.8e-06,AluSx,Alu,SINE
chr6,10929015,10929036,MA1714.1,-,2.8e-06,AluJr4,Alu,SINE
chr19,12835379,12835400,MA1714.1,-,2.8e-06,AluSc,Alu,SINE
chr18,13588999,13589020,MA1714.1,-,2.8e-06,AluSz6,Alu,SINE
chr12,15120171,15120192,MA1714.1,-,2.8e-06,L1MD2,L1,LINE
chr3,15693757,15693778,MA1714.1,+,2.8e-06,AluSx4,Alu,SINE
chr9,16315033,16315054,MA1714.1,+,2.8e-06,AluSx,Alu,SINE
chr12,16719211,16719232,MA1714.1,+,2.8e-06,L1MA6,L1,LINE
chr19,17871530,17871551,MA1714.1,-,2.8e-06,AluSx1,Alu,SINE
chr7,18547189,18547210,MA1714.1,-,2.8e-06,AluSp,Alu,SINE
chrX,22672453,22672474,MA1714.1,-,2.8e-06,MER5A,hAT-Charlie,DNA
chrX,26027067,26027088,MA1714.1,+,2.8e-06,L1MC3,L1,LINE
chr10,26998414,26998435,MA1714.1,+,2.8e-06,AluSq2,Alu,SINE
chr7,29222772,29222793,MA1714.1,-,2.8e-06,AluSp,Alu,SINE
chr18,29337054,29337075,MA1714.1,-,2.8e-06,AluSx,Alu,SINE
chr1,30947274,30947295,MA1714.1,+,2.8e-06,ERVL-E-int,ERVL,LTR
chr10,31225527,31225548,MA1714.1,+,2.8e-06,AluSq10,Alu,SINE
chr11,33782115,33782136,MA1714.1,+,2.8e-06,AluJr,Alu,SINE
chr6,33812111,33812132,MA1714.1,-,2.8e-06,AluSq2,Alu,SINE
chr6,36693024,36693045,MA1714.1,-,2.8e-06,AluSq,Alu,SINE
chr18,37174834,37174855,MA1714.1,-,2.8e-06,MLT1F2,ERVL-MaLR,LTR
chr17,41250447,41250468,MA1714.1,-,2.8e-06,AluSx,Alu,SINE
chr21,42788628,42788649,MA1714.1,+,2.8e-06,L1PBa,L1,LINE
chr17,44479472,44479493,MA1714.1,+,2.8e-06,AluSz,Alu,SINE
chr17,44697062,44697083,MA1714.1,+,2.8e-06,AluSz,Alu,SINE
chr7,45093660,45093681,MA1714.1,-,2.8e-06,ERV3-16A3_I-int,ERVL,LTR
chr19,46342216,46342237,MA1714.1,-,2.8e-06,AluSx,Alu,SINE
chr1,50100781,50100802,MA1714.1,+,2.8e-06,L1MEg2,L1,LINE
chr16,52511694,52511715,MA1714.1,+,2.8e-06,MIR,MIR,SINE
chr5,53879952,53879973,MA1714.1,-,2.8e-06,AluSx,Alu,SINE
chr18,58662717,58662738,MA1714.1,+,2.8e-06,AluSq2,Alu,SINE
chr5,59339335,59339356,MA1714.1,+,2.8e-06,L1P3,L1,LINE
chr11,61722015,61722036,MA1714.1,-,2.8e-06,AluJo,Alu,SINE
chr14,62236187,62236208,MA1714.1,-,2.8e-06,AluSc8,Alu,SINE
chr13,62739978,62739999,MA1714.1,+,2.8e-06,AluSz,Alu,SINE
chr11,63389600,63389621,MA1714.1,+,2.8e-06,AluSx1,Alu,SINE
chr6,64001449,64001470,MA1714.1,-,2.8e-06,LTR1B,ERV1,LTR
chr16,66072229,66072250,MA1714.1,+,2.8e-06,MLT1D,ERVL-MaLR,LTR
chr18,70818391,70818412,MA1714.1,+,2.8e-06,MER47A,TcMar-Tigger,DNA
chr2,74170848,74170869,MA1714.1,-,2.8e-06,AluSq2,Alu,SINE
chr9,76763378,76763399,MA1714.1,+,2.8e-06,MIRc,MIR,SINE
chr11,78151181,78151202,MA1714.1,-,2.8e-06,AluSz,Alu,SINE
chr17,80628482,80628503,MA1714.1,-,2.8e-06,AluSg,Alu,SINE
chr7,83189381,83189402,MA1714.1,+,2.8e-06,L1MC1,L1,LINE
chr8,84379283,84379304,MA1714.1,+,2.8e-06,THE1C-int,ERVL-MaLR,LTR
chr2,86810052,86810073,MA1714.1,+,2.8e-06,AluSx3,Alu,SINE
chr14,88724554,88724575,MA1714.1,-,2.8e-06,MIR,MIR,SINE
chr8,91742594,91742615,MA1714.1,-,2.8e-06,L1PA6,L1,LINE
chr3,95844693,95844714,MA1714.1,+,2.8e-06,L1MA10,L1,LINE
chr2,96948777,96948798,MA1714.1,+,2.8e-06,MIR,MIR,SINE
chr14,100049765,100049786,MA1714.1,+,2.8e-06,AluSx,Alu,SINE
chr2,101723621,101723642,MA1714.1,+,2.8e-06,L1MC3,L1,LINE
chr1,102328588,102328609,MA1714.1,-,2.8e-06,AluSz,Alu,SINE
chr5,102439565,102439586,MA1714.1,-,2.8e-06,AluSc8,Alu,SINE
chr1,103410717,103410738,MA1714.1,+,2.8e-06,MSTD,ERVL-MaLR,LTR
chr10,103913501,103913522,MA1714.1,-,2.8e-06,AluSz,Alu,SINE
chr8,103929874,103929895,MA1714.1,+,2.8e-06,AluJb,Alu,SINE
chr13,104051300,104051321,MA1714.1,-,2.8e-06,THE1C-int,ERVL-MaLR,LTR
chr14,104085213,104085234,MA1714.1,+,2.8e-06,AluSz6,Alu,SINE
chr12,108850253,108850274,MA1714.1,+,2.8e-06,AluSx,Alu,SINE
chr9,115141393,115141414,MA1714.1,+,2.8e-06,AluSz,Alu,SINE
chr10,116217100,116217121,MA1714.1,-,2.8e-06,AluSz,Alu,SINE
chr12,120410768,120410789,MA1714.1,-,2.8e-06,AluSq2,Alu,SINE
chr10,124849075,124849096,MA1714.1,-,2.8e-06,MIRb,MIR,SINE
chr9,126731574,126731595,MA1714.1,-,2.8e-06,AluSz6,Alu,SINE
chr7,128148968,128148989,MA1714.1,+,2.8e-06,AluSq2,Alu,SINE
chr10,128907799,128907820,MA1714.1,-,2.8e-06,L1MB7,L1,LINE
chr9,131211342,131211363,MA1714.1,-,2.8e-06,AluSx,Alu,SINE
chr6,135169091,135169112,MA1714.1,-,2.8e-06,MIRb,MIR,SINE
chr8,136217767,136217788,MA1714.1,+,2.8e-06,MSTA-int,ERVL-MaLR,LTR
chr2,140746893,140746914,MA1714.1,-,2.8e-06,L1PA15,L1,LINE
chr7,144676310,144676331,MA1714.1,-,2.8e-06,L1M6,L1,LINE
chr1,151630401,151630422,MA1714.1,+,2.8e-06,AluSx1,Alu,SINE
chr3,153380622,153380643,MA1714.1,+,2.8e-06,AluSp,Alu,SINE
chr4,157388184,157388205,MA1714.1,-,2.8e-06,THE1-int,ERVL-MaLR,LTR
chr6,157699855,157699876,MA1714.1,-,2.8e-06,AluSq,Alu,SINE
chr1,161122311,161122332,MA1714.1,-,2.8e-06,AluSq2,Alu,SINE
chr5,161385650,161385671,MA1714.1,-,2.8e-06,MIRb,MIR,SINE
chr4,170807712,170807733,MA1714.1,-,2.8e-06,AluSz6,Alu,SINE
chr2,203596225,203596246,MA1714.1,-,2.8e-06,AluSx3,Alu,SINE
chr2,207969289,207969310,MA1714.1,-,2.8e-06,MIRb,MIR,SINE
chr1,211682760,211682781,MA1714.1,+,2.8e-06,AluSc,Alu,SINE
chr1,213360322,213360343,MA1714.1,-,2.8e-06,AluJo,Alu,SINE
chr1,217702043,217702064,MA1714.1,+,2.8e-06,LTR81A,Gypsy,LTR
chr1,235162560,235162581,MA1714.1,+,2.8e-06,AluSq2,Alu,SINE
chr1,245976388,245976409,MA1714.1,-,2.8e-06,AluSg,Alu,SINE
chr17_ctg5_hap1,830053,830074,MA1714.1,+,2.82e-06,Tigger12A,TcMar-Tigger,DNA
chr20,1505262,1505283,MA1714.1,-,2.82e-06,L1MC5,L1,LINE
chr17,10800965,10800986,MA1714.1,-,2.82e-06,Ricksha_b,MuDR,DNA
chr4,11583108,11583129,MA1714.1,-,2.82e-06,L1PA4,L1,LINE
chr6,16445309,16445330,MA1714.1,+,2.82e-06,L1MC5,L1,LINE
chr16,22104986,22105007,MA1714.1,-,2.82e-06,MIRc,MIR,SINE
chr22,35239439,35239460,MA1714.1,+,2.82e-06,THE1D-int,ERVL-MaLR,LTR
chr5,37380821,37380842,MA1714.1,-,2.82e-06,AluSx3,Alu,SINE
chr21,38348336,38348357,MA1714.1,-,2.82e-06,MIRb,MIR,SINE
chr15,38389912,38389933,MA1714.1,+,2.82e-06,L1PA8,L1,LINE
chr6,40974127,40974148,MA1714.1,+,2.82e-06,AluSz,Alu,SINE
chrX,42669532,42669553,MA1714.1,-,2.82e-06,LTR49,ERV1,LTR
chr10,43502682,43502703,MA1714.1,-,2.82e-06,L1MD,L1,LINE
chr17,44037623,44037644,MA1714.1,-,2.82e-06,Tigger12c,TcMar-Tigger,DNA
chr12,51982666,51982687,MA1714.1,-,2.82e-06,FAM,Alu,SINE
chr4,59012033,59012054,MA1714.1,-,2.82e-06,L1M4,L1,LINE
chr10,62103229,62103250,MA1714.1,+,2.82e-06,HAL1b,L1,LINE
chr15,66226213,66226234,MA1714.1,+,2.82e-06,MIR,MIR,SINE
chr16,69870272,69870293,MA1714.1,-,2.82e-06,L1ME2z,L1,LINE
chr13,69895411,69895432,MA1714.1,-,2.82e-06,L1ME4a,L1,LINE
chr18,69985546,69985567,MA1714.1,-,2.82e-06,AluSx,Alu,SINE
chr11,71236566,71236587,MA1714.1,+,2.82e-06,MSTB-int,ERVL-MaLR,LTR
chr1,73256523,73256544,MA1714.1,+,2.82e-06,MIRb,MIR,SINE
chr13,76235601,76235622,MA1714.1,+,2.82e-06,MIR,MIR,SINE
chr12,77598528,77598549,MA1714.1,-,2.82e-06,L1MA9,L1,LINE
chr15,79898844,79898865,MA1714.1,+,2.82e-06,MER58A,hAT-Charlie,DNA
chr2,87890734,87890755,MA1714.1,+,2.82e-06,MSTA-int,ERVL-MaLR,LTR
chr6,91117864,91117885,MA1714.1,-,2.82e-06,MIR,MIR,SINE
chr4,98751237,98751258,MA1714.1,+,2.82e-06,L1PA7,L1,LINE
chr6,103546188,103546209,MA1714.1,-,2.82e-06,L1MA4A,L1,LINE
chr5,103715275,103715296,MA1714.1,+,2.82e-06,L1MC3,L1,LINE
chr11,110433943,110433964,MA1714.1,-,2.82e-06,L1ME2,L1,LINE
chr12,110542683,110542704,MA1714.1,+,2.82e-06,MIRc,MIR,SINE
chr2,112117166,112117187,MA1714.1,-,2.82e-06,MSTA-int,ERVL-MaLR,LTR
chr10,112547714,112547735,MA1714.1,-,2.82e-06,MIR,MIR,SINE
chr5,117756781,117756802,MA1714.1,+,2.82e-06,L1PA5,L1,LINE
chr1,119908243,119908264,MA1714.1,+,2.82e-06,MIR,MIR,SINE
chr6,129265215,129265236,MA1714.1,+,2.82e-06,L3,CR1,LINE
chr4,132473067,132473088,MA1714.1,-,2.82e-06,AluSz,Alu,SINE
chr6,132770665,132770686,MA1714.1,-,2.82e-06,L1MEe,L1,LINE
chr6,133085092,133085113,MA1714.1,+,2.82e-06,MIR,MIR,SINE
chrX,135927038,135927059,MA1714.1,-,2.82e-06,L1MDa,L1,LINE
chr9,140702031,140702052,MA1714.1,-,2.82e-06,AluSz,Alu,SINE
chrX,149027500,149027521,MA1714.1,+,2.82e-06,L1MCb,L1,LINE
chr4,158205973,158205994,MA1714.1,-,2.82e-06,L1ME3D,L1,LINE
chr4,190782090,190782111,MA1714.1,+,2.82e-06,L1MEd,L1,LINE
chr2,205318153,205318174,MA1714.1,+,2.82e-06,Charlie1a,hAT-Charlie,DNA
chr1,234027067,234027088,MA1714.1,+,2.82e-06,THE1C-int,ERVL-MaLR,LTR
chr1,236281024,236281045,MA1714.1,-,2.82e-06,MIRc,MIR,SINE
chr2,337778,337799,MA1714.1,+,2.84e-06,THE1B-int,ERVL-MaLR,LTR
chr9,1330036,1330057,MA1714.1,-,2.84e-06,L4,RTE,LINE
chr9,1668739,1668760,MA1714.1,+,2.84e-06,L1MB3,L1,LINE
chr17,6596167,6596188,MA1714.1,-,2.84e-06,L2b,L2,LINE
chr17,8177338,8177359,MA1714.1,+,2.84e-06,L1ME5,L1,LINE
chr20,18783366,18783387,MA1714.1,-,2.84e-06,L1ME1,L1,LINE
chr21,20605008,20605029,MA1714.1,-,2.84e-06,L1MC3,L1,LINE
chrY,21212243,21212264,MA1714.1,-,2.84e-06,AluJr,Alu,SINE
chr16,22974352,22974373,MA1714.1,-,2.84e-06,MSTB1-int,ERVL-MaLR,LTR
chr9,30333061,30333082,MA1714.1,-,2.84e-06,L1MEb,L1,LINE
chr10,31390625,31390646,MA1714.1,-,2.84e-06,AluSx,Alu,SINE
chr16,34174100,34174121,MA1714.1,-,2.84e-06,AluJb,Alu,SINE
chr1,42904232,42904253,MA1714.1,-,2.84e-06,LTR33,ERVL,LTR
chr19,46181693,46181714,MA1714.1,-,2.84e-06,AluSx,Alu,SINE
chr7,49630147,49630168,MA1714.1,+,2.84e-06,L1MB2,L1,LINE
chr20,53434917,53434938,MA1714.1,+,2.84e-06,ERVL-B4-int,ERVL,LTR
chr2,53532045,53532066,MA1714.1,-,2.84e-06,L1PA16,L1,LINE
chr15,54765735,54765756,MA1714.1,-,2.84e-06,L1MA4,L1,LINE
chr18,55383500,55383521,MA1714.1,+,2.84e-06,L1M1,L1,LINE
chr16,62412435,62412456,MA1714.1,+,2.84e-06,MER39,ERV1,LTR
chr6,64994809,64994830,MA1714.1,-,2.84e-06,THE1A-int,ERVL-MaLR,LTR
chr4,66128132,66128153,MA1714.1,+,2.84e-06,HAL1,L1,LINE
chr1,68434530,68434551,MA1714.1,-,2.84e-06,L1MA3,L1,LINE
chr10,68615775,68615796,MA1714.1,-,2.84e-06,L1PA15,L1,LINE
chr6,72447468,72447489,MA1714.1,+,2.84e-06,HERV16-int,ERVL,LTR
chr4,74914004,74914025,MA1714.1,-,2.84e-06,L1MA4A,L1,LINE
chr2,76584114,76584135,MA1714.1,+,2.84e-06,THE1D-int,ERVL-MaLR,LTR
chr2,79403260,79403281,MA1714.1,+,2.84e-06,MLT1E2,ERVL-MaLR,LTR
chr10,81941875,81941896,MA1714.1,+,2.84e-06,L1MC1,L1,LINE
chr13,83444881,83444902,MA1714.1,-,2.84e-06,L1PA15,L1,LINE
chr7,84990002,84990023,MA1714.1,+,2.84e-06,THE1C-int,ERVL-MaLR,LTR
chr5,90549757,90549778,MA1714.1,-,2.84e-06,HAL1,L1,LINE
chr11,97809723,97809744,MA1714.1,+,2.84e-06,L1ME3D,L1,LINE
chr11,106059081,106059102,MA1714.1,+,2.84e-06,PABL_A-int,ERV1,LTR
chr7,106852557,106852578,MA1714.1,+,2.84e-06,L4,RTE,LINE
chr6,107421145,107421166,MA1714.1,-,2.84e-06,AluJr4,Alu,SINE
chr13,108540754,108540775,MA1714.1,-,2.84e-06,MSTA-int,ERVL-MaLR,LTR
chr9,113882986,113883007,MA1714.1,-,2.84e-06,THE1B-int,ERVL-MaLR,LTR
chr8,115560266,115560287,MA1714.1,+,2.84e-06,L1MD3,L1,LINE
chr10,126132983,126133004,MA1714.1,+,2.84e-06,AluJr,Alu,SINE
chr8,127963426,127963447,MA1714.1,+,2.84e-06,MIR,MIR,SINE
chr3,137032997,137033018,MA1714.1,-,2.84e-06,L1MC4a,L1,LINE
chr5,145153084,145153105,MA1714.1,-,2.84e-06,L3,CR1,LINE
chr2,149429361,149429382,MA1714.1,-,2.84e-06,L1MC4,L1,LINE
chr3,156577658,156577679,MA1714.1,-,2.84e-06,L1MC4a,L1,LINE
chr5,169361687,169361708,MA1714.1,+,2.84e-06,MIR,MIR,SINE
chr2,186354895,186354916,MA1714.1,-,2.84e-06,L1M4b,L1,LINE
chr2,189530757,189530778,MA1714.1,-,2.84e-06,HAL1-3A_ME,L1,LINE
chr2,211390745,211390766,MA1714.1,+,2.84e-06,MIRb,MIR,SINE
chr1,221305784,221305805,MA1714.1,-,2.84e-06,L1MC3,L1,LINE
chr1,235622538,235622559,MA1714.1,+,2.84e-06,L1ME3C,L1,LINE
chr10,4124720,4124741,MA1714.1,-,2.86e-06,AluJb,Alu,SINE
chr17,12538210,12538231,MA1714.1,+,2.86e-06,MIRb,MIR,SINE
chr16,14370917,14370938,MA1714.1,+,2.86e-06,L1ME1,L1,LINE
chr1,14896871,14896892,MA1714.1,-,2.86e-06,L1MB7,L1,LINE
chr19,16414128,16414149,MA1714.1,+,2.86e-06,MER20,hAT-Charlie,DNA
chr5,20883358,20883379,MA1714.1,-,2.86e-06,ERVL-int,ERVL,LTR
chr10,21107240,21107261,MA1714.1,+,2.86e-06,MIR,MIR,SINE
chr13,21705982,21706003,MA1714.1,+,2.86e-06,AluJr,Alu,SINE
chr2,21878296,21878317,MA1714.1,+,2.86e-06,MIRb,MIR,SINE
chr9,24342761,24342782,MA1714.1,+,2.86e-06,MSTD,ERVL-MaLR,LTR
chrX,25517113,25517134,MA1714.1,-,2.86e-06,AluJr,Alu,SINE
chr11,31699564,31699585,MA1714.1,-,2.86e-06,L1MC1,L1,LINE
chr2,33252544,33252565,MA1714.1,-,2.86e-06,L1MA9,L1,LINE
chr5,34322181,34322202,MA1714.1,+,2.86e-06,ERVL-int,ERVL,LTR
chr10,35184316,35184337,MA1714.1,-,2.86e-06,FRAM,Alu,SINE
chr1,37827546,37827567,MA1714.1,-,2.86e-06,L1MD3,L1,LINE
chr22,42937259,42937280,MA1714.1,-,2.86e-06,L1M7,L1,LINE
chr19,46796694,46796715,MA1714.1,-,2.86e-06,AluJb,Alu,SINE
chr8,47656468,47656489,MA1714.1,-,2.86e-06,L1PA4,L1,LINE
chr7,50065519,50065540,MA1714.1,+,2.86e-06,L1MCb,L1,LINE
chr17,54444338,54444359,MA1714.1,+,2.86e-06,L3,CR1,LINE
chr4,56265939,56265960,MA1714.1,-,2.86e-06,AluJo,Alu,SINE
chr11,59689666,59689687,MA1714.1,-,2.86e-06,HERV16-int,ERVL,LTR
chr7,70558049,70558070,MA1714.1,-,2.86e-06,AluJr,Alu,SINE
chrX,70873400,70873421,MA1714.1,-,2.86e-06,THE1A-int,ERVL-MaLR,LTR
chr7,74483709,74483730,MA1714.1,+,2.86e-06,L1MC5,L1,LINE
chr5,76998330,76998351,MA1714.1,+,2.86e-06,L1MD2,L1,LINE
chr11,88663506,88663527,MA1714.1,+,2.86e-06,AluJr,Alu,SINE
chr4,92847755,92847776,MA1714.1,-,2.86e-06,L1MC3,L1,LINE
chr5,95328283,95328304,MA1714.1,+,2.86e-06,L1MD3,L1,LINE
chr8,108814045,108814066,MA1714.1,+,2.86e-06,MLT1K,ERVL-MaLR,LTR
chr3,109495384,109495405,MA1714.1,-,2.86e-06,HERVL-int,ERVL,LTR
chr7,113147937,113147958,MA1714.1,+,2.86e-06,LTR81B,Gypsy,LTR
chr8,114257550,114257571,MA1714.1,-,2.86e-06,L1MB8,L1,LINE
chr12,119335077,119335098,MA1714.1,-,2.86e-06,MIRb,MIR,SINE
chr4,136492853,136492874,MA1714.1,+,2.86e-06,L1M1,L1,LINE
chr2,150279235,150279256,MA1714.1,-,2.86e-06,L1MA8,L1,LINE
chr4,163224365,163224386,MA1714.1,-,2.86e-06,L1ME1,L1,LINE
chr2,188795919,188795940,MA1714.1,-,2.86e-06,MER52-int,ERV1,LTR
chr1,210159316,210159337,MA1714.1,-,2.86e-06,MSTA-int,ERVL-MaLR,LTR
chr2,224785764,224785785,MA1714.1,+,2.86e-06,L1ME2,L1,LINE
chr10,1767125,1767146,MA1714.1,+,2.88e-06,MIR,MIR,SINE
chr20,2210673,2210694,MA1714.1,-,2.88e-06,MIRb,MIR,SINE
chr19,2836950,2836971,MA1714.1,-,2.88e-06,MIR,MIR,SINE
chr11,4132119,4132140,MA1714.1,+,2.88e-06,MIR,MIR,SINE
chrX,5435808,5435829,MA1714.1,-,2.88e-06,AluJr,Alu,SINE
chr12,9731046,9731067,MA1714.1,+,2.88e-06,AluJr4,Alu,SINE
chr18,10834364,10834385,MA1714.1,+,2.88e-06,MIR,MIR,SINE
chr16,10959298,10959319,MA1714.1,-,2.88e-06,MIR,MIR,SINE
chr20,13522825,13522846,MA1714.1,+,2.88e-06,L1MEf,L1,LINE
chr4,13881815,13881836,MA1714.1,+,2.88e-06,LTR85c,Gypsy,LTR
chr3,14958549,14958570,MA1714.1,-,2.88e-06,L1ME2,L1,LINE
chr2,16274166,16274187,MA1714.1,-,2.88e-06,MIR,MIR,SINE
chr10,21331127,21331148,MA1714.1,-,2.88e-06,MIR,MIR,SINE
chr20,22360365,22360386,MA1714.1,-,2.88e-06,MLT1H,ERVL-MaLR,LTR
chr1,23961755,23961776,MA1714.1,-,2.88e-06,MIR,MIR,SINE
chr17,27111388,27111409,MA1714.1,+,2.88e-06,AluJr,Alu,SINE
chr10,29734881,29734902,MA1714.1,+,2.88e-06,MER58B,hAT-Charlie,DNA
chr17,30736566,30736587,MA1714.1,+,2.88e-06,MIRb,MIR,SINE
chr9,31594519,31594540,MA1714.1,+,2.88e-06,AluJr,Alu,SINE
chrX,32772106,32772127,MA1714.1,-,2.88e-06,L3,CR1,LINE
chr21,33539885,33539906,MA1714.1,+,2.88e-06,L1MEg,L1,LINE
chr22,34965410,34965431,MA1714.1,-,2.88e-06,L1MC3,L1,LINE
chr21,40379944,40379965,MA1714.1,-,2.88e-06,MIR,MIR,SINE
chr22,44209916,44209937,MA1714.1,+,2.88e-06,Charlie1b,hAT-Charlie,DNA
chr17,44923185,44923206,MA1714.1,-,2.88e-06,AluSx1,Alu,SINE
chr4,48989341,48989362,MA1714.1,-,2.88e-06,MIRb,MIR,SINE
chr1,50630110,50630131,MA1714.1,-,2.88e-06,L3,CR1,LINE
chrX,53397382,53397403,MA1714.1,+,2.88e-06,L1MDa,L1,LINE
chr11,56328458,56328479,MA1714.1,+,2.88e-06,MSTA-int,ERVL-MaLR,LTR
chr15,60084320,60084341,MA1714.1,-,2.88e-06,MER52A,ERV1,LTR
chr14,70049909,70049930,MA1714.1,-,2.88e-06,MLT1B,ERVL-MaLR,LTR
chr8,70114207,70114228,MA1714.1,-,2.88e-06,MLT1J2,ERVL-MaLR,LTR
chr13,70654945,70654966,MA1714.1,-,2.88e-06,AluSz,Alu,SINE
chr17,75458083,75458104,MA1714.1,-,2.88e-06,MLT2B4,ERVL,LTR
chr11,84782140,84782161,MA1714.1,+,2.88e-06,MIR,MIR,SINE
chr16,84833978,84833999,MA1714.1,-,2.88e-06,MIR,MIR,SINE
chr3,88593954,88593975,MA1714.1,+,2.88e-06,THE1B-int,ERVL-MaLR,LTR
chr14,89218306,89218327,MA1714.1,+,2.88e-06,MIR,MIR,SINE
chr11,93701361,93701382,MA1714.1,+,2.88e-06,MIR,MIR,SINE
chr1,93820513,93820534,MA1714.1,-,2.88e-06,MIRb,MIR,SINE
chr2,101449771,101449792,MA1714.1,+,2.88e-06,MIRb,MIR,SINE
chr3,105943484,105943505,MA1714.1,+,2.88e-06,MLT1B,ERVL-MaLR,LTR
chr5,109786712,109786733,MA1714.1,+,2.88e-06,MLT1J2,ERVL-MaLR,LTR
chr12,113922535,113922556,MA1714.1,+,2.88e-06,MIRb,MIR,SINE
chr9,114095362,114095383,MA1714.1,+,2.88e-06,L1MC4,L1,LINE
chr10,115978794,115978815,MA1714.1,+,2.88e-06,MIR,MIR,SINE
chrX,118346580,118346601,MA1714.1,-,2.88e-06,MIR,MIR,SINE
chr12,129368800,129368821,MA1714.1,+,2.88e-06,L1MA8,L1,LINE
chr7,130094623,130094644,MA1714.1,+,2.88e-06,L1MC4,L1,LINE
chr12,130550631,130550652,MA1714.1,+,2.88e-06,MER63A,hAT-Blackjack,DNA
chr7,131316574,131316595,MA1714.1,-,2.88e-06,MIR,MIR,SINE
chr9,138460403,138460424,MA1714.1,+,2.88e-06,L1MC4a,L1,LINE
chr5,138463110,138463131,MA1714.1,+,2.88e-06,MIR,MIR,SINE
chr5,141170337,141170358,MA1714.1,-,2.88e-06,MIR,MIR,SINE
chr6,143191489,143191510,MA1714.1,+,2.88e-06,MIRb,MIR,SINE
chrX,145061506,145061527,MA1714.1,+,2.88e-06,L1M4b,L1,LINE
chr4,148879348,148879369,MA1714.1,-,2.88e-06,MamRep605,MamRep605,Unknown
chr4,149106150,149106171,MA1714.1,+,2.88e-06,MIRc,MIR,SINE
chr5,155043398,155043419,MA1714.1,+,2.88e-06,MIR,MIR,SINE
chr5,169415331,169415352,MA1714.1,-,2.88e-06,MIR,MIR,SINE
chr3,170445621,170445642,MA1714.1,+,2.88e-06,L2a,L2,LINE
chr3,179676229,179676250,MA1714.1,+,2.88e-06,MIR,MIR,SINE
chr4,182263420,182263441,MA1714.1,-,2.88e-06,MIR,MIR,SINE
chr3,188705692,188705713,MA1714.1,-,2.88e-06,L1MC4,L1,LINE
chr2,205499941,205499962,MA1714.1,-,2.88e-06,L1MC5,L1,LINE
chr2,212908565,212908586,MA1714.1,+,2.88e-06,MIRb,MIR,SINE
chr1,214514553,214514574,MA1714.1,-,2.88e-06,MER21-int,ERVL,LTR
chr1,219005218,219005239,MA1714.1,+,2.88e-06,L1MA9,L1,LINE
chr1,222852896,222852917,MA1714.1,-,2.88e-06,MIR,MIR,SINE
chr5,89960,89981,MA1714.1,-,2.9e-06,LTR67B,ERVL,LTR
chr6,4986129,4986150,MA1714.1,+,2.9e-06,L1MC3,L1,LINE
chr4,5820877,5820898,MA1714.1,+,2.9e-06,L1M5,L1,LINE
chr10,16654033,16654054,MA1714.1,+,2.9e-06,MIR,MIR,SINE
chr16,18062332,18062353,MA1714.1,+,2.9e-06,MIR,MIR,SINE
chr22,18641103,18641124,MA1714.1,+,2.9e-06,MIR,MIR,SINE
chr11,19008882,19008903,MA1714.1,-,2.9e-06,L1PBa,L1,LINE
chr6,21092639,21092660,MA1714.1,-,2.9e-06,L1PA8,L1,LINE
chr9,22251656,22251677,MA1714.1,-,2.9e-06,MSTA-int,ERVL-MaLR,LTR
chr10,22741498,22741519,MA1714.1,-,2.9e-06,MIR,MIR,SINE
chr2,24511149,24511170,MA1714.1,-,2.9e-06,L1MA9,L1,LINE
chr4,27972582,27972603,MA1714.1,+,2.9e-06,MLT2B4,ERVL,LTR
chr4,31863190,31863211,MA1714.1,+,2.9e-06,L1PA15-16,L1,LINE
chr2,34445609,34445630,MA1714.1,-,2.9e-06,MamRep605,MamRep605,Unknown
chr18,41094399,41094420,MA1714.1,-,2.9e-06,HERVIP10F-int,ERV1,LTR
chr22,44005737,44005758,MA1714.1,+,2.9e-06,L1ME3B,L1,LINE
chr18,49504822,49504843,MA1714.1,+,2.9e-06,L1MC3,L1,LINE
chr20,51646592,51646613,MA1714.1,-,2.9e-06,MIR,MIR,SINE
chrX,62094059,62094080,MA1714.1,+,2.9e-06,L1M1,L1,LINE
chr15,63279712,63279733,MA1714.1,-,2.9e-06,L1MEd,L1,LINE
chr16,64411800,64411821,MA1714.1,-,2.9e-06,L1MD2,L1,LINE
chr13,70819825,70819846,MA1714.1,-,2.9e-06,AluJr,Alu,SINE
chr5,74465999,74466020,MA1714.1,+,2.9e-06,L1MEf,L1,LINE
chr11,75634751,75634772,MA1714.1,-,2.9e-06,L1M3,L1,LINE
chr11,86436965,86436986,MA1714.1,+,2.9e-06,L1PB1,L1,LINE
chr14,86745980,86746001,MA1714.1,+,2.9e-06,MSTA-int,ERVL-MaLR,LTR
chr11,87536760,87536781,MA1714.1,+,2.9e-06,HAL1,L1,LINE
chr12,92005006,92005027,MA1714.1,-,2.9e-06,L1MEg,L1,LINE
chr8,92329274,92329295,MA1714.1,+,2.9e-06,AluJb,Alu,SINE
chr4,93690978,93690999,MA1714.1,-,2.9e-06,THE1B-int,ERVL-MaLR,LTR
chr8,93810218,93810239,MA1714.1,-,2.9e-06,L1MEc,L1,LINE
chr1,95592274,95592295,MA1714.1,-,2.9e-06,MLT1H1,ERVL-MaLR,LTR
chr14,98238890,98238911,MA1714.1,+,2.9e-06,MIRb,MIR,SINE
chr6,100812462,100812483,MA1714.1,-,2.9e-06,MLT1J2,ERVL-MaLR,LTR
chr10,101501691,101501712,MA1714.1,-,2.9e-06,L1MEc,L1,LINE
chr9,103773478,103773499,MA1714.1,+,2.9e-06,L1MEg,L1,LINE
chr1,112451003,112451024,MA1714.1,-,2.9e-06,MIR,MIR,SINE
chr7,113436322,113436343,MA1714.1,-,2.9e-06,LTR78,ERV1,LTR
chr8,115675832,115675853,MA1714.1,+,2.9e-06,AluJo,Alu,SINE
chr11,117324811,117324832,MA1714.1,-,2.9e-06,L1MEg,L1,LINE
chr10,124634151,124634172,MA1714.1,-,2.9e-06,L1MC2,L1,LINE
chr5,135611043,135611064,MA1714.1,+,2.9e-06,MIRb,MIR,SINE
chr6,137960120,137960141,MA1714.1,+,2.9e-06,MIR,MIR,SINE
chr8,140432395,140432416,MA1714.1,+,2.9e-06,ERVL-E-int,ERVL,LTR
chrX,145624695,145624716,MA1714.1,-,2.9e-06,MSTA-int,ERVL-MaLR,LTR
chr4,148918392,148918413,MA1714.1,+,2.9e-06,HAL1b,L1,LINE
chr3,149416698,149416719,MA1714.1,-,2.9e-06,MSTB-int,ERVL-MaLR,LTR
chr2,159596163,159596184,MA1714.1,+,2.9e-06,L1PB3,L1,LINE
chr1,164865984,164866005,MA1714.1,+,2.9e-06,AluJb,Alu,SINE
chr2,175971991,175972012,MA1714.1,+,2.9e-06,L1ME2,L1,LINE
chr1,181513212,181513233,MA1714.1,+,2.9e-06,L1MB7,L1,LINE
chr3,195459843,195459864,MA1714.1,+,2.9e-06,MIRb,MIR,SINE
chr2,205578506,205578527,MA1714.1,-,2.9e-06,L1MB3,L1,LINE
chr2,213293230,213293251,MA1714.1,+,2.9e-06,L1MB1,L1,LINE
chr1,237062344,237062365,MA1714.1,+,2.9e-06,L1ME3F,L1,LINE
chr12,3054626,3054647,MA1714.1,-,2.92e-06,AluJb,Alu,SINE
chr20,5418066,5418087,MA1714.1,-,2.92e-06,L1MC3,L1,LINE
chr16,7265649,7265670,MA1714.1,-,2.92e-06,L1MB7,L1,LINE
chr16,14943828,14943849,MA1714.1,-,2.92e-06,FRAM,Alu,SINE
chr16,16342327,16342348,MA1714.1,-,2.92e-06,FRAM,Alu,SINE
chr16,18557525,18557546,MA1714.1,+,2.92e-06,FRAM,Alu,SINE
chr2,25202800,25202821,MA1714.1,-,2.92e-06,AluSx1,Alu,SINE
chr20,30571407,30571428,MA1714.1,-,2.92e-06,L2a,L2,LINE
chrX,31878373,31878394,MA1714.1,+,2.92e-06,L3,CR1,LINE
chr18,33889887,33889908,MA1714.1,-,2.92e-06,MIRc,MIR,SINE
chr17,36466138,36466159,MA1714.1,-,2.92e-06,L1MEg,L1,LINE
chr14,37114156,37114177,MA1714.1,-,2.92e-06,L3,CR1,LINE
chr7,45519216,45519237,MA1714.1,+,2.92e-06,L1MC3,L1,LINE
chr22,50076609,50076630,MA1714.1,-,2.92e-06,L1PA15,L1,LINE
chr15,50448424,50448445,MA1714.1,-,2.92e-06,MER65-int,ERV1,LTR
chr16,63040816,63040837,MA1714.1,-,2.92e-06,L1PBa,L1,LINE
chr3,72051093,72051114,MA1714.1,+,2.92e-06,LTR9,ERV1,LTR
chr12,72258949,72258970,MA1714.1,-,2.92e-06,L1MA5,L1,LINE
chr4,82627994,82628015,MA1714.1,-,2.92e-06,MIR,MIR,SINE
chr1,90693063,90693084,MA1714.1,-,2.92e-06,L1MEf,L1,LINE
chr3,94059531,94059552,MA1714.1,+,2.92e-06,MER58B,hAT-Charlie,DNA
chrX,96072038,96072059,MA1714.1,+,2.92e-06,L1MA2,L1,LINE
chr9,98193255,98193276,MA1714.1,+,2.92e-06,MLT2F,ERVL,LTR
chr9,101512449,101512470,MA1714.1,-,2.92e-06,L1MB7,L1,LINE
chr6,106108469,106108490,MA1714.1,-,2.92e-06,MLT1J2,ERVL-MaLR,LTR
chr8,117910991,117911012,MA1714.1,+,2.92e-06,THE1A-int,ERVL-MaLR,LTR
chr9,126896779,126896800,MA1714.1,+,2.92e-06,AluJb,Alu,SINE
chr9,127892619,127892640,MA1714.1,+,2.92e-06,L1ME1,L1,LINE
chr4,133643282,133643303,MA1714.1,-,2.92e-06,L1MA5,L1,LINE
chr3,150705723,150705744,MA1714.1,-,2.92e-06,L1M4c,L1,LINE
chr3,168691815,168691836,MA1714.1,-,2.92e-06,MIRc,MIR,SINE
chr1,168999561,168999582,MA1714.1,+,2.92e-06,L1MA8,L1,LINE
chr4,180859629,180859650,MA1714.1,+,2.92e-06,L1PA17,L1,LINE
chr6,3385082,3385103,MA1714.1,+,2.94e-06,L1MB3,L1,LINE
chr11,3960794,3960815,MA1714.1,-,2.94e-06,MIRc,MIR,SINE
chr11,9763588,9763609,MA1714.1,+,2.94e-06,AluJb,Alu,SINE
chr8,10193330,10193351,MA1714.1,-,2.94e-06,MIRc,MIR,SINE
chrX,10269552,10269573,MA1714.1,+,2.94e-06,Tigger6a,TcMar-Tigger,DNA
chr6,14250268,14250289,MA1714.1,+,2.94e-06,MIRb,MIR,SINE
chr10,15501347,15501368,MA1714.1,-,2.94e-06,HAL1,L1,LINE
chr7,15772268,15772289,MA1714.1,-,2.94e-06,L1MEc,L1,LINE
chr16,26607647,26607668,MA1714.1,-,2.94e-06,L1MD3,L1,LINE
chr18,29341329,29341350,MA1714.1,+,2.94e-06,FLAM_C,Alu,SINE
chrX,33462430,33462451,MA1714.1,+,2.94e-06,MIRb,MIR,SINE
chr4,39642716,39642737,MA1714.1,-,2.94e-06,AluJr,Alu,SINE
chr14,42481201,42481222,MA1714.1,+,2.94e-06,L1PB1,L1,LINE
chr6,44579819,44579840,MA1714.1,+,2.94e-06,MLT1E1A,ERVL-MaLR,LTR
chr22,45894327,45894348,MA1714.1,-,2.94e-06,LTR40c,ERVL,LTR
chr21,47173798,47173819,MA1714.1,-,2.94e-06,L1MC4a,L1,LINE
chrX,49015783,49015804,MA1714.1,+,2.94e-06,L1ME1,L1,LINE
chr7,49452984,49453005,MA1714.1,+,2.94e-06,L1MC3,L1,LINE
chr8,53673079,53673100,MA1714.1,+,2.94e-06,LTR57-int,ERVL,LTR
chr5,54911907,54911928,MA1714.1,+,2.94e-06,HERVIP10FH-int,ERV1,LTR
chr7,56250942,56250963,MA1714.1,+,2.94e-06,L1M6,L1,LINE
chr14,57360422,57360443,MA1714.1,+,2.94e-06,MIRb,MIR,SINE
chr2,58324348,58324369,MA1714.1,-,2.94e-06,L1MC,L1,LINE
chr16,62613378,62613399,MA1714.1,+,2.94e-06,Charlie1,hAT-Charlie,DNA
chr10,63355368,63355389,MA1714.1,+,2.94e-06,MIRb,MIR,SINE
chr10,67986867,67986888,MA1714.1,-,2.94e-06,FLAM_A,Alu,SINE
chr14,70434392,70434413,MA1714.1,-,2.94e-06,MIRb,MIR,SINE
chr3,73056697,73056718,MA1714.1,-,2.94e-06,AluSz,Alu,SINE
chrX,74343130,74343151,MA1714.1,-,2.94e-06,L1M3,L1,LINE
chr8,78050274,78050295,MA1714.1,-,2.94e-06,HAL1-3A_ME,L1,LINE
chr7,81933485,81933506,MA1714.1,+,2.94e-06,L1MA4A,L1,LINE
chr6,87100567,87100588,MA1714.1,+,2.94e-06,THE1B,ERVL-MaLR,LTR
chr6,90110106,90110127,MA1714.1,+,2.94e-06,MER112,hAT-Charlie,DNA
chr4,92747278,92747299,MA1714.1,-,2.94e-06,L1MB1,L1,LINE
chr8,93825618,93825639,MA1714.1,-,2.94e-06,AluJr,Alu,SINE
chr8,94293026,94293047,MA1714.1,+,2.94e-06,MIR,MIR,SINE
chr14,95283227,95283248,MA1714.1,-,2.94e-06,MIR,MIR,SINE
chr11,97181255,97181276,MA1714.1,+,2.94e-06,L1ME2,L1,LINE
chr10,99682774,99682795,MA1714.1,+,2.94e-06,MIRc,MIR,SINE
chr13,101514413,101514434,MA1714.1,-,2.94e-06,L1MA9,L1,LINE
chr11,118403294,118403315,MA1714.1,-,2.94e-06,MIR,MIR,SINE
chr5,120268840,120268861,MA1714.1,+,2.94e-06,L1MA8,L1,LINE
chr10,127531195,127531216,MA1714.1,+,2.94e-06,L1MEc,L1,LINE
chrX,128774564,128774585,MA1714.1,+,2.94e-06,MIR3,MIR,SINE
chrX,145374343,145374364,MA1714.1,-,2.94e-06,L1PA10,L1,LINE
chr1,181622014,181622035,MA1714.1,+,2.94e-06,HAL1,L1,LINE
chr2,218016736,218016757,MA1714.1,+,2.94e-06,L3b,CR1,LINE
chr20,2395581,2395602,MA1714.1,+,2.96e-06,L1MB8,L1,LINE
chrY,5693703,5693724,MA1714.1,-,2.96e-06,L1MA9,L1,LINE
chr16,6950041,6950062,MA1714.1,+,2.96e-06,MIR,MIR,SINE
chr4,7554766,7554787,MA1714.1,+,2.96e-06,L1M6,L1,LINE
chr8,13525477,13525498,MA1714.1,+,2.96e-06,AluJb,Alu,SINE
chrX,14073907,14073928,MA1714.1,-,2.96e-06,L1MA6,L1,LINE
chr17,15087434,15087455,MA1714.1,-,2.96e-06,LTR79,ERVL,LTR
chr7,18820698,18820719,MA1714.1,-,2.96e-06,MLT1B,ERVL-MaLR,LTR
chr5,20580898,20580919,MA1714.1,+,2.96e-06,L1MB3,L1,LINE
chr3,24987722,24987743,MA1714.1,+,2.96e-06,AluY,Alu,SINE
chr17,28516805,28516826,MA1714.1,+,2.96e-06,L1ME3B,L1,LINE
chr13,29404850,29404871,MA1714.1,+,2.96e-06,L1MB7,L1,LINE
chr13,29565898,29565919,MA1714.1,-,2.96e-06,MamGypLTR1a,Gypsy,LTR
chr16,29750371,29750392,MA1714.1,+,2.96e-06,L1MEd,L1,LINE
chr17,29804921,29804942,MA1714.1,+,2.96e-06,MIR,MIR,SINE
chr18,32858994,32859015,MA1714.1,-,2.96e-06,MLT1C-int,ERVL-MaLR,LTR
chr14,35306525,35306546,MA1714.1,-,2.96e-06,AluJr,Alu,SINE
chr7,42683252,42683273,MA1714.1,+,2.96e-06,LTR28,ERV1,LTR
chrX,43983739,43983760,MA1714.1,-,2.96e-06,L1MC4,L1,LINE
chr18,48043529,48043550,MA1714.1,+,2.96e-06,LTR85a,Gypsy,LTR
chr19,49499375,49499396,MA1714.1,+,2.96e-06,AluJb,Alu,SINE
chr20,52341922,52341943,MA1714.1,+,2.96e-06,LTR33,ERVL,LTR
chr14,52662922,52662943,MA1714.1,+,2.96e-06,THE1C-int,ERVL-MaLR,LTR
chr18,56080819,56080840,MA1714.1,-,2.96e-06,MIR,MIR,SINE
chr2,57467932,57467953,MA1714.1,+,2.96e-06,L1PA8,L1,LINE
chr11,58339250,58339271,MA1714.1,-,2.96e-06,MIR,MIR,SINE
chr15,60501489,60501510,MA1714.1,-,2.96e-06,Charlie15a,hAT-Charlie,DNA
chr16,62507949,62507970,MA1714.1,+,2.96e-06,MSTA-int,ERVL-MaLR,LTR
chr2,65358900,65358921,MA1714.1,+,2.96e-06,AluSg,Alu,SINE
chr8,66824049,66824070,MA1714.1,+,2.96e-06,L1MA2,L1,LINE
chr11,68372748,68372769,MA1714.1,+,2.96e-06,AluJb,Alu,SINE
chr8,71867906,71867927,MA1714.1,-,2.96e-06,MER52A,ERV1,LTR
chr11,72919740,72919761,MA1714.1,+,2.96e-06,AluJb,Alu,SINE
chr14,76338895,76338916,MA1714.1,+,2.96e-06,MIR,MIR,SINE
chr13,78843567,78843588,MA1714.1,-,2.96e-06,L1M3e,L1,LINE
chr8,79347273,79347294,MA1714.1,-,2.96e-06,Tigger3b,TcMar-Tigger,DNA
chr1,81822605,81822626,MA1714.1,+,2.96e-06,AluY,Alu,SINE
chr14,85369637,85369658,MA1714.1,+,2.96e-06,MSTA-int,ERVL-MaLR,LTR
chr1,85749982,85750003,MA1714.1,+,2.96e-06,MER52A,ERV1,LTR
chr13,85754660,85754681,MA1714.1,+,2.96e-06,MSTA-int,ERVL-MaLR,LTR
chr7,91013804,91013825,MA1714.1,+,2.96e-06,MIRb,MIR,SINE
chr3,95146730,95146751,MA1714.1,+,2.96e-06,L1ME3A,L1,LINE
chr8,96971624,96971645,MA1714.1,+,2.96e-06,L1MA9,L1,LINE
chr9,99055133,99055154,MA1714.1,+,2.96e-06,L1MDa,L1,LINE
chr5,100877943,100877964,MA1714.1,+,2.96e-06,L1MB8,L1,LINE
chr3,106885172,106885193,MA1714.1,+,2.96e-06,AluSz,Alu,SINE
chr1,109977206,109977227,MA1714.1,-,2.96e-06,THE1B-int,ERVL-MaLR,LTR
chr3,112035426,112035447,MA1714.1,-,2.96e-06,LOR1-int,ERV1,LTR
chr1,117899615,117899636,MA1714.1,-,2.96e-06,L1PA3,L1,LINE
chr11,126187188,126187209,MA1714.1,-,2.96e-06,HAL1,L1,LINE
chr10,130503576,130503597,MA1714.1,-,2.96e-06,L1MB7,L1,LINE
chr8,131670664,131670685,MA1714.1,-,2.96e-06,L2b,L2,LINE
chr5,132984709,132984730,MA1714.1,-,2.96e-06,L1MC1,L1,LINE
chr5,142662970,142662991,MA1714.1,+,2.96e-06,MIRc,MIR,SINE
chr2,145969822,145969843,MA1714.1,-,2.96e-06,L1PA7,L1,LINE
chr6,148295286,148295307,MA1714.1,+,2.96e-06,MIRb,MIR,SINE
chr4,158516192,158516213,MA1714.1,+,2.96e-06,MIR,MIR,SINE
chr6,163404190,163404211,MA1714.1,-,2.96e-06,L1PB1,L1,LINE
chr6,169985131,169985152,MA1714.1,+,2.96e-06,L1MA9,L1,LINE
chr4,180552672,180552693,MA1714.1,-,2.96e-06,L1MA7,L1,LINE
chr3,187206283,187206304,MA1714.1,+,2.96e-06,L1ME1,L1,LINE
chr1,219828616,219828637,MA1714.1,-,2.96e-06,LTR78B,ERV1,LTR
chr20,1493152,1493173,MA1714.1,-,2.98e-06,AluJr,Alu,SINE
chr17,5249434,5249455,MA1714.1,-,2.98e-06,AluJb,Alu,SINE
chr2,12926254,12926275,MA1714.1,-,2.98e-06,THE1B-int,ERVL-MaLR,LTR
chr8,14977390,14977411,MA1714.1,-,2.98e-06,AluJr4,Alu,SINE
chr5,16254911,16254932,MA1714.1,+,2.98e-06,L2a,L2,LINE
chr4,16415678,16415699,MA1714.1,+,2.98e-06,HAL1,L1,LINE
chr5,18168795,18168816,MA1714.1,-,2.98e-06,L1M4,L1,LINE
chr3,18714865,18714886,MA1714.1,-,2.98e-06,MLT2C1,ERVL,LTR
chr9,22249042,22249063,MA1714.1,-,2.98e-06,L1PA16,L1,LINE
chr9,22494190,22494211,MA1714.1,-,2.98e-06,L1PA7,L1,LINE
chr15,24465653,24465674,MA1714.1,-,2.98e-06,AluJr,Alu,SINE
chr19,31206404,31206425,MA1714.1,+,2.98e-06,L1MB7,L1,LINE
chr14,32760029,32760050,MA1714.1,+,2.98e-06,THE1C-int,ERVL-MaLR,LTR
chrX,34588789,34588810,MA1714.1,-,2.98e-06,THE1B-int,ERVL-MaLR,LTR
chr3,34723303,34723324,MA1714.1,+,2.98e-06,HERV1_I-int,ERV1,LTR
chr6,36384602,36384623,MA1714.1,+,2.98e-06,HAL1b,L1,LINE
chr2,42992490,42992511,MA1714.1,+,2.98e-06,MIRb,MIR,SINE
chr10,43865269,43865290,MA1714.1,-,2.98e-06,AluSg,Alu,SINE
chr10,44089942,44089963,MA1714.1,-,2.98e-06,HERV3-int,ERV1,LTR
chr4,45227036,45227057,MA1714.1,+,2.98e-06,THE1B-int,ERVL-MaLR,LTR
chr10,50647528,50647549,MA1714.1,-,2.98e-06,THE1A-int,ERVL-MaLR,LTR
chr12,52032218,52032239,MA1714.1,+,2.98e-06,Tigger1,TcMar-Tigger,DNA
chr2,52061317,52061338,MA1714.1,-,2.98e-06,L1MC5,L1,LINE
chr11,58836998,58837019,MA1714.1,-,2.98e-06,L1ME1,L1,LINE
chr8,64700840,64700861,MA1714.1,-,2.98e-06,L1MA4A,L1,LINE
chr18,73054385,73054406,MA1714.1,+,2.98e-06,MIR,MIR,SINE
chr6,77161704,77161725,MA1714.1,-,2.98e-06,MER52A,ERV1,LTR
chr5,82567964,82567985,MA1714.1,-,2.98e-06,L3,CR1,LINE
chr7,86744169,86744190,MA1714.1,+,2.98e-06,THE1B-int,ERVL-MaLR,LTR
chr15,88711174,88711195,MA1714.1,-,2.98e-06,MIRb,MIR,SINE
chr12,94778043,94778064,MA1714.1,-,2.98e-06,L1MDa,L1,LINE
chrX,99271104,99271125,MA1714.1,+,2.98e-06,THE1B-int,ERVL-MaLR,LTR
chr3,101272405,101272426,MA1714.1,+,2.98e-06,THE1B-int,ERVL-MaLR,LTR
chr3,101367503,101367524,MA1714.1,-,2.98e-06,LTR1B,ERV1,LTR
chr6,108447484,108447505,MA1714.1,+,2.98e-06,MIR,MIR,SINE
chr3,109602824,109602845,MA1714.1,-,2.98e-06,THE1B-int,ERVL-MaLR,LTR
chrX,110458984,110459005,MA1714.1,-,2.98e-06,MamRep605,MamRep605,Unknown
chr4,111947702,111947723,MA1714.1,+,2.98e-06,MER103C,hAT-Charlie,DNA
chr1,112653804,112653825,MA1714.1,-,2.98e-06,MIRc,MIR,SINE
chr5,117009280,117009301,MA1714.1,+,2.98e-06,HAL1,L1,LINE
chr6,117058632,117058653,MA1714.1,-,2.98e-06,L1MEc,L1,LINE
chr5,118130517,118130538,MA1714.1,+,2.98e-06,LTR81A,Gypsy,LTR
chr3,118538583,118538604,MA1714.1,-,2.98e-06,LTR83,ERVL,LTR
chr8,120065501,120065522,MA1714.1,+,2.98e-06,LTR85c,Gypsy,LTR
chr7,123853561,123853582,MA1714.1,+,2.98e-06,L1ME3F,L1,LINE
chr8,124444001,124444022,MA1714.1,+,2.98e-06,MIRb,MIR,SINE
chr7,124749210,124749231,MA1714.1,-,2.98e-06,THE1B-int,ERVL-MaLR,LTR
chr8,135964444,135964465,MA1714.1,-,2.98e-06,L1ME1,L1,LINE
chrX,154484105,154484126,MA1714.1,-,2.98e-06,MIR,MIR,SINE
chr2,227248374,227248395,MA1714.1,+,2.98e-06,MIRb,MIR,SINE
chrUn_gl000222,143550,143571,MA1714.1,+,3e-06,SATR1,Satellite,Satellite
chr18,5189191,5189212,MA1714.1,-,3e-06,MSTD-int,ERVL-MaLR,LTR
chr17,6586609,6586630,MA1714.1,+,3e-06,MLT1L,ERVL-MaLR,LTR
chr19,8125193,8125214,MA1714.1,+,3e-06,AluJb,Alu,SINE
chr19,11049249,11049270,MA1714.1,-,3e-06,AluSx1,Alu,SINE
chr20,13873253,13873274,MA1714.1,+,3e-06,L1M4c,L1,LINE
chr7,17414620,17414641,MA1714.1,+,3e-06,MIRb,MIR,SINE
chrY,17642574,17642595,MA1714.1,-,3e-06,L1PA6,L1,LINE
chr18,18817649,18817670,MA1714.1,-,3e-06,HAL1,L1,LINE
chr19,21172703,21172724,MA1714.1,+,3e-06,L1PA8,L1,LINE
chr5,22336562,22336583,MA1714.1,+,3e-06,THE1B-int,ERVL-MaLR,LTR
chr4,22422300,22422321,MA1714.1,+,3e-06,ORSL,hAT-Tip100,DNA
chr22,27002060,27002081,MA1714.1,+,3e-06,MER30,hAT-Charlie,DNA
chr17,33096927,33096948,MA1714.1,+,3e-06,MIR,MIR,SINE
chr14,33324797,33324818,MA1714.1,-,3e-06,L1PA4,L1,LINE
chr3,35120803,35120824,MA1714.1,-,3e-06,Tigger2,TcMar-Tigger,DNA
chr11,35726021,35726042,MA1714.1,+,3e-06,L1PA3,L1,LINE
chr10,37254698,37254719,MA1714.1,-,3e-06,L3,CR1,LINE
chr3,38399907,38399928,MA1714.1,-,3e-06,AluSx,Alu,SINE
chr6,40195550,40195571,MA1714.1,-,3e-06,MSTB1-int,ERVL-MaLR,LTR
chrX,40481767,40481788,MA1714.1,+,3e-06,L1MC4,L1,LINE
chr22,42077803,42077824,MA1714.1,+,3e-06,AluSx,Alu,SINE
chr5,46138291,46138312,MA1714.1,+,3e-06,ALR/Alpha,centr,Satellite
chr16,46971341,46971362,MA1714.1,+,3e-06,AluSx1,Alu,SINE
chr5,51168781,51168802,MA1714.1,+,3e-06,THE1B-int,ERVL-MaLR,LTR
chr2,54346972,54346993,MA1714.1,-,3e-06,L1MC3,L1,LINE
chr11,55454692,55454713,MA1714.1,+,3e-06,L1PA2,L1,LINE
chr20,55648694,55648715,MA1714.1,-,3e-06,MIRb,MIR,SINE
chr6,56206396,56206417,MA1714.1,+,3e-06,L1MC1,L1,LINE
chr17,59831034,59831055,MA1714.1,-,3e-06,AluJb,Alu,SINE
chr7,61300651,61300672,MA1714.1,-,3e-06,ALR/Alpha,centr,Satellite
chr7,61427381,61427402,MA1714.1,-,3e-06,ALR/Alpha,centr,Satellite
chr7,61593593,61593614,MA1714.1,+,3e-06,ALR/Alpha,centr,Satellite
chrX,61756716,61756737,MA1714.1,+,3e-06,ALR/Alpha,centr,Satellite
chr13,61842270,61842291,MA1714.1,+,3e-06,L1PA6,L1,LINE
chr17,67761705,67761726,MA1714.1,-,3e-06,HAL1-3A_ME,L1,LINE
chr11,70467171,70467192,MA1714.1,+,3e-06,MIR,MIR,SINE
chr8,71890899,71890920,MA1714.1,-,3e-06,L1PA6,L1,LINE
chr15,72885352,72885373,MA1714.1,-,3e-06,L1ME2,L1,LINE
chr2,73873759,73873780,MA1714.1,-,3e-06,L1P1,L1,LINE
chr11,74987249,74987270,MA1714.1,+,3e-06,L4,RTE,LINE
chr7,77255347,77255368,MA1714.1,+,3e-06,HAL1,L1,LINE
chr13,79468486,79468507,MA1714.1,-,3e-06,AluSc,Alu,SINE
chr17,79993248,79993269,MA1714.1,+,3e-06,MER63C,hAT-Blackjack,DNA
chrX,80362710,80362731,MA1714.1,+,3e-06,MSTA-int,ERVL-MaLR,LTR
chrX,80923225,80923246,MA1714.1,-,3e-06,L1ME1,L1,LINE
chr9,82448161,82448182,MA1714.1,-,3e-06,MSTB1-int,ERVL-MaLR,LTR
chr2,83892568,83892589,MA1714.1,-,3e-06,AluSq,Alu,SINE
chr14,86439807,86439828,MA1714.1,-,3e-06,L1PA6,L1,LINE
chr15,89568937,89568958,MA1714.1,+,3e-06,L1MEd,L1,LINE
chr14,92166420,92166441,MA1714.1,-,3e-06,L1PA7,L1,LINE
chr12,94345133,94345154,MA1714.1,+,3e-06,L1MEf,L1,LINE
chr7,95007778,95007799,MA1714.1,+,3e-06,L1P2,L1,LINE
chr11,97679202,97679223,MA1714.1,+,3e-06,MSTA-int,ERVL-MaLR,LTR
chrX,98853417,98853438,MA1714.1,-,3e-06,L1PA3,L1,LINE
chrX,99512183,99512204,MA1714.1,+,3e-06,L1PA3,L1,LINE
chr13,101351923,101351944,MA1714.1,+,3e-06,L1PA2,L1,LINE
chr13,101553746,101553767,MA1714.1,-,3e-06,L1MC3,L1,LINE
chr10,101688868,101688889,MA1714.1,+,3e-06,AluJo,Alu,SINE
chr5,101975314,101975335,MA1714.1,-,3e-06,MER65C,ERV1,LTR
chr13,105060379,105060400,MA1714.1,+,3e-06,L1MD1,L1,LINE
chr7,107150055,107150076,MA1714.1,+,3e-06,L1PA4,L1,LINE
chr8,112129114,112129135,MA1714.1,+,3e-06,MLT1F2,ERVL-MaLR,LTR
chr1,117761933,117761954,MA1714.1,+,3e-06,L1PA4,L1,LINE
chr10,123281964,123281985,MA1714.1,+,3e-06,AluJr,Alu,SINE
chr4,125698672,125698693,MA1714.1,-,3e-06,MER6,TcMar-Tigger,DNA
chr4,127033966,127033987,MA1714.1,-,3e-06,L1MC3,L1,LINE
chr9,127289812,127289833,MA1714.1,-,3e-06,MIRb,MIR,SINE
chr10,129432965,129432986,MA1714.1,-,3e-06,MSTA-int,ERVL-MaLR,LTR
chr6,130241836,130241857,MA1714.1,+,3e-06,MLT1H1,ERVL-MaLR,LTR
chr2,131539942,131539963,MA1714.1,+,3e-06,AluSz,Alu,SINE
chr3,132438086,132438107,MA1714.1,-,3e-06,L3b,CR1,LINE
chr7,134881454,134881475,MA1714.1,-,3e-06,MIRb,MIR,SINE
chrX,138374548,138374569,MA1714.1,-,3e-06,MIR,MIR,SINE
chr3,139171217,139171238,MA1714.1,-,3e-06,MIR,MIR,SINE
chr5,139769414,139769435,MA1714.1,-,3e-06,AluSc,Alu,SINE
chrX,146902620,146902641,MA1714.1,+,3e-06,L1PA7,L1,LINE
chr6,148102320,148102341,MA1714.1,-,3e-06,AluJb,Alu,SINE
chr6,149682631,149682652,MA1714.1,-,3e-06,MSTA-int,ERVL-MaLR,LTR
chr4,155814825,155814846,MA1714.1,+,3e-06,L1PA8,L1,LINE
chr1,173157395,173157416,MA1714.1,+,3e-06,MIRb,MIR,SINE
chr2,188139106,188139127,MA1714.1,-,3e-06,L1PA15,L1,LINE
chr2,196872158,196872179,MA1714.1,+,3e-06,L1MB7,L1,LINE
chr1,210938550,210938571,MA1714.1,+,3e-06,L1PA17,L1,LINE
chr1,226745504,226745525,MA1714.1,+,3e-06,L1M2,L1,LINE
chr2,228750762,228750783,MA1714.1,-,3e-06,AluSq,Alu,SINE
chr1,232031224,232031245,MA1714.1,-,3e-06,L1MEc,L1,LINE
chr1,245919572,245919593,MA1714.1,-,3e-06,L1MDa,L1,LINE
chr1,1928891,1928912,MA1714.1,+,3.02e-06,L1MEe,L1,LINE
chr11,2275248,2275269,MA1714.1,+,3.02e-06,FRAM,Alu,SINE
chr17,6971552,6971573,MA1714.1,-,3.02e-06,MSTA-int,ERVL-MaLR,LTR
chr5,10596261,10596282,MA1714.1,-,3.02e-06,L1PA11,L1,LINE
chr4,11702613,11702634,MA1714.1,-,3.02e-06,MIRb,MIR,SINE
chr5,18779015,18779036,MA1714.1,-,3.02e-06,MIR,MIR,SINE
chr19,20451535,20451556,MA1714.1,+,3.02e-06,L1M4c,L1,LINE
chr4,21214631,21214652,MA1714.1,+,3.02e-06,MER106B,hAT-Charlie,DNA
chr1,23594439,23594460,MA1714.1,-,3.02e-06,AluJr,Alu,SINE
chr3,26802362,26802383,MA1714.1,+,3.02e-06,MIRb,MIR,SINE
chr15,32258274,32258295,MA1714.1,+,3.02e-06,L1ME3A,L1,LINE
chr13,34413007,34413028,MA1714.1,-,3.02e-06,L1MEg,L1,LINE
chr18,35286789,35286810,MA1714.1,-,3.02e-06,MIRb,MIR,SINE
chr5,40291328,40291349,MA1714.1,-,3.02e-06,MLT2B1,ERVL,LTR
chr5,42820242,42820263,MA1714.1,+,3.02e-06,FRAM,Alu,SINE
chr18,54521897,54521918,MA1714.1,-,3.02e-06,MER21A,ERVL,LTR
chr18,54524562,54524583,MA1714.1,-,3.02e-06,AluJo,Alu,SINE
chr18,56653848,56653869,MA1714.1,+,3.02e-06,L1MEe,L1,LINE
chr14,61396141,61396162,MA1714.1,-,3.02e-06,L1MB8,L1,LINE
chr11,63463262,63463283,MA1714.1,+,3.02e-06,L1MC3,L1,LINE
chrX,67111326,67111347,MA1714.1,+,3.02e-06,MSTA-int,ERVL-MaLR,LTR
chr8,68703265,68703286,MA1714.1,+,3.02e-06,L1MA9,L1,LINE
chr3,70367448,70367469,MA1714.1,-,3.02e-06,L1MEf,L1,LINE
chr14,70442941,70442962,MA1714.1,+,3.02e-06,MER117,hAT-Charlie,DNA
chr14,71028311,71028332,MA1714.1,+,3.02e-06,MSTA-int,ERVL-MaLR,LTR
chr8,71169096,71169117,MA1714.1,-,3.02e-06,MIRb,MIR,SINE
chr13,71274957,71274978,MA1714.1,+,3.02e-06,L1MB7,L1,LINE
chr6,71424000,71424021,MA1714.1,-,3.02e-06,L1MA9,L1,LINE
chr9,75914845,75914866,MA1714.1,-,3.02e-06,THE1B-int,ERVL-MaLR,LTR
chr1,76037979,76038000,MA1714.1,+,3.02e-06,HAL1,L1,LINE
chr9,77841472,77841493,MA1714.1,-,3.02e-06,MSTA-int,ERVL-MaLR,LTR
chr5,80220601,80220622,MA1714.1,-,3.02e-06,L1M4,L1,LINE
chr13,80716176,80716197,MA1714.1,+,3.02e-06,MIR,MIR,SINE
chr1,81687563,81687584,MA1714.1,+,3.02e-06,MER52D,ERV1,LTR
chr13,82855924,82855945,MA1714.1,-,3.02e-06,MSTA-int,ERVL-MaLR,LTR
chr6,86027705,86027726,MA1714.1,+,3.02e-06,MSTB-int,ERVL-MaLR,LTR
chr13,91081047,91081068,MA1714.1,+,3.02e-06,MER52A,ERV1,LTR
chr12,92364752,92364773,MA1714.1,-,3.02e-06,MSTA-int,ERVL-MaLR,LTR
chr3,94368733,94368754,MA1714.1,+,3.02e-06,HERVK11D-int,ERVK,LTR
chr9,103623781,103623802,MA1714.1,-,3.02e-06,L1MB3,L1,LINE
chr5,113483196,113483217,MA1714.1,-,3.02e-06,HERVK11D-int,ERVK,LTR
chr5,130395707,130395728,MA1714.1,+,3.02e-06,L1MA9,L1,LINE
chr4,133994212,133994233,MA1714.1,+,3.02e-06,MSTA-int,ERVL-MaLR,LTR
chr7,134089632,134089653,MA1714.1,-,3.02e-06,CR1_Mam,CR1,LINE
chrX,139690481,139690502,MA1714.1,+,3.02e-06,MSTA-int,ERVL-MaLR,LTR
chr5,143161372,143161393,MA1714.1,-,3.02e-06,MIR,MIR,SINE
chr8,143702223,143702244,MA1714.1,+,3.02e-06,MIR3,MIR,SINE
chr4,145211032,145211053,MA1714.1,-,3.02e-06,MIR,MIR,SINE
chr1,182464592,182464613,MA1714.1,-,3.02e-06,ERV3-16A3_I-int,ERVL,LTR
chr2,197820127,197820148,MA1714.1,+,3.02e-06,L1MB8,L1,LINE
chr2,201814657,201814678,MA1714.1,+,3.02e-06,L1ME4a,L1,LINE
chr2,223229288,223229309,MA1714.1,-,3.02e-06,MLT1-int,ERVL-MaLR,LTR
chr2,231466001,231466022,MA1714.1,+,3.02e-06,L1MB4,L1,LINE
chr17,585896,585917,MA1714.1,+,3.04e-06,L1MCa,L1,LINE
chr6_ssto_hap7,4884312,4884333,MA1714.1,-,3.04e-06,L3,CR1,LINE
chr3,10682113,10682134,MA1714.1,+,3.04e-06,L3,CR1,LINE
chr22,23756113,23756134,MA1714.1,-,3.04e-06,L1MD,L1,LINE
chr3,24868759,24868780,MA1714.1,-,3.04e-06,HAL1-3A_ME,L1,LINE
chr22,26424923,26424944,MA1714.1,-,3.04e-06,MIRb,MIR,SINE
chr16,26583821,26583842,MA1714.1,-,3.04e-06,MSTD-int,ERVL-MaLR,LTR
chr17,28279146,28279167,MA1714.1,-,3.04e-06,MLT1A1,ERVL-MaLR,LTR
chr11,33031743,33031764,MA1714.1,+,3.04e-06,AluJo,Alu,SINE
chr6,33404066,33404087,MA1714.1,-,3.04e-06,L3,CR1,LINE
chr10,36373507,36373528,MA1714.1,-,3.04e-06,L1PA11,L1,LINE
chr4,38621523,38621544,MA1714.1,+,3.04e-06,MER30,hAT-Charlie,DNA
chr1,41005094,41005115,MA1714.1,+,3.04e-06,AluJb,Alu,SINE
chr3,42749814,42749835,MA1714.1,+,3.04e-06,MIRb,MIR,SINE
chr20,43240545,43240566,MA1714.1,-,3.04e-06,L1MA6,L1,LINE
chr4,44745889,44745910,MA1714.1,-,3.04e-06,MIRb,MIR,SINE
chr17,46753708,46753729,MA1714.1,-,3.04e-06,Charlie1a,hAT-Charlie,DNA
chr10,60440094,60440115,MA1714.1,+,3.04e-06,L1PA7,L1,LINE
chr12,66420630,66420651,MA1714.1,+,3.04e-06,L1MA7,L1,LINE
chr3,67406969,67406990,MA1714.1,+,3.04e-06,MIRb,MIR,SINE
chr6,72553350,72553371,MA1714.1,-,3.04e-06,L1MC1,L1,LINE
chr10,74061904,74061925,MA1714.1,+,3.04e-06,L1ME3A,L1,LINE
chrX,77506470,77506491,MA1714.1,-,3.04e-06,AluJb,Alu,SINE
chr11,77750812,77750833,MA1714.1,-,3.04e-06,L1ME4a,L1,LINE
chr11,81711263,81711284,MA1714.1,-,3.04e-06,MER52-int,ERV1,LTR
chr10,84979286,84979307,MA1714.1,-,3.04e-06,MER52-int,ERV1,LTR
chr13,91812950,91812971,MA1714.1,+,3.04e-06,L1MB5,L1,LINE
chr1,92684248,92684269,MA1714.1,-,3.04e-06,L1PREC2,L1,LINE
chr3,100843790,100843811,MA1714.1,+,3.04e-06,LTR88b,Gypsy,LTR
chr3,107151618,107151639,MA1714.1,-,3.04e-06,MIR,MIR,SINE
chr3,112742190,112742211,MA1714.1,-,3.04e-06,Tigger4,TcMar-Tigger,DNA
chr5,114835639,114835660,MA1714.1,-,3.04e-06,L1MA6,L1,LINE
chr7,117137298,117137319,MA1714.1,+,3.04e-06,MIRb,MIR,SINE
chr1,118627408,118627429,MA1714.1,+,3.04e-06,MIR3,MIR,SINE
chr3,123556729,123556750,MA1714.1,+,3.04e-06,L1MEc,L1,LINE
chrX,125594816,125594837,MA1714.1,+,3.04e-06,L1PA4,L1,LINE
chrX,127196902,127196923,MA1714.1,+,3.04e-06,L1PA10,L1,LINE
chr3,131493216,131493237,MA1714.1,+,3.04e-06,MLT1L,ERVL-MaLR,LTR
chr2,143518023,143518044,MA1714.1,+,3.04e-06,AluJr,Alu,SINE
chr2,145858328,145858349,MA1714.1,-,3.04e-06,MamGypLTR1a,Gypsy,LTR
chr7,147330176,147330197,MA1714.1,+,3.04e-06,THE1C-int,ERVL-MaLR,LTR
chr5,148077320,148077341,MA1714.1,-,3.04e-06,MIRc,MIR,SINE
chr2,150041518,150041539,MA1714.1,-,3.04e-06,L2c,L2,LINE
chr5,165044071,165044092,MA1714.1,-,3.04e-06,L1MD2,L1,LINE
chr1,167019938,167019959,MA1714.1,+,3.04e-06,MamRep605,MamRep605,Unknown
chr3,185472931,185472952,MA1714.1,+,3.04e-06,MSTB-int,ERVL-MaLR,LTR
chr1,233593944,233593965,MA1714.1,-,3.04e-06,L1MA9,L1,LINE
chr18,1934134,1934155,MA1714.1,-,3.06e-06,ERVL-E-int,ERVL,LTR
chr16,4332772,4332793,MA1714.1,-,3.06e-06,FRAM,Alu,SINE
chr1,18357269,18357290,MA1714.1,-,3.06e-06,MIRb,MIR,SINE
chr1,22934291,22934312,MA1714.1,-,3.06e-06,AluJb,Alu,SINE
chr22,27103201,27103222,MA1714.1,-,3.06e-06,L1ME2z,L1,LINE
chr10,33730698,33730719,MA1714.1,-,3.06e-06,MLT1B,ERVL-MaLR,LTR
chr4,39680231,39680252,MA1714.1,-,3.06e-06,L1MDa,L1,LINE
chr3,45408895,45408916,MA1714.1,-,3.06e-06,MIR,MIR,SINE
chr4,46428590,46428611,MA1714.1,+,3.06e-06,MIRb,MIR,SINE
chr7,48482581,48482602,MA1714.1,+,3.06e-06,MLT1B,ERVL-MaLR,LTR
chr3,49980340,49980361,MA1714.1,-,3.06e-06,L1MB4,L1,LINE
chr6,50536365,50536386,MA1714.1,-,3.06e-06,MER21A,ERVL,LTR
chr14,55044479,55044500,MA1714.1,+,3.06e-06,L3,CR1,LINE
chr12,55662424,55662445,MA1714.1,+,3.06e-06,THE1B-int,ERVL-MaLR,LTR
chr7,66460969,66460990,MA1714.1,-,3.06e-06,L1MC5,L1,LINE
chr7,72299650,72299671,MA1714.1,+,3.06e-06,L1MC5,L1,LINE
chr11,79820324,79820345,MA1714.1,+,3.06e-06,L3,CR1,LINE
chr8,80965218,80965239,MA1714.1,+,3.06e-06,MIRb,MIR,SINE
chr8,87840570,87840591,MA1714.1,+,3.06e-06,AluJr,Alu,SINE
chr12,90409623,90409644,MA1714.1,+,3.06e-06,MLT1L,ERVL-MaLR,LTR
chr10,95696090,95696111,MA1714.1,+,3.06e-06,L1MC4,L1,LINE
chr4,102346520,102346541,MA1714.1,-,3.06e-06,L1M3,L1,LINE
chr12,102387856,102387877,MA1714.1,-,3.06e-06,L1MA3,L1,LINE
chr5,102410224,102410245,MA1714.1,+,3.06e-06,THE1B-int,ERVL-MaLR,LTR
chr7,115637951,115637972,MA1714.1,+,3.06e-06,L1MA3,L1,LINE
chr5,119050730,119050751,MA1714.1,-,3.06e-06,LTR37B,ERV1,LTR
chr8,144625967,144625988,MA1714.1,+,3.06e-06,L1MEf,L1,LINE
chr6,148009238,148009259,MA1714.1,-,3.06e-06,L1ME3A,L1,LINE
chr5,153324949,153324970,MA1714.1,-,3.06e-06,THE1A-int,ERVL-MaLR,LTR
chr3,159729655,159729676,MA1714.1,+,3.06e-06,AluJb,Alu,SINE
chr6,160892072,160892093,MA1714.1,-,3.06e-06,AluJo,Alu,SINE
chr3,162545971,162545992,MA1714.1,+,3.06e-06,L1M1,L1,LINE
chr3,163564230,163564251,MA1714.1,+,3.06e-06,L1PA15,L1,LINE
chr5,164524810,164524831,MA1714.1,-,3.06e-06,THE1A-int,ERVL-MaLR,LTR
chr5,178307572,178307593,MA1714.1,-,3.06e-06,AluJo,Alu,SINE
chr3,178518825,178518846,MA1714.1,+,3.06e-06,L1MA3,L1,LINE
chr3,5573049,5573070,MA1714.1,-,3.08e-06,L1PA13,L1,LINE
chr6,6639914,6639935,MA1714.1,-,3.08e-06,MLT1D,ERVL-MaLR,LTR
chr1,10941030,10941051,MA1714.1,-,3.08e-06,MER33,hAT-Charlie,DNA
chr19,11902556,11902577,MA1714.1,-,3.08e-06,L1PB4,L1,LINE
chrX,13498713,13498734,MA1714.1,+,3.08e-06,L1MA4,L1,LINE
chr11,14260884,14260905,MA1714.1,-,3.08e-06,MIR,MIR,SINE
chr9,16920368,16920389,MA1714.1,-,3.08e-06,AluY,Alu,SINE
chr2,18881153,18881174,MA1714.1,+,3.08e-06,Tigger7,TcMar-Tigger,DNA
chr2,19927442,19927463,MA1714.1,-,3.08e-06,MIR3,MIR,SINE
chr19,22187567,22187588,MA1714.1,+,3.08e-06,L1PREC2,L1,LINE
chr19,22392300,22392321,MA1714.1,+,3.08e-06,L1PREC2,L1,LINE
chr6,28450031,28450052,MA1714.1,+,3.08e-06,L1MC,L1,LINE
chr6,35600418,35600439,MA1714.1,+,3.08e-06,AluSq,Alu,SINE
chr10,35608277,35608298,MA1714.1,+,3.08e-06,FRAM,Alu,SINE
chr3,36895343,36895364,MA1714.1,+,3.08e-06,L1MB7,L1,LINE
chr8,39401309,39401330,MA1714.1,+,3.08e-06,L1PB1,L1,LINE
chr5,41129575,41129596,MA1714.1,-,3.08e-06,L1MC4,L1,LINE
chr7,49741765,49741786,MA1714.1,+,3.08e-06,MIRb,MIR,SINE
chr5,51618774,51618795,MA1714.1,-,3.08e-06,L1MCa,L1,LINE
chr1,53190927,53190948,MA1714.1,-,3.08e-06,L2,L2,LINE
chr6,53231234,53231255,MA1714.1,-,3.08e-06,THE1D-int,ERVL-MaLR,LTR
chrX,55263986,55264007,MA1714.1,-,3.08e-06,L1PB2,L1,LINE
chr8,55615657,55615678,MA1714.1,-,3.08e-06,Tigger1,TcMar-Tigger,DNA
chr16,57940177,57940198,MA1714.1,+,3.08e-06,MIR,MIR,SINE
chr15,60268742,60268763,MA1714.1,+,3.08e-06,LTR33A_,ERVL,LTR
chr17,63259749,63259770,MA1714.1,-,3.08e-06,MIRb,MIR,SINE
chr14,66359321,66359342,MA1714.1,+,3.08e-06,L1PA6,L1,LINE
chrX,66798481,66798502,MA1714.1,+,3.08e-06,MIRb,MIR,SINE
chr16,68052751,68052772,MA1714.1,-,3.08e-06,AluJr4,Alu,SINE
chr6,70755237,70755258,MA1714.1,-,3.08e-06,L1MEb,L1,LINE
chrX,72760439,72760460,MA1714.1,+,3.08e-06,L1PA7,L1,LINE
chr15,84640826,84640847,MA1714.1,-,3.08e-06,MIRb,MIR,SINE
chr15,94477094,94477115,MA1714.1,-,3.08e-06,MIRb,MIR,SINE
chr14,95032155,95032176,MA1714.1,+,3.08e-06,AluSz6,Alu,SINE
chr2,101024954,101024975,MA1714.1,+,3.08e-06,MIRb,MIR,SINE
chr13,104199406,104199427,MA1714.1,+,3.08e-06,MLT1D,ERVL-MaLR,LTR
chr10,106438803,106438824,MA1714.1,+,3.08e-06,Plat_L3,CR1,LINE
chr14,106553750,106553771,MA1714.1,+,3.08e-06,L1PA16,L1,LINE
chr7,106559801,106559822,MA1714.1,+,3.08e-06,L1PA6,L1,LINE
chr9,108231454,108231475,MA1714.1,-,3.08e-06,L1MB2,L1,LINE
chr7,109155218,109155239,MA1714.1,-,3.08e-06,L1MC3,L1,LINE
chr11,110203152,110203173,MA1714.1,+,3.08e-06,ERVL-E-int,ERVL,LTR
chr5,110271376,110271397,MA1714.1,+,3.08e-06,L1PA4,L1,LINE
chr4,113480829,113480850,MA1714.1,-,3.08e-06,MIR,MIR,SINE
chr1,121203224,121203245,MA1714.1,-,3.08e-06,MIRc,MIR,SINE
chr6,123328238,123328259,MA1714.1,-,3.08e-06,MIR,MIR,SINE
chr11,125989766,125989787,MA1714.1,+,3.08e-06,AluSx1,Alu,SINE
chr4,143866945,143866966,MA1714.1,+,3.08e-06,L1P4d,L1,LINE
chrX,146298972,146298993,MA1714.1,+,3.08e-06,MSTA-int,ERVL-MaLR,LTR
chr3,147256799,147256820,MA1714.1,+,3.08e-06,MLT2A2,ERVL,LTR
chr3,150243263,150243284,MA1714.1,+,3.08e-06,L1MC4a,L1,LINE
chr5,152684427,152684448,MA1714.1,-,3.08e-06,L1PA3,L1,LINE
chr7,156860438,156860459,MA1714.1,+,3.08e-06,AluJb,Alu,SINE
chr1,160608866,160608887,MA1714.1,+,3.08e-06,L2a,L2,LINE
chr4,163596320,163596341,MA1714.1,+,3.08e-06,L1P4d,L1,LINE
chr2,180842253,180842274,MA1714.1,+,3.08e-06,L1MA8,L1,LINE
chr6,4203489,4203510,MA1714.1,-,3.1e-06,L1PA4,L1,LINE
chr10,6001212,6001233,MA1714.1,-,3.1e-06,FLAM_C,Alu,SINE
chr5,7341303,7341324,MA1714.1,+,3.1e-06,L1MB7,L1,LINE
chr12,8539410,8539431,MA1714.1,+,3.1e-06,MER20,hAT-Charlie,DNA
chr17,9295134,9295155,MA1714.1,+,3.1e-06,L1MEf,L1,LINE
chr12,10621721,10621742,MA1714.1,-,3.1e-06,L1P4a,L1,LINE
chr9,11670463,11670484,MA1714.1,-,3.1e-06,L1MA6,L1,LINE
chr3,13494685,13494706,MA1714.1,-,3.1e-06,MIR,MIR,SINE
chrX,14740085,14740106,MA1714.1,-,3.1e-06,MLT1G-int,ERVL-MaLR,LTR
chr2,14949432,14949453,MA1714.1,+,3.1e-06,THE1B-int,ERVL-MaLR,LTR
chr17,20155112,20155133,MA1714.1,-,3.1e-06,MIR,MIR,SINE
chr16,20193712,20193733,MA1714.1,-,3.1e-06,MIRb,MIR,SINE
chr21,24661255,24661276,MA1714.1,+,3.1e-06,THE1B-int,ERVL-MaLR,LTR
chr5,25218814,25218835,MA1714.1,-,3.1e-06,THE1B-int,ERVL-MaLR,LTR
chr22,26240789,26240810,MA1714.1,+,3.1e-06,MIR3,MIR,SINE
chr13,28405977,28405998,MA1714.1,+,3.1e-06,MIR,MIR,SINE
chr2,29928997,29929018,MA1714.1,+,3.1e-06,MIR3,MIR,SINE
chr17,31331157,31331178,MA1714.1,+,3.1e-06,MIRb,MIR,SINE
chr13,33151970,33151991,MA1714.1,+,3.1e-06,THE1C-int,ERVL-MaLR,LTR
chr6,34116432,34116453,MA1714.1,+,3.1e-06,MIR3,MIR,SINE
chr12,34404189,34404210,MA1714.1,-,3.1e-06,L1MB7,L1,LINE
chr10,38025749,38025770,MA1714.1,-,3.1e-06,MLT1A,ERVL-MaLR,LTR
chr4,38951640,38951661,MA1714.1,-,3.1e-06,MIR,MIR,SINE
chr13,39758193,39758214,MA1714.1,+,3.1e-06,L1MC4,L1,LINE
chr6,40396028,40396049,MA1714.1,-,3.1e-06,L3,CR1,LINE
chr6,41995359,41995380,MA1714.1,+,3.1e-06,MIRb,MIR,SINE
chr19,43018185,43018206,MA1714.1,-,3.1e-06,AluJb,Alu,SINE
chr19,50042137,50042158,MA1714.1,-,3.1e-06,MER20B,hAT-Charlie,DNA
chr5,52677781,52677802,MA1714.1,+,3.1e-06,AluJb,Alu,SINE
chr8,55656163,55656184,MA1714.1,-,3.1e-06,L1MC4,L1,LINE
chr7,55940776,55940797,MA1714.1,+,3.1e-06,AluSx,Alu,SINE
chr4,57340922,57340943,MA1714.1,-,3.1e-06,AluSz,Alu,SINE
chr3,58865093,58865114,MA1714.1,+,3.1e-06,MIR,MIR,SINE
chr10,61333448,61333469,MA1714.1,+,3.1e-06,L1MA9,L1,LINE
chr5,65748651,65748672,MA1714.1,-,3.1e-06,MIR,MIR,SINE
chr2,66861194,66861215,MA1714.1,-,3.1e-06,MIRb,MIR,SINE
chr1,72288044,72288065,MA1714.1,+,3.1e-06,ERV3-16A3_I-int,ERVL,LTR
chr2,75270390,75270411,MA1714.1,+,3.1e-06,MIRb,MIR,SINE
chr1,77249357,77249378,MA1714.1,+,3.1e-06,L1MEg,L1,LINE
chr5,82325046,82325067,MA1714.1,+,3.1e-06,L1M1,L1,LINE
chr9,85984242,85984263,MA1714.1,+,3.1e-06,AluSx,Alu,SINE
chr10,86840877,86840898,MA1714.1,+,3.1e-06,L1MC3,L1,LINE
chr15,88317717,88317738,MA1714.1,-,3.1e-06,MIRb,MIR,SINE
chrX,91855315,91855336,MA1714.1,+,3.1e-06,THE1B-int,ERVL-MaLR,LTR
chr1,98311647,98311668,MA1714.1,+,3.1e-06,MER52A,ERV1,LTR
chr10,98384529,98384550,MA1714.1,-,3.1e-06,MIRc,MIR,SINE
chr11,98451846,98451867,MA1714.1,+,3.1e-06,L1MA9,L1,LINE
chr9,102354635,102354656,MA1714.1,+,3.1e-06,L1MB5,L1,LINE
chr4,121305589,121305610,MA1714.1,+,3.1e-06,THE1B-int,ERVL-MaLR,LTR
chr5,121986750,121986771,MA1714.1,+,3.1e-06,L1MEe,L1,LINE
chr12,128513012,128513033,MA1714.1,-,3.1e-06,L1MB5,L1,LINE
chrX,129301274,129301295,MA1714.1,+,3.1e-06,MIR,MIR,SINE
chr3,135077649,135077670,MA1714.1,-,3.1e-06,MIR,MIR,SINE
chr4,135181447,135181468,MA1714.1,-,3.1e-06,THE1B-int,ERVL-MaLR,LTR
chr3,139524967,139524988,MA1714.1,+,3.1e-06,L1MB3,L1,LINE
chr9,140626142,140626163,MA1714.1,-,3.1e-06,MER52A,ERV1,LTR
chr8,141414369,141414390,MA1714.1,+,3.1e-06,L1ME4a,L1,LINE
chr3,142055370,142055391,MA1714.1,+,3.1e-06,HAL1-3A_ME,L1,LINE
chrX,145338310,145338331,MA1714.1,+,3.1e-06,L1MB2,L1,LINE
chrX,147141106,147141127,MA1714.1,-,3.1e-06,THE1B-int,ERVL-MaLR,LTR
chr6,151260254,151260275,MA1714.1,+,3.1e-06,MER46C,TcMar-Tigger,DNA
chr5,156953974,156953995,MA1714.1,+,3.1e-06,Charlie24,hAT-Charlie,DNA
chr4,173170716,173170737,MA1714.1,+,3.1e-06,THE1C-int,ERVL-MaLR,LTR
chr4,174009031,174009052,MA1714.1,-,3.1e-06,L1MA4,L1,LINE
chr2,189475664,189475685,MA1714.1,-,3.1e-06,MSTC-int,ERVL-MaLR,LTR
chr1,195188173,195188194,MA1714.1,+,3.1e-06,MER52A,ERV1,LTR
chr2,209415006,209415027,MA1714.1,-,3.1e-06,L1M3d,L1,LINE
chr2,536824,536845,MA1714.1,+,3.13e-06,L1M4,L1,LINE
chr7,5107042,5107063,MA1714.1,+,3.13e-06,L1ME3A,L1,LINE
chr4,7331565,7331586,MA1714.1,+,3.13e-06,Tigger5,TcMar-Tigger,DNA
chr4,10651871,10651892,MA1714.1,+,3.13e-06,L1ME3E,L1,LINE
chr4,14955208,14955229,MA1714.1,-,3.13e-06,HAL1,L1,LINE
chr5,17925903,17925924,MA1714.1,-,3.13e-06,LTR40a,ERVL,LTR
chr18,21450786,21450807,MA1714.1,+,3.13e-06,L1MB2,L1,LINE
chr14,21589375,21589396,MA1714.1,-,3.13e-06,MIR,MIR,SINE
chr2,22446547,22446568,MA1714.1,+,3.13e-06,THE1B-int,ERVL-MaLR,LTR
chr18,23342412,23342433,MA1714.1,-,3.13e-06,L1MEc,L1,LINE
chr20,24197973,24197994,MA1714.1,-,3.13e-06,MER57-int,ERV1,LTR
chr14,27220714,27220735,MA1714.1,-,3.13e-06,L1MEf,L1,LINE
chr10,27564924,27564945,MA1714.1,+,3.13e-06,L1PREC2,L1,LINE
chr4,27734886,27734907,MA1714.1,+,3.13e-06,HAL1,L1,LINE
chr9,28208837,28208858,MA1714.1,-,3.13e-06,HAL1,L1,LINE
chr19,29956934,29956955,MA1714.1,+,3.13e-06,HAL1b,L1,LINE
chr7,30513546,30513567,MA1714.1,+,3.13e-06,MIRb,MIR,SINE
chr8,32295737,32295758,MA1714.1,-,3.13e-06,L1MD1,L1,LINE
chr12,38470976,38470997,MA1714.1,+,3.13e-06,L1MB7,L1,LINE
chr14,38824563,38824584,MA1714.1,+,3.13e-06,THE1B-int,ERVL-MaLR,LTR
chrX,40538025,40538046,MA1714.1,+,3.13e-06,AluJb,Alu,SINE
chr7,42356683,42356704,MA1714.1,-,3.13e-06,L1MC,L1,LINE
chr22,44909774,44909795,MA1714.1,-,3.13e-06,L1MEe,L1,LINE
chr7,45484295,45484316,MA1714.1,-,3.13e-06,L1MC4a,L1,LINE
chr18,46021412,46021433,MA1714.1,+,3.13e-06,MER1A,hAT-Charlie,DNA
chr4,46892468,46892489,MA1714.1,-,3.13e-06,L2a,L2,LINE
chr16,47826208,47826229,MA1714.1,-,3.13e-06,MSTA-int,ERVL-MaLR,LTR
chr13,51399107,51399128,MA1714.1,-,3.13e-06,MER1B,hAT-Charlie,DNA
chr8,51683321,51683342,MA1714.1,+,3.13e-06,MSTB1,ERVL-MaLR,LTR
chr18,60033604,60033625,MA1714.1,+,3.13e-06,L1MA9,L1,LINE
chr1,60178431,60178452,MA1714.1,-,3.13e-06,THE1B-int,ERVL-MaLR,LTR
chr4,61846864,61846885,MA1714.1,+,3.13e-06,HAL1,L1,LINE
chr2,68956466,68956487,MA1714.1,+,3.13e-06,L1ME4a,L1,LINE
chr8,69696372,69696393,MA1714.1,-,3.13e-06,L1MC3,L1,LINE
chr15,69927686,69927707,MA1714.1,+,3.13e-06,MIR3,MIR,SINE
chr13,72702203,72702224,MA1714.1,-,3.13e-06,L1MDa,L1,LINE
chr2,77760617,77760638,MA1714.1,+,3.13e-06,L1PREC2,L1,LINE
chr2,82629175,82629196,MA1714.1,-,3.13e-06,L1PA15,L1,LINE
chr16,87544655,87544676,MA1714.1,-,3.13e-06,THE1C-int,ERVL-MaLR,LTR
chrX,88361227,88361248,MA1714.1,-,3.13e-06,L1MEd,L1,LINE
chr12,88675687,88675708,MA1714.1,+,3.13e-06,L1PREC2,L1,LINE
chr13,100080485,100080506,MA1714.1,+,3.13e-06,L3,CR1,LINE
chr9,103486606,103486627,MA1714.1,-,3.13e-06,L1MA10,L1,LINE
chr8,105117824,105117845,MA1714.1,-,3.13e-06,AluJr,Alu,SINE
chr6,105136685,105136706,MA1714.1,-,3.13e-06,MLT1D,ERVL-MaLR,LTR
chr3,106981126,106981147,MA1714.1,+,3.13e-06,L1MEg,L1,LINE
chr13,108356302,108356323,MA1714.1,-,3.13e-06,HAL1,L1,LINE
chr3,118877069,118877090,MA1714.1,-,3.13e-06,L1MEf,L1,LINE
chr12,119967077,119967098,MA1714.1,-,3.13e-06,MIRb,MIR,SINE
chr8,127294922,127294943,MA1714.1,+,3.13e-06,THE1B-int,ERVL-MaLR,LTR
chr9,138876495,138876516,MA1714.1,-,3.13e-06,MLT1C,ERVL-MaLR,LTR
chr1,155009043,155009064,MA1714.1,-,3.13e-06,LTR78B,ERV1,LTR
chr6,165292058,165292079,MA1714.1,+,3.13e-06,ERVL-B4-int,ERVL,LTR
chr2,174885606,174885627,MA1714.1,-,3.13e-06,MIR,MIR,SINE
chr2,180967811,180967832,MA1714.1,+,3.13e-06,Tigger4,TcMar-Tigger,DNA
chr2,188834479,188834500,MA1714.1,+,3.13e-06,L1M5,L1,LINE
chr1,234335109,234335130,MA1714.1,+,3.13e-06,L1M2,L1,LINE
chr2,359821,359842,MA1714.1,+,3.15e-06,L1MB3,L1,LINE
chr16,4083867,4083888,MA1714.1,+,3.15e-06,MIR,MIR,SINE
chr17,11015958,11015979,MA1714.1,-,3.15e-06,L1M6,L1,LINE
chr4,12851157,12851178,MA1714.1,+,3.15e-06,HAL1,L1,LINE
chr11,16137829,16137850,MA1714.1,-,3.15e-06,MIRb,MIR,SINE
chr12,16802943,16802964,MA1714.1,+,3.15e-06,L1MC2,L1,LINE
chr10,18942954,18942975,MA1714.1,+,3.15e-06,MER106A,hAT-Charlie,DNA
chr1,22461141,22461162,MA1714.1,+,3.15e-06,MIRb,MIR,SINE
chr15,24350655,24350676,MA1714.1,-,3.15e-06,L1PREC2,L1,LINE
chr15,24674648,24674669,MA1714.1,-,3.15e-06,L1PREC2,L1,LINE
chrY,25229860,25229881,MA1714.1,-,3.15e-06,HERV9-int,ERV1,LTR
chrY,25483116,25483137,MA1714.1,+,3.15e-06,HERV9-int,ERV1,LTR
chrY,26863604,26863625,MA1714.1,-,3.15e-06,HERV9-int,ERV1,LTR
chrY,27098775,27098796,MA1714.1,+,3.15e-06,HERV9-int,ERV1,LTR
chr7,30646123,30646144,MA1714.1,-,3.15e-06,L1MC5,L1,LINE
chr1,30647611,30647632,MA1714.1,+,3.15e-06,MLT1D,ERVL-MaLR,LTR
chr15,34139011,34139032,MA1714.1,+,3.15e-06,MIR,MIR,SINE
chr13,34481037,34481058,MA1714.1,-,3.15e-06,AluJb,Alu,SINE
chr22,34698984,34699005,MA1714.1,-,3.15e-06,MIRc,MIR,SINE
chr2,35357841,35357862,MA1714.1,-,3.15e-06,THE1B-int,ERVL-MaLR,LTR
chr9,35937674,35937695,MA1714.1,+,3.15e-06,MLT1J,ERVL-MaLR,LTR
chr4,35964162,35964183,MA1714.1,+,3.15e-06,L1MC3,L1,LINE
chr2,36379031,36379052,MA1714.1,-,3.15e-06,L2a,L2,LINE
chr21,37337312,37337333,MA1714.1,-,3.15e-06,ERVL-B4-int,ERVL,LTR
chr18,38908444,38908465,MA1714.1,+,3.15e-06,THE1B-int,ERVL-MaLR,LTR
chr2,39532183,39532204,MA1714.1,+,3.15e-06,L1MB3,L1,LINE
chr8,43192910,43192931,MA1714.1,+,3.15e-06,THE1D-int,ERVL-MaLR,LTR
chr5,43935339,43935360,MA1714.1,+,3.15e-06,L1MA1,L1,LINE
chr3,45932893,45932914,MA1714.1,-,3.15e-06,L1MC4,L1,LINE
chr14,46340757,46340778,MA1714.1,-,3.15e-06,THE1B-int,ERVL-MaLR,LTR
chr14,50404040,50404061,MA1714.1,+,3.15e-06,THE1B-int,ERVL-MaLR,LTR
chr10,50472118,50472139,MA1714.1,+,3.15e-06,HAL1,L1,LINE
chr10,50672641,50672662,MA1714.1,+,3.15e-06,THE1B-int,ERVL-MaLR,LTR
chr8,51175856,51175877,MA1714.1,+,3.15e-06,L1MEe,L1,LINE
chr3,51821728,51821749,MA1714.1,+,3.15e-06,THE1A-int,ERVL-MaLR,LTR
chr16,53862546,53862567,MA1714.1,-,3.15e-06,MIR,MIR,SINE
chr20,55302236,55302257,MA1714.1,-,3.15e-06,L1MC3,L1,LINE
chr6,63614205,63614226,MA1714.1,+,3.15e-06,L1MA2,L1,LINE
chr13,63751990,63752011,MA1714.1,+,3.15e-06,THE1B-int,ERVL-MaLR,LTR
chrX,66259409,66259430,MA1714.1,-,3.15e-06,L1M1,L1,LINE
chr3,68145262,68145283,MA1714.1,-,3.15e-06,L1MA4A,L1,LINE
chr12,76568159,76568180,MA1714.1,-,3.15e-06,MER97a,hAT-Tip100,DNA
chr10,79653132,79653153,MA1714.1,-,3.15e-06,MIRc,MIR,SINE
chr3,79823319,79823340,MA1714.1,+,3.15e-06,HERVE_a-int,ERV1,LTR
chr13,88394613,88394634,MA1714.1,-,3.15e-06,L1MC4,L1,LINE
chr8,93550853,93550874,MA1714.1,+,3.15e-06,L1MA3,L1,LINE
chr7,94770886,94770907,MA1714.1,-,3.15e-06,L1MB8,L1,LINE
chr3,95326318,95326339,MA1714.1,-,3.15e-06,THE1B-int,ERVL-MaLR,LTR
chr9,96618103,96618124,MA1714.1,-,3.15e-06,L1PA17,L1,LINE
chr9,106519491,106519512,MA1714.1,-,3.15e-06,THE1A-int,ERVL-MaLR,LTR
chr3,111959784,111959805,MA1714.1,+,3.15e-06,L1MA1,L1,LINE
chr8,111994936,111994957,MA1714.1,+,3.15e-06,MLT1J-int,ERVL-MaLR,LTR
chr13,114228742,114228763,MA1714.1,+,3.15e-06,L1MC1,L1,LINE
chr9,114785624,114785645,MA1714.1,-,3.15e-06,L1MEd,L1,LINE
chr11,115548719,115548740,MA1714.1,-,3.15e-06,MIRb,MIR,SINE
chr1,115897148,115897169,MA1714.1,+,3.15e-06,MIR,MIR,SINE
chrX,117439336,117439357,MA1714.1,-,3.15e-06,THE1B-int,ERVL-MaLR,LTR
chr6,119372512,119372533,MA1714.1,+,3.15e-06,L1MA1,L1,LINE
chr11,119971972,119971993,MA1714.1,-,3.15e-06,L1MB7,L1,LINE
chrX,121974125,121974146,MA1714.1,+,3.15e-06,MIRb,MIR,SINE
chrX,122061375,122061396,MA1714.1,-,3.15e-06,MIR,MIR,SINE
chr4,128585642,128585663,MA1714.1,-,3.15e-06,L1MEe,L1,LINE
chr11,129900584,129900605,MA1714.1,+,3.15e-06,MLT1J,ERVL-MaLR,LTR
chrX,130548020,130548041,MA1714.1,+,3.15e-06,L1PREC2,L1,LINE
chr4,135701481,135701502,MA1714.1,-,3.15e-06,L1MEg,L1,LINE
chr8,140003329,140003350,MA1714.1,-,3.15e-06,THE1B-int,ERVL-MaLR,LTR
chr5,146109118,146109139,MA1714.1,+,3.15e-06,THE1A-int,ERVL-MaLR,LTR
chr3,153928851,153928872,MA1714.1,-,3.15e-06,L1M1,L1,LINE
chr5,164981952,164981973,MA1714.1,-,3.15e-06,L1MEg2,L1,LINE
chr1,182860466,182860487,MA1714.1,+,3.15e-06,L1M1,L1,LINE
chr3,188898944,188898965,MA1714.1,-,3.15e-06,THE1B-int,ERVL-MaLR,LTR
chr1,196212195,196212216,MA1714.1,-,3.15e-06,L1ME1,L1,LINE
chr2,213325621,213325642,MA1714.1,+,3.15e-06,THE1B-int,ERVL-MaLR,LTR
chr2,5313510,5313531,MA1714.1,-,3.17e-06,MIRb,MIR,SINE
chr17,6884669,6884690,MA1714.1,+,3.17e-06,AluSp,Alu,SINE
chr16,7533995,7534016,MA1714.1,-,3.17e-06,L1ME1,L1,LINE
chr12,9136690,9136711,MA1714.1,-,3.17e-06,L1MEf,L1,LINE
chr4,10466405,10466426,MA1714.1,-,3.17e-06,L1PA11,L1,LINE
chrX,10522199,10522220,MA1714.1,-,3.17e-06,MIRb,MIR,SINE
chrY,17929720,17929741,MA1714.1,+,3.17e-06,L1PA8,L1,LINE
chr19,19107433,19107454,MA1714.1,-,3.17e-06,AluSx,Alu,SINE
chr8,22513893,22513914,MA1714.1,-,3.17e-06,L1ME4a,L1,LINE
chr15,26441462,26441483,MA1714.1,+,3.17e-06,AluSz,Alu,SINE
chr15,27972263,27972284,MA1714.1,+,3.17e-06,MLT1J-int,ERVL-MaLR,LTR
chr12,28248517,28248538,MA1714.1,-,3.17e-06,AluSx1,Alu,SINE
chr4,28324816,28324837,MA1714.1,+,3.17e-06,L1MC4,L1,LINE
chr2,28852521,28852542,MA1714.1,+,3.17e-06,MIRb,MIR,SINE
chr19,33627540,33627561,MA1714.1,-,3.17e-06,AluSz6,Alu,SINE
chr6,34229583,34229604,MA1714.1,-,3.17e-06,AluSg,Alu,SINE
chr6,35023178,35023199,MA1714.1,-,3.17e-06,AluSg,Alu,SINE
chr7,38524650,38524671,MA1714.1,+,3.17e-06,L1MB1,L1,LINE
chr21,40006359,40006380,MA1714.1,+,3.17e-06,L3,CR1,LINE
chr1,41342029,41342050,MA1714.1,+,3.17e-06,MIR,MIR,SINE
chr19,43146793,43146814,MA1714.1,+,3.17e-06,L1MC4a,L1,LINE
chr11,44664009,44664030,MA1714.1,+,3.17e-06,L1ME1,L1,LINE
chr15,44848776,44848797,MA1714.1,-,3.17e-06,AluSx,Alu,SINE
chr6,45660249,45660270,MA1714.1,-,3.17e-06,Charlie1,hAT-Charlie,DNA
chr22,46572307,46572328,MA1714.1,+,3.17e-06,AluSx,Alu,SINE
chr13,48066137,48066158,MA1714.1,-,3.17e-06,L1MA7,L1,LINE
chr12,50851794,50851815,MA1714.1,-,3.17e-06,AluJb,Alu,SINE
chr6,52257066,52257087,MA1714.1,+,3.17e-06,AluSx,Alu,SINE
chr17,53987207,53987228,MA1714.1,-,3.17e-06,MER52D,ERV1,LTR
chr7,54150574,54150595,MA1714.1,+,3.17e-06,AluSx3,Alu,SINE
chr13,56835807,56835828,MA1714.1,+,3.17e-06,L1MC1,L1,LINE
chr16,57771960,57771981,MA1714.1,-,3.17e-06,Charlie1b,hAT-Charlie,DNA
chr17,59985700,59985721,MA1714.1,+,3.17e-06,AluSz,Alu,SINE
chr1,60236210,60236231,MA1714.1,-,3.17e-06,MLT1L,ERVL-MaLR,LTR
chr8,61492627,61492648,MA1714.1,-,3.17e-06,AluSg,Alu,SINE
chr10,65681247,65681268,MA1714.1,+,3.17e-06,MIR3,MIR,SINE
chr17,66832125,66832146,MA1714.1,-,3.17e-06,L1MEd,L1,LINE
chr6,67601846,67601867,MA1714.1,+,3.17e-06,L1MB1,L1,LINE
chr2,67889730,67889751,MA1714.1,-,3.17e-06,L1MD3,L1,LINE
chr7,68703463,68703484,MA1714.1,-,3.17e-06,AluSz,Alu,SINE
chr14,69028621,69028642,MA1714.1,+,3.17e-06,MIRb,MIR,SINE
chr16,69648599,69648620,MA1714.1,-,3.17e-06,L1MC4,L1,LINE
chr6,72265729,72265750,MA1714.1,+,3.17e-06,THE1C-int,ERVL-MaLR,LTR
chr9,72306837,72306858,MA1714.1,-,3.17e-06,L1MA8,L1,LINE
chr8,74245479,74245500,MA1714.1,+,3.17e-06,MER50B,ERV1,LTR
chr13,76750757,76750778,MA1714.1,-,3.17e-06,L1MB1,L1,LINE
chrX,77047129,77047150,MA1714.1,+,3.17e-06,L1MB2,L1,LINE
chr4,77903435,77903456,MA1714.1,-,3.17e-06,AluSz,Alu,SINE
chr13,78263703,78263724,MA1714.1,+,3.17e-06,L1MEe,L1,LINE
chr1,80614231,80614252,MA1714.1,-,3.17e-06,L1PB1,L1,LINE
chr13,81892771,81892792,MA1714.1,-,3.17e-06,MER70-int,ERVL,LTR
chr1,82919668,82919689,MA1714.1,+,3.17e-06,ERVL-B4-int,ERVL,LTR
chr4,84823757,84823778,MA1714.1,-,3.17e-06,L1MC5,L1,LINE
chr3,88016524,88016545,MA1714.1,+,3.17e-06,AluSz,Alu,SINE
chr14,97113917,97113938,MA1714.1,-,3.17e-06,L1MA4A,L1,LINE
chr12,99241042,99241063,MA1714.1,-,3.17e-06,L1MA10,L1,LINE
chr12,100892340,100892361,MA1714.1,+,3.17e-06,AluSx,Alu,SINE
chr3,101462311,101462332,MA1714.1,-,3.17e-06,AluJr4,Alu,SINE
chr12,105833402,105833423,MA1714.1,-,3.17e-06,THE1D-int,ERVL-MaLR,LTR
chr7,107004324,107004345,MA1714.1,+,3.17e-06,AluSp,Alu,SINE
chr8,108761646,108761667,MA1714.1,+,3.17e-06,MLT1N2,ERVL-MaLR,LTR
chr10,112240737,112240758,MA1714.1,+,3.17e-06,AluSz,Alu,SINE
chr1,113868288,113868309,MA1714.1,+,3.17e-06,L1ME4a,L1,LINE
chr5,122044022,122044043,MA1714.1,-,3.17e-06,Charlie25,hAT-Charlie,DNA
chr4,128948012,128948033,MA1714.1,-,3.17e-06,AluSz,Alu,SINE
chr12,129457799,129457820,MA1714.1,-,3.17e-06,AluSz,Alu,SINE
chr7,130570604,130570625,MA1714.1,-,3.17e-06,AluSz6,Alu,SINE
chr6,130648915,130648936,MA1714.1,-,3.17e-06,MIR,MIR,SINE
chr9,132518647,132518668,MA1714.1,+,3.17e-06,LTR83,ERVL,LTR
chr3,133390561,133390582,MA1714.1,+,3.17e-06,AluSz,Alu,SINE
chr6,137071287,137071308,MA1714.1,-,3.17e-06,AluSz,Alu,SINE
chrX,138020299,138020320,MA1714.1,-,3.17e-06,L2,L2,LINE
chr3,140119427,140119448,MA1714.1,+,3.17e-06,AluJr,Alu,SINE
chrX,142329966,142329987,MA1714.1,-,3.17e-06,THE1D-int,ERVL-MaLR,LTR
chr3,144300590,144300611,MA1714.1,+,3.17e-06,MLT1A,ERVL-MaLR,LTR
chrX,145828656,145828677,MA1714.1,-,3.17e-06,THE1D-int,ERVL-MaLR,LTR
chr5,152815815,152815836,MA1714.1,+,3.17e-06,MIR,MIR,SINE
chr6,155903612,155903633,MA1714.1,+,3.17e-06,L3,CR1,LINE
chr5,174624680,174624701,MA1714.1,+,3.17e-06,MIRb,MIR,SINE
chr2,203506433,203506454,MA1714.1,-,3.17e-06,AluSq2,Alu,SINE
chr2,216478784,216478805,MA1714.1,+,3.17e-06,AluJb,Alu,SINE
chr2,217432006,217432027,MA1714.1,+,3.17e-06,L1MEd,L1,LINE
chr1,242134341,242134362,MA1714.1,-,3.17e-06,AluSq,Alu,SINE
chr1,245157803,245157824,MA1714.1,-,3.17e-06,AluSg,Alu,SINE
chr5,7500825,7500846,MA1714.1,+,3.19e-06,L1MC3,L1,LINE
chr7,7895238,7895259,MA1714.1,-,3.19e-06,THE1D-int,ERVL-MaLR,LTR
chr9,10371489,10371510,MA1714.1,-,3.19e-06,HAL1,L1,LINE
chr18,12435074,12435095,MA1714.1,+,3.19e-06,MIRb,MIR,SINE
chr8,13218500,13218521,MA1714.1,+,3.19e-06,AluJb,Alu,SINE
chr2,15790460,15790481,MA1714.1,-,3.19e-06,L3,CR1,LINE
chr20,18265000,18265021,MA1714.1,+,3.19e-06,L1MEf,L1,LINE
chr1,24734968,24734989,MA1714.1,-,3.19e-06,L1ME1,L1,LINE
chr3,26543555,26543576,MA1714.1,+,3.19e-06,ERVL-B4-int,ERVL,LTR
chr15,27399228,27399249,MA1714.1,-,3.19e-06,L1MCb,L1,LINE
chr15,30102403,30102424,MA1714.1,+,3.19e-06,L1MC5,L1,LINE
chr21,32499765,32499786,MA1714.1,-,3.19e-06,AluSg,Alu,SINE
chr12,33757240,33757261,MA1714.1,+,3.19e-06,L1MEc,L1,LINE
chr6,41620719,41620740,MA1714.1,+,3.19e-06,MIR,MIR,SINE
chr2,42115879,42115900,MA1714.1,+,3.19e-06,L1MEg,L1,LINE
chr3,43504243,43504264,MA1714.1,+,3.19e-06,THE1B-int,ERVL-MaLR,LTR
chr9,44423822,44423843,MA1714.1,+,3.19e-06,L1MA4,L1,LINE
chr4,44605347,44605368,MA1714.1,-,3.19e-06,L1PA5,L1,LINE
chr3,46862786,46862807,MA1714.1,-,3.19e-06,L1MEc,L1,LINE
chr9,46865748,46865769,MA1714.1,+,3.19e-06,L1MA4,L1,LINE
chrX,49186709,49186730,MA1714.1,-,3.19e-06,L1MDb,L1,LINE
chrX,49215264,49215285,MA1714.1,-,3.19e-06,L1MDb,L1,LINE
chrX,49224787,49224808,MA1714.1,-,3.19e-06,L1MDb,L1,LINE
chrX,49234325,49234346,MA1714.1,-,3.19e-06,L1MDb,L1,LINE
chrX,49295430,49295451,MA1714.1,-,3.19e-06,L1MDb,L1,LINE
chrX,49304986,49305007,MA1714.1,-,3.19e-06,L1MDb,L1,LINE
chrX,49314542,49314563,MA1714.1,-,3.19e-06,L1MDb,L1,LINE
chrX,49343202,49343223,MA1714.1,-,3.19e-06,L1MDb,L1,LINE
chrX,49352749,49352770,MA1714.1,-,3.19e-06,L1MDb,L1,LINE
chr18,49410672,49410693,MA1714.1,+,3.19e-06,L1M1,L1,LINE
chr1,49942658,49942679,MA1714.1,+,3.19e-06,L1PA17,L1,LINE
chr19,50318696,50318717,MA1714.1,+,3.19e-06,AluSx,Alu,SINE
chr16,50649685,50649706,MA1714.1,+,3.19e-06,MIRb,MIR,SINE
chr19,50927237,50927258,MA1714.1,+,3.19e-06,MIR,MIR,SINE
chr5,51157974,51157995,MA1714.1,-,3.19e-06,L1ME4a,L1,LINE
chr8,51491605,51491626,MA1714.1,+,3.19e-06,THE1C-int,ERVL-MaLR,LTR
chr1,54070334,54070355,MA1714.1,-,3.19e-06,MIRc,MIR,SINE
chr3,55409617,55409638,MA1714.1,+,3.19e-06,AluJo,Alu,SINE
chr1,62639721,62639742,MA1714.1,+,3.19e-06,FAM,Alu,SINE
chr16,63529046,63529067,MA1714.1,-,3.19e-06,MLT1E3,ERVL-MaLR,LTR
chr11,67839257,67839278,MA1714.1,+,3.19e-06,MIRb,MIR,SINE
chr15,71267999,71268020,MA1714.1,+,3.19e-06,AluJb,Alu,SINE
chr1,73277722,73277743,MA1714.1,-,3.19e-06,MER41-int,ERV1,LTR
chr12,73743563,73743584,MA1714.1,-,3.19e-06,L1PA7,L1,LINE
chr3,82442400,82442421,MA1714.1,-,3.19e-06,L1MB3,L1,LINE
chrX,85721944,85721965,MA1714.1,-,3.19e-06,THE1C-int,ERVL-MaLR,LTR
chr15,87224388,87224409,MA1714.1,-,3.19e-06,L1M6,L1,LINE
chr15,88650598,88650619,MA1714.1,+,3.19e-06,AluJo,Alu,SINE
chr11,88841770,88841791,MA1714.1,+,3.19e-06,L1MEc,L1,LINE
chr10,89345157,89345178,MA1714.1,+,3.19e-06,L1MC4a,L1,LINE
chr1,91777384,91777405,MA1714.1,+,3.19e-06,THE1A-int,ERVL-MaLR,LTR
chr7,92010767,92010788,MA1714.1,+,3.19e-06,L1PA6,L1,LINE
chr7,94624681,94624702,MA1714.1,-,3.19e-06,L1ME1,L1,LINE
chr5,97880538,97880559,MA1714.1,-,3.19e-06,L1MA4,L1,LINE
chr13,100418134,100418155,MA1714.1,-,3.19e-06,AluJr,Alu,SINE
chr8,106576782,106576803,MA1714.1,-,3.19e-06,MIR,MIR,SINE
chrX,110126143,110126164,MA1714.1,-,3.19e-06,L1PA15,L1,LINE
chr8,110362427,110362448,MA1714.1,+,3.19e-06,AluJb,Alu,SINE
chr2,115810598,115810619,MA1714.1,+,3.19e-06,L1MB5,L1,LINE
chr1,116695476,116695497,MA1714.1,-,3.19e-06,MIR,MIR,SINE
chr12,120025714,120025735,MA1714.1,+,3.19e-06,AluSq,Alu,SINE
chr8,123724700,123724721,MA1714.1,+,3.19e-06,THE1A-int,ERVL-MaLR,LTR
chr11,133152115,133152136,MA1714.1,+,3.19e-06,MSTB-int,ERVL-MaLR,LTR
chr4,139318862,139318883,MA1714.1,+,3.19e-06,AluSg7,Alu,SINE
chrX,140127472,140127493,MA1714.1,+,3.19e-06,THE1B-int,ERVL-MaLR,LTR
chrX,140642150,140642171,MA1714.1,-,3.19e-06,THE1B-int,ERVL-MaLR,LTR
chr3,147576366,147576387,MA1714.1,-,3.19e-06,MSTB-int,ERVL-MaLR,LTR
chr7,150392359,150392380,MA1714.1,+,3.19e-06,MLT1F2,ERVL-MaLR,LTR
chr5,150823365,150823386,MA1714.1,-,3.19e-06,L1MA9,L1,LINE
chr2,165030851,165030872,MA1714.1,-,3.19e-06,HERVL-int,ERVL,LTR
chr6,165941240,165941261,MA1714.1,+,3.19e-06,HERVL-int,ERVL,LTR
chr2,173999239,173999260,MA1714.1,-,3.19e-06,AluSx,Alu,SINE
chr2,204069296,204069317,MA1714.1,-,3.19e-06,AluJb,Alu,SINE
chr2,223357277,223357298,MA1714.1,-,3.19e-06,THE1D-int,ERVL-MaLR,LTR
chr2,597023,597044,MA1714.1,+,3.21e-06,MIRc,MIR,SINE
chrX,17071572,17071593,MA1714.1,-,3.21e-06,AluJb,Alu,SINE
chr21,24134734,24134755,MA1714.1,+,3.21e-06,FRAM,Alu,SINE
chr1,24136785,24136806,MA1714.1,+,3.21e-06,MIRb,MIR,SINE
chr18,28751598,28751619,MA1714.1,-,3.21e-06,MIR3,MIR,SINE
chr3,29441952,29441973,MA1714.1,+,3.21e-06,L1MB3,L1,LINE
chr12,31077204,31077225,MA1714.1,+,3.21e-06,Charlie5,hAT-Charlie,DNA
chr11,34767910,34767931,MA1714.1,+,3.21e-06,HAL1,L1,LINE
chr2,44891426,44891447,MA1714.1,+,3.21e-06,MIRb,MIR,SINE
chr4,49577357,49577378,MA1714.1,+,3.21e-06,MSTA-int,ERVL-MaLR,LTR
chr8,51558029,51558050,MA1714.1,-,3.21e-06,L1MEg,L1,LINE
chr12,51827730,51827751,MA1714.1,-,3.21e-06,AluJr,Alu,SINE
chr3,52657228,52657249,MA1714.1,+,3.21e-06,FAM,Alu,SINE
chr13,63297138,63297159,MA1714.1,-,3.21e-06,L1ME2z,L1,LINE
chr10,63739957,63739978,MA1714.1,+,3.21e-06,ORSL,hAT-Tip100,DNA
chr13,66670069,66670090,MA1714.1,+,3.21e-06,MLT1D-int,ERVL-MaLR,LTR
chr8,68522525,68522546,MA1714.1,+,3.21e-06,AluJo,Alu,SINE
chrX,69073224,69073245,MA1714.1,+,3.21e-06,L1MEe,L1,LINE
chr3,69459981,69460002,MA1714.1,-,3.21e-06,AluJr,Alu,SINE
chr1,69611889,69611910,MA1714.1,-,3.21e-06,MIRb,MIR,SINE
chrX,70726165,70726186,MA1714.1,+,3.21e-06,AluJb,Alu,SINE
chr9,72112366,72112387,MA1714.1,+,3.21e-06,Charlie17a,hAT-Charlie,DNA
chr14,72512325,72512346,MA1714.1,-,3.21e-06,L1MCa,L1,LINE
chr6,74085227,74085248,MA1714.1,+,3.21e-06,AluJr,Alu,SINE
chr5,74974185,74974206,MA1714.1,-,3.21e-06,L1MD2,L1,LINE
chr16,75361347,75361368,MA1714.1,+,3.21e-06,HAL1,L1,LINE
chr12,80455911,80455932,MA1714.1,-,3.21e-06,L1MA8,L1,LINE
chrX,81031598,81031619,MA1714.1,-,3.21e-06,THE1B-int,ERVL-MaLR,LTR
chr3,82224649,82224670,MA1714.1,-,3.21e-06,L1MA8,L1,LINE
chr15,82510506,82510527,MA1714.1,+,3.21e-06,MLT1E1A,ERVL-MaLR,LTR
chrX,86274357,86274378,MA1714.1,+,3.21e-06,L1PA16,L1,LINE
chrX,87114825,87114846,MA1714.1,-,3.21e-06,L1PA8,L1,LINE
chr16,87540562,87540583,MA1714.1,-,3.21e-06,MLT1L,ERVL-MaLR,LTR
chr10,96382969,96382990,MA1714.1,+,3.21e-06,MER34C2,ERV1,LTR
chr11,115298135,115298156,MA1714.1,+,3.21e-06,L1ME3C,L1,LINE
chr4,115502566,115502587,MA1714.1,-,3.21e-06,L1PREC2,L1,LINE
chr10,116295845,116295866,MA1714.1,-,3.21e-06,L1MB7,L1,LINE
chr7,116471122,116471143,MA1714.1,+,3.21e-06,L1MC3,L1,LINE
chr4,121493933,121493954,MA1714.1,-,3.21e-06,THE1B-int,ERVL-MaLR,LTR
chr8,123826162,123826183,MA1714.1,-,3.21e-06,MIRc,MIR,SINE
chr9,128145170,128145191,MA1714.1,-,3.21e-06,AluSz,Alu,SINE
chr10,128532883,128532904,MA1714.1,+,3.21e-06,AluJo,Alu,SINE
chr11,133646231,133646252,MA1714.1,-,3.21e-06,MER20,hAT-Charlie,DNA
chr10,135296176,135296197,MA1714.1,-,3.21e-06,L1MA4A,L1,LINE
chr8,137372447,137372468,MA1714.1,-,3.21e-06,L1MEc,L1,LINE
chr7,150867392,150867413,MA1714.1,+,3.21e-06,FRAM,Alu,SINE
chr1,161247276,161247297,MA1714.1,+,3.21e-06,MIR,MIR,SINE
chr4,166275919,166275940,MA1714.1,+,3.21e-06,L1MB8,L1,LINE
chr3,173236727,173236748,MA1714.1,+,3.21e-06,MSTA-int,ERVL-MaLR,LTR
chr2,195209417,195209438,MA1714.1,+,3.21e-06,MIR,MIR,SINE
chr1,220379895,220379916,MA1714.1,-,3.21e-06,L1ME4a,L1,LINE
chr1,235144385,235144406,MA1714.1,-,3.21e-06,AluJr,Alu,SINE
chr6_qbl_hap6,1871918,1871939,MA1714.1,+,3.23e-06,AluJb,Alu,SINE
chr6_dbb_hap3,1872649,1872670,MA1714.1,+,3.23e-06,AluJb,Alu,SINE
chr6_ssto_hap7,1911290,1911311,MA1714.1,+,3.23e-06,AluJb,Alu,SINE
chr6_mann_hap4,1927083,1927104,MA1714.1,+,3.23e-06,AluJb,Alu,SINE
chr6_mcf_hap5,1960866,1960887,MA1714.1,+,3.23e-06,AluJb,Alu,SINE
chr6_cox_hap2,2091064,2091085,MA1714.1,+,3.23e-06,AluJb,Alu,SINE
chr18,2633012,2633033,MA1714.1,+,3.23e-06,THE1A-int,ERVL-MaLR,LTR
chr6_dbb_hap3,3920428,3920449,MA1714.1,+,3.23e-06,THE1A-int,ERVL-MaLR,LTR
chr6_mcf_hap5,3975075,3975096,MA1714.1,+,3.23e-06,THE1A-int,ERVL-MaLR,LTR
chr16,4508421,4508442,MA1714.1,+,3.23e-06,AluJo,Alu,SINE
chr4,4553002,4553023,MA1714.1,+,3.23e-06,THE1A-int,ERVL-MaLR,LTR
chr10,5236610,5236631,MA1714.1,+,3.23e-06,L1PA17,L1,LINE
chrX,19881519,19881540,MA1714.1,+,3.23e-06,LTR82B,ERVL,LTR
chr19,21876623,21876644,MA1714.1,-,3.23e-06,HERVS71-int,ERV1,LTR
chr9,22060002,22060023,MA1714.1,-,3.23e-06,THE1A-int,ERVL-MaLR,LTR
chr22,23506117,23506138,MA1714.1,-,3.23e-06,L1M5,L1,LINE
chr6,30579011,30579032,MA1714.1,+,3.23e-06,AluJb,Alu,SINE
chr6,35474437,35474458,MA1714.1,-,3.23e-06,MIR,MIR,SINE
chr17,35774602,35774623,MA1714.1,-,3.23e-06,L1MC4a,L1,LINE
chr15,38396593,38396614,MA1714.1,+,3.23e-06,L1MA4,L1,LINE
chr13,40204750,40204771,MA1714.1,-,3.23e-06,L1MB3,L1,LINE
chr18,46312874,46312895,MA1714.1,+,3.23e-06,MIR,MIR,SINE
chrX,47352865,47352886,MA1714.1,-,3.23e-06,MER21B,ERVL,LTR
chr2,50096709,50096730,MA1714.1,+,3.23e-06,MIR,MIR,SINE
chr18,51408268,51408289,MA1714.1,-,3.23e-06,L1PA10,L1,LINE
chr14,53831193,53831214,MA1714.1,-,3.23e-06,THE1A-int,ERVL-MaLR,LTR
chr10,66769716,66769737,MA1714.1,-,3.23e-06,L1MC1,L1,LINE
chr1,69815288,69815309,MA1714.1,+,3.23e-06,L1MEf,L1,LINE
chr11,71694600,71694621,MA1714.1,-,3.23e-06,MIRb,MIR,SINE
chr1,74188643,74188664,MA1714.1,+,3.23e-06,ERVL-B4-int,ERVL,LTR
chr9,79743528,79743549,MA1714.1,-,3.23e-06,MSTA-int,ERVL-MaLR,LTR
chrX,83295124,83295145,MA1714.1,-,3.23e-06,MSTA-int,ERVL-MaLR,LTR
chr9,83654312,83654333,MA1714.1,-,3.23e-06,L1MA9,L1,LINE
chr8,83934890,83934911,MA1714.1,-,3.23e-06,THE1B-int,ERVL-MaLR,LTR
chr15,84371214,84371235,MA1714.1,+,3.23e-06,THE1A-int,ERVL-MaLR,LTR
chr5,84821043,84821064,MA1714.1,+,3.23e-06,MSTA-int,ERVL-MaLR,LTR
chr11,91409581,91409602,MA1714.1,+,3.23e-06,THE1A-int,ERVL-MaLR,LTR
chr12,94366293,94366314,MA1714.1,-,3.23e-06,MIRc,MIR,SINE
chr3,96057627,96057648,MA1714.1,+,3.23e-06,THE1B-int,ERVL-MaLR,LTR
chr6,99294820,99294841,MA1714.1,+,3.23e-06,MIRc,MIR,SINE
chr8,100134322,100134343,MA1714.1,-,3.23e-06,AluJb,Alu,SINE
chr2,100963872,100963893,MA1714.1,-,3.23e-06,L1MEc,L1,LINE
chr5,104786739,104786760,MA1714.1,+,3.23e-06,THE1B-int,ERVL-MaLR,LTR
chr13,107588591,107588612,MA1714.1,+,3.23e-06,L1PA14,L1,LINE
chr12,115804636,115804657,MA1714.1,+,3.23e-06,THE1A-int,ERVL-MaLR,LTR
chr7,117908194,117908215,MA1714.1,-,3.23e-06,L1ME2z,L1,LINE
chr7,119703421,119703442,MA1714.1,+,3.23e-06,L1MA10,L1,LINE
chr6,128232034,128232055,MA1714.1,-,3.23e-06,L1MC3,L1,LINE
chr7,128795094,128795115,MA1714.1,+,3.23e-06,L1MA4,L1,LINE
chr6,143278107,143278128,MA1714.1,+,3.23e-06,MIR,MIR,SINE
chr8,144543029,144543050,MA1714.1,+,3.23e-06,L1MB4,L1,LINE
chr3,146403478,146403499,MA1714.1,-,3.23e-06,THE1A-int,ERVL-MaLR,LTR
chr6,147028919,147028940,MA1714.1,-,3.23e-06,L1MA8,L1,LINE
chr2,148129112,148129133,MA1714.1,+,3.23e-06,L1MEg,L1,LINE
chr5,153028535,153028556,MA1714.1,+,3.23e-06,MLT1D,ERVL-MaLR,LTR
chr5,159403120,159403141,MA1714.1,+,3.23e-06,MIRb,MIR,SINE
chr2,223827407,223827428,MA1714.1,+,3.23e-06,THE1A-int,ERVL-MaLR,LTR
chr2,238893999,238894020,MA1714.1,-,3.23e-06,L1MA9,L1,LINE
chr7,114172,114193,MA1714.1,+,3.26e-06,L1MEc,L1,LINE
chr12,3843990,3844011,MA1714.1,+,3.26e-06,L1MA9,L1,LINE
chr6,4297970,4297991,MA1714.1,+,3.26e-06,MER50,ERV1,LTR
chrX,5998946,5998967,MA1714.1,-,3.26e-06,AluJb,Alu,SINE
chr12,9547470,9547491,MA1714.1,-,3.26e-06,AluJr4,Alu,SINE
chr6,9846706,9846727,MA1714.1,-,3.26e-06,MLT1F1-int,ERVL-MaLR,LTR
chr10,14871464,14871485,MA1714.1,+,3.26e-06,AluJr,Alu,SINE
chr11,16217866,16217887,MA1714.1,-,3.26e-06,MIR,MIR,SINE
chr12,17624470,17624491,MA1714.1,+,3.26e-06,HERVH-int,ERV1,LTR
chr1,18639989,18640010,MA1714.1,+,3.26e-06,MIR,MIR,SINE
chr16,19754876,19754897,MA1714.1,-,3.26e-06,MIR,MIR,SINE
chr11,23949666,23949687,MA1714.1,-,3.26e-06,MLT1E2,ERVL-MaLR,LTR
chr5,26855889,26855910,MA1714.1,-,3.26e-06,MSTB-int,ERVL-MaLR,LTR
chr12,31262401,31262422,MA1714.1,-,3.26e-06,AluJr4,Alu,SINE
chr18,31315970,31315991,MA1714.1,-,3.26e-06,MIR,MIR,SINE
chr20,36750156,36750177,MA1714.1,-,3.26e-06,L1ME3A,L1,LINE
chr6,39247089,39247110,MA1714.1,+,3.26e-06,MIR,MIR,SINE
chr19,44866931,44866952,MA1714.1,-,3.26e-06,L1ME5,L1,LINE
chr12,53358776,53358797,MA1714.1,-,3.26e-06,MIR,MIR,SINE
chr4,55051608,55051629,MA1714.1,-,3.26e-06,MIRb,MIR,SINE
chr4,55221288,55221309,MA1714.1,-,3.26e-06,MIR,MIR,SINE
chr18,55973197,55973218,MA1714.1,-,3.26e-06,Charlie2a,hAT-Charlie,DNA
chr5,59310576,59310597,MA1714.1,+,3.26e-06,MLT1H2-int,ERVL-MaLR,LTR
chr5,63334284,63334305,MA1714.1,+,3.26e-06,MSTA-int,ERVL-MaLR,LTR
chr12,65076887,65076908,MA1714.1,+,3.26e-06,MIRc,MIR,SINE
chr12,68477856,68477877,MA1714.1,-,3.26e-06,THE1B-int,ERVL-MaLR,LTR
chr1,76976688,76976709,MA1714.1,-,3.26e-06,MIR,MIR,SINE
chr5,77918212,77918233,MA1714.1,-,3.26e-06,MIRb,MIR,SINE
chr8,95083701,95083722,MA1714.1,-,3.26e-06,MIR,MIR,SINE
chr1,95435357,95435378,MA1714.1,+,3.26e-06,MIRb,MIR,SINE
chrX,101036420,101036441,MA1714.1,-,3.26e-06,L1ME1,L1,LINE
chr6,108040892,108040913,MA1714.1,-,3.26e-06,MIR,MIR,SINE
chr10,116917312,116917333,MA1714.1,-,3.26e-06,MLT1D,ERVL-MaLR,LTR
chr6,121852478,121852499,MA1714.1,+,3.26e-06,AluSz6,Alu,SINE
chr12,122779209,122779230,MA1714.1,+,3.26e-06,AluJo,Alu,SINE
chr3,123358894,123358915,MA1714.1,-,3.26e-06,MIR,MIR,SINE
chr4,124826161,124826182,MA1714.1,+,3.26e-06,MSTA-int,ERVL-MaLR,LTR
chr9,127835097,127835118,MA1714.1,-,3.26e-06,L1MB3,L1,LINE
chrX,128004042,128004063,MA1714.1,-,3.26e-06,Plat_L3,CR1,LINE
chr4,128849125,128849146,MA1714.1,-,3.26e-06,AluJo,Alu,SINE
chrX,137750337,137750358,MA1714.1,-,3.26e-06,MIR,MIR,SINE
chrX,146389481,146389502,MA1714.1,-,3.26e-06,MSTA-int,ERVL-MaLR,LTR
chr4,157075469,157075490,MA1714.1,+,3.26e-06,AluSx1,Alu,SINE
chr4,158654204,158654225,MA1714.1,-,3.26e-06,HERVL-int,ERVL,LTR
chr1,167115881,167115902,MA1714.1,-,3.26e-06,L1M4c,L1,LINE
chr4,184306442,184306463,MA1714.1,+,3.26e-06,MER52A,ERV1,LTR
chr3,196989692,196989713,MA1714.1,+,3.26e-06,MER21C,ERVL,LTR
chr1,216573824,216573845,MA1714.1,+,3.26e-06,L1MDa,L1,LINE
chr1,224424098,224424119,MA1714.1,-,3.26e-06,MIRb,MIR,SINE
chr1,228960778,228960799,MA1714.1,-,3.26e-06,L1MDa,L1,LINE
chrX,4193222,4193243,MA1714.1,-,3.28e-06,L1PB2,L1,LINE
chr17,11627647,11627668,MA1714.1,-,3.28e-06,L1MA4,L1,LINE
chr18,14258213,14258234,MA1714.1,+,3.28e-06,MSTA-int,ERVL-MaLR,LTR
chr21,15274110,15274131,MA1714.1,-,3.28e-06,MSTA-int,ERVL-MaLR,LTR
chr3,15388871,15388892,MA1714.1,-,3.28e-06,AluSz,Alu,SINE
chr4,19354944,19354965,MA1714.1,-,3.28e-06,THE1B-int,ERVL-MaLR,LTR
chr6,19366761,19366782,MA1714.1,-,3.28e-06,ERV3-16A3_I-int,ERVL,LTR
chr6,22475232,22475253,MA1714.1,+,3.28e-06,L1PA8,L1,LINE
chr10,24610223,24610244,MA1714.1,+,3.28e-06,AluSz,Alu,SINE
chr17,26508797,26508818,MA1714.1,+,3.28e-06,AluJo,Alu,SINE
chr18,33972145,33972166,MA1714.1,+,3.28e-06,MIR,MIR,SINE
chr7,36175337,36175358,MA1714.1,-,3.28e-06,MLT1M,ERVL-MaLR,LTR
chr7,37851837,37851858,MA1714.1,+,3.28e-06,L1PA15,L1,LINE
chr14,38530988,38531009,MA1714.1,-,3.28e-06,THE1B-int,ERVL-MaLR,LTR
chr12,50008576,50008597,MA1714.1,+,3.28e-06,L1PB1,L1,LINE
chr20,51133664,51133685,MA1714.1,+,3.28e-06,L4,RTE,LINE
chr7,51295965,51295986,MA1714.1,+,3.28e-06,MIRb,MIR,SINE
chr11,65906021,65906042,MA1714.1,-,3.28e-06,MER96,hAT,DNA
chr16,69670669,69670690,MA1714.1,-,3.28e-06,THE1A-int,ERVL-MaLR,LTR
chr9,73758008,73758029,MA1714.1,+,3.28e-06,AluJr,Alu,SINE
chr5,78783272,78783293,MA1714.1,+,3.28e-06,L1MC5,L1,LINE
chrX,87717252,87717273,MA1714.1,+,3.28e-06,L1MA7,L1,LINE
chr16,88746247,88746268,MA1714.1,+,3.28e-06,AluJo,Alu,SINE
chr1,95890019,95890040,MA1714.1,-,3.28e-06,MIRb,MIR,SINE
chr13,96850507,96850528,MA1714.1,-,3.28e-06,THE1A-int,ERVL-MaLR,LTR
chr11,97813609,97813630,MA1714.1,+,3.28e-06,MLT1C,ERVL-MaLR,LTR
chr2,103803523,103803544,MA1714.1,+,3.28e-06,THE1A-int,ERVL-MaLR,LTR
chr10,107862717,107862738,MA1714.1,-,3.28e-06,L1PA8,L1,LINE
chr12,115558495,115558516,MA1714.1,+,3.28e-06,L1PREC2,L1,LINE
chr11,121681455,121681476,MA1714.1,-,3.28e-06,L1PA15,L1,LINE
chr3,123416497,123416518,MA1714.1,+,3.28e-06,MIR,MIR,SINE
chr6,124910966,124910987,MA1714.1,-,3.28e-06,L1PA8,L1,LINE
chr9,126393482,126393503,MA1714.1,-,3.28e-06,L1M5,L1,LINE
chr4,127206750,127206771,MA1714.1,+,3.28e-06,L1MC3,L1,LINE
chr8,129215126,129215147,MA1714.1,-,3.28e-06,MLT1L,ERVL-MaLR,LTR
chr12,130725263,130725284,MA1714.1,+,3.28e-06,L1PA15,L1,LINE
chr7,140060032,140060053,MA1714.1,+,3.28e-06,AluJr,Alu,SINE
chr3,143300210,143300231,MA1714.1,-,3.28e-06,MIRc,MIR,SINE
chr5,152908824,152908845,MA1714.1,+,3.28e-06,MER124,DNA,DNA?
chr7,153174635,153174656,MA1714.1,+,3.28e-06,L1ME1,L1,LINE
chr2,168441475,168441496,MA1714.1,-,3.28e-06,MER21B,ERVL,LTR
chr5,177616986,177617007,MA1714.1,+,3.28e-06,AluJr,Alu,SINE
chr2,184018887,184018908,MA1714.1,-,3.28e-06,THE1A-int,ERVL-MaLR,LTR
chr1,199202652,199202673,MA1714.1,-,3.28e-06,LTR16A1,ERVL,LTR
chr2,228203804,228203825,MA1714.1,+,3.28e-06,AluJb,Alu,SINE
chr9,3605213,3605234,MA1714.1,-,3.3e-06,L1MC5,L1,LINE
chr1,8100733,8100754,MA1714.1,-,3.3e-06,LTR16A,ERVL,LTR
chr2,11232834,11232855,MA1714.1,+,3.3e-06,L1MB7,L1,LINE
chr4,13155322,13155343,MA1714.1,-,3.3e-06,THE1B-int,ERVL-MaLR,LTR
chr8,16187346,16187367,MA1714.1,-,3.3e-06,L1M7,L1,LINE
chr5,20905370,20905391,MA1714.1,-,3.3e-06,MSTA-int,ERVL-MaLR,LTR
chr12,25745692,25745713,MA1714.1,+,3.3e-06,L1PBa1,L1,LINE
chr5,34297031,34297052,MA1714.1,+,3.3e-06,MSTA-int,ERVL-MaLR,LTR
chr19,35299333,35299354,MA1714.1,-,3.3e-06,MER30B,hAT-Charlie,DNA
chr19,36160026,36160047,MA1714.1,-,3.3e-06,MIR,MIR,SINE
chr10,37107536,37107557,MA1714.1,-,3.3e-06,AluJb,Alu,SINE
chr5,37638549,37638570,MA1714.1,+,3.3e-06,MIR,MIR,SINE
chr18,38288854,38288875,MA1714.1,+,3.3e-06,MLT1C,ERVL-MaLR,LTR
chr11,38632037,38632058,MA1714.1,-,3.3e-06,L1MD3,L1,LINE
chr1,39780776,39780797,MA1714.1,-,3.3e-06,L1MC4,L1,LINE
chr22,45071864,45071885,MA1714.1,-,3.3e-06,MIRb,MIR,SINE
chr12,45867647,45867668,MA1714.1,+,3.3e-06,MSTB-int,ERVL-MaLR,LTR
chrX,46868176,46868197,MA1714.1,+,3.3e-06,L1ME2,L1,LINE
chr11,49262493,49262514,MA1714.1,+,3.3e-06,L1MC3,L1,LINE
chr22,50260548,50260569,MA1714.1,-,3.3e-06,MLT1D,ERVL-MaLR,LTR
chr13,51620659,51620680,MA1714.1,-,3.3e-06,MIRb,MIR,SINE
chr19,52140757,52140778,MA1714.1,+,3.3e-06,LTR85c,Gypsy,LTR
chr12,52147511,52147532,MA1714.1,+,3.3e-06,MIRc,MIR,SINE
chr12,61492045,61492066,MA1714.1,+,3.3e-06,L1PA17,L1,LINE
chr12,61679979,61680000,MA1714.1,+,3.3e-06,L1M4c,L1,LINE
chr8,65463118,65463139,MA1714.1,-,3.3e-06,L1MB7,L1,LINE
chrX,66379195,66379216,MA1714.1,+,3.3e-06,L1MA2,L1,LINE
chr3,69584197,69584218,MA1714.1,-,3.3e-06,MIR,MIR,SINE
chr10,81516992,81517013,MA1714.1,+,3.3e-06,HAL1,L1,LINE
chr1,83516951,83516972,MA1714.1,-,3.3e-06,THE1A-int,ERVL-MaLR,LTR
chrX,85865185,85865206,MA1714.1,-,3.3e-06,L1M1,L1,LINE
chr10,89039201,89039222,MA1714.1,+,3.3e-06,HAL1,L1,LINE
chr10,89218265,89218286,MA1714.1,-,3.3e-06,HAL1,L1,LINE
chr14,91441854,91441875,MA1714.1,+,3.3e-06,MLT1B,ERVL-MaLR,LTR
chr1,92715324,92715345,MA1714.1,-,3.3e-06,L1MA4A,L1,LINE
chr13,93658483,93658504,MA1714.1,-,3.3e-06,MSTB-int,ERVL-MaLR,LTR
chr14,94448722,94448743,MA1714.1,+,3.3e-06,MIRb,MIR,SINE
chr15,94734717,94734738,MA1714.1,+,3.3e-06,L1MD1,L1,LINE
chr13,96526030,96526051,MA1714.1,+,3.3e-06,MER54B,ERVL,LTR
chrX,96788318,96788339,MA1714.1,-,3.3e-06,L1MC4,L1,LINE
chr11,105001575,105001596,MA1714.1,-,3.3e-06,THE1D-int,ERVL-MaLR,LTR
chr5,107709633,107709654,MA1714.1,+,3.3e-06,L1M4c,L1,LINE
chr4,113505739,113505760,MA1714.1,-,3.3e-06,L1ME4a,L1,LINE
chr6,114018321,114018342,MA1714.1,-,3.3e-06,MIRc,MIR,SINE
chr10,114961826,114961847,MA1714.1,+,3.3e-06,L1MA2,L1,LINE
chr9,118079994,118080015,MA1714.1,+,3.3e-06,L1ME1,L1,LINE
chr2,133507514,133507535,MA1714.1,-,3.3e-06,MIRc,MIR,SINE
chr3,136432616,136432637,MA1714.1,+,3.3e-06,AluSx1,Alu,SINE
chr8,137009394,137009415,MA1714.1,+,3.3e-06,MIRb,MIR,SINE
chr2,147632977,147632998,MA1714.1,-,3.3e-06,MIRb,MIR,SINE
chr6,154824693,154824714,MA1714.1,+,3.3e-06,AluJr4,Alu,SINE
chr3,176266004,176266025,MA1714.1,-,3.3e-06,THE1A-int,ERVL-MaLR,LTR
chr1,198429762,198429783,MA1714.1,-,3.3e-06,L1MC1,L1,LINE
chr2,240094650,240094671,MA1714.1,+,3.3e-06,L1ME3A,L1,LINE
chr3,6103081,6103102,MA1714.1,+,3.32e-06,HAL1,L1,LINE
chr12,6215589,6215610,MA1714.1,+,3.32e-06,L1MB3,L1,LINE
chr2,9337230,9337251,MA1714.1,-,3.32e-06,L1MB8,L1,LINE
chr18,11736920,11736941,MA1714.1,+,3.32e-06,L1MC4,L1,LINE
chr1,14004259,14004280,MA1714.1,-,3.32e-06,L1MA9,L1,LINE
chr1,14369191,14369212,MA1714.1,-,3.32e-06,L1M7,L1,LINE
chr4,17902396,17902417,MA1714.1,+,3.32e-06,L1MEd,L1,LINE
chr4,18996546,18996567,MA1714.1,+,3.32e-06,MSTD-int,ERVL-MaLR,LTR
chr2,22461155,22461176,MA1714.1,+,3.32e-06,MIRb,MIR,SINE
chr18,23641581,23641602,MA1714.1,+,3.32e-06,L1ME1,L1,LINE
chr21,26068388,26068409,MA1714.1,+,3.32e-06,L1MB3,L1,LINE
chr6,26325020,26325041,MA1714.1,+,3.32e-06,L1MC4,L1,LINE
chr13,26697565,26697586,MA1714.1,+,3.32e-06,L1MEe,L1,LINE
chrX,29569306,29569327,MA1714.1,-,3.32e-06,L1MB3,L1,LINE
chr22,31416537,31416558,MA1714.1,-,3.32e-06,MSTC-int,ERVL-MaLR,LTR
chr22,33352640,33352661,MA1714.1,-,3.32e-06,L1MB3,L1,LINE
chr20,33993273,33993294,MA1714.1,+,3.32e-06,L1MB3,L1,LINE
chr14,35367614,35367635,MA1714.1,-,3.32e-06,MIRb,MIR,SINE
chr13,36185923,36185944,MA1714.1,-,3.32e-06,L1MB7,L1,LINE
chr20,41497438,41497459,MA1714.1,+,3.32e-06,MLT1A1-int,ERVL-MaLR,LTR
chr11,43656638,43656659,MA1714.1,+,3.32e-06,L1MC4,L1,LINE
chr16,46912785,46912806,MA1714.1,-,3.32e-06,L1MB4,L1,LINE
chr3,47997193,47997214,MA1714.1,+,3.32e-06,ERVL-B4-int,ERVL,LTR
chr2,50412775,50412796,MA1714.1,+,3.32e-06,MLT1J2,ERVL-MaLR,LTR
chr10,50968699,50968720,MA1714.1,-,3.32e-06,MIR,MIR,SINE
chr13,56437241,56437262,MA1714.1,-,3.32e-06,MER52-int,ERV1,LTR
chr20,58801954,58801975,MA1714.1,-,3.32e-06,L1ME4a,L1,LINE
chr16,60163782,60163803,MA1714.1,+,3.32e-06,MER21C,ERVL,LTR
chr14,60393556,60393577,MA1714.1,+,3.32e-06,L1ME3A,L1,LINE
chr16,60501759,60501780,MA1714.1,+,3.32e-06,L1MA7,L1,LINE
chrX,62905680,62905701,MA1714.1,+,3.32e-06,L1ME1,L1,LINE
chr17,64708958,64708979,MA1714.1,+,3.32e-06,MIR,MIR,SINE
chr10,66003507,66003528,MA1714.1,-,3.32e-06,L1MEg,L1,LINE
chr3,69553048,69553069,MA1714.1,+,3.32e-06,MIR,MIR,SINE
chr8,72603588,72603609,MA1714.1,-,3.32e-06,L1MC5,L1,LINE
chr2,73134848,73134869,MA1714.1,-,3.32e-06,L1ME3,L1,LINE
chr17,78631872,78631893,MA1714.1,-,3.32e-06,L1MEg,L1,LINE
chr15,79869163,79869184,MA1714.1,+,3.32e-06,MIR,MIR,SINE
chr4,80123232,80123253,MA1714.1,-,3.32e-06,L1MA6,L1,LINE
chr12,80951657,80951678,MA1714.1,-,3.32e-06,L1MD1,L1,LINE
chr11,81557234,81557255,MA1714.1,+,3.32e-06,L1MA3,L1,LINE
chr16,85288879,85288900,MA1714.1,+,3.32e-06,MIRb,MIR,SINE
chr5,87312117,87312138,MA1714.1,-,3.32e-06,L1MEd,L1,LINE
chr7,96577636,96577657,MA1714.1,-,3.32e-06,MIRc,MIR,SINE
chr9,101115706,101115727,MA1714.1,-,3.32e-06,Tigger1,TcMar-Tigger,DNA
chr11,101532276,101532297,MA1714.1,-,3.32e-06,L1MA2,L1,LINE
chr1,103334877,103334898,MA1714.1,-,3.32e-06,THE1C-int,ERVL-MaLR,LTR
chr5,105627999,105628020,MA1714.1,+,3.32e-06,HAL1,L1,LINE
chrX,108588776,108588797,MA1714.1,-,3.32e-06,MIRb,MIR,SINE
chr5,109003304,109003325,MA1714.1,-,3.32e-06,MIR,MIR,SINE
chr6,111087893,111087914,MA1714.1,+,3.32e-06,L1MA5,L1,LINE
chr12,115936788,115936809,MA1714.1,+,3.32e-06,MIRb,MIR,SINE
chr11,119062299,119062320,MA1714.1,+,3.32e-06,AluSq2,Alu,SINE
chr9,128025040,128025061,MA1714.1,+,3.32e-06,Charlie4a,hAT-Charlie,DNA
chr4,129624591,129624612,MA1714.1,-,3.32e-06,L1PREC2,L1,LINE
chr3,131251380,131251401,MA1714.1,+,3.32e-06,MIR,MIR,SINE
chr4,133894162,133894183,MA1714.1,+,3.32e-06,MLT1C,ERVL-MaLR,LTR
chr3,134214562,134214583,MA1714.1,-,3.32e-06,L1MA4A,L1,LINE
chr3,149592242,149592263,MA1714.1,+,3.32e-06,MIR,MIR,SINE
chrX,150262533,150262554,MA1714.1,-,3.32e-06,L1MB7,L1,LINE
chr3,154704921,154704942,MA1714.1,+,3.32e-06,L1MA5A,L1,LINE
chr5,158414478,158414499,MA1714.1,-,3.32e-06,MIRc,MIR,SINE
chr2,161542787,161542808,MA1714.1,-,3.32e-06,MIRb,MIR,SINE
chr3,185842832,185842853,MA1714.1,-,3.32e-06,L2c,L2,LINE
chr2,190314813,190314834,MA1714.1,+,3.32e-06,MER5C1,hAT-Charlie,DNA
chr2,231764641,231764662,MA1714.1,-,3.32e-06,Kanga2_a,TcMar-Tc2,DNA
chr2,231776139,231776160,MA1714.1,-,3.32e-06,MLT1K,ERVL-MaLR,LTR
chr3,3450962,3450983,MA1714.1,+,3.34e-06,L1PA7,L1,LINE
chr20,11148744,11148765,MA1714.1,-,3.34e-06,LTR16A1,ERVL,LTR
chr16,11228227,11228248,MA1714.1,-,3.34e-06,MIRb,MIR,SINE
chr16,11667307,11667328,MA1714.1,+,3.34e-06,L1MD3,L1,LINE
chr12,17093717,17093738,MA1714.1,-,3.34e-06,L1PA15-16,L1,LINE
chr20,24043149,24043170,MA1714.1,-,3.34e-06,MLT1D,ERVL-MaLR,LTR
chr16,24292401,24292422,MA1714.1,-,3.34e-06,MLT1K,ERVL-MaLR,LTR
chr5,25530429,25530450,MA1714.1,+,3.34e-06,THE1B-int,ERVL-MaLR,LTR
chr8,26275225,26275246,MA1714.1,+,3.34e-06,Tigger4a,TcMar-Tigger,DNA
chr9,38336773,38336794,MA1714.1,+,3.34e-06,MIR3,MIR,SINE
chr18,39016374,39016395,MA1714.1,-,3.34e-06,AluJo,Alu,SINE
chr5,39213261,39213282,MA1714.1,-,3.34e-06,MIRc,MIR,SINE
chr7,43989070,43989091,MA1714.1,-,3.34e-06,AluJr4,Alu,SINE
chr7,46583310,46583331,MA1714.1,+,3.34e-06,MER49,ERV1,LTR
chr7,53908285,53908306,MA1714.1,+,3.34e-06,L1MB2,L1,LINE
chr16,55165143,55165164,MA1714.1,+,3.34e-06,MIRb,MIR,SINE
chr2,61877546,61877567,MA1714.1,+,3.34e-06,AluJo,Alu,SINE
chr1,64540562,64540583,MA1714.1,+,3.34e-06,MIRb,MIR,SINE
chr11,66408439,66408460,MA1714.1,+,3.34e-06,Tigger4a,TcMar-Tigger,DNA
chr1,70523764,70523785,MA1714.1,-,3.34e-06,AluSz6,Alu,SINE
chr8,73737507,73737528,MA1714.1,-,3.34e-06,L1MB3,L1,LINE
chrX,75778519,75778540,MA1714.1,-,3.34e-06,L1M1,L1,LINE
chr2,77390664,77390685,MA1714.1,+,3.34e-06,L1PA5,L1,LINE
chr2,80739911,80739932,MA1714.1,-,3.34e-06,MER106A,hAT-Charlie,DNA
chr15,82389853,82389874,MA1714.1,-,3.34e-06,AluJb,Alu,SINE
chr10,89596263,89596284,MA1714.1,-,3.34e-06,L1MD2,L1,LINE
chr10,98111931,98111952,MA1714.1,+,3.34e-06,MIR,MIR,SINE
chr9,100909628,100909649,MA1714.1,+,3.34e-06,L1MC5,L1,LINE
chr1,105696896,105696917,MA1714.1,-,3.34e-06,L1MA8,L1,LINE
chr1,106846521,106846542,MA1714.1,-,3.34e-06,MSTC-int,ERVL-MaLR,LTR
chr9,114770661,114770682,MA1714.1,+,3.34e-06,AluJb,Alu,SINE
chr7,118020760,118020781,MA1714.1,+,3.34e-06,MLT1E1A,ERVL-MaLR,LTR
chr11,118720216,118720237,MA1714.1,+,3.34e-06,AluJb,Alu,SINE
chr6,118811232,118811253,MA1714.1,+,3.34e-06,L1MB1,L1,LINE
chr4,125323337,125323358,MA1714.1,+,3.34e-06,L1MC2,L1,LINE
chr4,125582308,125582329,MA1714.1,+,3.34e-06,L1ME1,L1,LINE
chr9,126206121,126206142,MA1714.1,+,3.34e-06,AluJb,Alu,SINE
chr8,126575001,126575022,MA1714.1,+,3.34e-06,Charlie19a,hAT-Charlie,DNA
chr8,128019341,128019362,MA1714.1,+,3.34e-06,LTR79,ERVL,LTR
chr8,134761158,134761179,MA1714.1,+,3.34e-06,AluJb,Alu,SINE
chr7,137814493,137814514,MA1714.1,-,3.34e-06,MSTA-int,ERVL-MaLR,LTR
chr3,138071794,138071815,MA1714.1,+,3.34e-06,MIRc,MIR,SINE
chr6,140818933,140818954,MA1714.1,-,3.34e-06,ERVL-B4-int,ERVL,LTR
chrX,150163539,150163560,MA1714.1,+,3.34e-06,L1MB8,L1,LINE
chr3,162649189,162649210,MA1714.1,+,3.34e-06,L1MEa,L1,LINE
chr2,164078295,164078316,MA1714.1,-,3.34e-06,HAL1,L1,LINE
chr2,174438436,174438457,MA1714.1,-,3.34e-06,L1PA15,L1,LINE
chr4,178636952,178636973,MA1714.1,-,3.34e-06,ERVL-E-int,ERVL,LTR
chr3,190059333,190059354,MA1714.1,-,3.34e-06,THE1B-int,ERVL-MaLR,LTR
chr20,1207625,1207646,MA1714.1,-,3.37e-06,AluSx1,Alu,SINE
chr16,3153546,3153567,MA1714.1,+,3.37e-06,FLAM_C,Alu,SINE
chr17,3198087,3198108,MA1714.1,+,3.37e-06,L1ME2z,L1,LINE
chr3,12034505,12034526,MA1714.1,-,3.37e-06,Tigger1,TcMar-Tigger,DNA
chrY,14187052,14187073,MA1714.1,+,3.37e-06,L1PB1,L1,LINE
chrY,15078422,15078443,MA1714.1,-,3.37e-06,MER50B,ERV1,LTR
chr20,15800406,15800427,MA1714.1,+,3.37e-06,L1MA9,L1,LINE
chr22,16307514,16307535,MA1714.1,-,3.37e-06,L1M2,L1,LINE
chr1,17953512,17953533,MA1714.1,-,3.37e-06,L1MB3,L1,LINE
chr22,19033984,19034005,MA1714.1,-,3.37e-06,L1MD,L1,LINE
chr14,19533805,19533826,MA1714.1,+,3.37e-06,L1M2,L1,LINE
chr14,20039638,20039659,MA1714.1,-,3.37e-06,L1M2,L1,LINE
chr12,26088532,26088553,MA1714.1,+,3.37e-06,MamRep1161,TcMar,DNA
chr15,26323156,26323177,MA1714.1,-,3.37e-06,MER5A1,hAT-Charlie,DNA
chr11,29988984,29989005,MA1714.1,-,3.37e-06,AluJr,Alu,SINE
chr21,31375160,31375181,MA1714.1,+,3.37e-06,MER50B,ERV1,LTR
chr22,31669098,31669119,MA1714.1,-,3.37e-06,MIR3,MIR,SINE
chr13,37111916,37111937,MA1714.1,+,3.37e-06,HAL1b,L1,LINE
chr8,38881115,38881136,MA1714.1,-,3.37e-06,HAL1,L1,LINE
chr18,43208440,43208461,MA1714.1,-,3.37e-06,MER5A,hAT-Charlie,DNA
chr15,47137283,47137304,MA1714.1,-,3.37e-06,THE1D-int,ERVL-MaLR,LTR
chr14,49375013,49375034,MA1714.1,+,3.37e-06,L1MC1,L1,LINE
chr8,51246692,51246713,MA1714.1,-,3.37e-06,AluSx1,Alu,SINE
chr14,53716686,53716707,MA1714.1,-,3.37e-06,L1MEb,L1,LINE
chr18,56541197,56541218,MA1714.1,+,3.37e-06,MIRb,MIR,SINE
chr10,57295500,57295521,MA1714.1,-,3.37e-06,LTR37B,ERV1,LTR
chr8,57647086,57647107,MA1714.1,+,3.37e-06,L3,CR1,LINE
chr17,65557924,65557945,MA1714.1,-,3.37e-06,FLAM_C,Alu,SINE
chr3,65977848,65977869,MA1714.1,+,3.37e-06,MIRb,MIR,SINE
chr16,69585008,69585029,MA1714.1,-,3.37e-06,MIRc,MIR,SINE
chr6,74676544,74676565,MA1714.1,-,3.37e-06,MIRb,MIR,SINE
chr9,75508340,75508361,MA1714.1,-,3.37e-06,MIRb,MIR,SINE
chr16,77223723,77223744,MA1714.1,+,3.37e-06,AluSx1,Alu,SINE
chr13,81881416,81881437,MA1714.1,+,3.37e-06,MER50,ERV1,LTR
chr6,85086406,85086427,MA1714.1,+,3.37e-06,L1PA11,L1,LINE
chr10,87592401,87592422,MA1714.1,+,3.37e-06,L1MD2,L1,LINE
chr10,93035269,93035290,MA1714.1,-,3.37e-06,AluSc,Alu,SINE
chr14,93716336,93716357,MA1714.1,-,3.37e-06,MIRb,MIR,SINE
chr7,95247658,95247679,MA1714.1,+,3.37e-06,L1PA13,L1,LINE
chr4,102303118,102303139,MA1714.1,-,3.37e-06,L1MEd,L1,LINE
chr3,110941753,110941774,MA1714.1,-,3.37e-06,MLT2B3,ERVL,LTR
chr6,118667554,118667575,MA1714.1,+,3.37e-06,MIRb,MIR,SINE
chr6,120426017,120426038,MA1714.1,+,3.37e-06,L1ME3F,L1,LINE
chr12,120563379,120563400,MA1714.1,+,3.37e-06,MIR,MIR,SINE
chrX,133608395,133608416,MA1714.1,-,3.37e-06,L1MC4a,L1,LINE
chr2,140856484,140856505,MA1714.1,+,3.37e-06,LTR80B,ERVL,LTR
chr2,143520546,143520567,MA1714.1,+,3.37e-06,L1MA4A,L1,LINE
chr3,146024496,146024517,MA1714.1,-,3.37e-06,THE1C-int,ERVL-MaLR,LTR
chr1,169312503,169312524,MA1714.1,-,3.37e-06,L1M4,L1,LINE
chr1,170418749,170418770,MA1714.1,+,3.37e-06,AluSq2,Alu,SINE
chr3,191438063,191438084,MA1714.1,-,3.37e-06,L1ME1,L1,LINE
chr2,197230548,197230569,MA1714.1,-,3.37e-06,MIRb,MIR,SINE
chr19,353889,353910,MA1714.1,-,3.39e-06,L1M7,L1,LINE
chr1,1786135,1786156,MA1714.1,+,3.39e-06,FLAM_C,Alu,SINE
chr16,5074502,5074523,MA1714.1,+,3.39e-06,AluJb,Alu,SINE
chr8,9443509,9443530,MA1714.1,+,3.39e-06,MIRc,MIR,SINE
chr20,10151390,10151411,MA1714.1,+,3.39e-06,MIRc,MIR,SINE
chr12,13439166,13439187,MA1714.1,+,3.39e-06,L1MA9,L1,LINE
chr1,14466800,14466821,MA1714.1,+,3.39e-06,MIRb,MIR,SINE
chr4,18541609,18541630,MA1714.1,-,3.39e-06,MIRc,MIR,SINE
chrX,19477437,19477458,MA1714.1,+,3.39e-06,MIR,MIR,SINE
chrX,20177381,20177402,MA1714.1,+,3.39e-06,MIRb,MIR,SINE
chrX,20922777,20922798,MA1714.1,-,3.39e-06,L1PA15,L1,LINE
chr3,27665348,27665369,MA1714.1,+,3.39e-06,MIRb,MIR,SINE
chr8,29196586,29196607,MA1714.1,+,3.39e-06,AluJr,Alu,SINE
chr3,30075534,30075555,MA1714.1,-,3.39e-06,L1MC4,L1,LINE
chr11,30783928,30783949,MA1714.1,-,3.39e-06,L1MEg,L1,LINE
chr6,36727773,36727794,MA1714.1,+,3.39e-06,AluSx,Alu,SINE
chr13,38620511,38620532,MA1714.1,+,3.39e-06,L1PA15,L1,LINE
chr11,39412145,39412166,MA1714.1,-,3.39e-06,AluY,Alu,SINE
chr8,42432288,42432309,MA1714.1,+,3.39e-06,AluJr,Alu,SINE
chr2,47122275,47122296,MA1714.1,-,3.39e-06,L1MDa,L1,LINE
chr12,47495088,47495109,MA1714.1,+,3.39e-06,MIR3,MIR,SINE
chr12,54810444,54810465,MA1714.1,-,3.39e-06,MIRb,MIR,SINE
chr20,55290019,55290040,MA1714.1,-,3.39e-06,L1MD2,L1,LINE
chr10,55300542,55300563,MA1714.1,+,3.39e-06,MLT1L,ERVL-MaLR,LTR
chr10,61915019,61915040,MA1714.1,+,3.39e-06,L1MA4,L1,LINE
chr3,62107016,62107037,MA1714.1,-,3.39e-06,MIR,MIR,SINE
chr7,67194794,67194815,MA1714.1,+,3.39e-06,L1ME3A,L1,LINE
chr6,68355280,68355301,MA1714.1,-,3.39e-06,Tigger6a,TcMar-Tigger,DNA
chrX,68708791,68708812,MA1714.1,-,3.39e-06,L1MEg,L1,LINE
chr7,68805349,68805370,MA1714.1,-,3.39e-06,MIRb,MIR,SINE
chr11,70970635,70970656,MA1714.1,-,3.39e-06,AluSx1,Alu,SINE
chr4,71695289,71695310,MA1714.1,+,3.39e-06,AluJb,Alu,SINE
chr14,80940293,80940314,MA1714.1,-,3.39e-06,THE1D-int,ERVL-MaLR,LTR
chr6,81449775,81449796,MA1714.1,-,3.39e-06,L1MA5A,L1,LINE
chr7,86720121,86720142,MA1714.1,-,3.39e-06,ERVL-E-int,ERVL,LTR
chr14,89612228,89612249,MA1714.1,-,3.39e-06,MIRb,MIR,SINE
chr1,96864513,96864534,MA1714.1,+,3.39e-06,L1MB8,L1,LINE
chr8,100227813,100227834,MA1714.1,-,3.39e-06,MER68B,ERVL,LTR
chr11,111770875,111770896,MA1714.1,-,3.39e-06,L1MEe,L1,LINE
chrX,122898674,122898695,MA1714.1,-,3.39e-06,L1M3,L1,LINE
chr2,123058955,123058976,MA1714.1,+,3.39e-06,L1PA15,L1,LINE
chr9,129324191,129324212,MA1714.1,-,3.39e-06,MIRb,MIR,SINE
chr6,134356537,134356558,MA1714.1,+,3.39e-06,MER39,ERV1,LTR
chr6,140660954,140660975,MA1714.1,-,3.39e-06,MER52-int,ERV1,LTR
chr6,143535541,143535562,MA1714.1,+,3.39e-06,MIRc,MIR,SINE
chr7,145996585,145996606,MA1714.1,-,3.39e-06,AluJb,Alu,SINE
chr7,147244525,147244546,MA1714.1,-,3.39e-06,ERVL-E-int,ERVL,LTR
chr3,164691520,164691541,MA1714.1,+,3.39e-06,L1M4,L1,LINE
chr3,168191435,168191456,MA1714.1,-,3.39e-06,AluJb,Alu,SINE
chr4,172519501,172519522,MA1714.1,-,3.39e-06,LTR40a,ERVL,LTR
chr1,196581207,196581228,MA1714.1,+,3.39e-06,THE1A-int,ERVL-MaLR,LTR
chr1,221826731,221826752,MA1714.1,+,3.39e-06,L1ME2,L1,LINE
chr9,269972,269993,MA1714.1,-,3.41e-06,L1MB8,L1,LINE
chr20,1593549,1593570,MA1714.1,+,3.41e-06,L1MA9,L1,LINE
chrY,4711373,4711394,MA1714.1,+,3.41e-06,L1M1,L1,LINE
chr6,15067597,15067618,MA1714.1,+,3.41e-06,MLT1L,ERVL-MaLR,LTR
chr10,17150161,17150182,MA1714.1,-,3.41e-06,MIR,MIR,SINE
chr20,17158089,17158110,MA1714.1,+,3.41e-06,LTR78B,ERV1,LTR
chr8,17970922,17970943,MA1714.1,-,3.41e-06,L1MA5A,L1,LINE
chr18,18677444,18677465,MA1714.1,-,3.41e-06,MIRb,MIR,SINE
chr8,19719713,19719734,MA1714.1,+,3.41e-06,MSTD-int,ERVL-MaLR,LTR
chrY,20795118,20795139,MA1714.1,-,3.41e-06,LTR8,ERV1,LTR
chrY,20849032,20849053,MA1714.1,+,3.41e-06,LTR8,ERV1,LTR
chrX,21342181,21342202,MA1714.1,-,3.41e-06,L1MC2,L1,LINE
chr15,25943194,25943215,MA1714.1,+,3.41e-06,L1MC3,L1,LINE
chr22,26814750,26814771,MA1714.1,-,3.41e-06,Charlie8,hAT-Charlie,DNA
chr21,27233660,27233681,MA1714.1,+,3.41e-06,MLT1A0,ERVL-MaLR,LTR
chr18,28137112,28137133,MA1714.1,-,3.41e-06,L1ME3B,L1,LINE
chr2,31555129,31555150,MA1714.1,-,3.41e-06,LTR78,ERV1,LTR
chr17,32247592,32247613,MA1714.1,+,3.41e-06,L1PA12,L1,LINE
chr2,36048491,36048512,MA1714.1,+,3.41e-06,LTR49,ERV1,LTR
chr21,36199880,36199901,MA1714.1,+,3.41e-06,MSTD-int,ERVL-MaLR,LTR
chr2,39057446,39057467,MA1714.1,-,3.41e-06,MIRc,MIR,SINE
chr13,40246759,40246780,MA1714.1,-,3.41e-06,L1MB7,L1,LINE
chr4,40416199,40416220,MA1714.1,+,3.41e-06,MIR,MIR,SINE
chr8,42313135,42313156,MA1714.1,+,3.41e-06,AluY,Alu,SINE
chr3,43099833,43099854,MA1714.1,-,3.41e-06,L1M5,L1,LINE
chr20,43393674,43393695,MA1714.1,-,3.41e-06,MIR,MIR,SINE
chrX,44637261,44637282,MA1714.1,-,3.41e-06,L1ME2z,L1,LINE
chr6,45259249,45259270,MA1714.1,+,3.41e-06,L1PB3,L1,LINE
chr12,46331649,46331670,MA1714.1,-,3.41e-06,HAL1,L1,LINE
chr4,53948866,53948887,MA1714.1,+,3.41e-06,MLT2B1,ERVL,LTR
chr14,57483514,57483535,MA1714.1,-,3.41e-06,AluSx1,Alu,SINE
chr18,58292907,58292928,MA1714.1,+,3.41e-06,L1MA8,L1,LINE
chr11,58530832,58530853,MA1714.1,+,3.41e-06,MLT2F,ERVL,LTR
chr1,66560489,66560510,MA1714.1,-,3.41e-06,MIR,MIR,SINE
chr17,69667302,69667323,MA1714.1,+,3.41e-06,L1M5,L1,LINE
chr15,70536533,70536554,MA1714.1,+,3.41e-06,MIR,MIR,SINE
chr1,71094602,71094623,MA1714.1,+,3.41e-06,HERVL18-int,ERVL,LTR
chr5,72836813,72836834,MA1714.1,+,3.41e-06,LTR88a,Gypsy,LTR
chr7,75092905,75092926,MA1714.1,+,3.41e-06,L1MB4,L1,LINE
chr7,76277561,76277582,MA1714.1,+,3.41e-06,L1MB4,L1,LINE
chr4,84763090,84763111,MA1714.1,-,3.41e-06,L1MC4,L1,LINE
chr7,85547737,85547758,MA1714.1,-,3.41e-06,L1ME2,L1,LINE
chr11,85994840,85994861,MA1714.1,+,3.41e-06,L1MEd,L1,LINE
chr9,87258523,87258544,MA1714.1,-,3.41e-06,L1MD2,L1,LINE
chr14,90431288,90431309,MA1714.1,-,3.41e-06,MIR,MIR,SINE
chrX,90857087,90857108,MA1714.1,+,3.41e-06,L1M1,L1,LINE
chr1,100626809,100626830,MA1714.1,-,3.41e-06,L1MB7,L1,LINE
chr8,103029184,103029205,MA1714.1,+,3.41e-06,L1ME1,L1,LINE
chr10,108305540,108305561,MA1714.1,-,3.41e-06,L1MEc,L1,LINE
chr13,110055000,110055021,MA1714.1,-,3.41e-06,L2b,L2,LINE
chr5,113376988,113377009,MA1714.1,+,3.41e-06,L1ME1,L1,LINE
chr11,116187592,116187613,MA1714.1,+,3.41e-06,L1MEg,L1,LINE
chr2,116961011,116961032,MA1714.1,-,3.41e-06,L1PA13,L1,LINE
chr2,117542962,117542983,MA1714.1,+,3.41e-06,MER65C,ERV1,LTR
chr10,118978843,118978864,MA1714.1,+,3.41e-06,MIRb,MIR,SINE
chr6,124551682,124551703,MA1714.1,+,3.41e-06,THE1B-int,ERVL-MaLR,LTR
chrX,134489742,134489763,MA1714.1,-,3.41e-06,L1MB8,L1,LINE
chr7,139667011,139667032,MA1714.1,-,3.41e-06,LTR78B,ERV1,LTR
chr5,141027263,141027284,MA1714.1,-,3.41e-06,MIRc,MIR,SINE
chr2,155332930,155332951,MA1714.1,+,3.41e-06,L1MC5,L1,LINE
chr1,158756620,158756641,MA1714.1,+,3.41e-06,L1PB2,L1,LINE
chr3,161777602,161777623,MA1714.1,-,3.41e-06,THE1D-int,ERVL-MaLR,LTR
chr1,162924981,162925002,MA1714.1,+,3.41e-06,MLT1A0,ERVL-MaLR,LTR
chr1,166560882,166560903,MA1714.1,-,3.41e-06,MER58B,hAT-Charlie,DNA
chr3,170756878,170756899,MA1714.1,-,3.41e-06,MIR,MIR,SINE
chr6_qbl_hap6,4336774,4336795,MA1714.1,-,3.44e-06,MER41-int,ERV1,LTR
chr6_dbb_hap3,4385903,4385924,MA1714.1,-,3.44e-06,MER41-int,ERV1,LTR
chr6_cox_hap2,4548394,4548415,MA1714.1,-,3.44e-06,MER41-int,ERV1,LTR
chr6_mann_hap4,4561867,4561888,MA1714.1,-,3.44e-06,MER41-int,ERV1,LTR
chr3,5424407,5424428,MA1714.1,-,3.44e-06,L1PA7,L1,LINE
chrX,5464069,5464090,MA1714.1,-,3.44e-06,L1PA16,L1,LINE
chr2,13982803,13982824,MA1714.1,+,3.44e-06,L1PB1,L1,LINE
chr4,14843819,14843840,MA1714.1,-,3.44e-06,MSTD-int,ERVL-MaLR,LTR
chr16,14888714,14888735,MA1714.1,-,3.44e-06,LTR8,ERV1,LTR
chr7,15180625,15180646,MA1714.1,-,3.44e-06,L1MEd,L1,LINE
chr16,15427909,15427930,MA1714.1,+,3.44e-06,LTR8,ERV1,LTR
chr16,16516306,16516327,MA1714.1,-,3.44e-06,LTR8,ERV1,LTR
chr16,18383267,18383288,MA1714.1,+,3.44e-06,LTR8,ERV1,LTR
chr18,22352823,22352844,MA1714.1,-,3.44e-06,ERVL-B4-int,ERVL,LTR
chrY,23434983,23435004,MA1714.1,-,3.44e-06,MSTA-int,ERVL-MaLR,LTR
chr10,28227265,28227286,MA1714.1,+,3.44e-06,MLT1B,ERVL-MaLR,LTR
chr1,31330497,31330518,MA1714.1,-,3.44e-06,AluSc,Alu,SINE
chr6,33104597,33104618,MA1714.1,-,3.44e-06,MER41-int,ERV1,LTR
chr5,33601407,33601428,MA1714.1,+,3.44e-06,MIRb,MIR,SINE
chr4,37271563,37271584,MA1714.1,-,3.44e-06,L1ME2,L1,LINE
chr22,38573778,38573799,MA1714.1,-,3.44e-06,MIR,MIR,SINE
chr4,41436435,41436456,MA1714.1,+,3.44e-06,LTR81B,Gypsy,LTR
chr15,43140153,43140174,MA1714.1,-,3.44e-06,AluJr,Alu,SINE
chr9,44875333,44875354,MA1714.1,+,3.44e-06,SST1,centr,Satellite
chr21,47302075,47302096,MA1714.1,-,3.44e-06,L1MA8,L1,LINE
chr8,47384073,47384094,MA1714.1,-,3.44e-06,ALR/Alpha,centr,Satellite
chr5,50088958,50088979,MA1714.1,+,3.44e-06,MIRb,MIR,SINE
chr10,50236063,50236084,MA1714.1,-,3.44e-06,L1ME1,L1,LINE
chr19,50741818,50741839,MA1714.1,-,3.44e-06,AluSz,Alu,SINE
chr12,51201664,51201685,MA1714.1,-,3.44e-06,AluSx,Alu,SINE
chr8,51357604,51357625,MA1714.1,-,3.44e-06,L1MB8,L1,LINE
chr5,54751336,54751357,MA1714.1,+,3.44e-06,AluJb,Alu,SINE
chrX,56013340,56013361,MA1714.1,-,3.44e-06,L1PA15,L1,LINE
chr15,57266492,57266513,MA1714.1,+,3.44e-06,L1MC4,L1,LINE
chr8,58681952,58681973,MA1714.1,+,3.44e-06,L1MEg,L1,LINE
chr6,63672733,63672754,MA1714.1,-,3.44e-06,L1MEg,L1,LINE
chr3,64899351,64899372,MA1714.1,+,3.44e-06,MIRb,MIR,SINE
chr13,73782640,73782661,MA1714.1,+,3.44e-06,AluJb,Alu,SINE
chr9,74440653,74440674,MA1714.1,+,3.44e-06,MIRb,MIR,SINE
chr1,86493047,86493068,MA1714.1,+,3.44e-06,THE1D-int,ERVL-MaLR,LTR
chr16,86816066,86816087,MA1714.1,-,3.44e-06,L3,CR1,LINE
chr16,86816066,86816087,MA1714.1,-,3.44e-06,L3,CR1,LINE
chr3,94041840,94041861,MA1714.1,-,3.44e-06,Tigger4,TcMar-Tigger,DNA
chr8,96227645,96227666,MA1714.1,+,3.44e-06,MIR,MIR,SINE
chr12,96256962,96256983,MA1714.1,-,3.44e-06,L4,RTE,LINE
chr12,99742763,99742784,MA1714.1,+,3.44e-06,L1M4,L1,LINE
chr13,106651947,106651968,MA1714.1,-,3.44e-06,MLT1A0,ERVL-MaLR,LTR
chr9,109663208,109663229,MA1714.1,-,3.44e-06,L1PB1,L1,LINE
chr4,111145517,111145538,MA1714.1,+,3.44e-06,MER65B,ERV1,LTR
chrX,118439365,118439386,MA1714.1,-,3.44e-06,L1MEc,L1,LINE
chr9,122687116,122687137,MA1714.1,+,3.44e-06,L2c,L2,LINE
chr7,125815152,125815173,MA1714.1,+,3.44e-06,MSTA-int,ERVL-MaLR,LTR
chr5,131160421,131160442,MA1714.1,+,3.44e-06,L1MEe,L1,LINE
chr5,135937263,135937284,MA1714.1,+,3.44e-06,THE1C-int,ERVL-MaLR,LTR
chr3,136025848,136025869,MA1714.1,+,3.44e-06,L1MC4,L1,LINE
chr7,153236452,153236473,MA1714.1,+,3.44e-06,HAL1,L1,LINE
chr4,161893169,161893190,MA1714.1,+,3.44e-06,L1MA2,L1,LINE
chr4,177609970,177609991,MA1714.1,-,3.44e-06,L1MC5,L1,LINE
chr2,217629213,217629234,MA1714.1,-,3.44e-06,MLT1D,ERVL-MaLR,LTR
chr2,224255005,224255026,MA1714.1,-,3.44e-06,L1M5,L1,LINE
chr1,229909864,229909885,MA1714.1,+,3.44e-06,L1PB4,L1,LINE
chr6_qbl_hap6,2060921,2060942,MA1714.1,-,3.46e-06,L1MC5,L1,LINE
chr6_dbb_hap3,2062093,2062114,MA1714.1,-,3.46e-06,L1MC5,L1,LINE
chr6_ssto_hap7,2100287,2100308,MA1714.1,-,3.46e-06,L1MC5,L1,LINE
chr6_mann_hap4,2116101,2116122,MA1714.1,-,3.46e-06,L1MC5,L1,LINE
chr6_cox_hap2,2280069,2280090,MA1714.1,-,3.46e-06,L1MC5,L1,LINE
chr20,2784964,2784985,MA1714.1,+,3.46e-06,MER84,ERV1,LTR
chr18,6209989,6210010,MA1714.1,+,3.46e-06,L1MB7,L1,LINE
chrX,8732114,8732135,MA1714.1,-,3.46e-06,MIR,MIR,SINE
chr4,9703086,9703107,MA1714.1,+,3.46e-06,MER30,hAT-Charlie,DNA
chrX,13051308,13051329,MA1714.1,-,3.46e-06,MIR,MIR,SINE
chr9,14856158,14856179,MA1714.1,-,3.46e-06,MIR,MIR,SINE
chr21,15529879,15529900,MA1714.1,+,3.46e-06,MLT1D-int,ERVL-MaLR,LTR
chr4,15748805,15748826,MA1714.1,-,3.46e-06,ERVL-B4-int,ERVL,LTR
chr5,21564506,21564527,MA1714.1,+,3.46e-06,MLT1J-int,ERVL-MaLR,LTR
chr11,21876678,21876699,MA1714.1,-,3.46e-06,L1MC4a,L1,LINE
chr10,22306596,22306617,MA1714.1,-,3.46e-06,MIRb,MIR,SINE
chr8,23488319,23488340,MA1714.1,+,3.46e-06,L1M5,L1,LINE
chr20,24170375,24170396,MA1714.1,-,3.46e-06,L1MC3,L1,LINE
chr13,28337578,28337599,MA1714.1,+,3.46e-06,L1MEc,L1,LINE
chr13,29858431,29858452,MA1714.1,+,3.46e-06,L1MC5,L1,LINE
chr6,30768016,30768037,MA1714.1,-,3.46e-06,L1MC5,L1,LINE
chr17,31809561,31809582,MA1714.1,-,3.46e-06,MIRc,MIR,SINE
chr1,32895708,32895729,MA1714.1,-,3.46e-06,ERVL-E-int,ERVL,LTR
chr4,37659433,37659454,MA1714.1,+,3.46e-06,AluJb,Alu,SINE
chr19,37798395,37798416,MA1714.1,-,3.46e-06,LTR53,ERVL,LTR
chr3,38394224,38394245,MA1714.1,+,3.46e-06,AluJb,Alu,SINE
chr1,41697316,41697337,MA1714.1,-,3.46e-06,L1MC3,L1,LINE
chr7,45238060,45238081,MA1714.1,+,3.46e-06,L1M5,L1,LINE
chr20,49274716,49274737,MA1714.1,+,3.46e-06,L1MB3,L1,LINE
chr7,49374475,49374496,MA1714.1,+,3.46e-06,L1MA4A,L1,LINE
chr16,49834616,49834637,MA1714.1,-,3.46e-06,MIRb,MIR,SINE
chr17,49978245,49978266,MA1714.1,-,3.46e-06,L1PA15,L1,LINE
chr5,52312788,52312809,MA1714.1,-,3.46e-06,L1PA13,L1,LINE
chr18,65909368,65909389,MA1714.1,+,3.46e-06,L1ME1,L1,LINE
chr17,67258460,67258481,MA1714.1,-,3.46e-06,L1PA16,L1,LINE
chrX,69371325,69371346,MA1714.1,-,3.46e-06,MIR,MIR,SINE
chr6,75781492,75781513,MA1714.1,-,3.46e-06,L1M4b,L1,LINE
chr6,77578261,77578282,MA1714.1,+,3.46e-06,L1MDa,L1,LINE
chr7,82155708,82155729,MA1714.1,+,3.46e-06,L1MC4,L1,LINE
chr10,82971598,82971619,MA1714.1,+,3.46e-06,L1M4c,L1,LINE
chr3,83645218,83645239,MA1714.1,+,3.46e-06,THE1B-int,ERVL-MaLR,LTR
chr8,83666232,83666253,MA1714.1,-,3.46e-06,L1ME3A,L1,LINE
chr12,90372333,90372354,MA1714.1,+,3.46e-06,MER106B,hAT-Charlie,DNA
chr4,102057665,102057686,MA1714.1,+,3.46e-06,AluSz,Alu,SINE
chr13,102539933,102539954,MA1714.1,+,3.46e-06,L1MA4,L1,LINE
chr1,110644312,110644333,MA1714.1,-,3.46e-06,MIRb,MIR,SINE
chr1,116285966,116285987,MA1714.1,-,3.46e-06,AluJb,Alu,SINE
chr10,120952672,120952693,MA1714.1,-,3.46e-06,L1MC1,L1,LINE
chr10,121593906,121593927,MA1714.1,+,3.46e-06,L1M4c,L1,LINE
chr4,130999865,130999886,MA1714.1,+,3.46e-06,LTR78,ERV1,LTR
chr4,134751143,134751164,MA1714.1,+,3.46e-06,AluSx,Alu,SINE
chr8,135418658,135418679,MA1714.1,-,3.46e-06,L1MA9,L1,LINE
chr9,138816910,138816931,MA1714.1,-,3.46e-06,L1MB5,L1,LINE
chrX,145682226,145682247,MA1714.1,-,3.46e-06,L1MA2,L1,LINE
chrX,152268102,152268123,MA1714.1,-,3.46e-06,MIR,MIR,SINE
chr5,169891705,169891726,MA1714.1,-,3.46e-06,MIRb,MIR,SINE
chr4,170115746,170115767,MA1714.1,-,3.46e-06,L1ME3A,L1,LINE
chr2,192986648,192986669,MA1714.1,+,3.46e-06,L1MA5,L1,LINE
chr2,227360321,227360342,MA1714.1,-,3.46e-06,MER91A,hAT-Tip100,DNA
chr1,232448654,232448675,MA1714.1,-,3.46e-06,MLT1H,ERVL-MaLR,LTR
chrY,2888020,2888041,MA1714.1,-,3.48e-06,LTR9B,ERV1,LTR
chr11,11048419,11048440,MA1714.1,+,3.48e-06,MIRb,MIR,SINE
chr6,14328449,14328470,MA1714.1,+,3.48e-06,L1MC4,L1,LINE
chr11,16527232,16527253,MA1714.1,+,3.48e-06,MSTA-int,ERVL-MaLR,LTR
chr5,18698656,18698677,MA1714.1,-,3.48e-06,LTR13_,ERVK,LTR
chr8,19710472,19710493,MA1714.1,+,3.48e-06,MIR,MIR,SINE
chr18,23815137,23815158,MA1714.1,-,3.48e-06,HERV9-int,ERV1,LTR
chr15,24517878,24517899,MA1714.1,-,3.48e-06,L1MC3,L1,LINE
chr15,24734560,24734581,MA1714.1,-,3.48e-06,L1MC3,L1,LINE
chrX,26257205,26257226,MA1714.1,-,3.48e-06,MSTA-int,ERVL-MaLR,LTR
chr22,27145740,27145761,MA1714.1,-,3.48e-06,L1PB1,L1,LINE
chr17,27254806,27254827,MA1714.1,+,3.48e-06,MLT1H1,ERVL-MaLR,LTR
chr3,27689544,27689565,MA1714.1,-,3.48e-06,L1MC3,L1,LINE
chr9,30883023,30883044,MA1714.1,-,3.48e-06,L1PA15,L1,LINE
chr4,38817247,38817268,MA1714.1,-,3.48e-06,MSTA-int,ERVL-MaLR,LTR
chr6,41263308,41263329,MA1714.1,+,3.48e-06,L1PA15,L1,LINE
chr11,43483172,43483193,MA1714.1,+,3.48e-06,L1MEg2,L1,LINE
chr10,46646497,46646518,MA1714.1,-,3.48e-06,MER50,ERV1,LTR
chr10,48833418,48833439,MA1714.1,-,3.48e-06,MER50,ERV1,LTR
chr10,49353943,49353964,MA1714.1,-,3.48e-06,MER50,ERV1,LTR
chr1,53067766,53067787,MA1714.1,-,3.48e-06,MIRc,MIR,SINE
chr2,56054239,56054260,MA1714.1,+,3.48e-06,L1PA15,L1,LINE
chr16,60588206,60588227,MA1714.1,-,3.48e-06,L1MA2,L1,LINE
chr11,62103382,62103403,MA1714.1,+,3.48e-06,HAL1,L1,LINE
chr5,62964422,62964443,MA1714.1,+,3.48e-06,L1PA16,L1,LINE
chr7,68647095,68647116,MA1714.1,-,3.48e-06,AluJo,Alu,SINE
chr15,69248342,69248363,MA1714.1,-,3.48e-06,L1MD1,L1,LINE
chr18,70814806,70814827,MA1714.1,-,3.48e-06,L1MC3,L1,LINE
chrX,72035640,72035661,MA1714.1,-,3.48e-06,L1MEc,L1,LINE
chrX,72124836,72124857,MA1714.1,+,3.48e-06,L1MEc,L1,LINE
chr14,73280484,73280505,MA1714.1,+,3.48e-06,MIRb,MIR,SINE
chr12,76365862,76365883,MA1714.1,-,3.48e-06,L1MC4a,L1,LINE
chr14,76470714,76470735,MA1714.1,-,3.48e-06,L1MEf,L1,LINE
chr1,82939867,82939888,MA1714.1,-,3.48e-06,MIRc,MIR,SINE
chr6,83568212,83568233,MA1714.1,-,3.48e-06,L1MEe,L1,LINE
chr3,84317520,84317541,MA1714.1,-,3.48e-06,L1MB8,L1,LINE
chr5,84459270,84459291,MA1714.1,-,3.48e-06,L1PREC2,L1,LINE
chr5,85218015,85218036,MA1714.1,+,3.48e-06,L1PREC2,L1,LINE
chr1,88874553,88874574,MA1714.1,-,3.48e-06,MER30,hAT-Charlie,DNA
chr12,98814674,98814695,MA1714.1,+,3.48e-06,HERVL18-int,ERVL,LTR
chr11,99024244,99024265,MA1714.1,-,3.48e-06,L1PA13,L1,LINE
chr5,100667504,100667525,MA1714.1,+,3.48e-06,L1PREC2,L1,LINE
chr6,101380394,101380415,MA1714.1,-,3.48e-06,L1PA15,L1,LINE
chr9,102136988,102137009,MA1714.1,+,3.48e-06,MIR,MIR,SINE
chr4,106135674,106135695,MA1714.1,-,3.48e-06,AluJb,Alu,SINE
chr5,109356104,109356125,MA1714.1,+,3.48e-06,L1PREC2,L1,LINE
chr7,112820621,112820642,MA1714.1,+,3.48e-06,MIR,MIR,SINE
chr6,112892599,112892620,MA1714.1,-,3.48e-06,MIRb,MIR,SINE
chr8,117284102,117284123,MA1714.1,-,3.48e-06,L1PA15,L1,LINE
chrX,120234099,120234120,MA1714.1,-,3.48e-06,MSTA-int,ERVL-MaLR,LTR
chr11,120571903,120571924,MA1714.1,-,3.48e-06,L1MA9,L1,LINE
chr5,123173162,123173183,MA1714.1,+,3.48e-06,L1PA15,L1,LINE
chr5,123253655,123253676,MA1714.1,-,3.48e-06,MLT1B,ERVL-MaLR,LTR
chr2,126276603,126276624,MA1714.1,+,3.48e-06,L1PA17,L1,LINE
chr3,130065228,130065249,MA1714.1,-,3.48e-06,L3,CR1,LINE
chr5,132714539,132714560,MA1714.1,+,3.48e-06,L1M4b,L1,LINE
chr9,133591212,133591233,MA1714.1,+,3.48e-06,Charlie1a,hAT-Charlie,DNA
chr2,134596854,134596875,MA1714.1,+,3.48e-06,L1ME4a,L1,LINE
chr7,154230745,154230766,MA1714.1,+,3.48e-06,L1MD3,L1,LINE
chr7,156305346,156305367,MA1714.1,+,3.48e-06,L1ME1,L1,LINE
chr3,166972799,166972820,MA1714.1,+,3.48e-06,HAL1b,L1,LINE
chr2,181301707,181301728,MA1714.1,-,3.48e-06,LTR78,ERV1,LTR
chr1,186559830,186559851,MA1714.1,+,3.48e-06,L1PA14,L1,LINE
chr2,196863626,196863647,MA1714.1,+,3.48e-06,L1MEd,L1,LINE
chr1,205596259,205596280,MA1714.1,+,3.48e-06,L1MB8,L1,LINE
chr1,227314554,227314575,MA1714.1,+,3.48e-06,L1MDa,L1,LINE
chr1,227365124,227365145,MA1714.1,-,3.48e-06,L1MEf,L1,LINE
chr1,236627034,236627055,MA1714.1,-,3.48e-06,L1MB3,L1,LINE
chr6_mann_hap4,957527,957548,MA1714.1,-,3.51e-06,L1MC3,L1,LINE
chr6_mcf_hap5,957764,957785,MA1714.1,-,3.51e-06,L1MC3,L1,LINE
chr6_qbl_hap6,957893,957914,MA1714.1,-,3.51e-06,L1MC3,L1,LINE
chr6_dbb_hap3,957927,957948,MA1714.1,-,3.51e-06,L1MC3,L1,LINE
chr6_ssto_hap7,995134,995155,MA1714.1,-,3.51e-06,L1MC3,L1,LINE
chr6_cox_hap2,1173415,1173436,MA1714.1,-,3.51e-06,L1MC3,L1,LINE
chr9,5151715,5151736,MA1714.1,+,3.51e-06,L1MEc,L1,LINE
chr10,5616566,5616587,MA1714.1,-,3.51e-06,MIRb,MIR,SINE
chr2,11388759,11388780,MA1714.1,+,3.51e-06,AluSx1,Alu,SINE
chr5,15303966,15303987,MA1714.1,+,3.51e-06,ERV3-16A3_I-int,ERVL,LTR
chr4,16126985,16127006,MA1714.1,+,3.51e-06,MIR,MIR,SINE
chr1,20187416,20187437,MA1714.1,+,3.51e-06,MIRb,MIR,SINE
chr11,21153913,21153934,MA1714.1,-,3.51e-06,MER52A,ERV1,LTR
chr16,21689119,21689140,MA1714.1,-,3.51e-06,L1M5,L1,LINE
chr16,22761668,22761689,MA1714.1,-,3.51e-06,MER102b,hAT-Charlie,DNA
chrX,26062718,26062739,MA1714.1,+,3.51e-06,HERV9-int,ERV1,LTR
chr5,27543867,27543888,MA1714.1,+,3.51e-06,THE1C-int,ERVL-MaLR,LTR
chr1,28495658,28495679,MA1714.1,+,3.51e-06,AluJo,Alu,SINE
chr13,28859253,28859274,MA1714.1,-,3.51e-06,L1M5,L1,LINE
chr6,29654582,29654603,MA1714.1,-,3.51e-06,L1MC3,L1,LINE
chr18,30011184,30011205,MA1714.1,+,3.51e-06,L1MEf,L1,LINE
chr15,31039782,31039803,MA1714.1,-,3.51e-06,MIRb,MIR,SINE
chr9,31508924,31508945,MA1714.1,-,3.51e-06,L1M1,L1,LINE
chr12,32498835,32498856,MA1714.1,+,3.51e-06,AluJb,Alu,SINE
chr15,37975444,37975465,MA1714.1,+,3.51e-06,MIR,MIR,SINE
chr1,45871827,45871848,MA1714.1,+,3.51e-06,AluJo,Alu,SINE
chr8,46919846,46919867,MA1714.1,+,3.51e-06,ALR/Alpha,centr,Satellite
chr8,47219061,47219082,MA1714.1,-,3.51e-06,ALR/Alpha,centr,Satellite
chr15,47544876,47544897,MA1714.1,-,3.51e-06,L1MA6,L1,LINE
chr1,48653204,48653225,MA1714.1,-,3.51e-06,MER50-int,ERV1,LTR
chr20,49400600,49400621,MA1714.1,-,3.51e-06,MLT1E1,ERVL-MaLR,LTR
chr1,49850813,49850834,MA1714.1,+,3.51e-06,L1MB1,L1,LINE
chr1,53107526,53107547,MA1714.1,+,3.51e-06,AluJb,Alu,SINE
chr3,54238876,54238897,MA1714.1,+,3.51e-06,HAL1,L1,LINE
chr2,54416427,54416448,MA1714.1,-,3.51e-06,L1MA9,L1,LINE
chr19,56293802,56293823,MA1714.1,-,3.51e-06,L1M4,L1,LINE
chr16,57812254,57812275,MA1714.1,+,3.51e-06,L1MB3,L1,LINE
chrX,58087908,58087929,MA1714.1,-,3.51e-06,L1MA2,L1,LINE
chr8,58772868,58772889,MA1714.1,+,3.51e-06,AluJo,Alu,SINE
chr3,59288981,59289002,MA1714.1,-,3.51e-06,MLT1J,ERVL-MaLR,LTR
chr5,60502640,60502661,MA1714.1,-,3.51e-06,THE1B-int,ERVL-MaLR,LTR
chr5,61025147,61025168,MA1714.1,+,3.51e-06,MIRb,MIR,SINE
chr2,61723589,61723610,MA1714.1,-,3.51e-06,AluJr4,Alu,SINE
chr4,70786158,70786179,MA1714.1,-,3.51e-06,L1MB3,L1,LINE
chr7,73825373,73825394,MA1714.1,+,3.51e-06,AluJr,Alu,SINE
chr1,78742717,78742738,MA1714.1,+,3.51e-06,MLT1D,ERVL-MaLR,LTR
chr15,84252985,84253006,MA1714.1,-,3.51e-06,MLT1D,ERVL-MaLR,LTR
chr3,87016889,87016910,MA1714.1,-,3.51e-06,X6B_LINE,CR1,LINE
chr3,88293693,88293714,MA1714.1,+,3.51e-06,THE1B-int,ERVL-MaLR,LTR
chr8,90193489,90193510,MA1714.1,+,3.51e-06,AluJo,Alu,SINE
chrX,92973182,92973203,MA1714.1,-,3.51e-06,ERVL-E-int,ERVL,LTR
chr8,93408632,93408653,MA1714.1,-,3.51e-06,HERV9-int,ERV1,LTR
chr15,98625911,98625932,MA1714.1,-,3.51e-06,LTR84b,ERVL,LTR
chr2,100845482,100845503,MA1714.1,+,3.51e-06,L1MDa,L1,LINE
chr3,101027441,101027462,MA1714.1,-,3.51e-06,THE1C-int,ERVL-MaLR,LTR
chr12,101243470,101243491,MA1714.1,-,3.51e-06,L1MC,L1,LINE
chr13,101281154,101281175,MA1714.1,+,3.51e-06,AluSx,Alu,SINE
chr3,106231642,106231663,MA1714.1,+,3.51e-06,L1MC4a,L1,LINE
chr14,106900606,106900627,MA1714.1,-,3.51e-06,L1ME1,L1,LINE
chr9,110454182,110454203,MA1714.1,-,3.51e-06,MIR,MIR,SINE
chr12,113164430,113164451,MA1714.1,-,3.51e-06,L1MC5,L1,LINE
chr1,116143067,116143088,MA1714.1,-,3.51e-06,AluJr,Alu,SINE
chr9,116313397,116313418,MA1714.1,-,3.51e-06,L1MB8,L1,LINE
chr12,119302651,119302672,MA1714.1,+,3.51e-06,MIRb,MIR,SINE
chr8,122231818,122231839,MA1714.1,-,3.51e-06,THE1D-int,ERVL-MaLR,LTR
chr2,126177297,126177318,MA1714.1,+,3.51e-06,L1MCa,L1,LINE
chr8,126664389,126664410,MA1714.1,+,3.51e-06,MLT1E1A,ERVL-MaLR,LTR
chr8,128885811,128885832,MA1714.1,-,3.51e-06,MIRb,MIR,SINE
chrX,132674568,132674589,MA1714.1,+,3.51e-06,L1PB2,L1,LINE
chr10,133137038,133137059,MA1714.1,-,3.51e-06,L1ME1,L1,LINE
chr8,135944884,135944905,MA1714.1,+,3.51e-06,MLT1D,ERVL-MaLR,LTR
chr3,140192379,140192400,MA1714.1,+,3.51e-06,MLT1D,ERVL-MaLR,LTR
chr6,147331024,147331045,MA1714.1,+,3.51e-06,L1ME1,L1,LINE
chr7,148671361,148671382,MA1714.1,+,3.51e-06,L1MB7,L1,LINE
chr5,148862061,148862082,MA1714.1,+,3.51e-06,AluSx1,Alu,SINE
chr3,152709461,152709482,MA1714.1,-,3.51e-06,L1PB1,L1,LINE
chr5,179451192,179451213,MA1714.1,+,3.51e-06,L1MC3,L1,LINE
chr1,229538433,229538454,MA1714.1,-,3.51e-06,AluJo,Alu,SINE
chr1,229621503,229621524,MA1714.1,+,3.51e-06,HAL1,L1,LINE
chr19_gl000209_random,5983,6004,MA1714.1,+,3.53e-06,FLAM_C,Alu,SINE
chr3,547239,547260,MA1714.1,+,3.53e-06,FLAM_C,Alu,SINE
chr18,759218,759239,MA1714.1,+,3.53e-06,AluSq2,Alu,SINE
chr19,1562012,1562033,MA1714.1,+,3.53e-06,AluY,Alu,SINE
chr5,3701976,3701997,MA1714.1,-,3.53e-06,L1MA7,L1,LINE
chr6_qbl_hap6,4226918,4226939,MA1714.1,-,3.53e-06,L1M3,L1,LINE
chr6_dbb_hap3,4276168,4276189,MA1714.1,-,3.53e-06,L1M3,L1,LINE
chr6_apd_hap1,4281835,4281856,MA1714.1,-,3.53e-06,L1M3,L1,LINE
chr6_mcf_hap5,4331675,4331696,MA1714.1,-,3.53e-06,L1M3,L1,LINE
chr6_cox_hap2,4439317,4439338,MA1714.1,-,3.53e-06,L1M3,L1,LINE
chr6_ssto_hap7,4475553,4475574,MA1714.1,-,3.53e-06,L1M3,L1,LINE
chr7,5622067,5622088,MA1714.1,-,3.53e-06,AluJo,Alu,SINE
chr17,6049036,6049057,MA1714.1,+,3.53e-06,AluSq2,Alu,SINE
chr1,6668939,6668960,MA1714.1,+,3.53e-06,AluSc,Alu,SINE
chr17,7182211,7182232,MA1714.1,+,3.53e-06,AluSz,Alu,SINE
chr4,9899262,9899283,MA1714.1,+,3.53e-06,AluSz,Alu,SINE
chr20,13921331,13921352,MA1714.1,+,3.53e-06,AluSx1,Alu,SINE
chr9,14222553,14222574,MA1714.1,+,3.53e-06,AluJb,Alu,SINE
chr5,14236018,14236039,MA1714.1,-,3.53e-06,FLAM_C,Alu,SINE
chr16,15997215,15997236,MA1714.1,-,3.53e-06,AluSz,Alu,SINE
chr1,16820013,16820034,MA1714.1,+,3.53e-06,FLAM_C,Alu,SINE
chr10,16841915,16841936,MA1714.1,+,3.53e-06,L1MC2,L1,LINE
chr1,17246319,17246340,MA1714.1,-,3.53e-06,FLAM_C,Alu,SINE
chr10,17553917,17553938,MA1714.1,-,3.53e-06,AluJo,Alu,SINE
chr2,19685924,19685945,MA1714.1,-,3.53e-06,AluYg6,Alu,SINE
chr10,20116732,20116753,MA1714.1,-,3.53e-06,AluSz,Alu,SINE
chr15,20459715,20459736,MA1714.1,+,3.53e-06,AluSx,Alu,SINE
chr19,20809604,20809625,MA1714.1,+,3.53e-06,AluSx1,Alu,SINE
chr18,20982520,20982541,MA1714.1,+,3.53e-06,AluJr,Alu,SINE
chr17,21244126,21244147,MA1714.1,+,3.53e-06,AluSq2,Alu,SINE
chr9,21762892,21762913,MA1714.1,+,3.53e-06,AluJb,Alu,SINE
chr16,23044647,23044668,MA1714.1,+,3.53e-06,AluJb,Alu,SINE
chr2,24762077,24762098,MA1714.1,-,3.53e-06,AluJr,Alu,SINE
chr18,25449242,25449263,MA1714.1,+,3.53e-06,AluSg,Alu,SINE
chr5,25708341,25708362,MA1714.1,-,3.53e-06,AluSq2,Alu,SINE
chr21,26209215,26209236,MA1714.1,-,3.53e-06,AluJr,Alu,SINE
chr16,26727426,26727447,MA1714.1,-,3.53e-06,MIR,MIR,SINE
chr7,27494263,27494284,MA1714.1,+,3.53e-06,AluJr,Alu,SINE
chr12,28303967,28303988,MA1714.1,-,3.53e-06,L1MA9,L1,LINE
chr8,29612410,29612431,MA1714.1,+,3.53e-06,AluJb,Alu,SINE
chr17,29900181,29900202,MA1714.1,-,3.53e-06,MIR,MIR,SINE
chr10,30505667,30505688,MA1714.1,-,3.53e-06,FLAM_C,Alu,SINE
chr1,30683558,30683579,MA1714.1,-,3.53e-06,AluJr,Alu,SINE
chr20,30684834,30684855,MA1714.1,+,3.53e-06,AluJr,Alu,SINE
chr16,31238884,31238905,MA1714.1,-,3.53e-06,AluSx1,Alu,SINE
chr2,31448227,31448248,MA1714.1,+,3.53e-06,L1ME4a,L1,LINE
chr12,32100177,32100198,MA1714.1,-,3.53e-06,AluSx4,Alu,SINE
chr20,32136517,32136538,MA1714.1,+,3.53e-06,AluJr,Alu,SINE
chr12,32249778,32249799,MA1714.1,-,3.53e-06,AluSz,Alu,SINE
chr18,32651231,32651252,MA1714.1,+,3.53e-06,AluJr,Alu,SINE
chr11,32918179,32918200,MA1714.1,-,3.53e-06,AluSq2,Alu,SINE
chr6,32994812,32994833,MA1714.1,-,3.53e-06,L1M3,L1,LINE
chr8,33354921,33354942,MA1714.1,+,3.53e-06,AluJb,Alu,SINE
chr16,33398990,33399011,MA1714.1,-,3.53e-06,AluSx,Alu,SINE
chr10,33505614,33505635,MA1714.1,-,3.53e-06,AluJo,Alu,SINE
chr8,34692337,34692358,MA1714.1,+,3.53e-06,AluJb,Alu,SINE
chr6,35293886,35293907,MA1714.1,+,3.53e-06,AluSg,Alu,SINE
chr14,35624343,35624364,MA1714.1,-,3.53e-06,AluJb,Alu,SINE
chr17,36245294,36245315,MA1714.1,+,3.53e-06,AluJr4,Alu,SINE
chr20,37527204,37527225,MA1714.1,+,3.53e-06,AluSz,Alu,SINE
chr10,38135313,38135334,MA1714.1,+,3.53e-06,AluJo,Alu,SINE
chr22,38241629,38241650,MA1714.1,+,3.53e-06,AluSg,Alu,SINE
chr19,38400093,38400114,MA1714.1,-,3.53e-06,AluSx1,Alu,SINE
chr2,38969359,38969380,MA1714.1,+,3.53e-06,AluJo,Alu,SINE
chr2,39469431,39469452,MA1714.1,-,3.53e-06,AluJb,Alu,SINE
chr17,39747321,39747342,MA1714.1,+,3.53e-06,AluSz6,Alu,SINE
chr19,42536036,42536057,MA1714.1,+,3.53e-06,AluJb,Alu,SINE
chr19,42587820,42587841,MA1714.1,-,3.53e-06,AluJr,Alu,SINE
chr15,42729856,42729877,MA1714.1,+,3.53e-06,AluSx,Alu,SINE
chr21,43083776,43083797,MA1714.1,+,3.53e-06,AluSx1,Alu,SINE
chrX,43324091,43324112,MA1714.1,-,3.53e-06,AluJr,Alu,SINE
chr3,43462466,43462487,MA1714.1,+,3.53e-06,AluSz,Alu,SINE
chr19,44634303,44634324,MA1714.1,+,3.53e-06,AluJr,Alu,SINE
chr1,45237344,45237365,MA1714.1,-,3.53e-06,AluSp,Alu,SINE
chr7,46774315,46774336,MA1714.1,-,3.53e-06,AluSx3,Alu,SINE
chr13,46858751,46858772,MA1714.1,+,3.53e-06,AluJb,Alu,SINE
chr3,46859797,46859818,MA1714.1,+,3.53e-06,Charlie1,hAT-Charlie,DNA
chr11,47274054,47274075,MA1714.1,-,3.53e-06,AluSp,Alu,SINE
chr16,47823566,47823587,MA1714.1,-,3.53e-06,L1MA9,L1,LINE
chr20,47928940,47928961,MA1714.1,-,3.53e-06,AluJb,Alu,SINE
chr15,47996667,47996688,MA1714.1,+,3.53e-06,AluJb,Alu,SINE
chr17,48080288,48080309,MA1714.1,+,3.53e-06,AluJb,Alu,SINE
chr2,48388021,48388042,MA1714.1,+,3.53e-06,L1MA4,L1,LINE
chr2,48428822,48428843,MA1714.1,-,3.53e-06,AluJr,Alu,SINE
chr19,49789203,49789224,MA1714.1,+,3.53e-06,AluSg,Alu,SINE
chr15,50489446,50489467,MA1714.1,+,3.53e-06,AluJr,Alu,SINE
chr6,51967469,51967490,MA1714.1,+,3.53e-06,LTR16A1,ERVL,LTR
chr2,52144417,52144438,MA1714.1,+,3.53e-06,L1PA8A,L1,LINE
chr18,52327828,52327849,MA1714.1,+,3.53e-06,AluJr,Alu,SINE
chr1,53390495,53390516,MA1714.1,-,3.53e-06,FLAM_C,Alu,SINE
chr3,54835259,54835280,MA1714.1,-,3.53e-06,AluSx1,Alu,SINE
chr14,55025696,55025717,MA1714.1,-,3.53e-06,AluSz6,Alu,SINE
chr19,55234070,55234091,MA1714.1,+,3.53e-06,FLAM_C,Alu,SINE
chr16,55707718,55707739,MA1714.1,-,3.53e-06,AluSx,Alu,SINE
chr2,55854228,55854249,MA1714.1,-,3.53e-06,AluJb,Alu,SINE
chr2,56097674,56097695,MA1714.1,+,3.53e-06,MIRb,MIR,SINE
chr19,58690772,58690793,MA1714.1,+,3.53e-06,AluSq2,Alu,SINE
chr2,59708183,59708204,MA1714.1,+,3.53e-06,L1MB8,L1,LINE
chr5,60605789,60605810,MA1714.1,+,3.53e-06,AluJr,Alu,SINE
chr2,60936950,60936971,MA1714.1,+,3.53e-06,AluSz6,Alu,SINE
chr1,61302271,61302292,MA1714.1,-,3.53e-06,AluJb,Alu,SINE
chr16,62218364,62218385,MA1714.1,-,3.53e-06,L1M3f,L1,LINE
chr7,63494665,63494686,MA1714.1,+,3.53e-06,AluSx1,Alu,SINE
chr10,63611825,63611846,MA1714.1,-,3.53e-06,AluSx1,Alu,SINE
chr7,64596974,64596995,MA1714.1,+,3.53e-06,AluSx1,Alu,SINE
chr7,65024282,65024303,MA1714.1,-,3.53e-06,AluSx1,Alu,SINE
chr7,65108149,65108170,MA1714.1,+,3.53e-06,AluSx1,Alu,SINE
chr11,65279255,65279276,MA1714.1,+,3.53e-06,AluSz6,Alu,SINE
chr10,65400814,65400835,MA1714.1,-,3.53e-06,AluJb,Alu,SINE
chr15,65816389,65816410,MA1714.1,+,3.53e-06,AluSc5,Alu,SINE
chr2,69048891,69048912,MA1714.1,-,3.53e-06,L1MC4a,L1,LINE
chr10,70235482,70235503,MA1714.1,-,3.53e-06,AluJb,Alu,SINE
chr3,70396945,70396966,MA1714.1,+,3.53e-06,AluSz6,Alu,SINE
chr10,71006380,71006401,MA1714.1,-,3.53e-06,Charlie4z,hAT-Charlie,DNA
chr8,71409421,71409442,MA1714.1,+,3.53e-06,AluJb,Alu,SINE
chr5,72589867,72589888,MA1714.1,+,3.53e-06,AluSq2,Alu,SINE
chr2,73095534,73095555,MA1714.1,-,3.53e-06,AluJr4,Alu,SINE
chr17,73271318,73271339,MA1714.1,-,3.53e-06,AluJr,Alu,SINE
chr18,74920032,74920053,MA1714.1,-,3.53e-06,AluJb,Alu,SINE
chr4,76880508,76880529,MA1714.1,+,3.53e-06,AluSx,Alu,SINE
chr7,77251516,77251537,MA1714.1,-,3.53e-06,AluJb,Alu,SINE
chr8,79378586,79378607,MA1714.1,+,3.53e-06,L1PA14,L1,LINE
chr11,79733843,79733864,MA1714.1,-,3.53e-06,AluSx,Alu,SINE
chr15,80087882,80087903,MA1714.1,+,3.53e-06,MER96,hAT,DNA
chr9,84291903,84291924,MA1714.1,+,3.53e-06,AluSz,Alu,SINE
chr9,84943593,84943614,MA1714.1,-,3.53e-06,AluSq,Alu,SINE
chr9,85159993,85160014,MA1714.1,-,3.53e-06,MIR3,MIR,SINE
chr3,86515898,86515919,MA1714.1,+,3.53e-06,L1MEg,L1,LINE
chr7,86546487,86546508,MA1714.1,+,3.53e-06,AluSx,Alu,SINE
chr9,86913153,86913174,MA1714.1,+,3.53e-06,AluSx1,Alu,SINE
chr15,89465681,89465702,MA1714.1,+,3.53e-06,HUERS-P1-int,ERV1,LTR
chr4,90583240,90583261,MA1714.1,+,3.53e-06,L1MEe,L1,LINE
chr11,90594574,90594595,MA1714.1,+,3.53e-06,L1ME1,L1,LINE
chr9,90698822,90698843,MA1714.1,-,3.53e-06,AluSc,Alu,SINE
chr12,93791331,93791352,MA1714.1,-,3.53e-06,AluSz,Alu,SINE
chr10,94357266,94357287,MA1714.1,-,3.53e-06,AluSz6,Alu,SINE
chr6,95013950,95013971,MA1714.1,-,3.53e-06,AluSq2,Alu,SINE
chr7,96354607,96354628,MA1714.1,-,3.53e-06,AluJr,Alu,SINE
chr2,97453904,97453925,MA1714.1,-,3.53e-06,AluSz,Alu,SINE
chr14,98894597,98894618,MA1714.1,-,3.53e-06,L1MB7,L1,LINE
chr8,99545962,99545983,MA1714.1,-,3.53e-06,AluJo,Alu,SINE
chr12,100862671,100862692,MA1714.1,-,3.53e-06,MER20,hAT-Charlie,DNA
chr12,102499054,102499075,MA1714.1,+,3.53e-06,AluJb,Alu,SINE
chr11,103243907,103243928,MA1714.1,-,3.53e-06,AluJb,Alu,SINE
chr3,107857895,107857916,MA1714.1,-,3.53e-06,AluSx,Alu,SINE
chr9,108171717,108171738,MA1714.1,+,3.53e-06,AluJr4,Alu,SINE
chr6,108465404,108465425,MA1714.1,+,3.53e-06,AluJr4,Alu,SINE
chr6,109714673,109714694,MA1714.1,-,3.53e-06,AluJo,Alu,SINE
chr1,110158005,110158026,MA1714.1,+,3.53e-06,AluSx1,Alu,SINE
chr10,110459122,110459143,MA1714.1,-,3.53e-06,AluJb,Alu,SINE
chr6,111015389,111015410,MA1714.1,+,3.53e-06,L1PB3,L1,LINE
chrX,111015904,111015925,MA1714.1,-,3.53e-06,AluSz,Alu,SINE
chr11,112116405,112116426,MA1714.1,+,3.53e-06,AluJr,Alu,SINE
chr12,112138807,112138828,MA1714.1,-,3.53e-06,AluJr,Alu,SINE
chr13,113931207,113931228,MA1714.1,+,3.53e-06,AluSx3,Alu,SINE
chr5,114501724,114501745,MA1714.1,+,3.53e-06,MER52A,ERV1,LTR
chr2,114788326,114788347,MA1714.1,+,3.53e-06,AluJb,Alu,SINE
chr2,115502581,115502602,MA1714.1,-,3.53e-06,AluSg,Alu,SINE
chr12,115995605,115995626,MA1714.1,+,3.53e-06,MIRb,MIR,SINE
chr12,116818357,116818378,MA1714.1,+,3.53e-06,AluSx1,Alu,SINE
chr12,117304846,117304867,MA1714.1,+,3.53e-06,AluJb,Alu,SINE
chr9,117994269,117994290,MA1714.1,-,3.53e-06,HAL1-3A_ME,L1,LINE
chrX,118181453,118181474,MA1714.1,+,3.53e-06,AluSx,Alu,SINE
chr1,118422551,118422572,MA1714.1,+,3.53e-06,AluJr4,Alu,SINE
chr12,120523365,120523386,MA1714.1,+,3.53e-06,AluJo,Alu,SINE
chr2,122228610,122228631,MA1714.1,+,3.53e-06,AluJr,Alu,SINE
chr3,123349996,123350017,MA1714.1,+,3.53e-06,AluSq2,Alu,SINE
chrX,123437638,123437659,MA1714.1,-,3.53e-06,FLAM_C,Alu,SINE
chr7,123489600,123489621,MA1714.1,-,3.53e-06,AluSx1,Alu,SINE
chr3,125765957,125765978,MA1714.1,+,3.53e-06,AluJb,Alu,SINE
chr7,125932247,125932268,MA1714.1,+,3.53e-06,L1PA8A,L1,LINE
chr5,126131074,126131095,MA1714.1,-,3.53e-06,AluJb,Alu,SINE
chr5,126395171,126395192,MA1714.1,+,3.53e-06,AluJb,Alu,SINE
chr7,126518825,126518846,MA1714.1,-,3.53e-06,AluSx1,Alu,SINE
chr9,127605040,127605061,MA1714.1,+,3.53e-06,AluSc,Alu,SINE
chr2,128136253,128136274,MA1714.1,+,3.53e-06,Tigger13a,TcMar-Tigger,DNA
chr5,131120265,131120286,MA1714.1,+,3.53e-06,AluJo,Alu,SINE
chr6,131885053,131885074,MA1714.1,-,3.53e-06,AluJb,Alu,SINE
chr7,134197144,134197165,MA1714.1,-,3.53e-06,MER39,ERV1,LTR
chr6,137077196,137077217,MA1714.1,+,3.53e-06,AluJb,Alu,SINE
chr8,140899712,140899733,MA1714.1,-,3.53e-06,AluSx1,Alu,SINE
chr5,142745999,142746020,MA1714.1,+,3.53e-06,AluSq2,Alu,SINE
chr2,144841162,144841183,MA1714.1,+,3.53e-06,MIRb,MIR,SINE
chrX,145866663,145866684,MA1714.1,-,3.53e-06,L1M5,L1,LINE
chrX,147274738,147274759,MA1714.1,-,3.53e-06,L1MA9,L1,LINE
chr5,147776413,147776434,MA1714.1,-,3.53e-06,AluJr4,Alu,SINE
chr5,151246416,151246437,MA1714.1,+,3.53e-06,AluJb,Alu,SINE
chr7,151525758,151525779,MA1714.1,+,3.53e-06,AluJo,Alu,SINE
chr5,154614510,154614531,MA1714.1,+,3.53e-06,AluSz,Alu,SINE
chr2,157643744,157643765,MA1714.1,+,3.53e-06,AluSp,Alu,SINE
chr6,158846870,158846891,MA1714.1,-,3.53e-06,AluSx1,Alu,SINE
chr2,159302611,159302632,MA1714.1,+,3.53e-06,AluJr,Alu,SINE
chr6,159339930,159339951,MA1714.1,-,3.53e-06,AluSx1,Alu,SINE
chr1,169897483,169897504,MA1714.1,-,3.53e-06,AluSg,Alu,SINE
chr2,170759364,170759385,MA1714.1,-,3.53e-06,AluSx1,Alu,SINE
chr4,172877175,172877196,MA1714.1,-,3.53e-06,AluJo,Alu,SINE
chr2,173418106,173418127,MA1714.1,-,3.53e-06,AluJr,Alu,SINE
chr4,175964836,175964857,MA1714.1,+,3.53e-06,MSTA-int,ERVL-MaLR,LTR
chr5,179134862,179134883,MA1714.1,-,3.53e-06,AluSq2,Alu,SINE
chr2,183942031,183942052,MA1714.1,-,3.53e-06,AluJb,Alu,SINE
chr1,202744735,202744756,MA1714.1,+,3.53e-06,AluSz,Alu,SINE
chr1,208029018,208029039,MA1714.1,-,3.53e-06,AluSx,Alu,SINE
chr1,224944594,224944615,MA1714.1,-,3.53e-06,AluSc5,Alu,SINE
chr2,226170279,226170300,MA1714.1,+,3.53e-06,Charlie1a,hAT-Charlie,DNA
chr2,228272215,228272236,MA1714.1,-,3.53e-06,AluJo,Alu,SINE
chr2,236819313,236819334,MA1714.1,+,3.53e-06,AluSx,Alu,SINE
chr6_apd_hap1,1207053,1207074,MA1714.1,+,3.55e-06,ERV3-16A3_I-int,ERVL,LTR
chr6_qbl_hap6,1260020,1260041,MA1714.1,+,3.55e-06,ERV3-16A3_I-int,ERVL,LTR
chr6_dbb_hap3,1260548,1260569,MA1714.1,+,3.55e-06,ERV3-16A3_I-int,ERVL,LTR
chr6_mann_hap4,1265771,1265792,MA1714.1,+,3.55e-06,ERV3-16A3_I-int,ERVL,LTR
chr6_ssto_hap7,1296529,1296550,MA1714.1,+,3.55e-06,ERV3-16A3_I-int,ERVL,LTR
chr6_mcf_hap5,1349066,1349087,MA1714.1,+,3.55e-06,ERV3-16A3_I-int,ERVL,LTR
chr6_cox_hap2,1478919,1478940,MA1714.1,+,3.55e-06,ERV3-16A3_I-int,ERVL,LTR
chrX,5842907,5842928,MA1714.1,+,3.55e-06,L1PB1,L1,LINE
chr7,7992114,7992135,MA1714.1,+,3.55e-06,AluSx3,Alu,SINE
chr7,10341409,10341430,MA1714.1,-,3.55e-06,L1M7,L1,LINE
chr4,10384432,10384453,MA1714.1,+,3.55e-06,THE1B-int,ERVL-MaLR,LTR
chr20,11080124,11080145,MA1714.1,-,3.55e-06,ERVL-E-int,ERVL,LTR
chr6,16853317,16853338,MA1714.1,-,3.55e-06,MIRc,MIR,SINE
chr19,16907440,16907461,MA1714.1,-,3.55e-06,HAL1-3A_ME,L1,LINE
chr3,26594615,26594636,MA1714.1,+,3.55e-06,L1M3f,L1,LINE
chr7,26912162,26912183,MA1714.1,-,3.55e-06,MLT1F-int,ERVL-MaLR,LTR
chr22,28361611,28361632,MA1714.1,-,3.55e-06,L1ME3C,L1,LINE
chr6,29967202,29967223,MA1714.1,+,3.55e-06,ERV3-16A3_I-int,ERVL,LTR
chr20,30353012,30353033,MA1714.1,+,3.55e-06,FLAM_C,Alu,SINE
chr12,34748754,34748775,MA1714.1,+,3.55e-06,GSATII,centr,Satellite
chr11,37546150,37546171,MA1714.1,-,3.55e-06,L1MC3,L1,LINE
chr10,37657476,37657497,MA1714.1,-,3.55e-06,L1MA4A,L1,LINE
chr5,38305653,38305674,MA1714.1,+,3.55e-06,HAL1,L1,LINE
chr19,42003645,42003666,MA1714.1,-,3.55e-06,AluJr4,Alu,SINE
chr22,45764366,45764387,MA1714.1,-,3.55e-06,L1MD,L1,LINE
chr5,46186844,46186865,MA1714.1,+,3.55e-06,ALR/Alpha,centr,Satellite
chr11,47717350,47717371,MA1714.1,-,3.55e-06,L1M4,L1,LINE
chr2,49696328,49696349,MA1714.1,-,3.55e-06,L1MA6,L1,LINE
chr14,51015018,51015039,MA1714.1,+,3.55e-06,LTR57-int,ERVL,LTR
chr2,51443474,51443495,MA1714.1,-,3.55e-06,MER4B-int,ERV1,LTR
chr8,52084590,52084611,MA1714.1,+,3.55e-06,MLT2B4,ERVL,LTR
chr5,58219503,58219524,MA1714.1,+,3.55e-06,MLT1C,ERVL-MaLR,LTR
chrX,69891850,69891871,MA1714.1,-,3.55e-06,L1ME1,L1,LINE
chr12,70361984,70362005,MA1714.1,-,3.55e-06,MIRc,MIR,SINE
chr6,72152352,72152373,MA1714.1,+,3.55e-06,L1PB1,L1,LINE
chr15,84459214,84459235,MA1714.1,+,3.55e-06,L1MA8,L1,LINE
chr8,87094432,87094453,MA1714.1,+,3.55e-06,AluJb,Alu,SINE
chr2,99144511,99144532,MA1714.1,+,3.55e-06,L1M4,L1,LINE
chr12,123619326,123619347,MA1714.1,+,3.55e-06,MIRc,MIR,SINE
chr7,126281666,126281687,MA1714.1,-,3.55e-06,MIRb,MIR,SINE
chrX,126849877,126849898,MA1714.1,+,3.55e-06,L1MA8,L1,LINE
chr9,128903799,128903820,MA1714.1,-,3.55e-06,L1MC3,L1,LINE
chr6,137157521,137157542,MA1714.1,+,3.55e-06,L1MC5,L1,LINE
chr3,140563184,140563205,MA1714.1,-,3.55e-06,MIRc,MIR,SINE
chr6,143614371,143614392,MA1714.1,-,3.55e-06,L1M6,L1,LINE
chrX,144656571,144656592,MA1714.1,+,3.55e-06,MSTB-int,ERVL-MaLR,LTR
chrX,146089681,146089702,MA1714.1,-,3.55e-06,L1MA2,L1,LINE
chr6,150878166,150878187,MA1714.1,-,3.55e-06,L1PB4,L1,LINE
chr1,156187938,156187959,MA1714.1,-,3.55e-06,L1ME5,L1,LINE
chr3,194491070,194491091,MA1714.1,-,3.55e-06,AluSc8,Alu,SINE
chr1,230675300,230675321,MA1714.1,+,3.55e-06,HERV16-int,ERVL,LTR
chr20,1780714,1780735,MA1714.1,+,3.58e-06,L1MC3,L1,LINE
chr3,4894027,4894048,MA1714.1,-,3.58e-06,MIRc,MIR,SINE
chr12,9185965,9185986,MA1714.1,+,3.58e-06,AluJo,Alu,SINE
chr10,9361327,9361348,MA1714.1,+,3.58e-06,L1MC3,L1,LINE
chr15,22674125,22674146,MA1714.1,+,3.58e-06,L1M6,L1,LINE
chr18,23702694,23702715,MA1714.1,+,3.58e-06,L1PA11,L1,LINE
chr10,25187360,25187381,MA1714.1,+,3.58e-06,AluJb,Alu,SINE
chr2,26115147,26115168,MA1714.1,-,3.58e-06,AluJb,Alu,SINE
chr21,26765464,26765485,MA1714.1,+,3.58e-06,HAL1-3A_ME,L1,LINE
chr15,28672731,28672752,MA1714.1,-,3.58e-06,L1M6,L1,LINE
chr15,28734875,28734896,MA1714.1,+,3.58e-06,L1M6,L1,LINE
chr3,29879570,29879591,MA1714.1,+,3.58e-06,AluJb,Alu,SINE
chr3,30742551,30742572,MA1714.1,-,3.58e-06,MamGypLTR1c,Gypsy,LTR
chr18,32165649,32165670,MA1714.1,+,3.58e-06,HAL1,L1,LINE
chr11,38598512,38598533,MA1714.1,-,3.58e-06,MSTA-int,ERVL-MaLR,LTR
chr18,42369145,42369166,MA1714.1,+,3.58e-06,MIR3,MIR,SINE
chr18,44010587,44010608,MA1714.1,-,3.58e-06,HAL1,L1,LINE
chr4,47738636,47738657,MA1714.1,-,3.58e-06,L1PA13,L1,LINE
chr11,48006809,48006830,MA1714.1,-,3.58e-06,AluJo,Alu,SINE
chr1,52227933,52227954,MA1714.1,-,3.58e-06,AluJb,Alu,SINE
chr7,53324328,53324349,MA1714.1,+,3.58e-06,THE1A-int,ERVL-MaLR,LTR
chr12,54457761,54457782,MA1714.1,+,3.58e-06,MIR,MIR,SINE
chr18,60340303,60340324,MA1714.1,-,3.58e-06,L1M4c,L1,LINE
chr10,67392513,67392534,MA1714.1,+,3.58e-06,L1MA6,L1,LINE
chr13,71636811,71636832,MA1714.1,-,3.58e-06,THE1C-int,ERVL-MaLR,LTR
chr13,74692334,74692355,MA1714.1,+,3.58e-06,L1MC3,L1,LINE
chr9,77866542,77866563,MA1714.1,-,3.58e-06,L1PA15,L1,LINE
chr12,78831426,78831447,MA1714.1,-,3.58e-06,L1MA3,L1,LINE
chr11,79216201,79216222,MA1714.1,-,3.58e-06,MIR,MIR,SINE
chrX,83668031,83668052,MA1714.1,-,3.58e-06,L1PA15,L1,LINE
chr12,84609725,84609746,MA1714.1,-,3.58e-06,MER47A,TcMar-Tigger,DNA
chr12,88612784,88612805,MA1714.1,+,3.58e-06,L1PA15,L1,LINE
chr5,92134349,92134370,MA1714.1,-,3.58e-06,L1MD2,L1,LINE
chr15,94715249,94715270,MA1714.1,+,3.58e-06,L1MB2,L1,LINE
chr4,95002735,95002756,MA1714.1,-,3.58e-06,THE1B-int,ERVL-MaLR,LTR
chr13,99001455,99001476,MA1714.1,+,3.58e-06,MIRb,MIR,SINE
chr9,103883154,103883175,MA1714.1,+,3.58e-06,L3,CR1,LINE
chr2,105605227,105605248,MA1714.1,+,3.58e-06,AluJr,Alu,SINE
chr10,117886592,117886613,MA1714.1,+,3.58e-06,L1MB1,L1,LINE
chr12,126063317,126063338,MA1714.1,-,3.58e-06,L1MB8,L1,LINE
chr10,126228510,126228531,MA1714.1,+,3.58e-06,MIR,MIR,SINE
chr11,129426864,129426885,MA1714.1,+,3.58e-06,L1ME3A,L1,LINE
chr8,132408136,132408157,MA1714.1,+,3.58e-06,MER44C,TcMar-Tigger,DNA
chr8,145238032,145238053,MA1714.1,+,3.58e-06,AluJb,Alu,SINE
chrX,150434697,150434718,MA1714.1,-,3.58e-06,L1MC5,L1,LINE
chr1,154486877,154486898,MA1714.1,+,3.58e-06,L1MC5,L1,LINE
chr1,171881362,171881383,MA1714.1,+,3.58e-06,MER106A,hAT-Charlie,DNA
chr5,174981167,174981188,MA1714.1,+,3.58e-06,L1M7,L1,LINE
chr5,179181169,179181190,MA1714.1,+,3.58e-06,AluJb,Alu,SINE
chr4,184448831,184448852,MA1714.1,-,3.58e-06,AluJo,Alu,SINE
chr1,207387675,207387696,MA1714.1,-,3.58e-06,L1MD2,L1,LINE
chr1,234145920,234145941,MA1714.1,+,3.58e-06,L1MA7,L1,LINE
chr12,3337116,3337137,MA1714.1,-,3.6e-06,MIRc,MIR,SINE
chr9,9209927,9209948,MA1714.1,-,3.6e-06,LTR40a,ERVL,LTR
chr18,9566926,9566947,MA1714.1,+,3.6e-06,Tigger1,TcMar-Tigger,DNA
chrX,12537642,12537663,MA1714.1,+,3.6e-06,L1MB2,L1,LINE
chr21,20681732,20681753,MA1714.1,-,3.6e-06,X7C_LINE,CR1,LINE
chr22,22071294,22071315,MA1714.1,+,3.6e-06,L1MEg,L1,LINE
chr14,30540689,30540710,MA1714.1,+,3.6e-06,L1ME4a,L1,LINE
chr12,30734193,30734214,MA1714.1,+,3.6e-06,MIR,MIR,SINE
chr8,31039216,31039237,MA1714.1,+,3.6e-06,MER115,hAT-Tip100,DNA
chr19,31691901,31691922,MA1714.1,+,3.6e-06,L1M5,L1,LINE
chr8,38484333,38484354,MA1714.1,+,3.6e-06,L3,CR1,LINE
chr18,38690162,38690183,MA1714.1,+,3.6e-06,L1PREC2,L1,LINE
chr20,38974510,38974531,MA1714.1,+,3.6e-06,L1MA2,L1,LINE
chrX,39719592,39719613,MA1714.1,+,3.6e-06,MIR,MIR,SINE
chr6,43928055,43928076,MA1714.1,+,3.6e-06,L1MB7,L1,LINE
chr19,44706237,44706258,MA1714.1,+,3.6e-06,L1MB8,L1,LINE
chr3,45525442,45525463,MA1714.1,+,3.6e-06,AluJo,Alu,SINE
chr7,53929513,53929534,MA1714.1,-,3.6e-06,LTR1D,ERV1,LTR
chr2,64447202,64447223,MA1714.1,-,3.6e-06,LTR88b,Gypsy,LTR
chr15,65340407,65340428,MA1714.1,+,3.6e-06,AluSx,Alu,SINE
chr13,65429820,65429841,MA1714.1,+,3.6e-06,MLT1D,ERVL-MaLR,LTR
chr13,66030031,66030052,MA1714.1,-,3.6e-06,MIR,MIR,SINE
chr5,67718301,67718322,MA1714.1,+,3.6e-06,MLT1D,ERVL-MaLR,LTR
chr18,71080575,71080596,MA1714.1,+,3.6e-06,L1MEg,L1,LINE
chr4,71792172,71792193,MA1714.1,+,3.6e-06,MIRc,MIR,SINE
chr3,74631179,74631200,MA1714.1,+,3.6e-06,L1ME2,L1,LINE
chr1,79502067,79502088,MA1714.1,+,3.6e-06,MSTA-int,ERVL-MaLR,LTR
chr12,83468460,83468481,MA1714.1,-,3.6e-06,L1PB1,L1,LINE
chr3,88000112,88000133,MA1714.1,-,3.6e-06,MER65D,ERV1,LTR
chrX,91153082,91153103,MA1714.1,+,3.6e-06,MIRb,MIR,SINE
chr5,94702865,94702886,MA1714.1,-,3.6e-06,L1PB4,L1,LINE
chr12,98518273,98518294,MA1714.1,+,3.6e-06,MIRb,MIR,SINE
chr11,121607398,121607419,MA1714.1,-,3.6e-06,L1MB3,L1,LINE
chr5,126487371,126487392,MA1714.1,-,3.6e-06,L1MC1,L1,LINE
chr7,133553528,133553549,MA1714.1,-,3.6e-06,HAL1,L1,LINE
chrX,143789533,143789554,MA1714.1,-,3.6e-06,L1MEc,L1,LINE
chr3,149653470,149653491,MA1714.1,-,3.6e-06,L1M1,L1,LINE
chr7,150229819,150229840,MA1714.1,-,3.6e-06,L1PA14,L1,LINE
chr3,163996375,163996396,MA1714.1,+,3.6e-06,L1M1,L1,LINE
chr6,165832600,165832621,MA1714.1,-,3.6e-06,MamRep38,hAT,DNA
chr6,169706793,169706814,MA1714.1,+,3.6e-06,L1PB4,L1,LINE
chr1,188481795,188481816,MA1714.1,-,3.6e-06,L1ME1,L1,LINE
chr2,193123620,193123641,MA1714.1,-,3.6e-06,L1ME1,L1,LINE
chr2,199798995,199799016,MA1714.1,+,3.6e-06,L1MEc,L1,LINE
chr2,224559594,224559615,MA1714.1,+,3.6e-06,AluJo,Alu,SINE
chr1,238516133,238516154,MA1714.1,-,3.6e-06,L1PA15,L1,LINE
chr11,2101574,2101595,MA1714.1,-,3.63e-06,L1ME1,L1,LINE
chr1,2152226,2152247,MA1714.1,-,3.63e-06,L1MC4,L1,LINE
chr19,5791652,5791673,MA1714.1,-,3.63e-06,AluJr,Alu,SINE
chr20,6729500,6729521,MA1714.1,+,3.63e-06,MIR,MIR,SINE
chr17,10183475,10183496,MA1714.1,-,3.63e-06,L1MB3,L1,LINE
chr12,10409628,10409649,MA1714.1,-,3.63e-06,L1M4c,L1,LINE
chr8,11791650,11791671,MA1714.1,-,3.63e-06,HERVE-int,ERV1,LTR
chr3,14929952,14929973,MA1714.1,+,3.63e-06,Charlie16a,hAT-Charlie,DNA
chr20,14959291,14959312,MA1714.1,+,3.63e-06,MIR3,MIR,SINE
chr1,19650397,19650418,MA1714.1,+,3.63e-06,MIR,MIR,SINE
chr3,20822465,20822486,MA1714.1,+,3.63e-06,L1PA14,L1,LINE
chr13,21919913,21919934,MA1714.1,-,3.63e-06,MIRb,MIR,SINE
chrY,23456262,23456283,MA1714.1,-,3.63e-06,THE1C-int,ERVL-MaLR,LTR
chr8,25585650,25585671,MA1714.1,-,3.63e-06,L1PA14,L1,LINE
chr9,27073761,27073782,MA1714.1,-,3.63e-06,L1PA12,L1,LINE
chr4,28651885,28651906,MA1714.1,-,3.63e-06,L1PA12,L1,LINE
chr3,29614081,29614102,MA1714.1,-,3.63e-06,L1MA2,L1,LINE
chr12,30167139,30167160,MA1714.1,+,3.63e-06,MLT1A,ERVL-MaLR,LTR
chr9,30983500,30983521,MA1714.1,+,3.63e-06,L1PA14,L1,LINE
chr2,31707055,31707076,MA1714.1,-,3.63e-06,L1PA14,L1,LINE
chr9,32652119,32652140,MA1714.1,+,3.63e-06,L1PA14,L1,LINE
chr11,35528164,35528185,MA1714.1,-,3.63e-06,L1MA4,L1,LINE
chr21,39844317,39844338,MA1714.1,-,3.63e-06,MIRc,MIR,SINE
chr21,40841387,40841408,MA1714.1,-,3.63e-06,L1MEe,L1,LINE
chr21,41139225,41139246,MA1714.1,+,3.63e-06,MIRc,MIR,SINE
chr15,44148204,44148225,MA1714.1,-,3.63e-06,L1MC4a,L1,LINE
chr4,45137165,45137186,MA1714.1,-,3.63e-06,THE1B-int,ERVL-MaLR,LTR
chr10,45149707,45149728,MA1714.1,-,3.63e-06,L1M7,L1,LINE
chr13,45635706,45635727,MA1714.1,+,3.63e-06,AluJb,Alu,SINE
chr3,47471083,47471104,MA1714.1,-,3.63e-06,AluJb,Alu,SINE
chr3,51027349,51027370,MA1714.1,+,3.63e-06,L1PA12,L1,LINE
chr14,51529810,51529831,MA1714.1,+,3.63e-06,L1MEf,L1,LINE
chr7,51636598,51636619,MA1714.1,+,3.63e-06,L1MB3,L1,LINE
chr8,54483588,54483609,MA1714.1,+,3.63e-06,MSTA-int,ERVL-MaLR,LTR
chr1,55036425,55036446,MA1714.1,-,3.63e-06,AluSx1,Alu,SINE
chr19,55240711,55240732,MA1714.1,+,3.63e-06,HAL1,L1,LINE
chr10,60268032,60268053,MA1714.1,-,3.63e-06,HAL1,L1,LINE
chr12,61266056,61266077,MA1714.1,-,3.63e-06,MER52A,ERV1,LTR
chr13,61458772,61458793,MA1714.1,-,3.63e-06,MLT1C,ERVL-MaLR,LTR
chr11,65542710,65542731,MA1714.1,+,3.63e-06,L1M5,L1,LINE
chr5,67008601,67008622,MA1714.1,+,3.63e-06,L1MC3,L1,LINE
chr18,73881222,73881243,MA1714.1,-,3.63e-06,MLT2F,ERVL,LTR
chr17,78121632,78121653,MA1714.1,-,3.63e-06,AluJb,Alu,SINE
chr8,83428875,83428896,MA1714.1,-,3.63e-06,MLT1C,ERVL-MaLR,LTR
chr6,86057732,86057753,MA1714.1,+,3.63e-06,L1M5,L1,LINE
chr9,86168645,86168666,MA1714.1,-,3.63e-06,L1PA14,L1,LINE
chr2,86877613,86877634,MA1714.1,+,3.63e-06,L1MB7,L1,LINE
chrX,87043561,87043582,MA1714.1,-,3.63e-06,THE1B-int,ERVL-MaLR,LTR
chr5,87220360,87220381,MA1714.1,-,3.63e-06,L1PA6,L1,LINE
chr8,89590822,89590843,MA1714.1,+,3.63e-06,L1PA4,L1,LINE
chr13,90114586,90114607,MA1714.1,-,3.63e-06,ERVL-E-int,ERVL,LTR
chr12,93505899,93505920,MA1714.1,-,3.63e-06,MLT1J,ERVL-MaLR,LTR
chr15,94258976,94258997,MA1714.1,+,3.63e-06,LTR88a,Gypsy,LTR
chr10,96406620,96406641,MA1714.1,-,3.63e-06,AluSz,Alu,SINE
chrX,97927635,97927656,MA1714.1,-,3.63e-06,L1M1,L1,LINE
chr14,99155825,99155846,MA1714.1,+,3.63e-06,MSTB,ERVL-MaLR,LTR
chr12,100374175,100374196,MA1714.1,-,3.63e-06,L1ME4a,L1,LINE
chr14,100459029,100459050,MA1714.1,-,3.63e-06,L1MB2,L1,LINE
chr4,101254167,101254188,MA1714.1,+,3.63e-06,L1PA14,L1,LINE
chrX,104503487,104503508,MA1714.1,-,3.63e-06,L1PA12,L1,LINE
chr1,106992239,106992260,MA1714.1,-,3.63e-06,L1MB4,L1,LINE
chr4,107407581,107407602,MA1714.1,-,3.63e-06,L1PREC2,L1,LINE
chr9,107950777,107950798,MA1714.1,-,3.63e-06,L1PA12,L1,LINE
chr7,113740908,113740929,MA1714.1,-,3.63e-06,MIR,MIR,SINE
chr4,114223145,114223166,MA1714.1,-,3.63e-06,MIR,MIR,SINE
chr7,119538622,119538643,MA1714.1,+,3.63e-06,L1PREC2,L1,LINE
chrX,122041855,122041876,MA1714.1,+,3.63e-06,L1PA14,L1,LINE
chr2,122305758,122305779,MA1714.1,+,3.63e-06,L1PA14,L1,LINE
chr11,123260214,123260235,MA1714.1,+,3.63e-06,L1MC3,L1,LINE
chr10,123980325,123980346,MA1714.1,-,3.63e-06,MIRb,MIR,SINE
chr10,124656696,124656717,MA1714.1,-,3.63e-06,Charlie1,hAT-Charlie,DNA
chr2,126692803,126692824,MA1714.1,+,3.63e-06,MLT1D,ERVL-MaLR,LTR
chr8,127870506,127870527,MA1714.1,+,3.63e-06,MIR,MIR,SINE
chr10,129465009,129465030,MA1714.1,+,3.63e-06,L1MC4,L1,LINE
chr2,134772057,134772078,MA1714.1,-,3.63e-06,L1MEg,L1,LINE
chr4,134984421,134984442,MA1714.1,+,3.63e-06,L1MEg,L1,LINE
chr3,140219611,140219632,MA1714.1,+,3.63e-06,MIRc,MIR,SINE
chr3,140878306,140878327,MA1714.1,+,3.63e-06,L1PA14,L1,LINE
chr3,143500205,143500226,MA1714.1,+,3.63e-06,MIRb,MIR,SINE
chr5,150246735,150246756,MA1714.1,-,3.63e-06,L1PB1,L1,LINE
chr7,156446256,156446277,MA1714.1,-,3.63e-06,HAL1,L1,LINE
chr1,172169911,172169932,MA1714.1,-,3.63e-06,L1PA14,L1,LINE
chr1,176393205,176393226,MA1714.1,-,3.63e-06,L1PREC2,L1,LINE
chr3,178104285,178104306,MA1714.1,-,3.63e-06,MIR,MIR,SINE
chr1,212391899,212391920,MA1714.1,+,3.63e-06,L2b,L2,LINE
chr1,215332640,215332661,MA1714.1,-,3.63e-06,LTR81B,Gypsy,LTR
chr4_ctg9_hap1,339954,339975,MA1714.1,-,3.65e-06,THE1B-int,ERVL-MaLR,LTR
chr5,503320,503341,MA1714.1,+,3.65e-06,L1MEf,L1,LINE
chr19,5871171,5871192,MA1714.1,+,3.65e-06,L1MB4,L1,LINE
chr20,13135802,13135823,MA1714.1,+,3.65e-06,AluSx,Alu,SINE
chr1,16372382,16372403,MA1714.1,+,3.65e-06,MIR3,MIR,SINE
chr9,17988909,17988930,MA1714.1,-,3.65e-06,MER106A,hAT-Charlie,DNA
chr22,18245582,18245603,MA1714.1,+,3.65e-06,Charlie1b,hAT-Charlie,DNA
chr13,24869927,24869948,MA1714.1,-,3.65e-06,MIR,MIR,SINE
chr13,29282476,29282497,MA1714.1,-,3.65e-06,L1MB7,L1,LINE
chr19,35199173,35199194,MA1714.1,+,3.65e-06,L1MC3,L1,LINE
chr19,36957004,36957025,MA1714.1,+,3.65e-06,L1MEg,L1,LINE
chr8,37058700,37058721,MA1714.1,-,3.65e-06,ERVL-E-int,ERVL,LTR
chr15,38435749,38435770,MA1714.1,+,3.65e-06,L1ME1,L1,LINE
chr4,38893590,38893611,MA1714.1,-,3.65e-06,MIR,MIR,SINE
chr15,40452420,40452441,MA1714.1,+,3.65e-06,AluJr,Alu,SINE
chr1,45390971,45390992,MA1714.1,+,3.65e-06,L1MB2,L1,LINE
chr1,46930572,46930593,MA1714.1,+,3.65e-06,MIRc,MIR,SINE
chr17,52435101,52435122,MA1714.1,-,3.65e-06,THE1B-int,ERVL-MaLR,LTR
chr1,52792465,52792486,MA1714.1,+,3.65e-06,AluSq2,Alu,SINE
chr10,52986508,52986529,MA1714.1,+,3.65e-06,L3,CR1,LINE
chr5,57334929,57334950,MA1714.1,+,3.65e-06,L1MC3,L1,LINE
chr2,57494137,57494158,MA1714.1,-,3.65e-06,MSTA-int,ERVL-MaLR,LTR
chr8,57590685,57590706,MA1714.1,+,3.65e-06,MIRb,MIR,SINE
chr3,59368150,59368171,MA1714.1,-,3.65e-06,MIRc,MIR,SINE
chr4,69627705,69627726,MA1714.1,-,3.65e-06,THE1B-int,ERVL-MaLR,LTR
chr2,73068283,73068304,MA1714.1,-,3.65e-06,MIRb,MIR,SINE
chr15,75039146,75039167,MA1714.1,-,3.65e-06,LTR78B,ERV1,LTR
chr10,79245062,79245083,MA1714.1,-,3.65e-06,Charlie7a,hAT-Charlie,DNA
chr4,82784854,82784875,MA1714.1,+,3.65e-06,L1MA3,L1,LINE
chr15,87911340,87911361,MA1714.1,+,3.65e-06,L1PA16,L1,LINE
chr15,97278340,97278361,MA1714.1,+,3.65e-06,L3,CR1,LINE
chr6,104243310,104243331,MA1714.1,+,3.65e-06,L1MA9,L1,LINE
chr8,113345260,113345281,MA1714.1,-,3.65e-06,MIRb,MIR,SINE
chr4,144761202,144761223,MA1714.1,-,3.65e-06,L1MA5A,L1,LINE
chr4,144882267,144882288,MA1714.1,-,3.65e-06,L1MA5A,L1,LINE
chrX,146349518,146349539,MA1714.1,+,3.65e-06,L1M2,L1,LINE
chr2,147900341,147900362,MA1714.1,-,3.65e-06,L1MA9,L1,LINE
chr5,151280077,151280098,MA1714.1,-,3.65e-06,MIRb,MIR,SINE
chr4,152821096,152821117,MA1714.1,-,3.65e-06,HERVL32-int,ERVL,LTR
chr3,155671573,155671594,MA1714.1,-,3.65e-06,AluY,Alu,SINE
chr1,155744328,155744349,MA1714.1,-,3.65e-06,AluSc8,Alu,SINE
chr4,184809603,184809624,MA1714.1,-,3.65e-06,MIR,MIR,SINE
chr2,195902392,195902413,MA1714.1,+,3.65e-06,HAL1,L1,LINE
chr1,200135973,200135994,MA1714.1,+,3.65e-06,MIRb,MIR,SINE
chr1,227100315,227100336,MA1714.1,+,3.65e-06,Charlie1b,hAT-Charlie,DNA
chr2,239369847,239369868,MA1714.1,-,3.65e-06,MLT1D,ERVL-MaLR,LTR
chr2,242085884,242085905,MA1714.1,+,3.65e-06,L1ME3F,L1,LINE
chr2,241728,241749,MA1714.1,+,3.67e-06,L1M4b,L1,LINE
chr12,3542595,3542616,MA1714.1,-,3.67e-06,MIR,MIR,SINE
chr20,4342767,4342788,MA1714.1,+,3.67e-06,MLT1C,ERVL-MaLR,LTR
chr8,5312372,5312393,MA1714.1,-,3.67e-06,L1MCb,L1,LINE
chr8,5818784,5818805,MA1714.1,-,3.67e-06,MER1A,hAT-Charlie,DNA
chrY,6731478,6731499,MA1714.1,-,3.67e-06,L1PA8A,L1,LINE
chr4,7851934,7851955,MA1714.1,+,3.67e-06,MIRb,MIR,SINE
chr4,12938275,12938296,MA1714.1,+,3.67e-06,LTR33,ERVL,LTR
chr2,13783942,13783963,MA1714.1,+,3.67e-06,THE1C-int,ERVL-MaLR,LTR
chr7,22284361,22284382,MA1714.1,+,3.67e-06,MER1A,hAT-Charlie,DNA
chr16,24190298,24190319,MA1714.1,-,3.67e-06,MLT1K,ERVL-MaLR,LTR
chr5,24911117,24911138,MA1714.1,-,3.67e-06,L1M5,L1,LINE
chr1,27954075,27954096,MA1714.1,-,3.67e-06,MIR,MIR,SINE
chr18,35793341,35793362,MA1714.1,-,3.67e-06,L1MA10,L1,LINE
chr2,39110134,39110155,MA1714.1,-,3.67e-06,L1PREC2,L1,LINE
chr6,40541870,40541891,MA1714.1,+,3.67e-06,MIRb,MIR,SINE
chr8,42191551,42191572,MA1714.1,-,3.67e-06,MLT1D-int,ERVL-MaLR,LTR
chr22,42598355,42598376,MA1714.1,-,3.67e-06,MIR,MIR,SINE
chrX,48439083,48439104,MA1714.1,+,3.67e-06,MIR,MIR,SINE
chr15,48967062,48967083,MA1714.1,+,3.67e-06,MIRc,MIR,SINE
chr4,54019679,54019700,MA1714.1,-,3.67e-06,MSTB-int,ERVL-MaLR,LTR
chr15,57649961,57649982,MA1714.1,+,3.67e-06,L1MC4a,L1,LINE
chr16,57660151,57660172,MA1714.1,+,3.67e-06,MIRb,MIR,SINE
chr4,65999753,65999774,MA1714.1,+,3.67e-06,L1PA13,L1,LINE
chr3,67465957,67465978,MA1714.1,-,3.67e-06,MIR,MIR,SINE
chr6,67671955,67671976,MA1714.1,+,3.67e-06,ERVL-E-int,ERVL,LTR
chr15,73478224,73478245,MA1714.1,+,3.67e-06,L1MEf,L1,LINE
chr1,74081368,74081389,MA1714.1,-,3.67e-06,L1MA1,L1,LINE
chr16,81063424,81063445,MA1714.1,-,3.67e-06,AluSz,Alu,SINE
chr2,82821892,82821913,MA1714.1,-,3.67e-06,L1MB3,L1,LINE
chr14,84248450,84248471,MA1714.1,-,3.67e-06,MLT1E2,ERVL-MaLR,LTR
chr3,84331025,84331046,MA1714.1,-,3.67e-06,HERV16-int,ERVL,LTR
chr7,86495191,86495212,MA1714.1,-,3.67e-06,MLT1C,ERVL-MaLR,LTR
chr1,87566125,87566146,MA1714.1,-,3.67e-06,MSTB-int,ERVL-MaLR,LTR
chr7,92445010,92445031,MA1714.1,+,3.67e-06,L1ME1,L1,LINE
chr4,93287579,93287600,MA1714.1,+,3.67e-06,MIRb,MIR,SINE
chr13,97218429,97218450,MA1714.1,+,3.67e-06,HAL1,L1,LINE
chr14,98156534,98156555,MA1714.1,-,3.67e-06,MLT1C,ERVL-MaLR,LTR
chr4,98197068,98197089,MA1714.1,+,3.67e-06,AluJo,Alu,SINE
chr5,98572329,98572350,MA1714.1,+,3.67e-06,L1PA15,L1,LINE
chr4,101514622,101514643,MA1714.1,+,3.67e-06,MamGypLTR1a,Gypsy,LTR
chrX,104695408,104695429,MA1714.1,+,3.67e-06,MIRb,MIR,SINE
chr2,104950460,104950481,MA1714.1,+,3.67e-06,MLT1A,ERVL-MaLR,LTR
chr13,107266569,107266590,MA1714.1,+,3.67e-06,MLT1A,ERVL-MaLR,LTR
chr11,109146712,109146733,MA1714.1,-,3.67e-06,L1PB1,L1,LINE
chrX,109198691,109198712,MA1714.1,+,3.67e-06,MIRb,MIR,SINE
chr5,115676600,115676621,MA1714.1,+,3.67e-06,L1MA6,L1,LINE
chr7,116410633,116410654,MA1714.1,-,3.67e-06,L1MB4,L1,LINE
chr3,120675809,120675830,MA1714.1,-,3.67e-06,L1M4,L1,LINE
chr4,120705013,120705034,MA1714.1,-,3.67e-06,THE1D-int,ERVL-MaLR,LTR
chr5,123313476,123313497,MA1714.1,-,3.67e-06,MIRb,MIR,SINE
chr5,132813149,132813170,MA1714.1,-,3.67e-06,MIRb,MIR,SINE
chr4,137980672,137980693,MA1714.1,+,3.67e-06,L1MEg2,L1,LINE
chrX,148493873,148493894,MA1714.1,+,3.67e-06,MSTB-int,ERVL-MaLR,LTR
chr3,154005545,154005566,MA1714.1,+,3.67e-06,L1ME3B,L1,LINE
chr5,154303978,154303999,MA1714.1,-,3.67e-06,MER30,hAT-Charlie,DNA
chr3,156671697,156671718,MA1714.1,-,3.67e-06,L1PA11,L1,LINE
chr2,169691656,169691677,MA1714.1,-,3.67e-06,AluSz,Alu,SINE
chr2,189289163,189289184,MA1714.1,-,3.67e-06,L1MC5,L1,LINE
chr2,195145044,195145065,MA1714.1,-,3.67e-06,BLACKJACK,hAT-Blackjack,DNA
chr1,201504835,201504856,MA1714.1,-,3.67e-06,MIRc,MIR,SINE
chr2,219645810,219645831,MA1714.1,+,3.67e-06,L1MEg,L1,LINE
chr1,222215502,222215523,MA1714.1,+,3.67e-06,MIR,MIR,SINE
chr1,239426138,239426159,MA1714.1,-,3.67e-06,MLT1E1A,ERVL-MaLR,LTR
chr8,601482,601503,MA1714.1,+,3.7e-06,L1MC4,L1,LINE
chr18,3241269,3241290,MA1714.1,+,3.7e-06,THE1B-int,ERVL-MaLR,LTR
chr6,6542561,6542582,MA1714.1,-,3.7e-06,L1MC1,L1,LINE
chr18,9325909,9325930,MA1714.1,+,3.7e-06,L1MB5,L1,LINE
chr11,10079827,10079848,MA1714.1,+,3.7e-06,L1PA14,L1,LINE
chr9,11815625,11815646,MA1714.1,-,3.7e-06,L1MA5,L1,LINE
chrX,13853718,13853739,MA1714.1,+,3.7e-06,MIR,MIR,SINE
chr20,14998551,14998572,MA1714.1,-,3.7e-06,THE1A-int,ERVL-MaLR,LTR
chr11,18037910,18037931,MA1714.1,+,3.7e-06,L1MEg,L1,LINE
chr16,25321563,25321584,MA1714.1,-,3.7e-06,L1M2,L1,LINE
chr9,26514053,26514074,MA1714.1,-,3.7e-06,AluJr,Alu,SINE
chr4,27341110,27341131,MA1714.1,-,3.7e-06,MIR,MIR,SINE
chr2,28807868,28807889,MA1714.1,+,3.7e-06,MIR,MIR,SINE
chr12,29013314,29013335,MA1714.1,-,3.7e-06,MER34D,ERV1,LTR
chr13,30900715,30900736,MA1714.1,+,3.7e-06,L1MD2,L1,LINE
chr22,33610968,33610989,MA1714.1,-,3.7e-06,MLT-int,ERVL-MaLR,LTR
chr19,35460181,35460202,MA1714.1,-,3.7e-06,AluJb,Alu,SINE
chr19,37404559,37404580,MA1714.1,+,3.7e-06,L1MEg,L1,LINE
chrX,37776466,37776487,MA1714.1,-,3.7e-06,L1MC3,L1,LINE
chr13,41062514,41062535,MA1714.1,-,3.7e-06,MIR,MIR,SINE
chr3,42442265,42442286,MA1714.1,+,3.7e-06,L1ME3A,L1,LINE
chr6,43574032,43574053,MA1714.1,-,3.7e-06,L1MA9,L1,LINE
chr14,52539256,52539277,MA1714.1,-,3.7e-06,MIRc,MIR,SINE
chr6,56659844,56659865,MA1714.1,+,3.7e-06,HAL1,L1,LINE
chr5,60915483,60915504,MA1714.1,-,3.7e-06,LTR33,ERVL,LTR
chr13,62390279,62390300,MA1714.1,+,3.7e-06,L1MA7,L1,LINE
chr10,62952532,62952553,MA1714.1,-,3.7e-06,THE1C-int,ERVL-MaLR,LTR
chr6,64761813,64761834,MA1714.1,+,3.7e-06,MIR3,MIR,SINE
chr3,66166652,66166673,MA1714.1,+,3.7e-06,MLT1B,ERVL-MaLR,LTR
chr11,68722880,68722901,MA1714.1,+,3.7e-06,MIR,MIR,SINE
chr1,69561739,69561760,MA1714.1,+,3.7e-06,MER39,ERV1,LTR
chr18,70692836,70692857,MA1714.1,+,3.7e-06,THE1D-int,ERVL-MaLR,LTR
chr12,72187926,72187947,MA1714.1,+,3.7e-06,AluJb,Alu,SINE
chr12,72556607,72556628,MA1714.1,+,3.7e-06,ERVL-E-int,ERVL,LTR
chr17,74406475,74406496,MA1714.1,+,3.7e-06,MER20,hAT-Charlie,DNA
chr2,74873681,74873702,MA1714.1,+,3.7e-06,Tigger6a,TcMar-Tigger,DNA
chr4,75962894,75962915,MA1714.1,+,3.7e-06,MIRb,MIR,SINE
chr15,76376579,76376600,MA1714.1,+,3.7e-06,AluJo,Alu,SINE
chr3,80230755,80230776,MA1714.1,+,3.7e-06,ERV3-16A3_I-int,ERVL,LTR
chrX,83092713,83092734,MA1714.1,-,3.7e-06,MSTB-int,ERVL-MaLR,LTR
chr2,84777311,84777332,MA1714.1,-,3.7e-06,MER1B,hAT-Charlie,DNA
chr15,97664776,97664797,MA1714.1,+,3.7e-06,L1PA16,L1,LINE
chr13,101063875,101063896,MA1714.1,-,3.7e-06,MLT1A0,ERVL-MaLR,LTR
chr13,101678666,101678687,MA1714.1,-,3.7e-06,MIRc,MIR,SINE
chrX,103503202,103503223,MA1714.1,-,3.7e-06,MIR,MIR,SINE
chr1,107974728,107974749,MA1714.1,+,3.7e-06,MIRc,MIR,SINE
chr4,113900259,113900280,MA1714.1,-,3.7e-06,MER52A,ERV1,LTR
chr12,115874134,115874155,MA1714.1,-,3.7e-06,MIR,MIR,SINE
chr6,119663616,119663637,MA1714.1,-,3.7e-06,MIR,MIR,SINE
chr6,119843722,119843743,MA1714.1,+,3.7e-06,L1MB8,L1,LINE
chrX,120675285,120675306,MA1714.1,-,3.7e-06,ERVL-E-int,ERVL,LTR
chrX,121475138,121475159,MA1714.1,-,3.7e-06,THE1B-int,ERVL-MaLR,LTR
chr10,122432462,122432483,MA1714.1,+,3.7e-06,L1PA10,L1,LINE
chr3,122754240,122754261,MA1714.1,+,3.7e-06,CR1_Mam,CR1,LINE
chr12,124648991,124649012,MA1714.1,-,3.7e-06,THE1A-int,ERVL-MaLR,LTR
chr2,129800146,129800167,MA1714.1,-,3.7e-06,L1PA4,L1,LINE
chr7,131394155,131394176,MA1714.1,-,3.7e-06,L1MC5,L1,LINE
chr3,132777907,132777928,MA1714.1,-,3.7e-06,MLT1A0,ERVL-MaLR,LTR
chr2,132824872,132824893,MA1714.1,-,3.7e-06,L1PA3,L1,LINE
chr5,138556803,138556824,MA1714.1,+,3.7e-06,L1M5,L1,LINE
chr9,139345039,139345060,MA1714.1,+,3.7e-06,L1M5,L1,LINE
chr5,149806244,149806265,MA1714.1,-,3.7e-06,AluSp,Alu,SINE
chr1,189316025,189316046,MA1714.1,-,3.7e-06,L1MD,L1,LINE
chr1,195309218,195309239,MA1714.1,-,3.7e-06,L1MA9,L1,LINE
chr2,217420393,217420414,MA1714.1,+,3.7e-06,MLT1G1,ERVL-MaLR,LTR
chr2,232986988,232987009,MA1714.1,-,3.7e-06,MIRb,MIR,SINE
chr1,234063781,234063802,MA1714.1,+,3.7e-06,Charlie2a,hAT-Charlie,DNA
chr2,234277941,234277962,MA1714.1,-,3.7e-06,L1M6,L1,LINE
chr9,1919238,1919259,MA1714.1,-,3.72e-06,MIR,MIR,SINE
chr5,6474676,6474697,MA1714.1,+,3.72e-06,MIR,MIR,SINE
chr7,8386150,8386171,MA1714.1,+,3.72e-06,THE1B-int,ERVL-MaLR,LTR
chr4,13932401,13932422,MA1714.1,+,3.72e-06,MIRc,MIR,SINE
chr7,14193046,14193067,MA1714.1,-,3.72e-06,MIRb,MIR,SINE
chr2,18217120,18217141,MA1714.1,-,3.72e-06,L1MEc,L1,LINE
chr11,22088880,22088901,MA1714.1,+,3.72e-06,L1PREC2,L1,LINE
chr14,27027313,27027334,MA1714.1,+,3.72e-06,L1MC2,L1,LINE
chr22,27179445,27179466,MA1714.1,-,3.72e-06,MIR,MIR,SINE
chr14,27956026,27956047,MA1714.1,-,3.72e-06,MLT1A-int,ERVL-MaLR,LTR
chr17,28297278,28297299,MA1714.1,-,3.72e-06,L1MC4a,L1,LINE
chr22,28518249,28518270,MA1714.1,+,3.72e-06,MLT1L,ERVL-MaLR,LTR
chr1,29477933,29477954,MA1714.1,+,3.72e-06,AluSx3,Alu,SINE
chr16,32267790,32267811,MA1714.1,-,3.72e-06,L1MB3,L1,LINE
chr16,32684279,32684300,MA1714.1,+,3.72e-06,L1MB3,L1,LINE
chr16,33208727,33208748,MA1714.1,-,3.72e-06,L1MB3,L1,LINE
chr16,33265267,33265288,MA1714.1,-,3.72e-06,L1MB3,L1,LINE
chr11,34818988,34819009,MA1714.1,+,3.72e-06,THE1C-int,ERVL-MaLR,LTR
chr1,35152767,35152788,MA1714.1,-,3.72e-06,L1ME1,L1,LINE
chr19,35289765,35289786,MA1714.1,-,3.72e-06,L1MC3,L1,LINE
chr1,36327359,36327380,MA1714.1,+,3.72e-06,MIR,MIR,SINE
chr21,36835553,36835574,MA1714.1,+,3.72e-06,L1ME4a,L1,LINE
chr17,38589267,38589288,MA1714.1,-,3.72e-06,MIRc,MIR,SINE
chr1,38933436,38933457,MA1714.1,-,3.72e-06,MamRep434,TcMar-Tigger,DNA
chr5,39766933,39766954,MA1714.1,-,3.72e-06,L1PA13,L1,LINE
chr6,40190325,40190346,MA1714.1,+,3.72e-06,LTR33C,ERVL,LTR
chr15,45429181,45429202,MA1714.1,+,3.72e-06,ORSL-2a,hAT-Tip100,DNA
chr20,45892763,45892784,MA1714.1,+,3.72e-06,MER20,hAT-Charlie,DNA
chr13,46762158,46762179,MA1714.1,-,3.72e-06,HAL1,L1,LINE
chr10,49439292,49439313,MA1714.1,+,3.72e-06,MER34,ERV1,LTR
chr7,50240835,50240856,MA1714.1,+,3.72e-06,L1MB3,L1,LINE
chr19,50253332,50253353,MA1714.1,+,3.72e-06,MLT1J,ERVL-MaLR,LTR
chr16,51039596,51039617,MA1714.1,+,3.72e-06,MIRb,MIR,SINE
chr15,53947352,53947373,MA1714.1,+,3.72e-06,AluSx,Alu,SINE
chr7,54079741,54079762,MA1714.1,-,3.72e-06,L1MA7,L1,LINE
chr1,54525023,54525044,MA1714.1,-,3.72e-06,AluSx1,Alu,SINE
chr3,56299357,56299378,MA1714.1,+,3.72e-06,L1MA9,L1,LINE
chr3,57009548,57009569,MA1714.1,-,3.72e-06,MIR,MIR,SINE
chrX,57026989,57027010,MA1714.1,-,3.72e-06,L1M4,L1,LINE
chr14,61063742,61063763,MA1714.1,-,3.72e-06,HAL1,L1,LINE
chr5,62868793,62868814,MA1714.1,-,3.72e-06,L1MD2,L1,LINE
chr7,64118017,64118038,MA1714.1,-,3.72e-06,BSR/Beta,Satellite,Satellite
chr3,65024893,65024914,MA1714.1,-,3.72e-06,MIRb,MIR,SINE
chr15,68840628,68840649,MA1714.1,-,3.72e-06,L1ME3C,L1,LINE
chr1,75927526,75927547,MA1714.1,+,3.72e-06,L1MA2,L1,LINE
chr5,80145544,80145565,MA1714.1,-,3.72e-06,THE1B-int,ERVL-MaLR,LTR
chr1,80350173,80350194,MA1714.1,-,3.72e-06,THE1B-int,ERVL-MaLR,LTR
chr10,94417347,94417368,MA1714.1,+,3.72e-06,L1M4,L1,LINE
chr15,96238375,96238396,MA1714.1,-,3.72e-06,L1MCc,L1,LINE
chr5,100597774,100597795,MA1714.1,+,3.72e-06,THE1B-int,ERVL-MaLR,LTR
chr5,103721509,103721530,MA1714.1,-,3.72e-06,L1MEg,L1,LINE
chr11,105895858,105895879,MA1714.1,-,3.72e-06,L1MA9,L1,LINE
chr1,106478413,106478434,MA1714.1,+,3.72e-06,AluSx,Alu,SINE
chr5,107987047,107987068,MA1714.1,+,3.72e-06,HAL1,L1,LINE
chr3,108335951,108335972,MA1714.1,+,3.72e-06,L1MA8,L1,LINE
chr2,111754961,111754982,MA1714.1,+,3.72e-06,L1M6,L1,LINE
chr4,113290060,113290081,MA1714.1,-,3.72e-06,L1MEd,L1,LINE
chr7,115105775,115105796,MA1714.1,-,3.72e-06,MIRc,MIR,SINE
chr6,115295965,115295986,MA1714.1,-,3.72e-06,L1PA2,L1,LINE
chr8,116321130,116321151,MA1714.1,-,3.72e-06,THE1A-int,ERVL-MaLR,LTR
chr3,118459443,118459464,MA1714.1,-,3.72e-06,LTR33B,ERVL,LTR
chr5,123508655,123508676,MA1714.1,-,3.72e-06,MIRb,MIR,SINE
chr8,137708091,137708112,MA1714.1,+,3.72e-06,THE1B-int,ERVL-MaLR,LTR
chr3,138298968,138298989,MA1714.1,+,3.72e-06,L1MA2,L1,LINE
chr3,149077864,149077885,MA1714.1,+,3.72e-06,L1MA9,L1,LINE
chr1,151590586,151590607,MA1714.1,-,3.72e-06,AluJr,Alu,SINE
chr5,166812641,166812662,MA1714.1,-,3.72e-06,L1PB1,L1,LINE
chr4,167383994,167384015,MA1714.1,-,3.72e-06,AluSz,Alu,SINE
chr2,176848860,176848881,MA1714.1,+,3.72e-06,L1MD2,L1,LINE
chr1,223899806,223899827,MA1714.1,+,3.72e-06,MIRb,MIR,SINE
chr2,234062751,234062772,MA1714.1,+,3.72e-06,HAL1,L1,LINE
chr2,238608425,238608446,MA1714.1,-,3.72e-06,MER20B,hAT-Charlie,DNA
chr4,3315881,3315902,MA1714.1,-,3.75e-06,Kanga2_a,TcMar-Tc2,DNA
chr6,7630585,7630606,MA1714.1,+,3.75e-06,MLT1A0,ERVL-MaLR,LTR
chr18,9802029,9802050,MA1714.1,-,3.75e-06,L1MB8,L1,LINE
chr22,18179398,18179419,MA1714.1,-,3.75e-06,MIRc,MIR,SINE
chr8,18371728,18371749,MA1714.1,-,3.75e-06,L1MA9,L1,LINE
chr9,23615043,23615064,MA1714.1,+,3.75e-06,L1ME1,L1,LINE
chr15,24643501,24643522,MA1714.1,+,3.75e-06,L1MC3,L1,LINE
chrX,29354912,29354933,MA1714.1,-,3.75e-06,MER39,ERV1,LTR
chr20,32913811,32913832,MA1714.1,-,3.75e-06,MLT1L,ERVL-MaLR,LTR
chr20,34576980,34577001,MA1714.1,-,3.75e-06,MIRb,MIR,SINE
chrX,37592280,37592301,MA1714.1,-,3.75e-06,L1MA10,L1,LINE
chr12,40817774,40817795,MA1714.1,-,3.75e-06,L1MA9,L1,LINE
chr13,41375660,41375681,MA1714.1,-,3.75e-06,MIRc,MIR,SINE
chr12,42340400,42340421,MA1714.1,-,3.75e-06,THE1D-int,ERVL-MaLR,LTR
chr13,44644794,44644815,MA1714.1,+,3.75e-06,L1MEg,L1,LINE
chrX,45274735,45274756,MA1714.1,-,3.75e-06,L1MA1,L1,LINE
chr14,45860530,45860551,MA1714.1,+,3.75e-06,L1MA2,L1,LINE
chr14,45869616,45869637,MA1714.1,+,3.75e-06,HAL1,L1,LINE
chr19,48876172,48876193,MA1714.1,-,3.75e-06,MIRb,MIR,SINE
chr8,49697698,49697719,MA1714.1,+,3.75e-06,L1ME2,L1,LINE
chr14,50624792,50624813,MA1714.1,+,3.75e-06,L1MC5,L1,LINE
chr7,51488689,51488710,MA1714.1,-,3.75e-06,L1MA9,L1,LINE
chr12,53639456,53639477,MA1714.1,+,3.75e-06,L1MC5,L1,LINE
chr1,55295575,55295596,MA1714.1,-,3.75e-06,HAL1,L1,LINE
chr15,62185324,62185345,MA1714.1,+,3.75e-06,L1MA4,L1,LINE
chr13,64587251,64587272,MA1714.1,-,3.75e-06,L1MC3,L1,LINE
chr15,66835461,66835482,MA1714.1,+,3.75e-06,AluSx3,Alu,SINE
chr17,68879191,68879212,MA1714.1,+,3.75e-06,AluJr,Alu,SINE
chr17,69495956,69495977,MA1714.1,+,3.75e-06,L1MA8,L1,LINE
chr13,71331586,71331607,MA1714.1,-,3.75e-06,HAL1,L1,LINE
chr15,71411418,71411439,MA1714.1,-,3.75e-06,MIRb,MIR,SINE
chr4,74565526,74565547,MA1714.1,-,3.75e-06,HAL1-3A_ME,L1,LINE
chr1,78767194,78767215,MA1714.1,-,3.75e-06,L1MEc,L1,LINE
chr10,85442342,85442363,MA1714.1,-,3.75e-06,MIRb,MIR,SINE
chr15,85531328,85531349,MA1714.1,-,3.75e-06,MIRb,MIR,SINE
chr8,86970238,86970259,MA1714.1,-,3.75e-06,L1MA9,L1,LINE
chr6,90968047,90968068,MA1714.1,-,3.75e-06,L1MA9,L1,LINE
chrX,94439472,94439493,MA1714.1,-,3.75e-06,L1MA8,L1,LINE
chr13,94898878,94898899,MA1714.1,-,3.75e-06,L1MA9,L1,LINE
chr15,95672286,95672307,MA1714.1,-,3.75e-06,MIR,MIR,SINE
chr7,96541072,96541093,MA1714.1,-,3.75e-06,L4,RTE,LINE
chr2,97032644,97032665,MA1714.1,+,3.75e-06,AluSq2,Alu,SINE
chr6,103507473,103507494,MA1714.1,+,3.75e-06,L1PA15,L1,LINE
chr8,104965280,104965301,MA1714.1,+,3.75e-06,L1PA7,L1,LINE
chr13,106736087,106736108,MA1714.1,-,3.75e-06,MER20B,hAT-Charlie,DNA
chr3,109361299,109361320,MA1714.1,+,3.75e-06,AluJb,Alu,SINE
chr11,111213043,111213064,MA1714.1,+,3.75e-06,L1ME2z,L1,LINE
chr7,113269019,113269040,MA1714.1,-,3.75e-06,Tigger6a,TcMar-Tigger,DNA
chr1,114095933,114095954,MA1714.1,+,3.75e-06,L1MEc,L1,LINE
chr3,123900551,123900572,MA1714.1,+,3.75e-06,MamRep1161,TcMar,DNA
chr8,124013472,124013493,MA1714.1,+,3.75e-06,MIR,MIR,SINE
chr4,124035598,124035619,MA1714.1,-,3.75e-06,MER52D,ERV1,LTR
chr10,125026493,125026514,MA1714.1,-,3.75e-06,L1MB3,L1,LINE
chr2,126018944,126018965,MA1714.1,-,3.75e-06,HERVP71A-int,ERV1,LTR
chr10,126950038,126950059,MA1714.1,-,3.75e-06,MIR,MIR,SINE
chr11,128977901,128977922,MA1714.1,+,3.75e-06,L1M4c,L1,LINE
chr3,140718294,140718315,MA1714.1,-,3.75e-06,ERV3-16A3_I-int,ERVL,LTR
chrX,141517693,141517714,MA1714.1,+,3.75e-06,MLT1E1A,ERVL-MaLR,LTR
chr2,146467991,146468012,MA1714.1,-,3.75e-06,L1MA9,L1,LINE
chr2,153489105,153489126,MA1714.1,-,3.75e-06,MIRc,MIR,SINE
chr6,154886905,154886926,MA1714.1,+,3.75e-06,ERVL-B4-int,ERVL,LTR
chr6,160701156,160701177,MA1714.1,-,3.75e-06,L1ME1,L1,LINE
chr6,161893413,161893434,MA1714.1,+,3.75e-06,L1MA4,L1,LINE
chr9,960506,960527,MA1714.1,-,3.77e-06,MIRc,MIR,SINE
chr1,5289503,5289524,MA1714.1,-,3.77e-06,L1MEf,L1,LINE
chr1,7386619,7386640,MA1714.1,+,3.77e-06,MLT1C,ERVL-MaLR,LTR
chr6,11421160,11421181,MA1714.1,+,3.77e-06,L1M3e,L1,LINE
chr18,14289769,14289790,MA1714.1,+,3.77e-06,MSTA-int,ERVL-MaLR,LTR
chr21,15232652,15232673,MA1714.1,-,3.77e-06,MSTA-int,ERVL-MaLR,LTR
chr21,15251972,15251993,MA1714.1,-,3.77e-06,MSTA-int,ERVL-MaLR,LTR
chr8,17900254,17900275,MA1714.1,-,3.77e-06,L1MEc,L1,LINE
chrY,18089618,18089639,MA1714.1,-,3.77e-06,HERVK11D-int,ERVK,LTR
chr7,21317549,21317570,MA1714.1,+,3.77e-06,MIR,MIR,SINE
chr15,26941460,26941481,MA1714.1,-,3.77e-06,MIRb,MIR,SINE
chr4,28876208,28876229,MA1714.1,+,3.77e-06,Tigger6a,TcMar-Tigger,DNA
chr22,29718166,29718187,MA1714.1,+,3.77e-06,AluJb,Alu,SINE
chr22,30579525,30579546,MA1714.1,-,3.77e-06,MIR,MIR,SINE
chr15,35577042,35577063,MA1714.1,-,3.77e-06,AluJo,Alu,SINE
chr22,39511599,39511620,MA1714.1,+,3.77e-06,AluSx,Alu,SINE
chr4,42111555,42111576,MA1714.1,-,3.77e-06,AluJb,Alu,SINE
chr13,45415465,45415486,MA1714.1,-,3.77e-06,MIR,MIR,SINE
chr19,47728016,47728037,MA1714.1,-,3.77e-06,AluSx,Alu,SINE
chr2,48002989,48003010,MA1714.1,-,3.77e-06,MIRb,MIR,SINE
chr4,49219036,49219057,MA1714.1,-,3.77e-06,MSTA-int,ERVL-MaLR,LTR
chr11,50625882,50625903,MA1714.1,-,3.77e-06,ALR/Alpha,centr,Satellite
chr19,51524858,51524879,MA1714.1,+,3.77e-06,AluJo,Alu,SINE
chr8,55101486,55101507,MA1714.1,+,3.77e-06,LTR40b,ERVL,LTR
chr7,56931159,56931180,MA1714.1,+,3.77e-06,L1MC5,L1,LINE
chr20,57194706,57194727,MA1714.1,-,3.77e-06,L2a,L2,LINE
chr15,57301544,57301565,MA1714.1,-,3.77e-06,AluJb,Alu,SINE
chr10,62430707,62430728,MA1714.1,+,3.77e-06,MLT1J,ERVL-MaLR,LTR
chr4,69900085,69900106,MA1714.1,+,3.77e-06,MER11B,ERVK,LTR
chr4,74028685,74028706,MA1714.1,-,3.77e-06,AluJb,Alu,SINE
chr17,75348775,75348796,MA1714.1,-,3.77e-06,AluJb,Alu,SINE
chr11,75417743,75417764,MA1714.1,+,3.77e-06,MIRb,MIR,SINE
chr8,76343440,76343461,MA1714.1,+,3.77e-06,L1MEd,L1,LINE
chr4,77384792,77384813,MA1714.1,+,3.77e-06,MSTA-int,ERVL-MaLR,LTR
chr10,79910466,79910487,MA1714.1,-,3.77e-06,LTR16A1,ERVL,LTR
chr11,82122501,82122522,MA1714.1,+,3.77e-06,L1MA6,L1,LINE
chr7,91446631,91446652,MA1714.1,+,3.77e-06,MIR,MIR,SINE
chr4,101217061,101217082,MA1714.1,+,3.77e-06,MLT1A,ERVL-MaLR,LTR
chr5,109747297,109747318,MA1714.1,-,3.77e-06,L1MB2,L1,LINE
chr2,115788199,115788220,MA1714.1,-,3.77e-06,L1PA11,L1,LINE
chrX,120985597,120985618,MA1714.1,-,3.77e-06,AluJr,Alu,SINE
chr5,121341500,121341521,MA1714.1,-,3.77e-06,L1M3e,L1,LINE
chr7,122829422,122829443,MA1714.1,-,3.77e-06,L1ME3C,L1,LINE
chr12,124255151,124255172,MA1714.1,-,3.77e-06,MIRb,MIR,SINE
chr12,127716040,127716061,MA1714.1,+,3.77e-06,LTR1B,ERV1,LTR
chr10,129371503,129371524,MA1714.1,+,3.77e-06,HAL1,L1,LINE
chr8,131491694,131491715,MA1714.1,-,3.77e-06,MIRc,MIR,SINE
chr3,132066352,132066373,MA1714.1,-,3.77e-06,AluJb,Alu,SINE
chr9,134592054,134592075,MA1714.1,+,3.77e-06,AluJb,Alu,SINE
chrX,137283441,137283462,MA1714.1,+,3.77e-06,L1PA5,L1,LINE
chr6,142579105,142579126,MA1714.1,+,3.77e-06,AluSz,Alu,SINE
chr5,152582437,152582458,MA1714.1,+,3.77e-06,AluSx1,Alu,SINE
chr5,154993619,154993640,MA1714.1,-,3.77e-06,L2a,L2,LINE
chr2,173277947,173277968,MA1714.1,-,3.77e-06,MLT1M,ERVL-MaLR,LTR
chr2,177925709,177925730,MA1714.1,-,3.77e-06,MIR,MIR,SINE
chr4,186862133,186862154,MA1714.1,+,3.77e-06,MER20,hAT-Charlie,DNA
chr17,943991,944012,MA1714.1,-,3.8e-06,MIRb,MIR,SINE
chr12,2239323,2239344,MA1714.1,-,3.8e-06,MIR,MIR,SINE
chr8,3341962,3341983,MA1714.1,+,3.8e-06,L1MD2,L1,LINE
chr3,3360301,3360322,MA1714.1,-,3.8e-06,THE1B-int,ERVL-MaLR,LTR
chr16,7205483,7205504,MA1714.1,+,3.8e-06,AluJb,Alu,SINE
chr16,8081054,8081075,MA1714.1,-,3.8e-06,LTR33,ERVL,LTR
chr19,8200233,8200254,MA1714.1,-,3.8e-06,AluSx1,Alu,SINE
chr18,8695522,8695543,MA1714.1,+,3.8e-06,AluSq2,Alu,SINE
chrX,10053405,10053426,MA1714.1,-,3.8e-06,L1MC5,L1,LINE
chr6,12117184,12117205,MA1714.1,+,3.8e-06,HAL1b,L1,LINE
chrY,14588108,14588129,MA1714.1,-,3.8e-06,HERVE_a-int,ERV1,LTR
chr3,20581190,20581211,MA1714.1,-,3.8e-06,MER50B,ERV1,LTR
chr4,20933398,20933419,MA1714.1,+,3.8e-06,L1MA9,L1,LINE
chr6,24186549,24186570,MA1714.1,-,3.8e-06,MIRc,MIR,SINE
chr1,24502816,24502837,MA1714.1,+,3.8e-06,L1ME2,L1,LINE
chr4,25308085,25308106,MA1714.1,-,3.8e-06,MLT1J,ERVL-MaLR,LTR
chr15,26065029,26065050,MA1714.1,+,3.8e-06,L1PB4,L1,LINE
chr7,31048901,31048922,MA1714.1,-,3.8e-06,HAL1,L1,LINE
chr9,31557594,31557615,MA1714.1,+,3.8e-06,MLT2B1,ERVL,LTR
chr8,39146507,39146528,MA1714.1,-,3.8e-06,L1M1,L1,LINE
chr21,47009112,47009133,MA1714.1,-,3.8e-06,L1MEg,L1,LINE
chr5,53733421,53733442,MA1714.1,-,3.8e-06,MER106A,hAT-Charlie,DNA
chr15,55161121,55161142,MA1714.1,+,3.8e-06,L1MA7,L1,LINE
chr14,55414381,55414402,MA1714.1,-,3.8e-06,AluSz,Alu,SINE
chr13,60784079,60784100,MA1714.1,+,3.8e-06,L1MB7,L1,LINE
chr14,63256886,63256907,MA1714.1,-,3.8e-06,L1MA9,L1,LINE
chr6,63567480,63567501,MA1714.1,+,3.8e-06,SATR1,Satellite,Satellite
chr5,65313777,65313798,MA1714.1,-,3.8e-06,L1MA4,L1,LINE
chrX,65594912,65594933,MA1714.1,-,3.8e-06,L1PA7,L1,LINE
chr3,68888173,68888194,MA1714.1,+,3.8e-06,AluJb,Alu,SINE
chr18,69011059,69011080,MA1714.1,-,3.8e-06,L1M2,L1,LINE
chr15,69516210,69516231,MA1714.1,-,3.8e-06,L1MB3,L1,LINE
chr16,71594515,71594536,MA1714.1,-,3.8e-06,L1M3,L1,LINE
chr7,73162379,73162400,MA1714.1,-,3.8e-06,AluJo,Alu,SINE
chr4,73406320,73406341,MA1714.1,+,3.8e-06,THE1B-int,ERVL-MaLR,LTR
chr7,73842293,73842314,MA1714.1,+,3.8e-06,AluJb,Alu,SINE
chr10,74065227,74065248,MA1714.1,-,3.8e-06,MIRb,MIR,SINE
chr13,74116598,74116619,MA1714.1,-,3.8e-06,LTR85a,Gypsy,LTR
chr14,74284532,74284553,MA1714.1,+,3.8e-06,FLAM_C,Alu,SINE
chr6,74983658,74983679,MA1714.1,-,3.8e-06,MSTC-int,ERVL-MaLR,LTR
chr5,76474802,76474823,MA1714.1,-,3.8e-06,MLT1F2,ERVL-MaLR,LTR
chr12,79861491,79861512,MA1714.1,+,3.8e-06,SATR2,Satellite,Satellite
chr12,87423912,87423933,MA1714.1,-,3.8e-06,THE1B-int,ERVL-MaLR,LTR
chr5,88947793,88947814,MA1714.1,+,3.8e-06,MSTB1-int,ERVL-MaLR,LTR
chr13,89161407,89161428,MA1714.1,-,3.8e-06,MSTB-int,ERVL-MaLR,LTR
chr12,92356110,92356131,MA1714.1,+,3.8e-06,MIR,MIR,SINE
chrX,94249211,94249232,MA1714.1,-,3.8e-06,L1MB2,L1,LINE
chrX,99506007,99506028,MA1714.1,+,3.8e-06,L1PA13,L1,LINE
chr6,103242123,103242144,MA1714.1,-,3.8e-06,L1MEf,L1,LINE
chr2,111512496,111512517,MA1714.1,-,3.8e-06,L1MD2,L1,LINE
chr12,111570134,111570155,MA1714.1,-,3.8e-06,THE1A-int,ERVL-MaLR,LTR
chr10,115177152,115177173,MA1714.1,-,3.8e-06,MIR3,MIR,SINE
chr12,117303107,117303128,MA1714.1,+,3.8e-06,AluSz6,Alu,SINE
chr6,121178025,121178046,MA1714.1,+,3.8e-06,L1M1,L1,LINE
chr4,121549229,121549250,MA1714.1,+,3.8e-06,L1MA9,L1,LINE
chr11,122118416,122118437,MA1714.1,-,3.8e-06,AluSx,Alu,SINE
chr8,125861748,125861769,MA1714.1,-,3.8e-06,AluJo,Alu,SINE
chr3,126504257,126504278,MA1714.1,-,3.8e-06,MLT1D,ERVL-MaLR,LTR
chrX,132032770,132032791,MA1714.1,+,3.8e-06,L1MB8,L1,LINE
chr2,133603949,133603970,MA1714.1,-,3.8e-06,AluSz6,Alu,SINE
chr5,138301766,138301787,MA1714.1,+,3.8e-06,MIR,MIR,SINE
chr8,139379183,139379204,MA1714.1,+,3.8e-06,MLT1H,ERVL-MaLR,LTR
chr4,166715278,166715299,MA1714.1,-,3.8e-06,L1ME3F,L1,LINE
chr5,167998368,167998389,MA1714.1,-,3.8e-06,MIR,MIR,SINE
chr3,176975709,176975730,MA1714.1,-,3.8e-06,L1ME3,L1,LINE
chr1,212078269,212078290,MA1714.1,-,3.8e-06,AluSz6,Alu,SINE
chr2,224689326,224689347,MA1714.1,-,3.8e-06,AluSx1,Alu,SINE
chr2,236028024,236028045,MA1714.1,+,3.8e-06,L1MEg,L1,LINE
chr1,246916228,246916249,MA1714.1,-,3.8e-06,HERVIP10F-int,ERV1,LTR
chr4_gl000193_random,62617,62638,MA1714.1,-,3.82e-06,L1MEc,L1,LINE
chr2,4300845,4300866,MA1714.1,+,3.82e-06,LTR40a,ERVL,LTR
chr20,4354758,4354779,MA1714.1,+,3.82e-06,MER39,ERV1,LTR
chr17,5261890,5261911,MA1714.1,+,3.82e-06,AluSz6,Alu,SINE
chr10,8752089,8752110,MA1714.1,+,3.82e-06,L2b,L2,LINE
chr6,9552575,9552596,MA1714.1,-,3.82e-06,THE1C-int,ERVL-MaLR,LTR
chr5,11829482,11829503,MA1714.1,+,3.82e-06,THE1B-int,ERVL-MaLR,LTR
chr5,16441118,16441139,MA1714.1,-,3.82e-06,HERV16-int,ERVL,LTR
chr8,16902334,16902355,MA1714.1,+,3.82e-06,MIRc,MIR,SINE
chr12,16967805,16967826,MA1714.1,+,3.82e-06,L1MB4,L1,LINE
chr3,18103940,18103961,MA1714.1,+,3.82e-06,FordPrefect_a,hAT-Tip100,DNA
chr17,20622288,20622309,MA1714.1,-,3.82e-06,L1MC4,L1,LINE
chr17,22139205,22139226,MA1714.1,-,3.82e-06,L1ME3,L1,LINE
chr14,22406417,22406438,MA1714.1,-,3.82e-06,L1PA17,L1,LINE
chr21,23023211,23023232,MA1714.1,+,3.82e-06,THE1B-int,ERVL-MaLR,LTR
chr10,23025470,23025491,MA1714.1,+,3.82e-06,MER34A1,ERV1,LTR
chr4,23106025,23106046,MA1714.1,+,3.82e-06,THE1B-int,ERVL-MaLR,LTR
chr12,23398364,23398385,MA1714.1,+,3.82e-06,MSTD-int,ERVL-MaLR,LTR
chr21,24871652,24871673,MA1714.1,-,3.82e-06,THE1B-int,ERVL-MaLR,LTR
chr11,29972715,29972736,MA1714.1,+,3.82e-06,L1PA13,L1,LINE
chr7,29982781,29982802,MA1714.1,+,3.82e-06,MER117,hAT-Charlie,DNA
chr2,33200259,33200280,MA1714.1,-,3.82e-06,L1PA15,L1,LINE
chr22,35379428,35379449,MA1714.1,+,3.82e-06,MIRb,MIR,SINE
chr9,36256819,36256840,MA1714.1,-,3.82e-06,MIR,MIR,SINE
chr15,36503899,36503920,MA1714.1,-,3.82e-06,MER21B,ERVL,LTR
chr4,38150072,38150093,MA1714.1,-,3.82e-06,MLT1J1,ERVL-MaLR,LTR
chr7,39003103,39003124,MA1714.1,+,3.82e-06,AluJr,Alu,SINE
chr19,46957793,46957814,MA1714.1,-,3.82e-06,AluJr,Alu,SINE
chr14,47106682,47106703,MA1714.1,-,3.82e-06,L1PA13,L1,LINE
chr6,49556077,49556098,MA1714.1,+,3.82e-06,AluJb,Alu,SINE
chr13,50028140,50028161,MA1714.1,-,3.82e-06,L1MC3,L1,LINE
chr18,51336861,51336882,MA1714.1,+,3.82e-06,MIRb,MIR,SINE
chr2,52549624,52549645,MA1714.1,-,3.82e-06,MIR,MIR,SINE
chr5,53891749,53891770,MA1714.1,-,3.82e-06,MLT1C,ERVL-MaLR,LTR
chr8,53994583,53994604,MA1714.1,+,3.82e-06,THE1B-int,ERVL-MaLR,LTR
chr10,55770450,55770471,MA1714.1,+,3.82e-06,L1PA16,L1,LINE
chr2,57821174,57821195,MA1714.1,-,3.82e-06,L1MB5,L1,LINE
chr17,58006276,58006297,MA1714.1,-,3.82e-06,L1MC4,L1,LINE
chr17,60322035,60322056,MA1714.1,+,3.82e-06,L1MC4,L1,LINE
chr12,62200921,62200942,MA1714.1,+,3.82e-06,THE1B-int,ERVL-MaLR,LTR
chr4,63390465,63390486,MA1714.1,+,3.82e-06,THE1A-int,ERVL-MaLR,LTR
chr12,66344819,66344840,MA1714.1,-,3.82e-06,AluJb,Alu,SINE
chr3,66834208,66834229,MA1714.1,-,3.82e-06,MLT1G1-int,ERVL-MaLR,LTR
chr6,67316084,67316105,MA1714.1,-,3.82e-06,HERVL-int,ERVL,LTR
chr15,67976368,67976389,MA1714.1,+,3.82e-06,L1MEc,L1,LINE
chr18,69346917,69346938,MA1714.1,+,3.82e-06,THE1B-int,ERVL-MaLR,LTR
chr8,70697449,70697470,MA1714.1,+,3.82e-06,L1ME1,L1,LINE
chr4,71795269,71795290,MA1714.1,-,3.82e-06,AluJb,Alu,SINE
chr13,72645184,72645205,MA1714.1,-,3.82e-06,MLT2F,ERVL,LTR
chr9,72784819,72784840,MA1714.1,-,3.82e-06,MIR,MIR,SINE
chr1,75379885,75379906,MA1714.1,-,3.82e-06,THE1B-int,ERVL-MaLR,LTR
chr13,75603313,75603334,MA1714.1,+,3.82e-06,THE1B-int,ERVL-MaLR,LTR
chr12,82732290,82732311,MA1714.1,+,3.82e-06,MIR,MIR,SINE
chr14,87635873,87635894,MA1714.1,-,3.82e-06,THE1D-int,ERVL-MaLR,LTR
chr15,88636116,88636137,MA1714.1,-,3.82e-06,MLT1D,ERVL-MaLR,LTR
chr11,90834745,90834766,MA1714.1,+,3.82e-06,MER1A,hAT-Charlie,DNA
chr1,93121169,93121190,MA1714.1,+,3.82e-06,L1PB4,L1,LINE
chr10,95112032,95112053,MA1714.1,+,3.82e-06,MIRb,MIR,SINE
chr6,95401011,95401032,MA1714.1,-,3.82e-06,THE1C-int,ERVL-MaLR,LTR
chrX,95893966,95893987,MA1714.1,+,3.82e-06,THE1B-int,ERVL-MaLR,LTR
chr9,96455623,96455644,MA1714.1,+,3.82e-06,L1MD2,L1,LINE
chr15,99137149,99137170,MA1714.1,-,3.82e-06,AluSz,Alu,SINE
chr6,101148023,101148044,MA1714.1,+,3.82e-06,THE1B-int,ERVL-MaLR,LTR
chr8,102476638,102476659,MA1714.1,+,3.82e-06,L1MB3,L1,LINE
chr4,106974010,106974031,MA1714.1,-,3.82e-06,L1MC5,L1,LINE
chr7,107911299,107911320,MA1714.1,+,3.82e-06,L1MB3,L1,LINE
chr10,109767851,109767872,MA1714.1,-,3.82e-06,THE1B-int,ERVL-MaLR,LTR
chr12,112378238,112378259,MA1714.1,-,3.82e-06,AluJb,Alu,SINE
chr6,114920641,114920662,MA1714.1,-,3.82e-06,L1MEg,L1,LINE
chr1,115341761,115341782,MA1714.1,-,3.82e-06,L1M4,L1,LINE
chr1,118998011,118998032,MA1714.1,-,3.82e-06,THE1B-int,ERVL-MaLR,LTR
chr5,121339961,121339982,MA1714.1,-,3.82e-06,L1M3e,L1,LINE
chr2,126135006,126135027,MA1714.1,+,3.82e-06,AluJr,Alu,SINE
chr8,126724329,126724350,MA1714.1,+,3.82e-06,THE1B-int,ERVL-MaLR,LTR
chr12,128015601,128015622,MA1714.1,-,3.82e-06,MLT1A0,ERVL-MaLR,LTR
chr11,128823470,128823491,MA1714.1,+,3.82e-06,HAL1,L1,LINE
chr5,130293854,130293875,MA1714.1,+,3.82e-06,THE1D-int,ERVL-MaLR,LTR
chr7,135092419,135092440,MA1714.1,+,3.82e-06,L1M5,L1,LINE
chr4,137379762,137379783,MA1714.1,+,3.82e-06,MER52A,ERV1,LTR
chr6,138316200,138316221,MA1714.1,+,3.82e-06,L1ME2,L1,LINE
chrX,139496527,139496548,MA1714.1,-,3.82e-06,MER1A,hAT-Charlie,DNA
chr2,140913436,140913457,MA1714.1,+,3.82e-06,Arthur1B,hAT-Tip100,DNA
chr6,144194939,144194960,MA1714.1,-,3.82e-06,THE1A-int,ERVL-MaLR,LTR
chrX,149782155,149782176,MA1714.1,+,3.82e-06,MIRb,MIR,SINE
chr2,153874911,153874932,MA1714.1,-,3.82e-06,THE1B-int,ERVL-MaLR,LTR
chr1,154834791,154834812,MA1714.1,+,3.82e-06,MIRc,MIR,SINE
chr1,156569415,156569436,MA1714.1,-,3.82e-06,MIRb,MIR,SINE
chr1,156715719,156715740,MA1714.1,+,3.82e-06,MIR,MIR,SINE
chr3,166050224,166050245,MA1714.1,-,3.82e-06,LTR28,ERV1,LTR
chr2,175756436,175756457,MA1714.1,+,3.82e-06,L1MB2,L1,LINE
chr4,181674471,181674492,MA1714.1,-,3.82e-06,THE1B-int,ERVL-MaLR,LTR
chr1,181730728,181730749,MA1714.1,-,3.82e-06,HAL1,L1,LINE
chr4,190484644,190484665,MA1714.1,+,3.82e-06,L1MEc,L1,LINE
chr1,190847879,190847900,MA1714.1,+,3.82e-06,L1MC3,L1,LINE
chr1,194580293,194580314,MA1714.1,+,3.82e-06,L1MEd,L1,LINE
chr2,199384899,199384920,MA1714.1,-,3.82e-06,MamGypLTR2c,Gypsy,LTR
chr2,221992546,221992567,MA1714.1,+,3.82e-06,THE1D-int,ERVL-MaLR,LTR
chr2,223854347,223854368,MA1714.1,-,3.82e-06,THE1B-int,ERVL-MaLR,LTR
chr2,241958396,241958417,MA1714.1,-,3.82e-06,HERVL40-int,ERVL,LTR
chr10,7073887,7073908,MA1714.1,+,3.85e-06,AluSz6,Alu,SINE
chr7,9382093,9382114,MA1714.1,-,3.85e-06,MLT1D,ERVL-MaLR,LTR
chr8,10010280,10010301,MA1714.1,+,3.85e-06,L1MB2,L1,LINE
chr4,10605022,10605043,MA1714.1,-,3.85e-06,MIR,MIR,SINE
chr18,14685282,14685303,MA1714.1,-,3.85e-06,L1PA3,L1,LINE
chr21,14844688,14844709,MA1714.1,+,3.85e-06,L1MA6,L1,LINE
chr3,20159526,20159547,MA1714.1,-,3.85e-06,L1MC4,L1,LINE
chr5,20772194,20772215,MA1714.1,-,3.85e-06,MLT1A0,ERVL-MaLR,LTR
chr1,22625101,22625122,MA1714.1,-,3.85e-06,MIRb,MIR,SINE
chr21,23042127,23042148,MA1714.1,-,3.85e-06,THE1B-int,ERVL-MaLR,LTR
chr13,23127804,23127825,MA1714.1,+,3.85e-06,L1MEg,L1,LINE
chr11,25142163,25142184,MA1714.1,-,3.85e-06,ERVL-E-int,ERVL,LTR
chr13,27202883,27202904,MA1714.1,-,3.85e-06,ERV3-16A3_I-int,ERVL,LTR
chr19,29095259,29095280,MA1714.1,+,3.85e-06,L1MEd,L1,LINE
chrX,30397267,30397288,MA1714.1,+,3.85e-06,THE1C-int,ERVL-MaLR,LTR
chr9,30613680,30613701,MA1714.1,+,3.85e-06,L1MA4,L1,LINE
chr12,33596294,33596315,MA1714.1,-,3.85e-06,HAL1,L1,LINE
chr5,34089509,34089530,MA1714.1,+,3.85e-06,MLT1A0,ERVL-MaLR,LTR
chr22,44947204,44947225,MA1714.1,-,3.85e-06,ERVL-E-int,ERVL,LTR
chr17,46195550,46195571,MA1714.1,+,3.85e-06,MIRb,MIR,SINE
chr15,47915564,47915585,MA1714.1,-,3.85e-06,MIR,MIR,SINE
chr16,50291074,50291095,MA1714.1,+,3.85e-06,AluJr,Alu,SINE
chr18,51001754,51001775,MA1714.1,+,3.85e-06,THE1B-int,ERVL-MaLR,LTR
chr12,52640999,52641020,MA1714.1,-,3.85e-06,Arthur1C,hAT-Tip100,DNA
chr18,52715167,52715188,MA1714.1,-,3.85e-06,LTR41,ERVL,LTR
chr6,55081962,55081983,MA1714.1,-,3.85e-06,MSTC-int,ERVL-MaLR,LTR
chrX,55622526,55622547,MA1714.1,+,3.85e-06,AluJb,Alu,SINE
chr6,56771279,56771300,MA1714.1,+,3.85e-06,LTR9,ERV1,LTR
chr17,56819711,56819732,MA1714.1,-,3.85e-06,AluJb,Alu,SINE
chr13,59276955,59276976,MA1714.1,-,3.85e-06,L1MDa,L1,LINE
chr11,61476175,61476196,MA1714.1,-,3.85e-06,MIR,MIR,SINE
chr10,67056871,67056892,MA1714.1,-,3.85e-06,MLT1K,ERVL-MaLR,LTR
chr18,68794642,68794663,MA1714.1,-,3.85e-06,L1ME1,L1,LINE
chr7,72374022,72374043,MA1714.1,-,3.85e-06,L1MB4,L1,LINE
chr5,73429180,73429201,MA1714.1,-,3.85e-06,MLT1K,ERVL-MaLR,LTR
chr18,73786086,73786107,MA1714.1,-,3.85e-06,MLT1D,ERVL-MaLR,LTR
chr13,74225625,74225646,MA1714.1,+,3.85e-06,AluJo,Alu,SINE
chr9,75501467,75501488,MA1714.1,+,3.85e-06,THE1C-int,ERVL-MaLR,LTR
chr6,76734569,76734590,MA1714.1,+,3.85e-06,L1ME4a,L1,LINE
chr8,77652601,77652622,MA1714.1,+,3.85e-06,L1PB1,L1,LINE
chr5,85786842,85786863,MA1714.1,-,3.85e-06,L1MEf,L1,LINE
chr13,88124007,88124028,MA1714.1,+,3.85e-06,L1M4b,L1,LINE
chr15,89623997,89624018,MA1714.1,-,3.85e-06,AluSx,Alu,SINE
chr7,96282980,96283001,MA1714.1,-,3.85e-06,MIRb,MIR,SINE
chr11,97013008,97013029,MA1714.1,-,3.85e-06,L1MCb,L1,LINE
chr2,97730723,97730744,MA1714.1,-,3.85e-06,THE1D-int,ERVL-MaLR,LTR
chr2,97982751,97982772,MA1714.1,+,3.85e-06,THE1D-int,ERVL-MaLR,LTR
chr2,98056120,98056141,MA1714.1,-,3.85e-06,THE1D-int,ERVL-MaLR,LTR
chr11,105185181,105185202,MA1714.1,-,3.85e-06,L1MEc,L1,LINE
chr7,112692629,112692650,MA1714.1,-,3.85e-06,L1PA7,L1,LINE
chr4,115336487,115336508,MA1714.1,+,3.85e-06,THE1B-int,ERVL-MaLR,LTR
chr3,117930005,117930026,MA1714.1,+,3.85e-06,L1M5,L1,LINE
chrX,125106076,125106097,MA1714.1,-,3.85e-06,L1P3,L1,LINE
chr10,132318895,132318916,MA1714.1,+,3.85e-06,L1MEg,L1,LINE
chrX,133893960,133893981,MA1714.1,+,3.85e-06,L1MA4A,L1,LINE
chr8,134088060,134088081,MA1714.1,+,3.85e-06,L1MC4,L1,LINE
chr11,134465325,134465346,MA1714.1,-,3.85e-06,MIRc,MIR,SINE
chr7,139964175,139964196,MA1714.1,-,3.85e-06,MIRb,MIR,SINE
chr3,145397771,145397792,MA1714.1,+,3.85e-06,MIR,MIR,SINE
chr3,165309406,165309427,MA1714.1,-,3.85e-06,MLT1F2,ERVL-MaLR,LTR
chr4,170108421,170108442,MA1714.1,-,3.85e-06,AluJo,Alu,SINE
chr1,170943003,170943024,MA1714.1,+,3.85e-06,L1ME1,L1,LINE
chr1,173139429,173139450,MA1714.1,-,3.85e-06,L1MA9,L1,LINE
chr4,174347233,174347254,MA1714.1,+,3.85e-06,MER53,hAT,DNA
chr4,175331801,175331822,MA1714.1,+,3.85e-06,AluJb,Alu,SINE
chr3,177486748,177486769,MA1714.1,-,3.85e-06,MSTB2-int,ERVL-MaLR,LTR
chr5,178099085,178099106,MA1714.1,+,3.85e-06,L1MEg2,L1,LINE
chr7,3411307,3411328,MA1714.1,+,3.88e-06,L1ME4a,L1,LINE
chr4,5846317,5846338,MA1714.1,+,3.88e-06,HAL1,L1,LINE
chr18,7831801,7831822,MA1714.1,-,3.88e-06,L1MA2,L1,LINE
chr16,9363151,9363172,MA1714.1,+,3.88e-06,MLT1J,ERVL-MaLR,LTR
chr11,10715776,10715797,MA1714.1,+,3.88e-06,MIRb,MIR,SINE
chr2,19184490,19184511,MA1714.1,+,3.88e-06,L2c,L2,LINE
chr16,19449160,19449181,MA1714.1,-,3.88e-06,MLT1K,ERVL-MaLR,LTR
chr4,21511157,21511178,MA1714.1,-,3.88e-06,MIR,MIR,SINE
chr9,25832374,25832395,MA1714.1,-,3.88e-06,Tigger2,TcMar-Tigger,DNA
chr15,27239299,27239320,MA1714.1,-,3.88e-06,L1MA2,L1,LINE
chr19,29910763,29910784,MA1714.1,+,3.88e-06,MIRb,MIR,SINE
chr13,32245534,32245555,MA1714.1,-,3.88e-06,L1MB3,L1,LINE
chr10,32712394,32712415,MA1714.1,-,3.88e-06,L1MEc,L1,LINE
chr4,36877419,36877440,MA1714.1,-,3.88e-06,MLT1F2,ERVL-MaLR,LTR
chr4,38832366,38832387,MA1714.1,+,3.88e-06,L1MC2,L1,LINE
chr3,44218011,44218032,MA1714.1,-,3.88e-06,LTR33A,ERVL,LTR
chrX,45126654,45126675,MA1714.1,-,3.88e-06,L1MA2,L1,LINE
chr4,45680103,45680124,MA1714.1,+,3.88e-06,ERV3-16A3_I-int,ERVL,LTR
chr11,48698866,48698887,MA1714.1,+,3.88e-06,ALR/Alpha,centr,Satellite
chr17,49979193,49979214,MA1714.1,-,3.88e-06,MIRb,MIR,SINE
chr11,51130432,51130453,MA1714.1,-,3.88e-06,ALR/Alpha,centr,Satellite
chr16,52134794,52134815,MA1714.1,-,3.88e-06,L1MA3,L1,LINE
chr11,54754579,54754600,MA1714.1,+,3.88e-06,ALR/Alpha,centr,Satellite
chr11,60798999,60799020,MA1714.1,-,3.88e-06,L1MC3,L1,LINE
chr6,69475301,69475322,MA1714.1,-,3.88e-06,L1M5,L1,LINE
chr13,71217817,71217838,MA1714.1,+,3.88e-06,AluJr,Alu,SINE
chr11,75204731,75204752,MA1714.1,+,3.88e-06,Zaphod,hAT-Tip100,DNA
chr5,84462966,84462987,MA1714.1,+,3.88e-06,THE1B-int,ERVL-MaLR,LTR
chr12,87267572,87267593,MA1714.1,-,3.88e-06,L1MA3,L1,LINE
chr12,91443263,91443284,MA1714.1,-,3.88e-06,L3,CR1,LINE
chr1,96325346,96325367,MA1714.1,-,3.88e-06,L1ME1,L1,LINE
chr3,97213768,97213789,MA1714.1,-,3.88e-06,L3,CR1,LINE
chr5,97273756,97273777,MA1714.1,+,3.88e-06,MSTA-int,ERVL-MaLR,LTR
chr11,98563862,98563883,MA1714.1,+,3.88e-06,THE1D-int,ERVL-MaLR,LTR
chr4,101008042,101008063,MA1714.1,-,3.88e-06,MSTB-int,ERVL-MaLR,LTR
chr15,101386577,101386598,MA1714.1,-,3.88e-06,AluSx,Alu,SINE
chr10,101710750,101710771,MA1714.1,+,3.88e-06,THE1B-int,ERVL-MaLR,LTR
chr5,101843114,101843135,MA1714.1,-,3.88e-06,AluSg,Alu,SINE
chr4,102698485,102698506,MA1714.1,-,3.88e-06,ERVL-B4-int,ERVL,LTR
chr10,104237594,104237615,MA1714.1,-,3.88e-06,MER20,hAT-Charlie,DNA
chr4,105572381,105572402,MA1714.1,+,3.88e-06,L1MA7,L1,LINE
chr6,105803554,105803575,MA1714.1,-,3.88e-06,L1MEc,L1,LINE
chr5,107567707,107567728,MA1714.1,+,3.88e-06,HERVL-int,ERVL,LTR
chr12,108525285,108525306,MA1714.1,+,3.88e-06,MIRb,MIR,SINE
chr9,108604335,108604356,MA1714.1,+,3.88e-06,MIRb,MIR,SINE
chrX,113909165,113909186,MA1714.1,-,3.88e-06,MIRc,MIR,SINE
chr12,113967948,113967969,MA1714.1,+,3.88e-06,THE1B-int,ERVL-MaLR,LTR
chr8,117655498,117655519,MA1714.1,+,3.88e-06,L1M5,L1,LINE
chrX,120440674,120440695,MA1714.1,+,3.88e-06,AluSx,Alu,SINE
chr12,122122042,122122063,MA1714.1,-,3.88e-06,MER3,hAT-Charlie,DNA
chr5,129037836,129037857,MA1714.1,-,3.88e-06,MIRb,MIR,SINE
chrX,136068493,136068514,MA1714.1,-,3.88e-06,L1M4c,L1,LINE
chr5,138583575,138583596,MA1714.1,-,3.88e-06,MIRc,MIR,SINE
chr7,138791627,138791648,MA1714.1,+,3.88e-06,L1MC5,L1,LINE
chr8,139022823,139022844,MA1714.1,-,3.88e-06,MLT1B,ERVL-MaLR,LTR
chrX,139896368,139896389,MA1714.1,-,3.88e-06,L1PB2,L1,LINE
chr5,140689525,140689546,MA1714.1,-,3.88e-06,MER21B,ERVL,LTR
chr2,141021400,141021421,MA1714.1,-,3.88e-06,MLT1B-int,ERVL-MaLR,LTR
chr4,144488728,144488749,MA1714.1,-,3.88e-06,AluSz,Alu,SINE
chr7,144597698,144597719,MA1714.1,-,3.88e-06,L1MA9,L1,LINE
chr5,159607640,159607661,MA1714.1,+,3.88e-06,AluSz,Alu,SINE
chr5,174706131,174706152,MA1714.1,-,3.88e-06,MIRb,MIR,SINE
chr2,186684114,186684135,MA1714.1,+,3.88e-06,L1MB3,L1,LINE
chr1,223049793,223049814,MA1714.1,+,3.88e-06,L1ME3C,L1,LINE
chr1,228800587,228800608,MA1714.1,-,3.88e-06,AluSq2,Alu,SINE
chr12,1060050,1060071,MA1714.1,-,3.9e-06,L1MA7,L1,LINE
chr6_qbl_hap6,3682031,3682052,MA1714.1,+,3.9e-06,THE1B-int,ERVL-MaLR,LTR
chr6_mann_hap4,3763226,3763247,MA1714.1,+,3.9e-06,THE1B-int,ERVL-MaLR,LTR
chr6_ssto_hap7,3767928,3767949,MA1714.1,+,3.9e-06,THE1B-int,ERVL-MaLR,LTR
chr6_mcf_hap5,3799816,3799837,MA1714.1,+,3.9e-06,THE1B-int,ERVL-MaLR,LTR
chr7,6410229,6410250,MA1714.1,-,3.9e-06,HAL1,L1,LINE
chr2,7129869,7129890,MA1714.1,-,3.9e-06,L1MC3,L1,LINE
chr5,10313326,10313347,MA1714.1,-,3.9e-06,AluJb,Alu,SINE
chr4,11959823,11959844,MA1714.1,-,3.9e-06,L1MA9,L1,LINE
chr2,14953999,14954020,MA1714.1,+,3.9e-06,MSTA-int,ERVL-MaLR,LTR
chr16,15731043,15731064,MA1714.1,+,3.9e-06,MIRb,MIR,SINE
chr10,16617947,16617968,MA1714.1,+,3.9e-06,THE1C,ERVL-MaLR,LTR
chr3,16856169,16856190,MA1714.1,-,3.9e-06,L1MC1,L1,LINE
chr1,18042865,18042886,MA1714.1,+,3.9e-06,AluJr,Alu,SINE
chr17,18401288,18401309,MA1714.1,-,3.9e-06,MER103C,hAT-Charlie,DNA
chr20,18793593,18793614,MA1714.1,+,3.9e-06,AluJb,Alu,SINE
chr17,20349656,20349677,MA1714.1,+,3.9e-06,MER103C,hAT-Charlie,DNA
chr17,21231646,21231667,MA1714.1,-,3.9e-06,L1M7,L1,LINE
chrY,21648702,21648723,MA1714.1,+,3.9e-06,L1M3,L1,LINE
chr19,22130829,22130850,MA1714.1,+,3.9e-06,LTR25-int,ERV1,LTR
chr6,22929834,22929855,MA1714.1,-,3.9e-06,L1MB7,L1,LINE
chr21,23510257,23510278,MA1714.1,+,3.9e-06,L1MB1,L1,LINE
chr9,23942562,23942583,MA1714.1,-,3.9e-06,MER61-int,ERV1,LTR
chr11,26903262,26903283,MA1714.1,+,3.9e-06,THE1B-int,ERVL-MaLR,LTR
chr16,27986560,27986581,MA1714.1,-,3.9e-06,LTR33,ERVL,LTR
chr5,28659785,28659806,MA1714.1,-,3.9e-06,MER5B,hAT-Charlie,DNA
chr15,30295641,30295662,MA1714.1,+,3.9e-06,MER20B,hAT-Charlie,DNA
chr12,31415082,31415103,MA1714.1,+,3.9e-06,L1MEg,L1,LINE
chr21,31435210,31435231,MA1714.1,-,3.9e-06,MIR,MIR,SINE
chr9,31988809,31988830,MA1714.1,-,3.9e-06,THE1B-int,ERVL-MaLR,LTR
chr10,32698982,32699003,MA1714.1,+,3.9e-06,MSTD-int,ERVL-MaLR,LTR
chr3,32971843,32971864,MA1714.1,+,3.9e-06,THE1B-int,ERVL-MaLR,LTR
chr17,38645302,38645323,MA1714.1,-,3.9e-06,MIR3,MIR,SINE
chr21,38719224,38719245,MA1714.1,-,3.9e-06,HAL1,L1,LINE
chr17,41694779,41694800,MA1714.1,+,3.9e-06,MER115,hAT-Tip100,DNA
chr7,66087199,66087220,MA1714.1,+,3.9e-06,AluJr,Alu,SINE
chr8,67733412,67733433,MA1714.1,-,3.9e-06,L1ME5,L1,LINE
chr12,69463052,69463073,MA1714.1,-,3.9e-06,MIRc,MIR,SINE
chr14,69752113,69752134,MA1714.1,+,3.9e-06,MIR,MIR,SINE
chr2,69891004,69891025,MA1714.1,+,3.9e-06,L1M6,L1,LINE
chr2,69964513,69964534,MA1714.1,-,3.9e-06,HAL1,L1,LINE
chr10,70592733,70592754,MA1714.1,-,3.9e-06,AluJo,Alu,SINE
chr18,72700105,72700126,MA1714.1,+,3.9e-06,L1ME1,L1,LINE
chr3,79519761,79519782,MA1714.1,+,3.9e-06,THE1B,ERVL-MaLR,LTR
chr15,84602450,84602471,MA1714.1,+,3.9e-06,THE1D-int,ERVL-MaLR,LTR
chr10,88137531,88137552,MA1714.1,-,3.9e-06,MIR,MIR,SINE
chr15,89347504,89347525,MA1714.1,+,3.9e-06,MIRb,MIR,SINE
chrX,90389608,90389629,MA1714.1,+,3.9e-06,THE1B-int,ERVL-MaLR,LTR
chr9,96824076,96824097,MA1714.1,-,3.9e-06,MSTA-int,ERVL-MaLR,LTR
chr11,101578411,101578432,MA1714.1,+,3.9e-06,THE1B-int,ERVL-MaLR,LTR
chr15,101859363,101859384,MA1714.1,+,3.9e-06,MIR,MIR,SINE
chr1,102051365,102051386,MA1714.1,-,3.9e-06,Tigger4,TcMar-Tigger,DNA
chr2,104452351,104452372,MA1714.1,+,3.9e-06,AluY,Alu,SINE
chr6,108357232,108357253,MA1714.1,-,3.9e-06,L1MEg,L1,LINE
chr1,110478776,110478797,MA1714.1,+,3.9e-06,L1M4c,L1,LINE
chr9,111724464,111724485,MA1714.1,+,3.9e-06,MIRb,MIR,SINE
chrX,116788665,116788686,MA1714.1,-,3.9e-06,THE1C-int,ERVL-MaLR,LTR
chr7,117775284,117775305,MA1714.1,+,3.9e-06,THE1B-int,ERVL-MaLR,LTR
chr9,119669314,119669335,MA1714.1,-,3.9e-06,MIRb,MIR,SINE
chr10,132369614,132369635,MA1714.1,+,3.9e-06,MER65C,ERV1,LTR
chr2,153782178,153782199,MA1714.1,+,3.9e-06,MLT1I,ERVL-MaLR,LTR
chr6,154879308,154879329,MA1714.1,+,3.9e-06,L1MA9,L1,LINE
chr3,155162661,155162682,MA1714.1,-,3.9e-06,MamGyp-int,Gypsy,LTR
chr3,155336154,155336175,MA1714.1,+,3.9e-06,HERV35I-int,ERV1,LTR
chr2,159673821,159673842,MA1714.1,+,3.9e-06,MIRc,MIR,SINE
chr2,178960704,178960725,MA1714.1,-,3.9e-06,THE1D-int,ERVL-MaLR,LTR
chr2,179019628,179019649,MA1714.1,-,3.9e-06,THE1B-int,ERVL-MaLR,LTR
chr2,205019394,205019415,MA1714.1,+,3.9e-06,Zaphod,hAT-Tip100,DNA
chr2,209057590,209057611,MA1714.1,+,3.9e-06,MER41B,ERV1,LTR
chr1,228389432,228389453,MA1714.1,-,3.9e-06,L1MB3,L1,LINE
chr12,7646306,7646327,MA1714.1,+,3.93e-06,L1M5,L1,LINE
chr8,8135500,8135521,MA1714.1,-,3.93e-06,L1MEe,L1,LINE
chr10,8234389,8234410,MA1714.1,-,3.93e-06,MIRb,MIR,SINE
chr2,8364138,8364159,MA1714.1,+,3.93e-06,MIRc,MIR,SINE
chr10,8623881,8623902,MA1714.1,-,3.93e-06,MIR,MIR,SINE
chr17,12849542,12849563,MA1714.1,-,3.93e-06,L1MC5,L1,LINE
chr2,13113821,13113842,MA1714.1,-,3.93e-06,THE1A-int,ERVL-MaLR,LTR
chr6,13143322,13143343,MA1714.1,+,3.93e-06,L1MA2,L1,LINE
chr20,13724431,13724452,MA1714.1,+,3.93e-06,L1MA9,L1,LINE
chr20,17780482,17780503,MA1714.1,+,3.93e-06,MLT1A,ERVL-MaLR,LTR
chr5,18169783,18169804,MA1714.1,+,3.93e-06,L1M1,L1,LINE
chrY,18946177,18946198,MA1714.1,+,3.93e-06,HERVE_a-int,ERV1,LTR
chr12,19819468,19819489,MA1714.1,+,3.93e-06,MSTC-int,ERVL-MaLR,LTR
chr13,21187615,21187636,MA1714.1,+,3.93e-06,L1MB7,L1,LINE
chr11,23384916,23384937,MA1714.1,-,3.93e-06,THE1B-int,ERVL-MaLR,LTR
chr5,23461022,23461043,MA1714.1,+,3.93e-06,L1MB2,L1,LINE
chr6,24984734,24984755,MA1714.1,+,3.93e-06,MIRb,MIR,SINE
chr2,26274221,26274242,MA1714.1,-,3.93e-06,HAL1,L1,LINE
chr20,32226277,32226298,MA1714.1,+,3.93e-06,MIR,MIR,SINE
chr12,32647219,32647240,MA1714.1,-,3.93e-06,AluJb,Alu,SINE
chr19,35001379,35001400,MA1714.1,-,3.93e-06,THE1A-int,ERVL-MaLR,LTR
chr8,38080590,38080611,MA1714.1,-,3.93e-06,L1MD1,L1,LINE
chr8,39177624,39177645,MA1714.1,-,3.93e-06,AluSz,Alu,SINE
chr21,47991277,47991298,MA1714.1,+,3.93e-06,L1M4c,L1,LINE
chr22,49206441,49206462,MA1714.1,-,3.93e-06,L1MC5,L1,LINE
chr1,53226531,53226552,MA1714.1,-,3.93e-06,AluSx1,Alu,SINE
chr8,55969919,55969940,MA1714.1,+,3.93e-06,L1ME2,L1,LINE
chrX,57829774,57829795,MA1714.1,+,3.93e-06,THE1A-int,ERVL-MaLR,LTR
chr10,60934152,60934173,MA1714.1,-,3.93e-06,LTR81B,Gypsy,LTR
chr13,60983081,60983102,MA1714.1,+,3.93e-06,THE1A-int,ERVL-MaLR,LTR
chr3,61371185,61371206,MA1714.1,+,3.93e-06,L1MC4a,L1,LINE
chr1,61985753,61985774,MA1714.1,-,3.93e-06,L1MB4,L1,LINE
chr13,63548195,63548216,MA1714.1,-,3.93e-06,THE1A-int,ERVL-MaLR,LTR
chrX,63890722,63890743,MA1714.1,+,3.93e-06,L1PA15,L1,LINE
chr5,64897775,64897796,MA1714.1,-,3.93e-06,THE1A-int,ERVL-MaLR,LTR
chr7,65641164,65641185,MA1714.1,-,3.93e-06,AluJb,Alu,SINE
chr14,72518038,72518059,MA1714.1,+,3.93e-06,L1MD,L1,LINE
chrX,72663187,72663208,MA1714.1,+,3.93e-06,MIRc,MIR,SINE
chr15,74704677,74704698,MA1714.1,-,3.93e-06,MIRb,MIR,SINE
chr1,77048422,77048443,MA1714.1,-,3.93e-06,L3,CR1,LINE
chr13,80330941,80330962,MA1714.1,-,3.93e-06,THE1B-int,ERVL-MaLR,LTR
chrX,81340512,81340533,MA1714.1,-,3.93e-06,MER61-int,ERV1,LTR
chr12,83893843,83893864,MA1714.1,+,3.93e-06,THE1A-int,ERVL-MaLR,LTR
chr6,84063426,84063447,MA1714.1,-,3.93e-06,L1MC5,L1,LINE
chr4,84668930,84668951,MA1714.1,+,3.93e-06,MLT1B-int,ERVL-MaLR,LTR
chrX,85940304,85940325,MA1714.1,-,3.93e-06,Charlie7,hAT-Charlie,DNA
chr9,87183552,87183573,MA1714.1,+,3.93e-06,MIRb,MIR,SINE
chr6,87500008,87500029,MA1714.1,+,3.93e-06,MER103C,hAT-Charlie,DNA
chr11,87616159,87616180,MA1714.1,-,3.93e-06,L1MEf,L1,LINE
chr14,92273239,92273260,MA1714.1,+,3.93e-06,THE1B-int,ERVL-MaLR,LTR
chr5,97313556,97313577,MA1714.1,-,3.93e-06,MLT1D,ERVL-MaLR,LTR
chrX,103775178,103775199,MA1714.1,-,3.93e-06,L1ME3F,L1,LINE
chr2,108319877,108319898,MA1714.1,-,3.93e-06,MIR,MIR,SINE
chr10,111108515,111108536,MA1714.1,-,3.93e-06,L1ME1,L1,LINE
chr12,111810337,111810358,MA1714.1,-,3.93e-06,THE1A-int,ERVL-MaLR,LTR
chr11,119711389,119711410,MA1714.1,-,3.93e-06,MIRc,MIR,SINE
chr3,122235807,122235828,MA1714.1,+,3.93e-06,MLT1E1A,ERVL-MaLR,LTR
chr4,125303126,125303147,MA1714.1,-,3.93e-06,Tigger1,TcMar-Tigger,DNA
chr8,127732680,127732701,MA1714.1,+,3.93e-06,MIRb,MIR,SINE
chr2,128894626,128894647,MA1714.1,-,3.93e-06,L1MC2,L1,LINE
chr4,129290594,129290615,MA1714.1,-,3.93e-06,THE1A-int,ERVL-MaLR,LTR
chr3,132148325,132148346,MA1714.1,+,3.93e-06,MIRb,MIR,SINE
chr8,132464245,132464266,MA1714.1,+,3.93e-06,L1PA7,L1,LINE
chr8,133084583,133084604,MA1714.1,+,3.93e-06,MIRb,MIR,SINE
chr11,134795988,134796009,MA1714.1,-,3.93e-06,L1MC3,L1,LINE
chr8,141701075,141701096,MA1714.1,+,3.93e-06,MIR,MIR,SINE
chr2,166824397,166824418,MA1714.1,+,3.93e-06,THE1A-int,ERVL-MaLR,LTR
chr4,167133053,167133074,MA1714.1,-,3.93e-06,THE1A-int,ERVL-MaLR,LTR
chr1,195847852,195847873,MA1714.1,-,3.93e-06,THE1A-int,ERVL-MaLR,LTR
chr1,205361163,205361184,MA1714.1,+,3.93e-06,AluSx1,Alu,SINE
chr2,235831590,235831611,MA1714.1,+,3.93e-06,L1ME2,L1,LINE
chr2,237116124,237116145,MA1714.1,-,3.93e-06,L1ME4a,L1,LINE
chr10,1675165,1675186,MA1714.1,+,3.95e-06,MLT2B1,ERVL,LTR
chrY,4601312,4601333,MA1714.1,-,3.95e-06,L1ME1,L1,LINE
chrX,5826856,5826877,MA1714.1,+,3.95e-06,AluJr,Alu,SINE
chr6,6062153,6062174,MA1714.1,-,3.95e-06,L1MEd,L1,LINE
chr1,10077786,10077807,MA1714.1,-,3.95e-06,HUERS-P1-int,ERV1,LTR
chr12,10472905,10472926,MA1714.1,+,3.95e-06,MLT1F-int,ERVL-MaLR,LTR
chr1,11063008,11063029,MA1714.1,+,3.95e-06,L1MC4,L1,LINE
chr2,11387334,11387355,MA1714.1,+,3.95e-06,L1MB7,L1,LINE
chr18,12926011,12926032,MA1714.1,+,3.95e-06,AluSz,Alu,SINE
chr5,14112944,14112965,MA1714.1,-,3.95e-06,MIRc,MIR,SINE
chr19,19531643,19531664,MA1714.1,+,3.95e-06,MIRb,MIR,SINE
chr6,20225050,20225071,MA1714.1,+,3.95e-06,Charlie2b,hAT-Charlie,DNA
chr10,20390962,20390983,MA1714.1,-,3.95e-06,AluSx1,Alu,SINE
chr20,21546107,21546128,MA1714.1,+,3.95e-06,MIR,MIR,SINE
chr7,23733849,23733870,MA1714.1,-,3.95e-06,L1ME3C,L1,LINE
chr6,23736153,23736174,MA1714.1,+,3.95e-06,MER121,TcMar,DNA
chr20,24394418,24394439,MA1714.1,+,3.95e-06,MIRb,MIR,SINE
chr1,25109594,25109615,MA1714.1,-,3.95e-06,L1MC4,L1,LINE
chr1,26322780,26322801,MA1714.1,+,3.95e-06,AluJb,Alu,SINE
chr17,30297014,30297035,MA1714.1,-,3.95e-06,AluSz6,Alu,SINE
chr19,30360045,30360066,MA1714.1,+,3.95e-06,MLT1J,ERVL-MaLR,LTR
chr19,30479952,30479973,MA1714.1,-,3.95e-06,L1ME1,L1,LINE
chr3,31963574,31963595,MA1714.1,+,3.95e-06,L1MC3,L1,LINE
chr13,32053755,32053776,MA1714.1,-,3.95e-06,THE1A-int,ERVL-MaLR,LTR
chr7,33056719,33056740,MA1714.1,+,3.95e-06,AluSx1,Alu,SINE
chr2,33918334,33918355,MA1714.1,-,3.95e-06,THE1A-int,ERVL-MaLR,LTR
chr22,36738421,36738442,MA1714.1,+,3.95e-06,MIR,MIR,SINE
chr21,37989070,37989091,MA1714.1,+,3.95e-06,L1PA5,L1,LINE
chr7,39474035,39474056,MA1714.1,+,3.95e-06,MIR,MIR,SINE
chr1,39914845,39914866,MA1714.1,-,3.95e-06,MIR,MIR,SINE
chr3,42455294,42455315,MA1714.1,-,3.95e-06,MIRb,MIR,SINE
chr7,44655658,44655679,MA1714.1,-,3.95e-06,L1MD1,L1,LINE
chr14,45828302,45828323,MA1714.1,-,3.95e-06,MER39,ERV1,LTR
chr15,46267496,46267517,MA1714.1,-,3.95e-06,HERV16-int,ERVL,LTR
chr12,46588146,46588167,MA1714.1,-,3.95e-06,L1PA6,L1,LINE
chr21,47756785,47756806,MA1714.1,-,3.95e-06,L1MC3,L1,LINE
chr16,48312183,48312204,MA1714.1,-,3.95e-06,HAL1,L1,LINE
chr6,48434577,48434598,MA1714.1,+,3.95e-06,L1MA3,L1,LINE
chr3,49230564,49230585,MA1714.1,+,3.95e-06,AluJb,Alu,SINE
chr7,49252441,49252462,MA1714.1,-,3.95e-06,THE1B-int,ERVL-MaLR,LTR
chr15,51215315,51215336,MA1714.1,+,3.95e-06,MIR,MIR,SINE
chrX,54326657,54326678,MA1714.1,-,3.95e-06,AluJr,Alu,SINE
chr8,57319337,57319358,MA1714.1,-,3.95e-06,L1MC4,L1,LINE
chr1,58584371,58584392,MA1714.1,-,3.95e-06,MIR,MIR,SINE
chr13,61700211,61700232,MA1714.1,-,3.95e-06,THE1A-int,ERVL-MaLR,LTR
chr8,63925067,63925088,MA1714.1,+,3.95e-06,AluSz,Alu,SINE
chr8,69186043,69186064,MA1714.1,+,3.95e-06,MIRc,MIR,SINE
chr12,69824374,69824395,MA1714.1,+,3.95e-06,MIRc,MIR,SINE
chr1,71714977,71714998,MA1714.1,+,3.95e-06,Arthur1,hAT-Tip100,DNA
chr18,72761619,72761640,MA1714.1,-,3.95e-06,L3,CR1,LINE
chr14,75552031,75552052,MA1714.1,-,3.95e-06,MIRb,MIR,SINE
chr9,76268487,76268508,MA1714.1,+,3.95e-06,L1MC1,L1,LINE
chr5,78682291,78682312,MA1714.1,+,3.95e-06,L1MA4A,L1,LINE
chr17,80131302,80131323,MA1714.1,+,3.95e-06,L1MEf,L1,LINE
chr16,81341543,81341564,MA1714.1,-,3.95e-06,MIR,MIR,SINE
chr5,81781623,81781644,MA1714.1,-,3.95e-06,L1M5,L1,LINE
chr4,82365025,82365046,MA1714.1,-,3.95e-06,L1ME2,L1,LINE
chr16,89504665,89504686,MA1714.1,+,3.95e-06,L1M5,L1,LINE
chrX,90746955,90746976,MA1714.1,-,3.95e-06,L1ME1,L1,LINE
chr4,91438201,91438222,MA1714.1,-,3.95e-06,MER47A,TcMar-Tigger,DNA
chr10,94043130,94043151,MA1714.1,-,3.95e-06,MIRb,MIR,SINE
chr12,94518807,94518828,MA1714.1,-,3.95e-06,MIR,MIR,SINE
chr7,100415858,100415879,MA1714.1,-,3.95e-06,AluJb,Alu,SINE
chr11,104171229,104171250,MA1714.1,-,3.95e-06,MLT1D,ERVL-MaLR,LTR
chrX,106712959,106712980,MA1714.1,+,3.95e-06,MIR,MIR,SINE
chrX,107445785,107445806,MA1714.1,-,3.95e-06,MIR,MIR,SINE
chr7,112928029,112928050,MA1714.1,+,3.95e-06,L1MC3,L1,LINE
chr2,115561554,115561575,MA1714.1,+,3.95e-06,THE1A-int,ERVL-MaLR,LTR
chr7,117043537,117043558,MA1714.1,-,3.95e-06,HERVL32-int,ERVL,LTR
chr5,123133048,123133069,MA1714.1,+,3.95e-06,L1MEg,L1,LINE
chr7,123629353,123629374,MA1714.1,-,3.95e-06,L1PB1,L1,LINE
chr12,124374889,124374910,MA1714.1,-,3.95e-06,AluJo,Alu,SINE
chr4,125248713,125248734,MA1714.1,+,3.95e-06,FordPrefect,hAT-Tip100,DNA
chr3,136390684,136390705,MA1714.1,+,3.95e-06,AluJb,Alu,SINE
chr6,138268779,138268800,MA1714.1,+,3.95e-06,MIRb,MIR,SINE
chr8,138686993,138687014,MA1714.1,+,3.95e-06,MIRb,MIR,SINE
chr3,139546495,139546516,MA1714.1,-,3.95e-06,L4,RTE,LINE
chr6,142931551,142931572,MA1714.1,+,3.95e-06,L1MEc,L1,LINE
chr3,146040406,146040427,MA1714.1,+,3.95e-06,THE1C-int,ERVL-MaLR,LTR
chr7,153222981,153223002,MA1714.1,+,3.95e-06,MIRb,MIR,SINE
chr2,172836177,172836198,MA1714.1,-,3.95e-06,AluSq2,Alu,SINE
chr1,177630496,177630517,MA1714.1,+,3.95e-06,L1MEg,L1,LINE
chr4,180541582,180541603,MA1714.1,+,3.95e-06,L1PB4,L1,LINE
chr2,238414732,238414753,MA1714.1,-,3.95e-06,Charlie1a,hAT-Charlie,DNA
chr4,868106,868127,MA1714.1,-,3.98e-06,L1MEg,L1,LINE
chr9,2334601,2334622,MA1714.1,+,3.98e-06,AluSx1,Alu,SINE
chr12,2677524,2677545,MA1714.1,+,3.98e-06,L1MB3,L1,LINE
chr7,2901707,2901728,MA1714.1,+,3.98e-06,AluSz,Alu,SINE
chr7,3416484,3416505,MA1714.1,-,3.98e-06,HAL1,L1,LINE
chrY,3682491,3682512,MA1714.1,-,3.98e-06,THE1C-int,ERVL-MaLR,LTR
chr17,4247759,4247780,MA1714.1,+,3.98e-06,AluSc8,Alu,SINE
chr6_qbl_hap6,4579795,4579816,MA1714.1,+,3.98e-06,AluSx1,Alu,SINE
chr6_cox_hap2,4791399,4791420,MA1714.1,+,3.98e-06,AluSx1,Alu,SINE
chr6_mcf_hap5,4821323,4821344,MA1714.1,+,3.98e-06,AluSx1,Alu,SINE
chr19,6603636,6603657,MA1714.1,-,3.98e-06,AluSq2,Alu,SINE
chrX,9667092,9667113,MA1714.1,-,3.98e-06,AluSz,Alu,SINE
chr10,12757791,12757812,MA1714.1,-,3.98e-06,AluSz,Alu,SINE
chr17,12978654,12978675,MA1714.1,+,3.98e-06,AluSz6,Alu,SINE
chr16,15743154,15743175,MA1714.1,-,3.98e-06,MIRb,MIR,SINE
chr4,15824561,15824582,MA1714.1,+,3.98e-06,L1PA10,L1,LINE
chr4,15877544,15877565,MA1714.1,-,3.98e-06,LTR78,ERV1,LTR
chr1,15961972,15961993,MA1714.1,-,3.98e-06,AluSx,Alu,SINE
chr8,17440365,17440386,MA1714.1,+,3.98e-06,MSTB1-int,ERVL-MaLR,LTR
chr8,18506242,18506263,MA1714.1,+,3.98e-06,MSTA-int,ERVL-MaLR,LTR
chr10,18625472,18625493,MA1714.1,+,3.98e-06,AluSq,Alu,SINE
chr2,18720091,18720112,MA1714.1,+,3.98e-06,MER21C,ERVL,LTR
chr22,18810689,18810710,MA1714.1,+,3.98e-06,L1ME1,L1,LINE
chr1,19067868,19067889,MA1714.1,+,3.98e-06,AluSx1,Alu,SINE
chr22,21611937,21611958,MA1714.1,+,3.98e-06,L1ME1,L1,LINE
chr19,21645953,21645974,MA1714.1,-,3.98e-06,AluSx,Alu,SINE
chr7,21788031,21788052,MA1714.1,+,3.98e-06,AluSz,Alu,SINE
chr2,22554292,22554313,MA1714.1,-,3.98e-06,AluSx1,Alu,SINE
chr14,24371456,24371477,MA1714.1,+,3.98e-06,AluSx,Alu,SINE
chr14,24640059,24640080,MA1714.1,+,3.98e-06,AluSx1,Alu,SINE
chr15,25586834,25586855,MA1714.1,+,3.98e-06,AluSx1,Alu,SINE
chr2,27818263,27818284,MA1714.1,-,3.98e-06,AluSx3,Alu,SINE
chr16,28201925,28201946,MA1714.1,+,3.98e-06,L1MC4,L1,LINE
chr18,29956725,29956746,MA1714.1,+,3.98e-06,AluSp,Alu,SINE
chr22,31094802,31094823,MA1714.1,-,3.98e-06,L1ME3F,L1,LINE
chr17,31397167,31397188,MA1714.1,-,3.98e-06,L1MEc,L1,LINE
chr5,31909076,31909097,MA1714.1,+,3.98e-06,AluSz,Alu,SINE
chr2,32523701,32523722,MA1714.1,-,3.98e-06,AluSz,Alu,SINE
chr6,33347569,33347590,MA1714.1,+,3.98e-06,AluSx1,Alu,SINE
chr16,33568538,33568559,MA1714.1,+,3.98e-06,MIR,MIR,SINE
chr9,34192481,34192502,MA1714.1,+,3.98e-06,AluSg,Alu,SINE
chr3,34754682,34754703,MA1714.1,-,3.98e-06,AluSx1,Alu,SINE
chr9,35767871,35767892,MA1714.1,-,3.98e-06,AluSx1,Alu,SINE
chr12,39476931,39476952,MA1714.1,-,3.98e-06,Charlie21a,hAT-Charlie,DNA
chrX,40384817,40384838,MA1714.1,-,3.98e-06,ERV3-16A3_I-int,ERVL,LTR
chr17,40614509,40614530,MA1714.1,-,3.98e-06,AluSx,Alu,SINE
chr17,42044595,42044616,MA1714.1,+,3.98e-06,AluSx,Alu,SINE
chr8,42122148,42122169,MA1714.1,-,3.98e-06,AluSx1,Alu,SINE
chr11,43780317,43780338,MA1714.1,-,3.98e-06,ERVL-E-int,ERVL,LTR
chr1,44123493,44123514,MA1714.1,-,3.98e-06,AluSx1,Alu,SINE
chr18,44451406,44451427,MA1714.1,+,3.98e-06,HERVI-int,ERV1,LTR
chr18,46270898,46270919,MA1714.1,-,3.98e-06,L1MC4,L1,LINE
chr13,47107304,47107325,MA1714.1,-,3.98e-06,L1MC4,L1,LINE
chr17,47433715,47433736,MA1714.1,+,3.98e-06,AluSg4,Alu,SINE
chr4,48292318,48292339,MA1714.1,-,3.98e-06,MIR,MIR,SINE
chr20,48930087,48930108,MA1714.1,+,3.98e-06,MLT1K,ERVL-MaLR,LTR
chr19,52798505,52798526,MA1714.1,-,3.98e-06,AluSx,Alu,SINE
chr13,53539151,53539172,MA1714.1,-,3.98e-06,MamGypLTR1c,Gypsy,LTR
chr15,56411899,56411920,MA1714.1,+,3.98e-06,AluSx,Alu,SINE
chr12,57263603,57263624,MA1714.1,-,3.98e-06,AluSz,Alu,SINE
chr17,57490101,57490122,MA1714.1,-,3.98e-06,AluSz,Alu,SINE
chr11,59684649,59684670,MA1714.1,-,3.98e-06,THE1B-int,ERVL-MaLR,LTR
chr12,60590407,60590428,MA1714.1,+,3.98e-06,AluSz6,Alu,SINE
chr2,60741727,60741748,MA1714.1,+,3.98e-06,AluSx,Alu,SINE
chr2,61113704,61113725,MA1714.1,+,3.98e-06,MIRb,MIR,SINE
chr11,62653959,62653980,MA1714.1,-,3.98e-06,AluJb,Alu,SINE
chr3,65355419,65355440,MA1714.1,-,3.98e-06,AluSz6,Alu,SINE
chr12,66169169,66169190,MA1714.1,-,3.98e-06,AluJb,Alu,SINE
chr14,70046126,70046147,MA1714.1,+,3.98e-06,MIRb,MIR,SINE
chr16,70457337,70457358,MA1714.1,+,3.98e-06,AluSx,Alu,SINE
chr11,70654102,70654123,MA1714.1,+,3.98e-06,L1MB3,L1,LINE
chrX,72028727,72028748,MA1714.1,+,3.98e-06,AluJb,Alu,SINE
chrX,72131748,72131769,MA1714.1,-,3.98e-06,AluJb,Alu,SINE
chr10,73791115,73791136,MA1714.1,-,3.98e-06,AluSx1,Alu,SINE
chr5,74180718,74180739,MA1714.1,-,3.98e-06,AluSp,Alu,SINE
chr16,75219423,75219444,MA1714.1,+,3.98e-06,AluSz,Alu,SINE
chr1,75280661,75280682,MA1714.1,-,3.98e-06,L1MEd,L1,LINE
chr18,77224161,77224182,MA1714.1,-,3.98e-06,AluSx1,Alu,SINE
chr14,77590701,77590722,MA1714.1,-,3.98e-06,MIRb,MIR,SINE
chr6,77618498,77618519,MA1714.1,+,3.98e-06,L1MB3,L1,LINE
chr14,81290568,81290589,MA1714.1,-,3.98e-06,THE1B-int,ERVL-MaLR,LTR
chr15,81538656,81538677,MA1714.1,-,3.98e-06,L1ME1,L1,LINE
chr7,82055371,82055392,MA1714.1,+,3.98e-06,AluSz6,Alu,SINE
chr16,84249307,84249328,MA1714.1,+,3.98e-06,L1MC4,L1,LINE
chr10,84540191,84540212,MA1714.1,-,3.98e-06,L1MDb,L1,LINE
chr2,85675361,85675382,MA1714.1,-,3.98e-06,AluSq,Alu,SINE
chr11,86420328,86420349,MA1714.1,+,3.98e-06,L1MEc,L1,LINE
chr14,86426335,86426356,MA1714.1,-,3.98e-06,L1MEg,L1,LINE
chr11,87163135,87163156,MA1714.1,+,3.98e-06,LTR49-int,ERV1,LTR
chr7,88884031,88884052,MA1714.1,-,3.98e-06,AluSx1,Alu,SINE
chrX,89500145,89500166,MA1714.1,-,3.98e-06,THE1D-int,ERVL-MaLR,LTR
chr3,97096926,97096947,MA1714.1,+,3.98e-06,THE1A-int,ERVL-MaLR,LTR
chr15,101090116,101090137,MA1714.1,-,3.98e-06,AluSx1,Alu,SINE
chr5,101443617,101443638,MA1714.1,-,3.98e-06,L1M1,L1,LINE
chr12,102479124,102479145,MA1714.1,+,3.98e-06,AluJb,Alu,SINE
chr14,103114087,103114108,MA1714.1,-,3.98e-06,AluSz,Alu,SINE
chr9,103550594,103550615,MA1714.1,+,3.98e-06,L1MA9,L1,LINE
chr12,106817706,106817727,MA1714.1,-,3.98e-06,AluSx1,Alu,SINE
chr1,106905941,106905962,MA1714.1,+,3.98e-06,MSTA-int,ERVL-MaLR,LTR
chr1,107192424,107192445,MA1714.1,-,3.98e-06,MLT1D-int,ERVL-MaLR,LTR
chr13,108564880,108564901,MA1714.1,+,3.98e-06,L1MEg,L1,LINE
chr10,108797656,108797677,MA1714.1,-,3.98e-06,AluSx,Alu,SINE
chr11,109123944,109123965,MA1714.1,-,3.98e-06,AluSx1,Alu,SINE
chr12,110540081,110540102,MA1714.1,-,3.98e-06,MLT1L,ERVL-MaLR,LTR
chr5,113428571,113428592,MA1714.1,-,3.98e-06,THE1D-int,ERVL-MaLR,LTR
chr9,117173984,117174005,MA1714.1,-,3.98e-06,MIRb,MIR,SINE
chr1,117187742,117187763,MA1714.1,+,3.98e-06,L1ME1,L1,LINE
chr11,118721261,118721282,MA1714.1,-,3.98e-06,AluSz,Alu,SINE
chr9,120213383,120213404,MA1714.1,-,3.98e-06,L1MB4,L1,LINE
chr11,122296090,122296111,MA1714.1,+,3.98e-06,MIRb,MIR,SINE
chr11,122779478,122779499,MA1714.1,-,3.98e-06,AluSx1,Alu,SINE
chr10,123579581,123579602,MA1714.1,+,3.98e-06,AluSz,Alu,SINE
chr9,124856615,124856636,MA1714.1,-,3.98e-06,AluSq2,Alu,SINE
chr5,126663478,126663499,MA1714.1,-,3.98e-06,AluSq,Alu,SINE
chr12,127257353,127257374,MA1714.1,-,3.98e-06,AluSg4,Alu,SINE
chr12,129115501,129115522,MA1714.1,+,3.98e-06,AluSc8,Alu,SINE
chr9,131027134,131027155,MA1714.1,-,3.98e-06,MIRb,MIR,SINE
chr8,131463621,131463642,MA1714.1,-,3.98e-06,AluSx,Alu,SINE
chr6,137461866,137461887,MA1714.1,-,3.98e-06,AluSc,Alu,SINE
chr6,139072732,139072753,MA1714.1,-,3.98e-06,AluSx1,Alu,SINE
chr6,139956078,139956099,MA1714.1,-,3.98e-06,AluSx,Alu,SINE
chr4,140482576,140482597,MA1714.1,+,3.98e-06,AluSx,Alu,SINE
chr5,141399394,141399415,MA1714.1,-,3.98e-06,AluSc,Alu,SINE
chr6,142534969,142534990,MA1714.1,-,3.98e-06,MSTA-int,ERVL-MaLR,LTR
chr7,142847200,142847221,MA1714.1,+,3.98e-06,L1PA16,L1,LINE
chr7,143868162,143868183,MA1714.1,+,3.98e-06,THE1B-int,ERVL-MaLR,LTR
chrX,144405519,144405540,MA1714.1,-,3.98e-06,L1MEf,L1,LINE
chr1,145405366,145405387,MA1714.1,+,3.98e-06,AluSx,Alu,SINE
chr3,147646529,147646550,MA1714.1,+,3.98e-06,MER39,ERV1,LTR
chr7,150493045,150493066,MA1714.1,+,3.98e-06,MER65C,ERV1,LTR
chr7,152154646,152154667,MA1714.1,-,3.98e-06,AluSx1,Alu,SINE
chr4,153990742,153990763,MA1714.1,-,3.98e-06,AluSx1,Alu,SINE
chr6,155215760,155215781,MA1714.1,+,3.98e-06,AluSx,Alu,SINE
chr3,155724888,155724909,MA1714.1,+,3.98e-06,AluSx,Alu,SINE
chr3,156932977,156932998,MA1714.1,-,3.98e-06,AluSz,Alu,SINE
chr6,159161530,159161551,MA1714.1,-,3.98e-06,L1MEg,L1,LINE
chr6,160144887,160144908,MA1714.1,-,3.98e-06,AluJr4,Alu,SINE
chr3,167900797,167900818,MA1714.1,+,3.98e-06,AluSc5,Alu,SINE
chr1,174038715,174038736,MA1714.1,-,3.98e-06,AluSq,Alu,SINE
chr5,176998042,176998063,MA1714.1,+,3.98e-06,AluSx3,Alu,SINE
chr2,178741963,178741984,MA1714.1,-,3.98e-06,AluSx,Alu,SINE
chr2,200487550,200487571,MA1714.1,+,3.98e-06,MIR,MIR,SINE
chr2,215783828,215783849,MA1714.1,+,3.98e-06,MLT1A0,ERVL-MaLR,LTR
chr1,224439266,224439287,MA1714.1,+,3.98e-06,AluSx,Alu,SINE
chr2,230870455,230870476,MA1714.1,-,3.98e-06,AluSx1,Alu,SINE
chr2,232202081,232202102,MA1714.1,-,3.98e-06,AluSx,Alu,SINE
chr9,6210792,6210813,MA1714.1,-,4.01e-06,L1M4,L1,LINE
chr1,7092536,7092557,MA1714.1,-,4.01e-06,L1MEc,L1,LINE
chr10,7707398,7707419,MA1714.1,-,4.01e-06,MIR,MIR,SINE
chr3,10356246,10356267,MA1714.1,-,4.01e-06,Charlie4a,hAT-Charlie,DNA
chr19,13799987,13800008,MA1714.1,-,4.01e-06,MamRep137,TcMar,DNA
chrX,17155800,17155821,MA1714.1,-,4.01e-06,AluJr,Alu,SINE
chr11,18999540,18999561,MA1714.1,-,4.01e-06,L1PB1,L1,LINE
chr12,21732625,21732646,MA1714.1,-,4.01e-06,MLT1D,ERVL-MaLR,LTR
chr20,22860597,22860618,MA1714.1,-,4.01e-06,MLT1D,ERVL-MaLR,LTR
chr8,28678947,28678968,MA1714.1,-,4.01e-06,THE1A,ERVL-MaLR,LTR
chrX,31027528,31027549,MA1714.1,+,4.01e-06,MER61C,ERV1,LTR
chr20,32352704,32352725,MA1714.1,-,4.01e-06,AluJb,Alu,SINE
chr2,32951156,32951177,MA1714.1,-,4.01e-06,THE1B-int,ERVL-MaLR,LTR
chr8,33184602,33184623,MA1714.1,-,4.01e-06,LTR78B,ERV1,LTR
chr10,35700040,35700061,MA1714.1,+,4.01e-06,L3,CR1,LINE
chr8,37370924,37370945,MA1714.1,+,4.01e-06,FRAM,Alu,SINE
chr9,37493271,37493292,MA1714.1,+,4.01e-06,MER117,hAT-Charlie,DNA
chr6,37581410,37581431,MA1714.1,-,4.01e-06,MIRb,MIR,SINE
chr1,39593677,39593698,MA1714.1,-,4.01e-06,L1ME4a,L1,LINE
chr11,39737538,39737559,MA1714.1,+,4.01e-06,THE1A-int,ERVL-MaLR,LTR
chr19,40156946,40156967,MA1714.1,-,4.01e-06,THE1A-int,ERVL-MaLR,LTR
chr22,40198455,40198476,MA1714.1,-,4.01e-06,MER39,ERV1,LTR
chr7,41921305,41921326,MA1714.1,-,4.01e-06,Arthur1B,hAT-Tip100,DNA
chr18,42327481,42327502,MA1714.1,-,4.01e-06,MIRc,MIR,SINE
chr17,42715029,42715050,MA1714.1,+,4.01e-06,FRAM,Alu,SINE
chr20,45170694,45170715,MA1714.1,+,4.01e-06,MIRc,MIR,SINE
chr22,48230729,48230750,MA1714.1,+,4.01e-06,L1MD2,L1,LINE
chrX,51498781,51498802,MA1714.1,-,4.01e-06,L1MC4,L1,LINE
chr18,52827346,52827367,MA1714.1,+,4.01e-06,THE1A-int,ERVL-MaLR,LTR
chr5,54221554,54221575,MA1714.1,-,4.01e-06,L1M4,L1,LINE
chr12,55121078,55121099,MA1714.1,-,4.01e-06,MSTA-int,ERVL-MaLR,LTR
chr10,56614135,56614156,MA1714.1,-,4.01e-06,MER52A,ERV1,LTR
chr8,59126474,59126495,MA1714.1,+,4.01e-06,L1M2,L1,LINE
chr3,64776273,64776294,MA1714.1,+,4.01e-06,L1ME3F,L1,LINE
chr10,65299926,65299947,MA1714.1,+,4.01e-06,L3,CR1,LINE
chr13,68999942,68999963,MA1714.1,-,4.01e-06,L1MEc,L1,LINE
chr9,71472003,71472024,MA1714.1,+,4.01e-06,MLT1D,ERVL-MaLR,LTR
chr10,71764232,71764253,MA1714.1,+,4.01e-06,L1M4,L1,LINE
chr15,72971262,72971283,MA1714.1,+,4.01e-06,AluJo,Alu,SINE
chr13,74034833,74034854,MA1714.1,-,4.01e-06,THE1A,ERVL-MaLR,LTR
chr10,74649513,74649534,MA1714.1,+,4.01e-06,L1MB3,L1,LINE
chr14,74702241,74702262,MA1714.1,+,4.01e-06,MIRb,MIR,SINE
chr5,74738591,74738612,MA1714.1,+,4.01e-06,MER44A,TcMar-Tigger,DNA
chr2,75047914,75047935,MA1714.1,+,4.01e-06,L1ME5,L1,LINE
chr10,75076468,75076489,MA1714.1,-,4.01e-06,L1ME1,L1,LINE
chr17,76096672,76096693,MA1714.1,-,4.01e-06,THE1B-int,ERVL-MaLR,LTR
chr8,77006997,77007018,MA1714.1,-,4.01e-06,L1M4c,L1,LINE
chr8,77547459,77547480,MA1714.1,+,4.01e-06,L1PA15,L1,LINE
chr16,79643759,79643780,MA1714.1,+,4.01e-06,MIRb,MIR,SINE
chr4,80233235,80233256,MA1714.1,+,4.01e-06,Charlie2a,hAT-Charlie,DNA
chr2,82736097,82736118,MA1714.1,+,4.01e-06,MER52A,ERV1,LTR
chr16,84962153,84962174,MA1714.1,-,4.01e-06,MIRc,MIR,SINE
chr15,86999034,86999055,MA1714.1,-,4.01e-06,MIR,MIR,SINE
chr2,88543327,88543348,MA1714.1,+,4.01e-06,THE1A-int,ERVL-MaLR,LTR
chr9,90485306,90485327,MA1714.1,-,4.01e-06,AluSz6,Alu,SINE
chr4,93549221,93549242,MA1714.1,-,4.01e-06,MER63C,hAT-Blackjack,DNA
chr4,97670711,97670732,MA1714.1,-,4.01e-06,THE1B-int,ERVL-MaLR,LTR
chr11,98490963,98490984,MA1714.1,+,4.01e-06,THE1B-int,ERVL-MaLR,LTR
chr11,101934474,101934495,MA1714.1,+,4.01e-06,AluJo,Alu,SINE
chr7,104410048,104410069,MA1714.1,-,4.01e-06,L1PA7,L1,LINE
chr12,111569119,111569140,MA1714.1,-,4.01e-06,THE1A,ERVL-MaLR,LTR
chr4,120843481,120843502,MA1714.1,+,4.01e-06,L2a,L2,LINE
chr8,123946359,123946380,MA1714.1,-,4.01e-06,MIRb,MIR,SINE
chr8,126678467,126678488,MA1714.1,+,4.01e-06,MIR,MIR,SINE
chr5,127922093,127922114,MA1714.1,-,4.01e-06,MIR,MIR,SINE
chr5,128145231,128145252,MA1714.1,-,4.01e-06,L1MCa,L1,LINE
chr8,140555548,140555569,MA1714.1,-,4.01e-06,L1MA7,L1,LINE
chr3,143894914,143894935,MA1714.1,-,4.01e-06,LTR27B,ERV1,LTR
chr4,159188741,159188762,MA1714.1,-,4.01e-06,L1MC1,L1,LINE
chr2,171409315,171409336,MA1714.1,+,4.01e-06,MSTA-int,ERVL-MaLR,LTR
chr1,227939931,227939952,MA1714.1,-,4.01e-06,L1MA9,L1,LINE
chr1,248413700,248413721,MA1714.1,+,4.01e-06,L1MA4A,L1,LINE
chr16,2464726,2464747,MA1714.1,-,4.03e-06,L1MB7,L1,LINE
chr4,3620979,3621000,MA1714.1,-,4.03e-06,L1MEe,L1,LINE
chr11,5083623,5083644,MA1714.1,-,4.03e-06,L1M2,L1,LINE
chr12,6489607,6489628,MA1714.1,+,4.03e-06,AluSz6,Alu,SINE
chr18,13562667,13562688,MA1714.1,-,4.03e-06,L1MA9,L1,LINE
chr11,15884107,15884128,MA1714.1,-,4.03e-06,L1ME3C,L1,LINE
chr16,15885889,15885910,MA1714.1,+,4.03e-06,MIR,MIR,SINE
chr5,20654385,20654406,MA1714.1,+,4.03e-06,L1PREC2,L1,LINE
chr16,21629849,21629870,MA1714.1,-,4.03e-06,L1MB3,L1,LINE
chr16,25941207,25941228,MA1714.1,-,4.03e-06,L1PREC2,L1,LINE
chr22,27789979,27790000,MA1714.1,-,4.03e-06,MIR3,MIR,SINE
chr22,29530488,29530509,MA1714.1,-,4.03e-06,L1MCc,L1,LINE
chr15,29794646,29794667,MA1714.1,+,4.03e-06,L1MB7,L1,LINE
chr15,31534076,31534097,MA1714.1,-,4.03e-06,HERV16-int,ERVL,LTR
chr10,31569190,31569211,MA1714.1,+,4.03e-06,L1MEg,L1,LINE
chr15,31605678,31605699,MA1714.1,-,4.03e-06,MLT1J,ERVL-MaLR,LTR
chr2,33437828,33437849,MA1714.1,+,4.03e-06,Tigger4a,TcMar-Tigger,DNA
chr20,37442361,37442382,MA1714.1,-,4.03e-06,MIR,MIR,SINE
chr18,39033912,39033933,MA1714.1,+,4.03e-06,L1MB3,L1,LINE
chr5,39241277,39241298,MA1714.1,+,4.03e-06,L1PA15,L1,LINE
chr20,43483842,43483863,MA1714.1,+,4.03e-06,L1MEc,L1,LINE
chr13,46071558,46071579,MA1714.1,-,4.03e-06,L1MC5,L1,LINE
chr2,49590033,49590054,MA1714.1,-,4.03e-06,THE1A-int,ERVL-MaLR,LTR
chr7,55126436,55126457,MA1714.1,+,4.03e-06,L1PA13,L1,LINE
chrX,55254382,55254403,MA1714.1,+,4.03e-06,MSTB-int,ERVL-MaLR,LTR
chr17,55388982,55389003,MA1714.1,-,4.03e-06,AluJr,Alu,SINE
chr11,61104178,61104199,MA1714.1,-,4.03e-06,MIRb,MIR,SINE
chr2,66932761,66932782,MA1714.1,+,4.03e-06,MIR,MIR,SINE
chr8,67323883,67323904,MA1714.1,+,4.03e-06,L1MEe,L1,LINE
chr13,69471890,69471911,MA1714.1,-,4.03e-06,L1MDa,L1,LINE
chr12,70787783,70787804,MA1714.1,+,4.03e-06,L2c,L2,LINE
chr16,73423620,73423641,MA1714.1,-,4.03e-06,L3,CR1,LINE
chr10,80030272,80030293,MA1714.1,-,4.03e-06,MIR,MIR,SINE
chr8,80636475,80636496,MA1714.1,+,4.03e-06,MamRep605,MamRep605,Unknown
chr1,81083269,81083290,MA1714.1,+,4.03e-06,L1PB4,L1,LINE
chr16,83702479,83702500,MA1714.1,-,4.03e-06,MER117,hAT-Charlie,DNA
chr3,84117968,84117989,MA1714.1,-,4.03e-06,HUERS-P1-int,ERV1,LTR
chr14,84569506,84569527,MA1714.1,+,4.03e-06,MSTA-int,ERVL-MaLR,LTR
chr11,86263195,86263216,MA1714.1,-,4.03e-06,MIRb,MIR,SINE
chr5,86716407,86716428,MA1714.1,-,4.03e-06,ERVL-B4-int,ERVL,LTR
chr3,86984388,86984409,MA1714.1,-,4.03e-06,THE1B-int,ERVL-MaLR,LTR
chr14,86990631,86990652,MA1714.1,-,4.03e-06,L1MD3,L1,LINE
chrX,90670819,90670840,MA1714.1,+,4.03e-06,MER57A-int,ERV1,LTR
chr13,92750347,92750368,MA1714.1,-,4.03e-06,L1PREC2,L1,LINE
chr13,95346311,95346332,MA1714.1,-,4.03e-06,MLT1A,ERVL-MaLR,LTR
chr2,97052030,97052051,MA1714.1,-,4.03e-06,L1MB8,L1,LINE
chr1,115309166,115309187,MA1714.1,-,4.03e-06,L1MC4a,L1,LINE
chrX,119144062,119144083,MA1714.1,+,4.03e-06,AluJr,Alu,SINE
chr9,119445843,119445864,MA1714.1,+,4.03e-06,HUERS-P1-int,ERV1,LTR
chr9,121115471,121115492,MA1714.1,-,4.03e-06,HAL1,L1,LINE
chrX,123392790,123392811,MA1714.1,-,4.03e-06,MIR,MIR,SINE
chr3,130626803,130626824,MA1714.1,+,4.03e-06,L1MC4a,L1,LINE
chr6,135708130,135708151,MA1714.1,-,4.03e-06,AluJb,Alu,SINE
chr4,142637420,142637441,MA1714.1,+,4.03e-06,MSTD-int,ERVL-MaLR,LTR
chr2,146857315,146857336,MA1714.1,+,4.03e-06,ERVL-B4-int,ERVL,LTR
chr4,158173875,158173896,MA1714.1,+,4.03e-06,Charlie1a,hAT-Charlie,DNA
chr4,164668775,164668796,MA1714.1,+,4.03e-06,L1MEd,L1,LINE
chr4,165072086,165072107,MA1714.1,+,4.03e-06,MLT1D,ERVL-MaLR,LTR
chr3,165404583,165404604,MA1714.1,-,4.03e-06,HAL1,L1,LINE
chr4,168681038,168681059,MA1714.1,+,4.03e-06,L1PREC2,L1,LINE
chr1,169556461,169556482,MA1714.1,+,4.03e-06,MIR,MIR,SINE
chr2,169653057,169653078,MA1714.1,-,4.03e-06,L3,CR1,LINE
chr2,223651864,223651885,MA1714.1,+,4.03e-06,L1MB7,L1,LINE
chr2,223701302,223701323,MA1714.1,+,4.03e-06,AluJo,Alu,SINE
chr10,803623,803644,MA1714.1,+,4.06e-06,L1M5,L1,LINE
chr11,2314798,2314819,MA1714.1,-,4.06e-06,ERVL-B4-int,ERVL,LTR
chr7,5959123,5959144,MA1714.1,+,4.06e-06,MIR,MIR,SINE
chr7,6300908,6300929,MA1714.1,+,4.06e-06,L1MEg,L1,LINE
chr7,6845021,6845042,MA1714.1,-,4.06e-06,MIR,MIR,SINE
chr8,6953348,6953369,MA1714.1,-,4.06e-06,MER20,hAT-Charlie,DNA
chr8,12455194,12455215,MA1714.1,+,4.06e-06,MER20,hAT-Charlie,DNA
chr1,12752871,12752892,MA1714.1,-,4.06e-06,AluJb,Alu,SINE
chr3,13758837,13758858,MA1714.1,-,4.06e-06,MIR,MIR,SINE
chr2,14106402,14106423,MA1714.1,+,4.06e-06,L1MA9,L1,LINE
chr16,14350995,14351016,MA1714.1,+,4.06e-06,L1ME1,L1,LINE
chr9,19829358,19829379,MA1714.1,+,4.06e-06,MIR,MIR,SINE
chr21,21599845,21599866,MA1714.1,-,4.06e-06,MIR,MIR,SINE
chr2,30316212,30316233,MA1714.1,+,4.06e-06,L1MDa,L1,LINE
chr3,31694647,31694668,MA1714.1,+,4.06e-06,L1MA4A,L1,LINE
chr7,32688940,32688961,MA1714.1,+,4.06e-06,L1MEf,L1,LINE
chr13,32815523,32815544,MA1714.1,+,4.06e-06,L1MB4,L1,LINE
chr1,38865908,38865929,MA1714.1,+,4.06e-06,L1ME2,L1,LINE
chr15,40170503,40170524,MA1714.1,-,4.06e-06,L1MA9,L1,LINE
chr22,47422678,47422699,MA1714.1,+,4.06e-06,L1MEc,L1,LINE
chr13,51607366,51607387,MA1714.1,-,4.06e-06,MIRb,MIR,SINE
chr2,55063760,55063781,MA1714.1,-,4.06e-06,MIRb,MIR,SINE
chr16,57088518,57088539,MA1714.1,-,4.06e-06,MIRb,MIR,SINE
chr15,57418357,57418378,MA1714.1,+,4.06e-06,AluSx3,Alu,SINE
chr16,57710780,57710801,MA1714.1,+,4.06e-06,MIRb,MIR,SINE
chr5,58821435,58821456,MA1714.1,+,4.06e-06,THE1C-int,ERVL-MaLR,LTR
chr12,63603558,63603579,MA1714.1,+,4.06e-06,MLT1D,ERVL-MaLR,LTR
chr8,68262799,68262820,MA1714.1,-,4.06e-06,MIRb,MIR,SINE
chr12,71542382,71542403,MA1714.1,-,4.06e-06,L1M6,L1,LINE
chr2,72604697,72604718,MA1714.1,+,4.06e-06,L1MA8,L1,LINE
chr1,75350420,75350441,MA1714.1,+,4.06e-06,THE1B-int,ERVL-MaLR,LTR
chr9,75388852,75388873,MA1714.1,+,4.06e-06,MIR,MIR,SINE
chr15,77502016,77502037,MA1714.1,+,4.06e-06,MIRc,MIR,SINE
chr13,81633166,81633187,MA1714.1,+,4.06e-06,L1ME3B,L1,LINE
chr10,83253693,83253714,MA1714.1,+,4.06e-06,L1MA6,L1,LINE
chr3,88988990,88989011,MA1714.1,+,4.06e-06,L1PA7,L1,LINE
chr11,92565763,92565784,MA1714.1,+,4.06e-06,MamRep1879,hAT,DNA
chr4,101485371,101485392,MA1714.1,+,4.06e-06,L1PB1,L1,LINE
chrX,102844780,102844801,MA1714.1,-,4.06e-06,L1MC3,L1,LINE
chr6,103348104,103348125,MA1714.1,-,4.06e-06,THE1D-int,ERVL-MaLR,LTR
chr4,103658052,103658073,MA1714.1,+,4.06e-06,L1PB1,L1,LINE
chr1,104563617,104563638,MA1714.1,-,4.06e-06,L1MEc,L1,LINE
chr12,113360473,113360494,MA1714.1,-,4.06e-06,HERV16-int,ERVL,LTR
chr10,116799697,116799718,MA1714.1,+,4.06e-06,HERV9-int,ERV1,LTR
chr12,117485617,117485638,MA1714.1,-,4.06e-06,AluJr,Alu,SINE
chr9,120943127,120943148,MA1714.1,+,4.06e-06,L2a,L2,LINE
chr7,121127523,121127544,MA1714.1,+,4.06e-06,MER106B,hAT-Charlie,DNA
chrX,130264317,130264338,MA1714.1,-,4.06e-06,L1M4b,L1,LINE
chr6,130290611,130290632,MA1714.1,-,4.06e-06,L2a,L2,LINE
chrX,132712055,132712076,MA1714.1,+,4.06e-06,MIR,MIR,SINE
chrX,139826973,139826994,MA1714.1,-,4.06e-06,AluSg,Alu,SINE
chr1,152877166,152877187,MA1714.1,-,4.06e-06,L1MB5,L1,LINE
chr5,162079670,162079691,MA1714.1,+,4.06e-06,L1MA4,L1,LINE
chr5,172936838,172936859,MA1714.1,-,4.06e-06,L1ME3A,L1,LINE
chr3,176067584,176067605,MA1714.1,+,4.06e-06,L1ME3A,L1,LINE
chr2,184061199,184061220,MA1714.1,+,4.06e-06,LTR81C,Gypsy,LTR
chr2,190138533,190138554,MA1714.1,+,4.06e-06,L1MA8,L1,LINE
chr2,200765228,200765249,MA1714.1,-,4.06e-06,L1MDa,L1,LINE
chr2,228167360,228167381,MA1714.1,+,4.06e-06,AluSz6,Alu,SINE
chr2,239897158,239897179,MA1714.1,+,4.06e-06,L1M4,L1,LINE
chr1,240113991,240114012,MA1714.1,-,4.06e-06,ERVL-B4-int,ERVL,LTR
chrY,1715108,1715129,MA1714.1,-,4.09e-06,LTR78B,ERV1,LTR
chrX,1765108,1765129,MA1714.1,-,4.09e-06,LTR78B,ERV1,LTR
chr11,4141428,4141449,MA1714.1,-,4.09e-06,L1ME1,L1,LINE
chr3,5877506,5877527,MA1714.1,-,4.09e-06,L1MA3,L1,LINE
chr3,11634300,11634321,MA1714.1,+,4.09e-06,MIR,MIR,SINE
chr20,13292421,13292442,MA1714.1,+,4.09e-06,L1MA7,L1,LINE
chr11,14968729,14968750,MA1714.1,+,4.09e-06,L1MEg,L1,LINE
chr11,31364611,31364632,MA1714.1,+,4.09e-06,AluJr4,Alu,SINE
chr16,32579946,32579967,MA1714.1,+,4.09e-06,ALR/Alpha,centr,Satellite
chr7,33241521,33241542,MA1714.1,+,4.09e-06,LTR84b,ERVL,LTR
chr13,34550510,34550531,MA1714.1,+,4.09e-06,L1MA4,L1,LINE
chr3,36692978,36692999,MA1714.1,-,4.09e-06,MIRb,MIR,SINE
chr7,37220312,37220333,MA1714.1,+,4.09e-06,L1MC4,L1,LINE
chr20,37558956,37558977,MA1714.1,-,4.09e-06,MIRb,MIR,SINE
chr6,38578690,38578711,MA1714.1,+,4.09e-06,L1MC4a,L1,LINE
chr8,39328987,39329008,MA1714.1,-,4.09e-06,L1P4,L1,LINE
chr17,41055647,41055668,MA1714.1,+,4.09e-06,AluJb,Alu,SINE
chr21,41232320,41232341,MA1714.1,-,4.09e-06,HERV16-int,ERVL,LTR
chr14,44912309,44912330,MA1714.1,+,4.09e-06,L1MEf,L1,LINE
chr1,45453225,45453246,MA1714.1,+,4.09e-06,AluJr,Alu,SINE
chr10,45529225,45529246,MA1714.1,-,4.09e-06,AluJr,Alu,SINE
chr19,46130962,46130983,MA1714.1,-,4.09e-06,MIRb,MIR,SINE
chr13,48898489,48898510,MA1714.1,-,4.09e-06,L1MA4,L1,LINE
chr11,50325891,50325912,MA1714.1,+,4.09e-06,ALR/Alpha,centr,Satellite
chr20,50781673,50781694,MA1714.1,+,4.09e-06,L1MC4,L1,LINE
chr5,50797054,50797075,MA1714.1,-,4.09e-06,L1MC3,L1,LINE
chr7,55513026,55513047,MA1714.1,-,4.09e-06,L1MC4,L1,LINE
chr3,60694778,60694799,MA1714.1,-,4.09e-06,Charlie1a,hAT-Charlie,DNA
chr13,60756122,60756143,MA1714.1,-,4.09e-06,HAL1,L1,LINE
chr15,65994488,65994509,MA1714.1,+,4.09e-06,AluJo,Alu,SINE
chr13,70923560,70923581,MA1714.1,+,4.09e-06,L1MEb,L1,LINE
chr3,72959332,72959353,MA1714.1,-,4.09e-06,MIRb,MIR,SINE
chr5,73521747,73521768,MA1714.1,-,4.09e-06,HAL1-3A_ME,L1,LINE
chr4,77301944,77301965,MA1714.1,+,4.09e-06,THE1C-int,ERVL-MaLR,LTR
chr6,78632672,78632693,MA1714.1,+,4.09e-06,L2c,L2,LINE
chr11,79424305,79424326,MA1714.1,-,4.09e-06,L1PA15,L1,LINE
chr9,82698028,82698049,MA1714.1,-,4.09e-06,HAL1,L1,LINE
chr8,84537326,84537347,MA1714.1,-,4.09e-06,L1PREC2,L1,LINE
chr7,85438216,85438237,MA1714.1,+,4.09e-06,THE1B-int,ERVL-MaLR,LTR
chr12,87691561,87691582,MA1714.1,-,4.09e-06,L1MEc,L1,LINE
chr9,87994889,87994910,MA1714.1,-,4.09e-06,ERVL-B4-int,ERVL,LTR
chr11,91692026,91692047,MA1714.1,+,4.09e-06,L1MEf,L1,LINE
chr9,91888823,91888844,MA1714.1,-,4.09e-06,L1MA8,L1,LINE
chr5,94083027,94083048,MA1714.1,-,4.09e-06,MIR,MIR,SINE
chr7,94359525,94359546,MA1714.1,+,4.09e-06,L1M1,L1,LINE
chr3,96780252,96780273,MA1714.1,-,4.09e-06,L3b,CR1,LINE
chrX,97220323,97220344,MA1714.1,-,4.09e-06,L3,CR1,LINE
chr4,103594234,103594255,MA1714.1,-,4.09e-06,L1MA9,L1,LINE
chr14,104416219,104416240,MA1714.1,-,4.09e-06,AluSx1,Alu,SINE
chrX,105297162,105297183,MA1714.1,+,4.09e-06,L1MA6,L1,LINE
chr11,107922194,107922215,MA1714.1,+,4.09e-06,MIR,MIR,SINE
chr3,111783445,111783466,MA1714.1,-,4.09e-06,AluJr,Alu,SINE
chr12,113634060,113634081,MA1714.1,+,4.09e-06,MIRb,MIR,SINE
chr9,119102659,119102680,MA1714.1,+,4.09e-06,MIRb,MIR,SINE
chrX,124903101,124903122,MA1714.1,+,4.09e-06,X3_LINE,RTE-BovB,LINE
chr8,125308572,125308593,MA1714.1,-,4.09e-06,L1ME1,L1,LINE
chr2,137370974,137370995,MA1714.1,-,4.09e-06,MIR,MIR,SINE
chrX,148767578,148767599,MA1714.1,+,4.09e-06,THE1C-int,ERVL-MaLR,LTR
chr5,157724556,157724577,MA1714.1,+,4.09e-06,L1MEd,L1,LINE
chr3,166045773,166045794,MA1714.1,-,4.09e-06,THE1-int,ERVL-MaLR,LTR
chr4,175995959,175995980,MA1714.1,-,4.09e-06,Tigger1,TcMar-Tigger,DNA
chr1,199764563,199764584,MA1714.1,-,4.09e-06,L1MA7,L1,LINE
chr1,219919175,219919196,MA1714.1,+,4.09e-06,L2c,L2,LINE
chr1,238584816,238584837,MA1714.1,+,4.09e-06,L1ME1,L1,LINE
chr2,239916091,239916112,MA1714.1,+,4.09e-06,L1MC4,L1,LINE
chr5,1543543,1543564,MA1714.1,+,4.11e-06,HAL1-3A_ME,L1,LINE
chr6,7100791,7100812,MA1714.1,-,4.11e-06,L1PB4,L1,LINE
chrY,8748369,8748390,MA1714.1,+,4.11e-06,AluJb,Alu,SINE
chr1,8948396,8948417,MA1714.1,+,4.11e-06,AluJo,Alu,SINE
chrY,13197091,13197112,MA1714.1,+,4.11e-06,MER21C,ERVL,LTR
chr6,19256144,19256165,MA1714.1,+,4.11e-06,L1MC4a,L1,LINE
chr1,20076517,20076538,MA1714.1,+,4.11e-06,MIR,MIR,SINE
chr15,21108831,21108852,MA1714.1,+,4.11e-06,L1M1,L1,LINE
chr15,22119992,22120013,MA1714.1,+,4.11e-06,L1M1,L1,LINE
chr16,23195066,23195087,MA1714.1,+,4.11e-06,MIRb,MIR,SINE
chrY,26414677,26414698,MA1714.1,+,4.11e-06,MIR,MIR,SINE
chr16,26467740,26467761,MA1714.1,+,4.11e-06,MLT1K,ERVL-MaLR,LTR
chr8,26553324,26553345,MA1714.1,-,4.11e-06,ERVL-E-int,ERVL,LTR
chrY,27547739,27547760,MA1714.1,-,4.11e-06,MIR,MIR,SINE
chr10,29407285,29407306,MA1714.1,-,4.11e-06,L1MEg,L1,LINE
chr20,31255952,31255973,MA1714.1,+,4.11e-06,MIR,MIR,SINE
chr17,31991500,31991521,MA1714.1,+,4.11e-06,Charlie7,hAT-Charlie,DNA
chr4,32221266,32221287,MA1714.1,+,4.11e-06,ERVL-E-int,ERVL,LTR
chr11,32947563,32947584,MA1714.1,+,4.11e-06,AluJo,Alu,SINE
chr5,33493382,33493403,MA1714.1,+,4.11e-06,AluSz,Alu,SINE
chr22,33999932,33999953,MA1714.1,-,4.11e-06,MIRc,MIR,SINE
chr6,37563248,37563269,MA1714.1,+,4.11e-06,L1MC4a,L1,LINE
chr4,41153496,41153517,MA1714.1,-,4.11e-06,L1MEg,L1,LINE
chr21,41198137,41198158,MA1714.1,-,4.11e-06,L1PB1,L1,LINE
chr1,41309014,41309035,MA1714.1,-,4.11e-06,ERVL-E-int,ERVL,LTR
chr5,43284004,43284025,MA1714.1,-,4.11e-06,ERVL-E-int,ERVL,LTR
chr18,48464007,48464028,MA1714.1,+,4.11e-06,HAL1,L1,LINE
chr1,48751608,48751629,MA1714.1,-,4.11e-06,L1MA9,L1,LINE
chr10,53742071,53742092,MA1714.1,-,4.11e-06,L1PA13,L1,LINE
chr14,56499114,56499135,MA1714.1,+,4.11e-06,HAL1,L1,LINE
chr12,59528804,59528825,MA1714.1,-,4.11e-06,MSTA-int,ERVL-MaLR,LTR
chr11,60454904,60454925,MA1714.1,+,4.11e-06,MIR,MIR,SINE
chr14,63296383,63296404,MA1714.1,-,4.11e-06,THE1D-int,ERVL-MaLR,LTR
chr17,63371947,63371968,MA1714.1,-,4.11e-06,MIR,MIR,SINE
chr10,66571101,66571122,MA1714.1,-,4.11e-06,ERVL-B4-int,ERVL,LTR
chr1,66961166,66961187,MA1714.1,-,4.11e-06,MLT1L,ERVL-MaLR,LTR
chr3,68008898,68008919,MA1714.1,+,4.11e-06,L1PA8,L1,LINE
chr16,71548168,71548189,MA1714.1,-,4.11e-06,Charlie1b,hAT-Charlie,DNA
chr15,71809330,71809351,MA1714.1,-,4.11e-06,MER3,hAT-Charlie,DNA
chr14,85152044,85152065,MA1714.1,+,4.11e-06,L1M1,L1,LINE
chrX,86001923,86001944,MA1714.1,-,4.11e-06,L1M4,L1,LINE
chr6,86483209,86483230,MA1714.1,-,4.11e-06,L1M1,L1,LINE
chr11,89260660,89260681,MA1714.1,+,4.11e-06,THE1D-int,ERVL-MaLR,LTR
chr15,90569925,90569946,MA1714.1,+,4.11e-06,L1M5,L1,LINE
chr11,91294959,91294980,MA1714.1,-,4.11e-06,MIR,MIR,SINE
chr10,92731110,92731131,MA1714.1,-,4.11e-06,L4,RTE,LINE
chr12,98502947,98502968,MA1714.1,+,4.11e-06,MIR,MIR,SINE
chr1,99749442,99749463,MA1714.1,+,4.11e-06,AluSc8,Alu,SINE
chr6,116490208,116490229,MA1714.1,-,4.11e-06,L1MEg,L1,LINE
chr1,118761338,118761359,MA1714.1,+,4.11e-06,MIRb,MIR,SINE
chr5,127172493,127172514,MA1714.1,-,4.11e-06,THE1C-int,ERVL-MaLR,LTR
chr12,128320259,128320280,MA1714.1,-,4.11e-06,L1PB1,L1,LINE
chr5,129538753,129538774,MA1714.1,-,4.11e-06,THE1B-int,ERVL-MaLR,LTR
chr8,130149943,130149964,MA1714.1,+,4.11e-06,HAL1-3A_ME,L1,LINE
chr5,176460954,176460975,MA1714.1,-,4.11e-06,AluJb,Alu,SINE
chr5,176475065,176475086,MA1714.1,-,4.11e-06,L1ME4a,L1,LINE
chr4,185913803,185913824,MA1714.1,-,4.11e-06,MLT1C,ERVL-MaLR,LTR
chr2,210748105,210748126,MA1714.1,-,4.11e-06,L1MB1,L1,LINE
chr1,248904579,248904600,MA1714.1,-,4.11e-06,AluSz,Alu,SINE
chr2,88028,88049,MA1714.1,-,4.14e-06,L1MC4,L1,LINE
chr4,441274,441295,MA1714.1,+,4.14e-06,L1MA8,L1,LINE
chr12,1571000,1571021,MA1714.1,+,4.14e-06,L1ME2,L1,LINE
chr4,2380247,2380268,MA1714.1,-,4.14e-06,L1MEe,L1,LINE
chr11,3255916,3255937,MA1714.1,-,4.14e-06,AluJr,Alu,SINE
chr7,3740466,3740487,MA1714.1,-,4.14e-06,L1MDa,L1,LINE
chrY,4458495,4458516,MA1714.1,-,4.14e-06,MSTA-int,ERVL-MaLR,LTR
chr6,5764362,5764383,MA1714.1,-,4.14e-06,MIRb,MIR,SINE
chr2,6156849,6156870,MA1714.1,-,4.14e-06,L1MB7,L1,LINE
chr5,7240585,7240606,MA1714.1,-,4.14e-06,L1MA4,L1,LINE
chrY,9053161,9053182,MA1714.1,-,4.14e-06,HERVK22-int,ERVK,LTR
chr5,9512454,9512475,MA1714.1,-,4.14e-06,MIRc,MIR,SINE
chr11,11088835,11088856,MA1714.1,+,4.14e-06,MIRb,MIR,SINE
chr3,11205150,11205171,MA1714.1,+,4.14e-06,MIR,MIR,SINE
chr16,23172001,23172022,MA1714.1,+,4.14e-06,LTR33B,ERVL,LTR
chrY,23812864,23812885,MA1714.1,+,4.14e-06,HERVK22-int,ERVK,LTR
chr15,24837133,24837154,MA1714.1,-,4.14e-06,MER41-int,ERV1,LTR
chr22,30546462,30546483,MA1714.1,-,4.14e-06,HAL1,L1,LINE
chr20,33755314,33755335,MA1714.1,-,4.14e-06,AluJb,Alu,SINE
chr10,34846478,34846499,MA1714.1,-,4.14e-06,AluSq2,Alu,SINE
chr2,35935743,35935764,MA1714.1,-,4.14e-06,AluSx1,Alu,SINE
chr11,37669684,37669705,MA1714.1,+,4.14e-06,Eulor8,TcMar,DNA
chr5,40619329,40619350,MA1714.1,-,4.14e-06,Kanga1a,TcMar-Tc2,DNA
chr7,43478830,43478851,MA1714.1,-,4.14e-06,MIRb,MIR,SINE
chr11,49541242,49541263,MA1714.1,+,4.14e-06,MLT1F-int,ERVL-MaLR,LTR
chr10,50600803,50600824,MA1714.1,+,4.14e-06,L1MC4a,L1,LINE
chr15,54834940,54834961,MA1714.1,-,4.14e-06,L1PA7,L1,LINE
chr5,59013659,59013680,MA1714.1,-,4.14e-06,MIR,MIR,SINE
chr8,59991936,59991957,MA1714.1,+,4.14e-06,MSTA-int,ERVL-MaLR,LTR
chr3,60510469,60510490,MA1714.1,-,4.14e-06,MLT1D,ERVL-MaLR,LTR
chr17,60880573,60880594,MA1714.1,+,4.14e-06,AluJr,Alu,SINE
chr17,62371737,62371758,MA1714.1,+,4.14e-06,MLT1D,ERVL-MaLR,LTR
chr4,63972878,63972899,MA1714.1,+,4.14e-06,L1M1,L1,LINE
chr7,64522593,64522614,MA1714.1,+,4.14e-06,L1MEc,L1,LINE
chr10,64899867,64899888,MA1714.1,+,4.14e-06,AluJb,Alu,SINE
chr7,65366631,65366652,MA1714.1,+,4.14e-06,L1MEc,L1,LINE
chr5,67503968,67503989,MA1714.1,-,4.14e-06,AluSz6,Alu,SINE
chr15,72053527,72053548,MA1714.1,-,4.14e-06,L1MEe,L1,LINE
chr9,73114379,73114400,MA1714.1,-,4.14e-06,MER117,hAT-Charlie,DNA
chr6,75557097,75557118,MA1714.1,-,4.14e-06,L1MC1,L1,LINE
chr7,76006926,76006947,MA1714.1,+,4.14e-06,MIRb,MIR,SINE
chr14,79496217,79496238,MA1714.1,-,4.14e-06,AluJb,Alu,SINE
chrX,84665693,84665714,MA1714.1,-,4.14e-06,L1MA6,L1,LINE
chr11,88837992,88838013,MA1714.1,-,4.14e-06,MLT1F-int,ERVL-MaLR,LTR
chr12,89876063,89876084,MA1714.1,+,4.14e-06,L1MEc,L1,LINE
chrX,90270632,90270653,MA1714.1,-,4.14e-06,MSTA-int,ERVL-MaLR,LTR
chr11,90747754,90747775,MA1714.1,+,4.14e-06,L1ME1,L1,LINE
chr4,93161071,93161092,MA1714.1,-,4.14e-06,MLT1C,ERVL-MaLR,LTR
chr6,94269519,94269540,MA1714.1,+,4.14e-06,LTR85a,Gypsy,LTR
chr12,96373193,96373214,MA1714.1,-,4.14e-06,MIR,MIR,SINE
chr14,96374862,96374883,MA1714.1,-,4.14e-06,MIRc,MIR,SINE
chr14,96787812,96787833,MA1714.1,-,4.14e-06,MIR,MIR,SINE
chr12,100420075,100420096,MA1714.1,-,4.14e-06,Tigger3b,TcMar-Tigger,DNA
chr6,110817269,110817290,MA1714.1,+,4.14e-06,MIR,MIR,SINE
chr10,111168043,111168064,MA1714.1,+,4.14e-06,L1MB8,L1,LINE
chr2,116380023,116380044,MA1714.1,-,4.14e-06,L1MB7,L1,LINE
chr12,133442317,133442338,MA1714.1,-,4.14e-06,AluJb,Alu,SINE
chr4,139245996,139246017,MA1714.1,-,4.14e-06,LTR78,ERV1,LTR
chr6,142252988,142253009,MA1714.1,+,4.14e-06,LTR33,ERVL,LTR
chr2,161252930,161252951,MA1714.1,-,4.14e-06,MIRb,MIR,SINE
chr6,161387234,161387255,MA1714.1,-,4.14e-06,AluJo,Alu,SINE
chr5,165317961,165317982,MA1714.1,+,4.14e-06,MER21-int,ERVL,LTR
chr2,193417390,193417411,MA1714.1,-,4.14e-06,LTR1,ERV1,LTR
chr2,199223498,199223519,MA1714.1,+,4.14e-06,LFSINE_Vert,SINE,SINE
chr2,208041847,208041868,MA1714.1,-,4.14e-06,MIR,MIR,SINE
chr2,213439577,213439598,MA1714.1,-,4.14e-06,L1MA4,L1,LINE
chr18,178130,178151,MA1714.1,-,4.17e-06,AluJb,Alu,SINE
chr3,1899933,1899954,MA1714.1,-,4.17e-06,L1MEg2,L1,LINE
chr10,2127444,2127465,MA1714.1,-,4.17e-06,AluJb,Alu,SINE
chr7,6531339,6531360,MA1714.1,-,4.17e-06,AluSx1,Alu,SINE
chr7,9527317,9527338,MA1714.1,+,4.17e-06,MLT1I,ERVL-MaLR,LTR
chr3,12395831,12395852,MA1714.1,+,4.17e-06,MIRb,MIR,SINE
chr4,13024598,13024619,MA1714.1,+,4.17e-06,L1PA16,L1,LINE
chr2,15222908,15222929,MA1714.1,-,4.17e-06,MIRb,MIR,SINE
chr16,15530694,15530715,MA1714.1,-,4.17e-06,MIRb,MIR,SINE
chr6,15930625,15930646,MA1714.1,+,4.17e-06,L1ME4a,L1,LINE
chr7,16139046,16139067,MA1714.1,+,4.17e-06,HAL1-3A_ME,L1,LINE
chr4,17921930,17921951,MA1714.1,+,4.17e-06,MER21A,ERVL,LTR
chr8,20685749,20685770,MA1714.1,+,4.17e-06,MIRc,MIR,SINE
chr22,23363284,23363305,MA1714.1,+,4.17e-06,L1MEd,L1,LINE
chr19,24156573,24156594,MA1714.1,+,4.17e-06,HAL1-3A_ME,L1,LINE
chrX,28586184,28586205,MA1714.1,-,4.17e-06,MIR,MIR,SINE
chr3,31369048,31369069,MA1714.1,-,4.17e-06,MSTA-int,ERVL-MaLR,LTR
chr12,39173979,39174000,MA1714.1,-,4.17e-06,L1M3,L1,LINE
chr7,42422280,42422301,MA1714.1,+,4.17e-06,THE1B,ERVL-MaLR,LTR
chrX,42719200,42719221,MA1714.1,-,4.17e-06,L1M3,L1,LINE
chrX,44784499,44784520,MA1714.1,-,4.17e-06,L1MEc,L1,LINE
chr7,48372601,48372622,MA1714.1,-,4.17e-06,L1MDa,L1,LINE
chr6,51550033,51550054,MA1714.1,-,4.17e-06,X6B_LINE,CR1,LINE
chr16,52097508,52097529,MA1714.1,-,4.17e-06,L1MC2,L1,LINE
chr4,55176872,55176893,MA1714.1,-,4.17e-06,L1M5,L1,LINE
chr14,55977488,55977509,MA1714.1,-,4.17e-06,L1MC1,L1,LINE
chr15,63321576,63321597,MA1714.1,+,4.17e-06,MIRc,MIR,SINE
chr1,66754875,66754896,MA1714.1,+,4.17e-06,AluJo,Alu,SINE
chr9,71268490,71268511,MA1714.1,+,4.17e-06,L1MEd,L1,LINE
chr10,71939676,71939697,MA1714.1,+,4.17e-06,L1MC3,L1,LINE
chr1,73361297,73361318,MA1714.1,+,4.17e-06,L1MA3,L1,LINE
chr5,76956202,76956223,MA1714.1,-,4.17e-06,L1M1,L1,LINE
chr12,77470363,77470384,MA1714.1,+,4.17e-06,L2a,L2,LINE
chr14,78116435,78116456,MA1714.1,+,4.17e-06,MIRb,MIR,SINE
chr4,78356021,78356042,MA1714.1,+,4.17e-06,MLT1D,ERVL-MaLR,LTR
chr11,78540468,78540489,MA1714.1,+,4.17e-06,MIRb,MIR,SINE
chr14,80779536,80779557,MA1714.1,-,4.17e-06,MIRc,MIR,SINE
chr5,83751145,83751166,MA1714.1,-,4.17e-06,L1MC3,L1,LINE
chr15,88898132,88898153,MA1714.1,-,4.17e-06,HAL1,L1,LINE
chr5,90128051,90128072,MA1714.1,-,4.17e-06,L1MA3,L1,LINE
chr1,94266933,94266954,MA1714.1,-,4.17e-06,PRIMAX-int,ERV1,LTR
chr10,94854919,94854940,MA1714.1,+,4.17e-06,MIRb,MIR,SINE
chr12,98138375,98138396,MA1714.1,+,4.17e-06,AluSx,Alu,SINE
chr14,100393413,100393434,MA1714.1,-,4.17e-06,L1MC5,L1,LINE
chr5,102915085,102915106,MA1714.1,-,4.17e-06,MIRc,MIR,SINE
chr13,104132365,104132386,MA1714.1,+,4.17e-06,L1MC1,L1,LINE
chr2,110399162,110399183,MA1714.1,+,4.17e-06,L1MB3,L1,LINE
chr4,115150867,115150888,MA1714.1,+,4.17e-06,MLT1E1A,ERVL-MaLR,LTR
chr12,123365740,123365761,MA1714.1,-,4.17e-06,MIRb,MIR,SINE
chr7,129035758,129035779,MA1714.1,-,4.17e-06,L1MCc,L1,LINE
chr8,134396408,134396429,MA1714.1,+,4.17e-06,MIR,MIR,SINE
chr9,136714872,136714893,MA1714.1,-,4.17e-06,MLT1C,ERVL-MaLR,LTR
chrX,144392901,144392922,MA1714.1,-,4.17e-06,MST-int,ERVL-MaLR,LTR
chr5,152850831,152850852,MA1714.1,-,4.17e-06,L1PA7,L1,LINE
chr5,154817630,154817651,MA1714.1,+,4.17e-06,MLT1A0-int,ERVL-MaLR,LTR
chr2,165707734,165707755,MA1714.1,-,4.17e-06,L1MA9,L1,LINE
chr1,170428597,170428618,MA1714.1,-,4.17e-06,L1MEg,L1,LINE
chr4,170563741,170563762,MA1714.1,-,4.17e-06,AluJb,Alu,SINE
chr1,178199527,178199548,MA1714.1,-,4.17e-06,L1ME2z,L1,LINE
chr4,183023980,183024001,MA1714.1,+,4.17e-06,MIRb,MIR,SINE
chr1,243894378,243894399,MA1714.1,+,4.17e-06,MER52A,ERV1,LTR
chr9_gl000198_random,85483,85504,MA1714.1,-,4.2e-06,L1MB4,L1,LINE
chrUn_gl000219,144728,144749,MA1714.1,+,4.2e-06,L1MB4,L1,LINE
chr4,482835,482856,MA1714.1,+,4.2e-06,LTR77,ERV1,LTR
chr9,4205145,4205166,MA1714.1,+,4.2e-06,AluSx,Alu,SINE
chr7,6004967,6004988,MA1714.1,+,4.2e-06,AluJo,Alu,SINE
chr7,6799069,6799090,MA1714.1,-,4.2e-06,AluJo,Alu,SINE
chr9,14470270,14470291,MA1714.1,-,4.2e-06,MLT1M,ERVL-MaLR,LTR
chr20,16711611,16711632,MA1714.1,-,4.2e-06,MIR,MIR,SINE
chr13,22323920,22323941,MA1714.1,-,4.2e-06,L1MEd,L1,LINE
chr21,25681502,25681523,MA1714.1,-,4.2e-06,MSTB1-int,ERVL-MaLR,LTR
chrY,28666867,28666888,MA1714.1,+,4.2e-06,L1M2c,L1,LINE
chrX,32403396,32403417,MA1714.1,+,4.2e-06,L1M2,L1,LINE
chr3,33153535,33153556,MA1714.1,-,4.2e-06,L1MC1,L1,LINE
chr11,36482816,36482837,MA1714.1,+,4.2e-06,MIRb,MIR,SINE
chr11,37298402,37298423,MA1714.1,-,4.2e-06,L1MCa,L1,LINE
chr3,39065831,39065852,MA1714.1,-,4.2e-06,MER39,ERV1,LTR
chr15,43837464,43837485,MA1714.1,-,4.2e-06,L1MC4a,L1,LINE
chr6,47448355,47448376,MA1714.1,+,4.2e-06,MIR,MIR,SINE
chr6,49919811,49919832,MA1714.1,+,4.2e-06,FordPrefect,hAT-Tip100,DNA
chr6,52242919,52242940,MA1714.1,+,4.2e-06,MIR,MIR,SINE
chr14,52457426,52457447,MA1714.1,+,4.2e-06,MIRb,MIR,SINE
chr18,53263428,53263449,MA1714.1,+,4.2e-06,AluSz,Alu,SINE
chr17,56222556,56222577,MA1714.1,+,4.2e-06,L1MB7,L1,LINE
chr1,59772910,59772931,MA1714.1,+,4.2e-06,AluJo,Alu,SINE
chr12,60230478,60230499,MA1714.1,-,4.2e-06,L1MC3,L1,LINE
chr16,61517500,61517521,MA1714.1,+,4.2e-06,L1MB1,L1,LINE
chr3,65767962,65767983,MA1714.1,+,4.2e-06,MLT1D,ERVL-MaLR,LTR
chr15,65928844,65928865,MA1714.1,+,4.2e-06,AluJb,Alu,SINE
chr15,67209750,67209771,MA1714.1,+,4.2e-06,L1MEe,L1,LINE
chr8,67771100,67771121,MA1714.1,+,4.2e-06,MER30,hAT-Charlie,DNA
chr9,68496485,68496506,MA1714.1,+,4.2e-06,L1MB4,L1,LINE
chr3,72516633,72516654,MA1714.1,-,4.2e-06,MIR,MIR,SINE
chr1,73078664,73078685,MA1714.1,+,4.2e-06,L1MEg,L1,LINE
chr6,74283511,74283532,MA1714.1,-,4.2e-06,MLT1L,ERVL-MaLR,LTR
chr18,74477182,74477203,MA1714.1,-,4.2e-06,HAL1,L1,LINE
chr15,79138834,79138855,MA1714.1,-,4.2e-06,AluSq2,Alu,SINE
chr15,79904893,79904914,MA1714.1,+,4.2e-06,ERVL-E-int,ERVL,LTR
chr11,83390279,83390300,MA1714.1,+,4.2e-06,MIRb,MIR,SINE
chr12,87766235,87766256,MA1714.1,-,4.2e-06,L1MA9,L1,LINE
chr12,90952373,90952394,MA1714.1,-,4.2e-06,L1PA16,L1,LINE
chr5,92423909,92423930,MA1714.1,-,4.2e-06,Plat_L3,CR1,LINE
chr13,93246333,93246354,MA1714.1,+,4.2e-06,HAL1,L1,LINE
chr11,93841234,93841255,MA1714.1,-,4.2e-06,L1ME1,L1,LINE
chr5,95991883,95991904,MA1714.1,+,4.2e-06,Charlie9,hAT-Charlie,DNA
chr7,109170059,109170080,MA1714.1,-,4.2e-06,MSTC-int,ERVL-MaLR,LTR
chr10,112349257,112349278,MA1714.1,-,4.2e-06,L1ME1,L1,LINE
chr3,115201740,115201761,MA1714.1,+,4.2e-06,L1ME1,L1,LINE
chr10,120934492,120934513,MA1714.1,-,4.2e-06,MER2,TcMar-Tigger,DNA
chr9,123328898,123328919,MA1714.1,-,4.2e-06,MIR,MIR,SINE
chr10,123878701,123878722,MA1714.1,-,4.2e-06,MIRb,MIR,SINE
chr11,124381361,124381382,MA1714.1,+,4.2e-06,L1ME3,L1,LINE
chr9,126935070,126935091,MA1714.1,-,4.2e-06,L1MEg,L1,LINE
chrX,131659443,131659464,MA1714.1,+,4.2e-06,MIRb,MIR,SINE
chrX,135031442,135031463,MA1714.1,+,4.2e-06,L1M5,L1,LINE
chr2,136654093,136654114,MA1714.1,-,4.2e-06,MIRb,MIR,SINE
chr2,153697816,153697837,MA1714.1,-,4.2e-06,L1M3,L1,LINE
chr5,164325913,164325934,MA1714.1,-,4.2e-06,L1MC3,L1,LINE
chr4,190814517,190814538,MA1714.1,-,4.2e-06,L1MB4,L1,LINE
chr3,197493815,197493836,MA1714.1,+,4.2e-06,L1ME4a,L1,LINE
chr1,198075764,198075785,MA1714.1,+,4.2e-06,MSTD-int,ERVL-MaLR,LTR
chr2,220495298,220495319,MA1714.1,-,4.2e-06,L3,CR1,LINE
chrUn_gl000221,155363,155384,MA1714.1,+,4.22e-06,L1MB4,L1,LINE
chr17,2274953,2274974,MA1714.1,+,4.22e-06,MIRb,MIR,SINE
chr2,3938800,3938821,MA1714.1,-,4.22e-06,L1MA2,L1,LINE
chr18,5070533,5070554,MA1714.1,+,4.22e-06,MIRb,MIR,SINE
chr3,5184909,5184930,MA1714.1,-,4.22e-06,HERVP71A-int,ERV1,LTR
chr17,5918595,5918616,MA1714.1,+,4.22e-06,L1M7,L1,LINE
chr2,7329844,7329865,MA1714.1,+,4.22e-06,LTR85a,Gypsy,LTR
chr12,7755665,7755686,MA1714.1,+,4.22e-06,HERVP71A-int,ERV1,LTR
chr16,8850001,8850022,MA1714.1,+,4.22e-06,AluSx,Alu,SINE
chr21,10088489,10088510,MA1714.1,-,4.22e-06,L1MA9,L1,LINE
chr17,10738643,10738664,MA1714.1,-,4.22e-06,MIRb,MIR,SINE
chr11,12110801,12110822,MA1714.1,+,4.22e-06,MER117,hAT-Charlie,DNA
chrY,13445974,13445995,MA1714.1,+,4.22e-06,L1MA9,L1,LINE
chr7,13803416,13803437,MA1714.1,+,4.22e-06,MSTB1-int,ERVL-MaLR,LTR
chr4,15504977,15504998,MA1714.1,-,4.22e-06,MIRb,MIR,SINE
chr4,17671404,17671425,MA1714.1,+,4.22e-06,L1M5,L1,LINE
chr7,19282316,19282337,MA1714.1,-,4.22e-06,L1PBa,L1,LINE
chr4,23185712,23185733,MA1714.1,-,4.22e-06,L1ME1,L1,LINE
chrX,25535996,25536017,MA1714.1,-,4.22e-06,MIRb,MIR,SINE
chr22,27499587,27499608,MA1714.1,+,4.22e-06,MIRb,MIR,SINE
chrX,31531921,31531942,MA1714.1,-,4.22e-06,MIR,MIR,SINE
chr9,31974219,31974240,MA1714.1,+,4.22e-06,AluJb,Alu,SINE
chr12,32465320,32465341,MA1714.1,+,4.22e-06,MIRc,MIR,SINE
chr5,32847319,32847340,MA1714.1,-,4.22e-06,LTR33,ERVL,LTR
chrX,36670149,36670170,MA1714.1,-,4.22e-06,THE1D,ERVL-MaLR,LTR
chr11,38041876,38041897,MA1714.1,+,4.22e-06,L1PA13,L1,LINE
chr14,41175715,41175736,MA1714.1,-,4.22e-06,THE1D-int,ERVL-MaLR,LTR
chr6,41917210,41917231,MA1714.1,+,4.22e-06,AluSz,Alu,SINE
chrX,45877887,45877908,MA1714.1,-,4.22e-06,L1MC3,L1,LINE
chr3,50877604,50877625,MA1714.1,-,4.22e-06,L1MC1,L1,LINE
chr13,52029716,52029737,MA1714.1,-,4.22e-06,MER52A,ERV1,LTR
chr18,60042209,60042230,MA1714.1,-,4.22e-06,AluJb,Alu,SINE
chr11,60359305,60359326,MA1714.1,+,4.22e-06,L1M3e,L1,LINE
chr14,63702230,63702251,MA1714.1,+,4.22e-06,L1MC4,L1,LINE
chr6,66567490,66567511,MA1714.1,-,4.22e-06,THE1B-int,ERVL-MaLR,LTR
chr8,67149581,67149602,MA1714.1,-,4.22e-06,MER52A,ERV1,LTR
chr16,69830090,69830111,MA1714.1,+,4.22e-06,L1MC4,L1,LINE
chr15,75359931,75359952,MA1714.1,+,4.22e-06,HERVP71A-int,ERV1,LTR
chr9,75507040,75507061,MA1714.1,+,4.22e-06,MIR,MIR,SINE
chr9,76857826,76857847,MA1714.1,-,4.22e-06,L1MA9,L1,LINE
chr14,83054391,83054412,MA1714.1,-,4.22e-06,L3,CR1,LINE
chrX,83601448,83601469,MA1714.1,+,4.22e-06,L1MD,L1,LINE
chr2,84402263,84402284,MA1714.1,-,4.22e-06,THE1B,ERVL-MaLR,LTR
chr10,84849369,84849390,MA1714.1,+,4.22e-06,L1PA7,L1,LINE
chr1,90549082,90549103,MA1714.1,-,4.22e-06,AluJb,Alu,SINE
chr1,94870065,94870086,MA1714.1,-,4.22e-06,L1MC4,L1,LINE
chr15,97005940,97005961,MA1714.1,+,4.22e-06,MIRb,MIR,SINE
chr11,97189601,97189622,MA1714.1,+,4.22e-06,HERVL-int,ERVL,LTR
chrX,98126607,98126628,MA1714.1,-,4.22e-06,L1PA15,L1,LINE
chrX,99825190,99825211,MA1714.1,-,4.22e-06,HERVP71A-int,ERV1,LTR
chr11,100688410,100688431,MA1714.1,-,4.22e-06,MIR,MIR,SINE
chr10,102940367,102940388,MA1714.1,-,4.22e-06,L1MC1,L1,LINE
chr7,106901824,106901845,MA1714.1,-,4.22e-06,L1MC4,L1,LINE
chrX,110279960,110279981,MA1714.1,-,4.22e-06,L1M5,L1,LINE
chrX,119805307,119805328,MA1714.1,-,4.22e-06,L1ME3C,L1,LINE
chr7,121270987,121271008,MA1714.1,-,4.22e-06,L1MC1,L1,LINE
chr2,123428736,123428757,MA1714.1,+,4.22e-06,MSTB1,ERVL-MaLR,LTR
chr5,126086389,126086410,MA1714.1,-,4.22e-06,MER50B,ERV1,LTR
chr5,130581606,130581627,MA1714.1,-,4.22e-06,L1M7,L1,LINE
chr8,130776744,130776765,MA1714.1,-,4.22e-06,HAL1,L1,LINE
chr7,132182894,132182915,MA1714.1,+,4.22e-06,MER44A,TcMar-Tigger,DNA
chr7,137433235,137433256,MA1714.1,-,4.22e-06,L2a,L2,LINE
chr1,142543529,142543550,MA1714.1,-,4.22e-06,L1MA9,L1,LINE
chr3,142787668,142787689,MA1714.1,-,4.22e-06,L1MC5,L1,LINE
chr1,142966478,142966499,MA1714.1,+,4.22e-06,L1MA9,L1,LINE
chr3,155251506,155251527,MA1714.1,+,4.22e-06,THE1D-int,ERVL-MaLR,LTR
chr3,157142797,157142818,MA1714.1,+,4.22e-06,THE1A-int,ERVL-MaLR,LTR
chr6,158509119,158509140,MA1714.1,-,4.22e-06,AluJb,Alu,SINE
chr3,161598008,161598029,MA1714.1,+,4.22e-06,L1PA16,L1,LINE
chr4,167034903,167034924,MA1714.1,+,4.22e-06,L1MA7,L1,LINE
chr6,167124909,167124930,MA1714.1,+,4.22e-06,L1MDa,L1,LINE
chr4,186062311,186062332,MA1714.1,+,4.22e-06,L1M5,L1,LINE
chr3,191458391,191458412,MA1714.1,-,4.22e-06,HERVP71A-int,ERV1,LTR
chr2,195021892,195021913,MA1714.1,-,4.22e-06,HERVP71A-int,ERV1,LTR
chr1,227865243,227865264,MA1714.1,+,4.22e-06,Harlequin-int,ERV1,LTR
chr2,231093889,231093910,MA1714.1,-,4.22e-06,L1MCa,L1,LINE
chr2,237837386,237837407,MA1714.1,+,4.22e-06,LTR73,ERV1,LTR
chr1,247521434,247521455,MA1714.1,+,4.22e-06,HERVP71A-int,ERV1,LTR
chr11,5310352,5310373,MA1714.1,-,4.25e-06,AluJo,Alu,SINE
chr3,10226035,10226056,MA1714.1,-,4.25e-06,MLT1J-int,ERVL-MaLR,LTR
chr16,12077897,12077918,MA1714.1,+,4.25e-06,MER106A,hAT-Charlie,DNA
chr1,14681244,14681265,MA1714.1,+,4.25e-06,L1ME2,L1,LINE
chr4,15404206,15404227,MA1714.1,+,4.25e-06,L1M7,L1,LINE
chr8,15474439,15474460,MA1714.1,+,4.25e-06,MER52A,ERV1,LTR
chr3,15827527,15827548,MA1714.1,+,4.25e-06,L1MC1,L1,LINE
chr2,17323251,17323272,MA1714.1,+,4.25e-06,L1MCa,L1,LINE
chr20,19681370,19681391,MA1714.1,-,4.25e-06,L1ME4a,L1,LINE
chr20,22053241,22053262,MA1714.1,+,4.25e-06,L1MC3,L1,LINE
chr2,22938695,22938716,MA1714.1,-,4.25e-06,AluJb,Alu,SINE
chr18,23341109,23341130,MA1714.1,-,4.25e-06,L1MEc,L1,LINE
chr15,24409375,24409396,MA1714.1,-,4.25e-06,PABL_B-int,ERV1,LTR
chr18,24429483,24429504,MA1714.1,-,4.25e-06,AluSx,Alu,SINE
chr15,24484454,24484475,MA1714.1,-,4.25e-06,PRIMA41-int,ERV1,LTR
chr15,24624969,24624990,MA1714.1,-,4.25e-06,PRIMA41-int,ERV1,LTR
chr15,24797537,24797558,MA1714.1,-,4.25e-06,PRIMA41-int,ERV1,LTR
chr9,27538238,27538259,MA1714.1,+,4.25e-06,MLT2B2,ERVL,LTR
chr2,31549637,31549658,MA1714.1,+,4.25e-06,L1ME3C,L1,LINE
chr20,35997422,35997443,MA1714.1,-,4.25e-06,L1MB8,L1,LINE
chr5,39541463,39541484,MA1714.1,+,4.25e-06,L3,CR1,LINE
chr19,40764459,40764480,MA1714.1,+,4.25e-06,AluJr,Alu,SINE
chr18,43050604,43050625,MA1714.1,-,4.25e-06,L1M7,L1,LINE
chr21,43997005,43997026,MA1714.1,+,4.25e-06,L1MEd,L1,LINE
chr14,45096026,45096047,MA1714.1,+,4.25e-06,LTR18B,ERVL,LTR
chr1,45645586,45645607,MA1714.1,+,4.25e-06,MLT1D,ERVL-MaLR,LTR
chr8,48177891,48177912,MA1714.1,-,4.25e-06,AluJr,Alu,SINE
chr8,51027448,51027469,MA1714.1,+,4.25e-06,L1MA9,L1,LINE
chr22,51129922,51129943,MA1714.1,-,4.25e-06,L1MB5,L1,LINE
chr17,51294988,51295009,MA1714.1,+,4.25e-06,L1ME1,L1,LINE
chr2,55424252,55424273,MA1714.1,+,4.25e-06,L1MA3,L1,LINE
chr10,59428529,59428550,MA1714.1,-,4.25e-06,HAL1,L1,LINE
chr5,62183933,62183954,MA1714.1,-,4.25e-06,MIR,MIR,SINE
chr16,65528423,65528444,MA1714.1,-,4.25e-06,L3,CR1,LINE
chr14,67574064,67574085,MA1714.1,-,4.25e-06,L1M2a,L1,LINE
chrX,68024041,68024062,MA1714.1,-,4.25e-06,L3,CR1,LINE
chr18,71520029,71520050,MA1714.1,-,4.25e-06,AluSg,Alu,SINE
chr11,74993484,74993505,MA1714.1,+,4.25e-06,MLT1D,ERVL-MaLR,LTR
chr15,77652982,77653003,MA1714.1,+,4.25e-06,MER8,TcMar-Tigger,DNA
chr4,78315096,78315117,MA1714.1,-,4.25e-06,HERVK3-int,ERVK,LTR
chr10,82108749,82108770,MA1714.1,-,4.25e-06,AluY,Alu,SINE
chr4,85151932,85151953,MA1714.1,-,4.25e-06,THE1D-int,ERVL-MaLR,LTR
chr11,85863893,85863914,MA1714.1,+,4.25e-06,MIR,MIR,SINE
chr3,89794565,89794586,MA1714.1,-,4.25e-06,L1MA9,L1,LINE
chrX,90068703,90068724,MA1714.1,+,4.25e-06,LTR16E2,ERVL,LTR
chr9,92885259,92885280,MA1714.1,-,4.25e-06,L1M4c,L1,LINE
chr12,94339820,94339841,MA1714.1,+,4.25e-06,MER34C_,ERV1,LTR
chr8,97195491,97195512,MA1714.1,-,4.25e-06,MIR,MIR,SINE
chr1,98714028,98714049,MA1714.1,+,4.25e-06,L1MA6,L1,LINE
chrX,99789856,99789877,MA1714.1,-,4.25e-06,L1MB1,L1,LINE
chr6,103844788,103844809,MA1714.1,+,4.25e-06,THE1C-int,ERVL-MaLR,LTR
chr4,108660020,108660041,MA1714.1,+,4.25e-06,PABL_B-int,ERV1,LTR
chr13,111481801,111481822,MA1714.1,-,4.25e-06,MIRb,MIR,SINE
chr9,117648144,117648165,MA1714.1,+,4.25e-06,L1PA15,L1,LINE
chr7,122016585,122016606,MA1714.1,+,4.25e-06,L1MA10,L1,LINE
chr2,123764440,123764461,MA1714.1,+,4.25e-06,L1M2,L1,LINE
chr7,126720214,126720235,MA1714.1,+,4.25e-06,MLT1D,ERVL-MaLR,LTR
chr8,134918945,134918966,MA1714.1,+,4.25e-06,MIR,MIR,SINE
chr6,142213569,142213590,MA1714.1,+,4.25e-06,L1PB4,L1,LINE
chr2,153453032,153453053,MA1714.1,-,4.25e-06,Charlie1a,hAT-Charlie,DNA
chr1,175820342,175820363,MA1714.1,-,4.25e-06,AluJb,Alu,SINE
chr2,180696100,180696121,MA1714.1,-,4.25e-06,MIR,MIR,SINE
chr1,180709364,180709385,MA1714.1,-,4.25e-06,L1MEf,L1,LINE
chr1,185448331,185448352,MA1714.1,+,4.25e-06,AluJr4,Alu,SINE
chr1,187095034,187095055,MA1714.1,-,4.25e-06,L1MEb,L1,LINE
chr17,2407503,2407524,MA1714.1,+,4.28e-06,L1MB4,L1,LINE
chr9,3987212,3987233,MA1714.1,+,4.28e-06,L1MD2,L1,LINE
chr20,4250372,4250393,MA1714.1,+,4.28e-06,L1MEg,L1,LINE
chr16,7441697,7441718,MA1714.1,+,4.28e-06,L2c,L2,LINE
chr2,9764707,9764728,MA1714.1,-,4.28e-06,MER20,hAT-Charlie,DNA
chr20,11449966,11449987,MA1714.1,-,4.28e-06,L1PB4,L1,LINE
chr6,14629252,14629273,MA1714.1,-,4.28e-06,MamGypLTR1a,Gypsy,LTR
chr7,15683494,15683515,MA1714.1,-,4.28e-06,L1PA17,L1,LINE
chr1,16377750,16377771,MA1714.1,+,4.28e-06,MIRb,MIR,SINE
chr20,24813815,24813836,MA1714.1,+,4.28e-06,MIRc,MIR,SINE
chr5,26607454,26607475,MA1714.1,+,4.28e-06,L4,RTE,LINE
chr21,30895152,30895173,MA1714.1,-,4.28e-06,L1M5,L1,LINE
chr11,31558548,31558569,MA1714.1,-,4.28e-06,L1ME1,L1,LINE
chr13,31578454,31578475,MA1714.1,-,4.28e-06,LTR84a,ERVL,LTR
chr7,33274074,33274095,MA1714.1,-,4.28e-06,L1MA9,L1,LINE
chr4,34898149,34898170,MA1714.1,-,4.28e-06,L1MA7,L1,LINE
chr1,38045781,38045802,MA1714.1,+,4.28e-06,AluJr4,Alu,SINE
chr11,43134468,43134489,MA1714.1,-,4.28e-06,MIRb,MIR,SINE
chr5,44233815,44233836,MA1714.1,-,4.28e-06,MLT1I-int,ERVL-MaLR,LTR
chr10,45026665,45026686,MA1714.1,-,4.28e-06,L1MB5,L1,LINE
chr14,51474342,51474363,MA1714.1,+,4.28e-06,MIR,MIR,SINE
chrX,51657023,51657044,MA1714.1,-,4.28e-06,L1MA4,L1,LINE
chr3,54150906,54150927,MA1714.1,+,4.28e-06,THE1D-int,ERVL-MaLR,LTR
chr3,60008430,60008451,MA1714.1,+,4.28e-06,MER117,hAT-Charlie,DNA
chr13,65588363,65588384,MA1714.1,-,4.28e-06,L1MC3,L1,LINE
chr12,66865159,66865180,MA1714.1,+,4.28e-06,L1MB5,L1,LINE
chr12,67888174,67888195,MA1714.1,+,4.28e-06,L1PA13,L1,LINE
chrX,68885413,68885434,MA1714.1,-,4.28e-06,L1MA9,L1,LINE
chr6,70640615,70640636,MA1714.1,+,4.28e-06,AluSc8,Alu,SINE
chr4,74492877,74492898,MA1714.1,-,4.28e-06,L1MA9,L1,LINE
chr6,79799384,79799405,MA1714.1,-,4.28e-06,HAL1-3A_ME,L1,LINE
chr5,85772974,85772995,MA1714.1,-,4.28e-06,MIR,MIR,SINE
chr11,86918933,86918954,MA1714.1,+,4.28e-06,L1P4a,L1,LINE
chr12,87719468,87719489,MA1714.1,+,4.28e-06,L1MC4a,L1,LINE
chr2,88679414,88679435,MA1714.1,+,4.28e-06,L1ME2,L1,LINE
chr15,89315286,89315307,MA1714.1,-,4.28e-06,HAL1,L1,LINE
chr10,89327392,89327413,MA1714.1,+,4.28e-06,MSTA-int,ERVL-MaLR,LTR
chr14,91505930,91505951,MA1714.1,-,4.28e-06,LTR16E2,ERVL,LTR
chr7,92609772,92609793,MA1714.1,-,4.28e-06,L1M4c,L1,LINE
chr8,95365985,95366006,MA1714.1,+,4.28e-06,L1MB2,L1,LINE
chr4,97988558,97988579,MA1714.1,-,4.28e-06,MIRc,MIR,SINE
chrX,98508921,98508942,MA1714.1,-,4.28e-06,MSTA-int,ERVL-MaLR,LTR
chr4,100304613,100304634,MA1714.1,-,4.28e-06,LTR81B,Gypsy,LTR
chr4,101813046,101813067,MA1714.1,-,4.28e-06,MIR,MIR,SINE
chr8,109106244,109106265,MA1714.1,-,4.28e-06,HAL1,L1,LINE
chr7,109999153,109999174,MA1714.1,-,4.28e-06,L1MA9,L1,LINE
chr2,114522575,114522596,MA1714.1,-,4.28e-06,MSTA-int,ERVL-MaLR,LTR
chr4,116611855,116611876,MA1714.1,-,4.28e-06,L4,RTE,LINE
chr10,125130436,125130457,MA1714.1,-,4.28e-06,L1ME2,L1,LINE
chr3,125964671,125964692,MA1714.1,-,4.28e-06,HUERS-P2-int,ERV1,LTR
chr8,128704002,128704023,MA1714.1,+,4.28e-06,MIR,MIR,SINE
chrX,130603469,130603490,MA1714.1,-,4.28e-06,L1MC2,L1,LINE
chr6,139361305,139361326,MA1714.1,-,4.28e-06,L2b,L2,LINE
chr4,152962296,152962317,MA1714.1,+,4.28e-06,MIRb,MIR,SINE
chr2,155211197,155211218,MA1714.1,-,4.28e-06,L1MA9,L1,LINE
chr1,162046801,162046822,MA1714.1,-,4.28e-06,L1MB7,L1,LINE
chr1,169899770,169899791,MA1714.1,-,4.28e-06,L1MEd,L1,LINE
chr3,177964722,177964743,MA1714.1,+,4.28e-06,L1ME3B,L1,LINE
chr3,192602846,192602867,MA1714.1,+,4.28e-06,Plat_L3,CR1,LINE
chr1,193357988,193358009,MA1714.1,-,4.28e-06,THE1-int,ERVL-MaLR,LTR
chr2,206650434,206650455,MA1714.1,-,4.28e-06,L3b,CR1,LINE
chr17,2397924,2397945,MA1714.1,+,4.31e-06,AluJr4,Alu,SINE
chr12,2867983,2868004,MA1714.1,+,4.31e-06,L1PB1,L1,LINE
chr19,3482463,3482484,MA1714.1,+,4.31e-06,MIRb,MIR,SINE
chr8,12822155,12822176,MA1714.1,-,4.31e-06,AluJb,Alu,SINE
chrY,15000008,15000029,MA1714.1,-,4.31e-06,AluJr,Alu,SINE
chr17,17123685,17123706,MA1714.1,-,4.31e-06,MIRb,MIR,SINE
chr6,17335012,17335033,MA1714.1,-,4.31e-06,L1MEg,L1,LINE
chr12,19828243,19828264,MA1714.1,-,4.31e-06,L1MA4,L1,LINE
chr2,20956874,20956895,MA1714.1,+,4.31e-06,L1MEg,L1,LINE
chr22,21129116,21129137,MA1714.1,+,4.31e-06,L1MC4,L1,LINE
chr13,21486758,21486779,MA1714.1,+,4.31e-06,AluY,Alu,SINE
chr14,21606161,21606182,MA1714.1,+,4.31e-06,AluSx,Alu,SINE
chr20,21734214,21734235,MA1714.1,-,4.31e-06,L1ME3A,L1,LINE
chr14,27258881,27258902,MA1714.1,+,4.31e-06,MLT1B,ERVL-MaLR,LTR
chr21,27557111,27557132,MA1714.1,-,4.31e-06,MSTA-int,ERVL-MaLR,LTR
chrX,32202052,32202073,MA1714.1,-,4.31e-06,Charlie2b,hAT-Charlie,DNA
chr15,32325472,32325493,MA1714.1,+,4.31e-06,MIRb,MIR,SINE
chr15,33657181,33657202,MA1714.1,+,4.31e-06,L3,CR1,LINE
chr18,35903160,35903181,MA1714.1,+,4.31e-06,L1MC4,L1,LINE
chr11,36723256,36723277,MA1714.1,-,4.31e-06,MIRb,MIR,SINE
chr11,37569461,37569482,MA1714.1,-,4.31e-06,MIRb,MIR,SINE
chr8,38210543,38210564,MA1714.1,-,4.31e-06,MIR,MIR,SINE
chr14,38978224,38978245,MA1714.1,-,4.31e-06,THE1C-int,ERVL-MaLR,LTR
chr7,39818922,39818943,MA1714.1,-,4.31e-06,AluJr,Alu,SINE
chrX,40771089,40771110,MA1714.1,+,4.31e-06,AluJo,Alu,SINE
chr19,43074374,43074395,MA1714.1,-,4.31e-06,AluJb,Alu,SINE
chr11,44226735,44226756,MA1714.1,+,4.31e-06,MIRb,MIR,SINE
chr7,45834726,45834747,MA1714.1,-,4.31e-06,AluJr,Alu,SINE
chr13,46518887,46518908,MA1714.1,-,4.31e-06,FRAM,Alu,SINE
chr16,46627317,46627338,MA1714.1,+,4.31e-06,L1MD1,L1,LINE
chr11,46670386,46670407,MA1714.1,+,4.31e-06,L1ME4a,L1,LINE
chr1,47986882,47986903,MA1714.1,+,4.31e-06,MIR,MIR,SINE
chr6,49187727,49187748,MA1714.1,+,4.31e-06,L1MA6,L1,LINE
chr15,49848113,49848134,MA1714.1,-,4.31e-06,L1PB1,L1,LINE
chr11,50050080,50050101,MA1714.1,+,4.31e-06,AluJr,Alu,SINE
chr7,51473079,51473100,MA1714.1,+,4.31e-06,AluJr,Alu,SINE
chr4,52874943,52874964,MA1714.1,+,4.31e-06,L1MEc,L1,LINE
chr19,53764964,53764985,MA1714.1,-,4.31e-06,L1MC3,L1,LINE
chr4,54190509,54190530,MA1714.1,+,4.31e-06,AluJr4,Alu,SINE
chr4,54204250,54204271,MA1714.1,+,4.31e-06,MLT1D,ERVL-MaLR,LTR
chr7,56458885,56458906,MA1714.1,+,4.31e-06,AluJr,Alu,SINE
chr20,56684125,56684146,MA1714.1,+,4.31e-06,MLT1A0-int,ERVL-MaLR,LTR
chr7,56919059,56919080,MA1714.1,+,4.31e-06,AluJb,Alu,SINE
chr17,59604557,59604578,MA1714.1,-,4.31e-06,Charlie1a,hAT-Charlie,DNA
chr8,61355071,61355092,MA1714.1,-,4.31e-06,L1PA6,L1,LINE
chr7,63185976,63185997,MA1714.1,-,4.31e-06,AluJr,Alu,SINE
chr7,65290174,65290195,MA1714.1,-,4.31e-06,AluJr,Alu,SINE
chr3,67212741,67212762,MA1714.1,+,4.31e-06,L1M5,L1,LINE
chr13,69535336,69535357,MA1714.1,+,4.31e-06,L1MCa,L1,LINE
chr16,71280444,71280465,MA1714.1,+,4.31e-06,L1MC3,L1,LINE
chr9,72511699,72511720,MA1714.1,+,4.31e-06,FRAM,Alu,SINE
chr9,72646583,72646604,MA1714.1,-,4.31e-06,HAL1,L1,LINE
chr6,72837210,72837231,MA1714.1,-,4.31e-06,MamGypLTR1a,Gypsy,LTR
chr4,75314833,75314854,MA1714.1,+,4.31e-06,L1MEf,L1,LINE
chr4,75484592,75484613,MA1714.1,+,4.31e-06,L1MEf,L1,LINE
chr8,76672798,76672819,MA1714.1,+,4.31e-06,THE1B-int,ERVL-MaLR,LTR
chr11,79174462,79174483,MA1714.1,-,4.31e-06,MIRc,MIR,SINE
chr15,80451079,80451100,MA1714.1,-,4.31e-06,MIRb,MIR,SINE
chr10,81254378,81254399,MA1714.1,+,4.31e-06,MIRc,MIR,SINE
chr12,82088083,82088104,MA1714.1,+,4.31e-06,MSTA-int,ERVL-MaLR,LTR
chr11,86570690,86570711,MA1714.1,+,4.31e-06,SATR1,Satellite,Satellite
chr11,86570690,86570711,MA1714.1,+,4.31e-06,SATR1,Satellite,Satellite
chr11,86570690,86570711,MA1714.1,+,4.31e-06,SATR1,Satellite,Satellite
chr11,86570690,86570711,MA1714.1,+,4.31e-06,SATR1,Satellite,Satellite
chr12,87457363,87457384,MA1714.1,-,4.31e-06,L1PA15,L1,LINE
chr8,89205700,89205721,MA1714.1,+,4.31e-06,L1MA4,L1,LINE
chr3,89870571,89870592,MA1714.1,+,4.31e-06,L1PA15,L1,LINE
chr8,90587289,90587310,MA1714.1,-,4.31e-06,L1MD1,L1,LINE
chr13,95948311,95948332,MA1714.1,+,4.31e-06,AluJb,Alu,SINE
chr3,108537206,108537227,MA1714.1,+,4.31e-06,LTR33,ERVL,LTR
chr13,111345086,111345107,MA1714.1,+,4.31e-06,AluJb,Alu,SINE
chr1,120883653,120883674,MA1714.1,-,4.31e-06,MER21A,ERVL,LTR
chr6,124593387,124593408,MA1714.1,+,4.31e-06,THE1D-int,ERVL-MaLR,LTR
chr3,127281796,127281817,MA1714.1,-,4.31e-06,Charlie1,hAT-Charlie,DNA
chr7,128278880,128278901,MA1714.1,-,4.31e-06,AluJr,Alu,SINE
chr6,133321150,133321171,MA1714.1,-,4.31e-06,MIR,MIR,SINE
chr8,133892545,133892566,MA1714.1,+,4.31e-06,MIRb,MIR,SINE
chr6,135648748,135648769,MA1714.1,+,4.31e-06,MER21A,ERVL,LTR
chr9,136044858,136044879,MA1714.1,-,4.31e-06,MER21A,ERVL,LTR
chr4,138112133,138112154,MA1714.1,-,4.31e-06,THE1D-int,ERVL-MaLR,LTR
chr7,139015158,139015179,MA1714.1,-,4.31e-06,L1MB2,L1,LINE
chr1,149422158,149422179,MA1714.1,+,4.31e-06,MER21A,ERVL,LTR
chr3,154124555,154124576,MA1714.1,+,4.31e-06,L1MC4a,L1,LINE
chr2,162979189,162979210,MA1714.1,+,4.31e-06,Charlie1b,hAT-Charlie,DNA
chr1,165630381,165630402,MA1714.1,-,4.31e-06,MER21A,ERVL,LTR
chr3,177618073,177618094,MA1714.1,+,4.31e-06,L1M1,L1,LINE
chr3,184563772,184563793,MA1714.1,-,4.31e-06,MIRb,MIR,SINE
chr1,206182825,206182846,MA1714.1,-,4.31e-06,MER21A,ERVL,LTR
chr1,219219896,219219917,MA1714.1,-,4.31e-06,AluJb,Alu,SINE
chr2,222169071,222169092,MA1714.1,+,4.31e-06,AluJb,Alu,SINE
chr1,230125771,230125792,MA1714.1,-,4.31e-06,AluJr,Alu,SINE
chrY,7759116,7759137,MA1714.1,-,4.34e-06,HERV17-int,ERV1,LTR
chr19,8744805,8744826,MA1714.1,-,4.34e-06,L1ME1,L1,LINE
chr8,11319891,11319912,MA1714.1,+,4.34e-06,MIRc,MIR,SINE
chr7,12873925,12873946,MA1714.1,-,4.34e-06,MSTA-int,ERVL-MaLR,LTR
chrX,19682134,19682155,MA1714.1,+,4.34e-06,AluJb,Alu,SINE
chr2,23306330,23306351,MA1714.1,-,4.34e-06,L1M4b,L1,LINE
chr4,24695106,24695127,MA1714.1,-,4.34e-06,MLT1J1-int,ERVL-MaLR,LTR
chr21,25221446,25221467,MA1714.1,-,4.34e-06,L1MD2,L1,LINE
chr2,26313150,26313171,MA1714.1,-,4.34e-06,HAL1,L1,LINE
chr2,26369298,26369319,MA1714.1,+,4.34e-06,HAL1,L1,LINE
chr15,29361215,29361236,MA1714.1,-,4.34e-06,L1MB5,L1,LINE
chr5,31311000,31311021,MA1714.1,-,4.34e-06,MSTA-int,ERVL-MaLR,LTR
chr1,33194533,33194554,MA1714.1,+,4.34e-06,MIRc,MIR,SINE
chr3,36923235,36923256,MA1714.1,-,4.34e-06,L1MB7,L1,LINE
chr20,37213322,37213343,MA1714.1,+,4.34e-06,MIRc,MIR,SINE
chr11,37300476,37300497,MA1714.1,-,4.34e-06,L1MCa,L1,LINE
chr7,37690196,37690217,MA1714.1,-,4.34e-06,L1MA10,L1,LINE
chr21,38264619,38264640,MA1714.1,+,4.34e-06,MLT1J-int,ERVL-MaLR,LTR
chr19,48186518,48186539,MA1714.1,-,4.34e-06,L1MC4a,L1,LINE
chr15,51047792,51047813,MA1714.1,+,4.34e-06,AluJb,Alu,SINE
chr20,51524737,51524758,MA1714.1,+,4.34e-06,MIRb,MIR,SINE
chr14,54820067,54820088,MA1714.1,-,4.34e-06,MamGypLTR2b,Gypsy,LTR
chr3,65467926,65467947,MA1714.1,+,4.34e-06,MIRb,MIR,SINE
chr4,65898948,65898969,MA1714.1,+,4.34e-06,AluJr,Alu,SINE
chr11,65963359,65963380,MA1714.1,+,4.34e-06,Charlie1a,hAT-Charlie,DNA
chr12,67722831,67722852,MA1714.1,-,4.34e-06,L1PA17,L1,LINE
chr18,67988960,67988981,MA1714.1,+,4.34e-06,Charlie1,hAT-Charlie,DNA
chr15,68544524,68544545,MA1714.1,-,4.34e-06,AluSx,Alu,SINE
chr1,71612405,71612426,MA1714.1,+,4.34e-06,THE1D-int,ERVL-MaLR,LTR
chr6,74113444,74113465,MA1714.1,-,4.34e-06,AluJb,Alu,SINE
chr17,78701762,78701783,MA1714.1,-,4.34e-06,L1MC4a,L1,LINE
chr7,82953736,82953757,MA1714.1,-,4.34e-06,LTR33,ERVL,LTR
chr3,87849736,87849757,MA1714.1,+,4.34e-06,L2c,L2,LINE
chr1,88170164,88170185,MA1714.1,+,4.34e-06,L1M5,L1,LINE
chr4,88900957,88900978,MA1714.1,+,4.34e-06,MIR,MIR,SINE
chr9,89678506,89678527,MA1714.1,+,4.34e-06,Tigger9a,TcMar-Tigger,DNA
chr2,90083705,90083726,MA1714.1,-,4.34e-06,L1MA7,L1,LINE
chr5,95796081,95796102,MA1714.1,+,4.34e-06,L1PA8,L1,LINE
chr14,99777679,99777700,MA1714.1,-,4.34e-06,L1MEg,L1,LINE
chr4,106110050,106110071,MA1714.1,+,4.34e-06,L1MB7,L1,LINE
chr6,108563027,108563048,MA1714.1,+,4.34e-06,L1M4b,L1,LINE
chr12,111131678,111131699,MA1714.1,+,4.34e-06,Charlie4a,hAT-Charlie,DNA
chrX,112652487,112652508,MA1714.1,-,4.34e-06,L1MC3,L1,LINE
chrX,112888916,112888937,MA1714.1,-,4.34e-06,L1MB8,L1,LINE
chr12,120091863,120091884,MA1714.1,+,4.34e-06,L1MEf,L1,LINE
chr7,132459219,132459240,MA1714.1,-,4.34e-06,L1ME3A,L1,LINE
chr3,134643756,134643777,MA1714.1,+,4.34e-06,L1ME1,L1,LINE
chr4,139126225,139126246,MA1714.1,-,4.34e-06,MIRc,MIR,SINE
chr2,147061845,147061866,MA1714.1,+,4.34e-06,L1PB1,L1,LINE
chr4,152365651,152365672,MA1714.1,-,4.34e-06,L1ME3D,L1,LINE
chr3,156306320,156306341,MA1714.1,-,4.34e-06,L1MB8,L1,LINE
chr2,159884013,159884034,MA1714.1,-,4.34e-06,MSTD-int,ERVL-MaLR,LTR
chr6,164050505,164050526,MA1714.1,+,4.34e-06,MLT1D,ERVL-MaLR,LTR
chr1,165075648,165075669,MA1714.1,-,4.34e-06,L1PA6,L1,LINE
chr5,165378284,165378305,MA1714.1,+,4.34e-06,MER30B,hAT-Charlie,DNA
chr1,179253282,179253303,MA1714.1,-,4.34e-06,AluSz6,Alu,SINE
chr3,181571987,181572008,MA1714.1,-,4.34e-06,AluJb,Alu,SINE
chr2,210764671,210764692,MA1714.1,-,4.34e-06,L1ME3A,L1,LINE
chr6_mann_hap4,508196,508217,MA1714.1,-,4.37e-06,L1PA14,L1,LINE
chr6_qbl_hap6,508196,508217,MA1714.1,-,4.37e-06,L1PA14,L1,LINE
chr6_dbb_hap3,508199,508220,MA1714.1,-,4.37e-06,L1PA14,L1,LINE
chr6_ssto_hap7,545684,545705,MA1714.1,-,4.37e-06,L1PA14,L1,LINE
chr6_cox_hap2,723648,723669,MA1714.1,-,4.37e-06,L1PA14,L1,LINE
chr8,1122313,1122334,MA1714.1,-,4.37e-06,L1PA3,L1,LINE
chr20,1213443,1213464,MA1714.1,+,4.37e-06,MLT1A0,ERVL-MaLR,LTR
chr8,1557268,1557289,MA1714.1,+,4.37e-06,L1PA2,L1,LINE
chr11,4036703,4036724,MA1714.1,-,4.37e-06,L1PA6,L1,LINE
chr10,4051318,4051339,MA1714.1,-,4.37e-06,MIR,MIR,SINE
chr9,5071657,5071678,MA1714.1,+,4.37e-06,L1MEd,L1,LINE
chrY,8815518,8815539,MA1714.1,-,4.37e-06,L1PA5,L1,LINE
chr16,9065813,9065834,MA1714.1,+,4.37e-06,L1MB7,L1,LINE
chr5,11825603,11825624,MA1714.1,+,4.37e-06,L1ME1,L1,LINE
chr9,11943162,11943183,MA1714.1,+,4.37e-06,L1PA4,L1,LINE
chr3,14541754,14541775,MA1714.1,+,4.37e-06,L1MEg,L1,LINE
chr4,16345496,16345517,MA1714.1,-,4.37e-06,L1M5,L1,LINE
chr20,16502378,16502399,MA1714.1,+,4.37e-06,L1PA7,L1,LINE
chrX,16517167,16517188,MA1714.1,+,4.37e-06,L1PA3,L1,LINE
chr4,16631773,16631794,MA1714.1,+,4.37e-06,L1PA7,L1,LINE
chrX,17252574,17252595,MA1714.1,-,4.37e-06,L1PA4,L1,LINE
chrY,17724461,17724482,MA1714.1,+,4.37e-06,L1PA4,L1,LINE
chrX,17803922,17803943,MA1714.1,-,4.37e-06,L1PA3,L1,LINE
chr3,18371204,18371225,MA1714.1,-,4.37e-06,L1PA3,L1,LINE
chr3,18734193,18734214,MA1714.1,-,4.37e-06,L1PA3,L1,LINE
chrX,18756672,18756693,MA1714.1,-,4.37e-06,L1PA5,L1,LINE
chr14,21105039,21105060,MA1714.1,+,4.37e-06,L1PB2,L1,LINE
chrY,21119585,21119606,MA1714.1,+,4.37e-06,L1PA7,L1,LINE
chr8,21684801,21684822,MA1714.1,+,4.37e-06,L1PA3,L1,LINE
chr3,21765354,21765375,MA1714.1,+,4.37e-06,L1PA7,L1,LINE
chr12,23300476,23300497,MA1714.1,+,4.37e-06,L1PA4,L1,LINE
chr20,23710433,23710454,MA1714.1,-,4.37e-06,L1PB4,L1,LINE
chr20,23786281,23786302,MA1714.1,-,4.37e-06,L1PB4,L1,LINE
chr3,24114683,24114704,MA1714.1,-,4.37e-06,L1PB1,L1,LINE
chr6,24144064,24144085,MA1714.1,-,4.37e-06,MIR,MIR,SINE
chr13,25385209,25385230,MA1714.1,-,4.37e-06,L1PA3,L1,LINE
chr9,25501731,25501752,MA1714.1,+,4.37e-06,THE1D-int,ERVL-MaLR,LTR
chr3,26363985,26364006,MA1714.1,-,4.37e-06,L1PA7,L1,LINE
chr12,26467676,26467697,MA1714.1,-,4.37e-06,L1PA8,L1,LINE
chr6,29204753,29204774,MA1714.1,-,4.37e-06,L1PA14,L1,LINE
chr21,33026218,33026239,MA1714.1,+,4.37e-06,AluJb,Alu,SINE
chr17,33679164,33679185,MA1714.1,+,4.37e-06,L1MEa,L1,LINE
chr17,33767386,33767407,MA1714.1,+,4.37e-06,L1MEa,L1,LINE
chr18,34513596,34513617,MA1714.1,-,4.37e-06,L1P4a,L1,LINE
chr13,34560378,34560399,MA1714.1,+,4.37e-06,L1PA3,L1,LINE
chr11,34597264,34597285,MA1714.1,+,4.37e-06,L1MB5,L1,LINE
chr16,34704618,34704639,MA1714.1,+,4.37e-06,L1PA3,L1,LINE
chr11,35215088,35215109,MA1714.1,+,4.37e-06,Charlie4z,hAT-Charlie,DNA
chr3,35248016,35248037,MA1714.1,+,4.37e-06,L1MDa,L1,LINE
chr5,35496046,35496067,MA1714.1,+,4.37e-06,L1P2,L1,LINE
chr11,36057453,36057474,MA1714.1,-,4.37e-06,MIRc,MIR,SINE
chr8,36528326,36528347,MA1714.1,-,4.37e-06,L1P2,L1,LINE
chrX,37066607,37066628,MA1714.1,+,4.37e-06,THE1D-int,ERVL-MaLR,LTR
chr21,38044673,38044694,MA1714.1,+,4.37e-06,L1MEd,L1,LINE
chr9,38560990,38561011,MA1714.1,-,4.37e-06,MSTA-int,ERVL-MaLR,LTR
chr20,39385130,39385151,MA1714.1,+,4.37e-06,MLT1K,ERVL-MaLR,LTR
chr21,40077911,40077932,MA1714.1,-,4.37e-06,Helitron3Na_Mam,Helitron,RC
chr20,43387833,43387854,MA1714.1,-,4.37e-06,MIRc,MIR,SINE
chr5,43916937,43916958,MA1714.1,-,4.37e-06,L1P2,L1,LINE
chr5,44015589,44015610,MA1714.1,+,4.37e-06,L1PA4,L1,LINE
chr5,44042730,44042751,MA1714.1,+,4.37e-06,L1PA3,L1,LINE
chr5,44064412,44064433,MA1714.1,-,4.37e-06,L1PA5,L1,LINE
chr11,44787086,44787107,MA1714.1,-,4.37e-06,MIRb,MIR,SINE
chrX,44815716,44815737,MA1714.1,-,4.37e-06,AluJo,Alu,SINE
chr20,45283629,45283650,MA1714.1,-,4.37e-06,L1MDa,L1,LINE
chrX,45646463,45646484,MA1714.1,+,4.37e-06,L3b,CR1,LINE
chr10,46100052,46100073,MA1714.1,-,4.37e-06,L1MC3,L1,LINE
chr16,47218251,47218272,MA1714.1,+,4.37e-06,L1PA3,L1,LINE
chr16,47846317,47846338,MA1714.1,-,4.37e-06,L1PA2,L1,LINE
chr7,48645237,48645258,MA1714.1,-,4.37e-06,L1PA7,L1,LINE
chr12,48829256,48829277,MA1714.1,+,4.37e-06,L1PA4,L1,LINE
chr4,48871025,48871046,MA1714.1,-,4.37e-06,L1PA4,L1,LINE
chr4,49071572,49071593,MA1714.1,+,4.37e-06,L1P1,L1,LINE
chr4,49075517,49075538,MA1714.1,+,4.37e-06,L1PA3,L1,LINE
chr18,49231414,49231435,MA1714.1,-,4.37e-06,L1PA5,L1,LINE
chrX,50856258,50856279,MA1714.1,+,4.37e-06,L1PA3,L1,LINE
chr10,50912887,50912908,MA1714.1,+,4.37e-06,L1ME4a,L1,LINE
chrX,51006571,51006592,MA1714.1,+,4.37e-06,L1PA3,L1,LINE
chr12,51190544,51190565,MA1714.1,+,4.37e-06,L1M3,L1,LINE
chr22,51194031,51194052,MA1714.1,-,4.37e-06,L1PA4,L1,LINE
chr11,51269721,51269742,MA1714.1,+,4.37e-06,L1PA2,L1,LINE
chr11,51279697,51279718,MA1714.1,-,4.37e-06,L1PA3,L1,LINE
chr3,52343026,52343047,MA1714.1,+,4.37e-06,MER96,hAT,DNA
chr3,54837794,54837815,MA1714.1,+,4.37e-06,L1PA3,L1,LINE
chr11,54853557,54853578,MA1714.1,+,4.37e-06,L1PA3,L1,LINE
chr3,55171924,55171945,MA1714.1,+,4.37e-06,L1PA2,L1,LINE
chr11,55287115,55287136,MA1714.1,-,4.37e-06,L1PA3,L1,LINE
chr11,55802300,55802321,MA1714.1,+,4.37e-06,L1P3,L1,LINE
chrX,56701819,56701840,MA1714.1,+,4.37e-06,L1PA7,L1,LINE
chr1,58596559,58596580,MA1714.1,-,4.37e-06,L1PA2,L1,LINE
chr13,58715774,58715795,MA1714.1,+,4.37e-06,THE1B-int,ERVL-MaLR,LTR
chr1,58739111,58739132,MA1714.1,-,4.37e-06,L1PA2,L1,LINE
chr11,59141226,59141247,MA1714.1,+,4.37e-06,L1PA3,L1,LINE
chr8,59158716,59158737,MA1714.1,+,4.37e-06,L1MEb,L1,LINE
chr12,59785493,59785514,MA1714.1,+,4.37e-06,L1PA8A,L1,LINE
chr11,60204457,60204478,MA1714.1,+,4.37e-06,L1PA2,L1,LINE
chr11,61925981,61926002,MA1714.1,+,4.37e-06,L1PA7,L1,LINE
chrX,62310828,62310849,MA1714.1,+,4.37e-06,L1P1,L1,LINE
chr5,62673363,62673384,MA1714.1,+,4.37e-06,L1PA7,L1,LINE
chr8,62761989,62762010,MA1714.1,-,4.37e-06,L1PA3,L1,LINE
chr16,65392190,65392211,MA1714.1,+,4.37e-06,L1PA3,L1,LINE
chr16,65586726,65586747,MA1714.1,+,4.37e-06,L1PA3,L1,LINE
chr16,65725468,65725489,MA1714.1,+,4.37e-06,L1HS,L1,LINE
chr6,65933417,65933438,MA1714.1,+,4.37e-06,L1MB7,L1,LINE
chr9,74212440,74212461,MA1714.1,+,4.37e-06,L1PA5,L1,LINE
chrX,74668148,74668169,MA1714.1,+,4.37e-06,ERVL-B4-int,ERVL,LTR
chr1,76150899,76150920,MA1714.1,-,4.37e-06,THE1C-int,ERVL-MaLR,LTR
chrX,76273222,76273243,MA1714.1,+,4.37e-06,L1MA9,L1,LINE
chr11,76642939,76642960,MA1714.1,-,4.37e-06,L1PA5,L1,LINE
chr10,77017471,77017492,MA1714.1,+,4.37e-06,L1MEe,L1,LINE
chr8,77785947,77785968,MA1714.1,-,4.37e-06,MLT1J2-int,ERVL-MaLR,LTR
chrX,78910350,78910371,MA1714.1,-,4.37e-06,L1PA6,L1,LINE
chr8,79074362,79074383,MA1714.1,+,4.37e-06,HERVL-int,ERVL,LTR
chr4,79426309,79426330,MA1714.1,-,4.37e-06,L1PA6,L1,LINE
chr11,80517839,80517860,MA1714.1,+,4.37e-06,AluJr4,Alu,SINE
chr7,83198193,83198214,MA1714.1,+,4.37e-06,L1M2,L1,LINE
chr12,84801133,84801154,MA1714.1,+,4.37e-06,HERVL-int,ERVL,LTR
chr8,84931538,84931559,MA1714.1,-,4.37e-06,L1PA3,L1,LINE
chr14,86576243,86576264,MA1714.1,-,4.37e-06,L1PA2,L1,LINE
chr1,86796215,86796236,MA1714.1,+,4.37e-06,L1PA5,L1,LINE
chr13,88096052,88096073,MA1714.1,+,4.37e-06,L1MB4,L1,LINE
chr3,89882563,89882584,MA1714.1,+,4.37e-06,L1PA4,L1,LINE
chr4,91330493,91330514,MA1714.1,+,4.37e-06,L1PA4,L1,LINE
chr1,95680672,95680693,MA1714.1,-,4.37e-06,L1PA6,L1,LINE
chr5,95695466,95695487,MA1714.1,-,4.37e-06,L1PA8,L1,LINE
chrX,101519993,101520014,MA1714.1,+,4.37e-06,L1PA4,L1,LINE
chrX,101677025,101677046,MA1714.1,-,4.37e-06,L1PA4,L1,LINE
chr9,102262596,102262617,MA1714.1,+,4.37e-06,L1PA2,L1,LINE
chrX,103123849,103123870,MA1714.1,+,4.37e-06,L1PA3,L1,LINE
chrX,103285869,103285890,MA1714.1,-,4.37e-06,L1PA2,L1,LINE
chr4,104522972,104522993,MA1714.1,-,4.37e-06,L1PA4,L1,LINE
chr11,104795356,104795377,MA1714.1,-,4.37e-06,L1PA6,L1,LINE
chr4,105247056,105247077,MA1714.1,-,4.37e-06,L1PA4,L1,LINE
chrX,105837142,105837163,MA1714.1,-,4.37e-06,L1ME3A,L1,LINE
chr4,105988693,105988714,MA1714.1,+,4.37e-06,MIRb,MIR,SINE
chr1,107100650,107100671,MA1714.1,+,4.37e-06,L1M1,L1,LINE
chr4,108418349,108418370,MA1714.1,-,4.37e-06,L1M3b,L1,LINE
chr11,111878243,111878264,MA1714.1,+,4.37e-06,L1PA6,L1,LINE
chr11,113096366,113096387,MA1714.1,+,4.37e-06,L1PA5,L1,LINE
chr7,114634833,114634854,MA1714.1,-,4.37e-06,L1PA5,L1,LINE
chr5,115417589,115417610,MA1714.1,+,4.37e-06,L1P3,L1,LINE
chr2,116232751,116232772,MA1714.1,+,4.37e-06,MSTA-int,ERVL-MaLR,LTR
chr6,118809858,118809879,MA1714.1,+,4.37e-06,L1M3d,L1,LINE
chr2,119559496,119559517,MA1714.1,-,4.37e-06,MIRc,MIR,SINE
chr2,120842130,120842151,MA1714.1,-,4.37e-06,L1PA5,L1,LINE
chrX,124747376,124747397,MA1714.1,-,4.37e-06,L1PA3,L1,LINE
chrX,124974543,124974564,MA1714.1,+,4.37e-06,L1PA3,L1,LINE
chrX,125518825,125518846,MA1714.1,+,4.37e-06,L1PA4,L1,LINE
chr5,126833610,126833631,MA1714.1,+,4.37e-06,L1MC2,L1,LINE
chr2,126834316,126834337,MA1714.1,+,4.37e-06,THE1B-int,ERVL-MaLR,LTR
chr10,127362419,127362440,MA1714.1,-,4.37e-06,L1PA10,L1,LINE
chr4,127786442,127786463,MA1714.1,-,4.37e-06,L1PA3,L1,LINE
chrX,128179919,128179940,MA1714.1,+,4.37e-06,L1PA2,L1,LINE
chrX,128472594,128472615,MA1714.1,+,4.37e-06,L1PA3,L1,LINE
chr4,128782385,128782406,MA1714.1,+,4.37e-06,L1PA3,L1,LINE
chr10,129067435,129067456,MA1714.1,+,4.37e-06,MIRb,MIR,SINE
chr4,129946416,129946437,MA1714.1,+,4.37e-06,L1PA4,L1,LINE
chr5,130901353,130901374,MA1714.1,+,4.37e-06,L1MEc,L1,LINE
chr3,133029988,133030009,MA1714.1,-,4.37e-06,L1PA6,L1,LINE
chrX,135922769,135922790,MA1714.1,-,4.37e-06,L1MA4,L1,LINE
chr9,136993390,136993411,MA1714.1,-,4.37e-06,L1ME3C,L1,LINE
chr3,141172956,141172977,MA1714.1,-,4.37e-06,MIR,MIR,SINE
chr4,141431054,141431075,MA1714.1,+,4.37e-06,L1PA5,L1,LINE
chr4,142429473,142429494,MA1714.1,-,4.37e-06,L1PA4,L1,LINE
chrX,143145995,143146016,MA1714.1,+,4.37e-06,L1PB1,L1,LINE
chr4,143176069,143176090,MA1714.1,+,4.37e-06,L1PA3,L1,LINE
chr5,143896537,143896558,MA1714.1,-,4.37e-06,L1P1,L1,LINE
chr5,144802728,144802749,MA1714.1,-,4.37e-06,L1PA2,L1,LINE
chr7,145485348,145485369,MA1714.1,-,4.37e-06,L1MC3,L1,LINE
chr4,145837418,145837439,MA1714.1,-,4.37e-06,HERVL-int,ERVL,LTR
chrX,146022188,146022209,MA1714.1,-,4.37e-06,L1MA2,L1,LINE
chr1,146875812,146875833,MA1714.1,+,4.37e-06,L1PA4,L1,LINE
chr4,150466699,150466720,MA1714.1,+,4.37e-06,L1MA9,L1,LINE
chr5,151370160,151370181,MA1714.1,+,4.37e-06,L1PA4,L1,LINE
chr5,156036484,156036505,MA1714.1,-,4.37e-06,L1PA4,L1,LINE
chr2,159253852,159253873,MA1714.1,+,4.37e-06,L1PA6,L1,LINE
chr2,159291701,159291722,MA1714.1,+,4.37e-06,L1PA5,L1,LINE
chr1,159509699,159509720,MA1714.1,+,4.37e-06,L1PA4,L1,LINE
chr4,161669231,161669252,MA1714.1,+,4.37e-06,L1P2,L1,LINE
chr3,164168665,164168686,MA1714.1,-,4.37e-06,L1PA15,L1,LINE
chr4,167666351,167666372,MA1714.1,+,4.37e-06,L1PA5,L1,LINE
chr2,167796386,167796407,MA1714.1,-,4.37e-06,L1PA5,L1,LINE
chr6,170723342,170723363,MA1714.1,-,4.37e-06,HAL1,L1,LINE
chr5,173081939,173081960,MA1714.1,-,4.37e-06,L2c,L2,LINE
chr1,174406919,174406940,MA1714.1,+,4.37e-06,L1P1,L1,LINE
chr1,174588489,174588510,MA1714.1,+,4.37e-06,L1PA4,L1,LINE
chr1,174621403,174621424,MA1714.1,-,4.37e-06,L1P3,L1,LINE
chr4,180559381,180559402,MA1714.1,+,4.37e-06,L1PA3,L1,LINE
chr4,184298153,184298174,MA1714.1,+,4.37e-06,MIRc,MIR,SINE
chr2,190220927,190220948,MA1714.1,-,4.37e-06,L1PA7,L1,LINE
chr2,196089071,196089092,MA1714.1,+,4.37e-06,L1P1,L1,LINE
chr2,211217044,211217065,MA1714.1,+,4.37e-06,L1PA4,L1,LINE
chr1,235069563,235069584,MA1714.1,+,4.37e-06,AluJb,Alu,SINE
chr18,1941272,1941293,MA1714.1,+,4.39e-06,MSTB-int,ERVL-MaLR,LTR
chrY,4947733,4947754,MA1714.1,-,4.39e-06,THE1B-int,ERVL-MaLR,LTR
chr12,6708573,6708594,MA1714.1,+,4.39e-06,AluJr4,Alu,SINE
chrX,9132936,9132957,MA1714.1,+,4.39e-06,L1ME2z,L1,LINE
chr20,10460801,10460822,MA1714.1,+,4.39e-06,AluJb,Alu,SINE
chr17,11274870,11274891,MA1714.1,-,4.39e-06,MIRb,MIR,SINE
chr19,13422805,13422826,MA1714.1,-,4.39e-06,L1ME3B,L1,LINE
chr16,14877350,14877371,MA1714.1,-,4.39e-06,L1PB1,L1,LINE
chr16,15439260,15439281,MA1714.1,+,4.39e-06,L1PB1,L1,LINE
chr20,17979825,17979846,MA1714.1,-,4.39e-06,MLT2B3,ERVL,LTR
chr19,20513929,20513950,MA1714.1,+,4.39e-06,AluJb,Alu,SINE
chr19,20583091,20583112,MA1714.1,+,4.39e-06,AluJb,Alu,SINE
chr19,20820833,20820854,MA1714.1,+,4.39e-06,AluJb,Alu,SINE
chr19,20866516,20866537,MA1714.1,-,4.39e-06,AluJb,Alu,SINE
chr22,24433822,24433843,MA1714.1,-,4.39e-06,AluJr4,Alu,SINE
chr7,24653354,24653375,MA1714.1,-,4.39e-06,L1MA5A,L1,LINE
chr5,25389837,25389858,MA1714.1,-,4.39e-06,HAL1b,L1,LINE
chr13,26845913,26845934,MA1714.1,+,4.39e-06,AluJr,Alu,SINE
chr21,29287608,29287629,MA1714.1,+,4.39e-06,THE1A-int,ERVL-MaLR,LTR
chr3,29398341,29398362,MA1714.1,+,4.39e-06,MIR,MIR,SINE
chr3,29790282,29790303,MA1714.1,-,4.39e-06,LTR49-int,ERV1,LTR
chr14,31520033,31520054,MA1714.1,-,4.39e-06,L1MD3,L1,LINE
chr14,31978479,31978500,MA1714.1,-,4.39e-06,AluJr4,Alu,SINE
chr14,37183926,37183947,MA1714.1,-,4.39e-06,MIRb,MIR,SINE
chrX,39775863,39775884,MA1714.1,-,4.39e-06,LTR85b,Gypsy,LTR
chr13,40282657,40282678,MA1714.1,-,4.39e-06,L1ME3,L1,LINE
chr7,40470798,40470819,MA1714.1,-,4.39e-06,L1MA9,L1,LINE
chr19,41576975,41576996,MA1714.1,-,4.39e-06,L1PREC2,L1,LINE
chr18,43280627,43280648,MA1714.1,+,4.39e-06,L1PA15,L1,LINE
chr8,43734568,43734589,MA1714.1,-,4.39e-06,ALR/Alpha,centr,Satellite
chr3,52608533,52608554,MA1714.1,+,4.39e-06,L1M4,L1,LINE
chr6,55532183,55532204,MA1714.1,-,4.39e-06,MIR,MIR,SINE
chr5,60229600,60229621,MA1714.1,-,4.39e-06,L1PB1,L1,LINE
chrX,64848415,64848436,MA1714.1,-,4.39e-06,THE1A-int,ERVL-MaLR,LTR
chrX,68457370,68457391,MA1714.1,+,4.39e-06,FordPrefect_a,hAT-Tip100,DNA
chr7,70379060,70379081,MA1714.1,-,4.39e-06,MIRb,MIR,SINE
chr5,73416165,73416186,MA1714.1,-,4.39e-06,LTR78B,ERV1,LTR
chr10,73915373,73915394,MA1714.1,+,4.39e-06,L1ME4a,L1,LINE
chrX,81579367,81579388,MA1714.1,-,4.39e-06,L1M1,L1,LINE
chr16,83855911,83855932,MA1714.1,-,4.39e-06,MLT1C,ERVL-MaLR,LTR
chr12,84360103,84360124,MA1714.1,-,4.39e-06,L1MA7,L1,LINE
chr12,87830105,87830126,MA1714.1,-,4.39e-06,ERV3-16A3_I-int,ERVL,LTR
chrX,91113280,91113301,MA1714.1,-,4.39e-06,THE1B-int,ERVL-MaLR,LTR
chr1,95126363,95126384,MA1714.1,+,4.39e-06,MIRb,MIR,SINE
chr4,98758423,98758444,MA1714.1,-,4.39e-06,L1M5,L1,LINE
chr14,100174302,100174323,MA1714.1,-,4.39e-06,MLT1J,ERVL-MaLR,LTR
chr3,101101092,101101113,MA1714.1,-,4.39e-06,AluJr4,Alu,SINE
chr3,101562211,101562232,MA1714.1,+,4.39e-06,AluJr4,Alu,SINE
chr11,108445029,108445050,MA1714.1,+,4.39e-06,AluJb,Alu,SINE
chr11,108540451,108540472,MA1714.1,+,4.39e-06,MLT1D,ERVL-MaLR,LTR
chr11,114668228,114668249,MA1714.1,-,4.39e-06,MER117,hAT-Charlie,DNA
chr4,122355816,122355837,MA1714.1,-,4.39e-06,THE1B-int,ERVL-MaLR,LTR
chr8,123981795,123981816,MA1714.1,+,4.39e-06,L1MEg,L1,LINE
chr12,124170513,124170534,MA1714.1,-,4.39e-06,AluJo,Alu,SINE
chr7,129545729,129545750,MA1714.1,+,4.39e-06,AluJr4,Alu,SINE
chr10,130877940,130877961,MA1714.1,+,4.39e-06,L1ME3,L1,LINE
chr3,131710603,131710624,MA1714.1,+,4.39e-06,THE1C-int,ERVL-MaLR,LTR
chr10,131986772,131986793,MA1714.1,-,4.39e-06,MIR,MIR,SINE
chr8,136311476,136311497,MA1714.1,+,4.39e-06,L1ME2,L1,LINE
chrX,136567496,136567517,MA1714.1,+,4.39e-06,MIRc,MIR,SINE
chr4,138920514,138920535,MA1714.1,+,4.39e-06,L1M6,L1,LINE
chr2,144510638,144510659,MA1714.1,+,4.39e-06,AluJr4,Alu,SINE
chr7,146683275,146683296,MA1714.1,-,4.39e-06,L1PB1,L1,LINE
chrX,149167993,149168014,MA1714.1,+,4.39e-06,L3,CR1,LINE
chr3,150563634,150563655,MA1714.1,-,4.39e-06,MER51-int,ERV1,LTR
chr2,174130512,174130533,MA1714.1,+,4.39e-06,MIRb,MIR,SINE
chr1,174546247,174546268,MA1714.1,+,4.39e-06,AluJr4,Alu,SINE
chr5,176768394,176768415,MA1714.1,+,4.39e-06,L1MB4,L1,LINE
chr4,178634972,178634993,MA1714.1,-,4.39e-06,ERVL-E-int,ERVL,LTR
chr2,191175993,191176014,MA1714.1,+,4.39e-06,L1MC2,L1,LINE
chrY,3047448,3047469,MA1714.1,-,4.42e-06,L1PA15,L1,LINE
chr1,4503141,4503162,MA1714.1,-,4.42e-06,L1MEd,L1,LINE
chr7,9087064,9087085,MA1714.1,+,4.42e-06,AluSz,Alu,SINE
chr11,12597347,12597368,MA1714.1,+,4.42e-06,L1MEc,L1,LINE
chr1,15548410,15548431,MA1714.1,+,4.42e-06,MLT1D,ERVL-MaLR,LTR
chr7,17823675,17823696,MA1714.1,-,4.42e-06,L1MA4A,L1,LINE
chr5,18889077,18889098,MA1714.1,-,4.42e-06,THE1C-int,ERVL-MaLR,LTR
chr5,23084498,23084519,MA1714.1,+,4.42e-06,AluSg,Alu,SINE
chr1,25024629,25024650,MA1714.1,-,4.42e-06,AluSz,Alu,SINE
chr4,25848016,25848037,MA1714.1,-,4.42e-06,MIRb,MIR,SINE
chr16,31893856,31893877,MA1714.1,+,4.42e-06,MER5A1,hAT-Charlie,DNA
chrX,33827096,33827117,MA1714.1,-,4.42e-06,L1MA1,L1,LINE
chr11,35592809,35592830,MA1714.1,+,4.42e-06,L1MA3,L1,LINE
chr6,39838547,39838568,MA1714.1,+,4.42e-06,MER20B,hAT-Charlie,DNA
chr15,41359001,41359022,MA1714.1,+,4.42e-06,AluJr,Alu,SINE
chr3,41477750,41477771,MA1714.1,+,4.42e-06,MER47A,TcMar-Tigger,DNA
chr7,41685782,41685803,MA1714.1,-,4.42e-06,FLAM_A,Alu,SINE
chr22,42410466,42410487,MA1714.1,-,4.42e-06,AluJb,Alu,SINE
chr5,42524805,42524826,MA1714.1,+,4.42e-06,THE1A-int,ERVL-MaLR,LTR
chr11,42612556,42612577,MA1714.1,+,4.42e-06,MER58C,hAT-Charlie,DNA
chr13,47839420,47839441,MA1714.1,-,4.42e-06,L1M5,L1,LINE
chr11,48013392,48013413,MA1714.1,+,4.42e-06,MIR,MIR,SINE
chr20,48072020,48072041,MA1714.1,-,4.42e-06,AluJb,Alu,SINE
chr16,48522664,48522685,MA1714.1,-,4.42e-06,AluJb,Alu,SINE
chr18,48879491,48879512,MA1714.1,-,4.42e-06,MLT1H1,ERVL-MaLR,LTR
chr1,52369804,52369825,MA1714.1,-,4.42e-06,MIR,MIR,SINE
chr11,60337842,60337863,MA1714.1,+,4.42e-06,L1MB4,L1,LINE
chr6,62819963,62819984,MA1714.1,+,4.42e-06,L1ME1,L1,LINE
chr5,63698527,63698548,MA1714.1,+,4.42e-06,L1MB8,L1,LINE
chr6,63855477,63855498,MA1714.1,+,4.42e-06,THE1D-int,ERVL-MaLR,LTR
chr8,65642324,65642345,MA1714.1,-,4.42e-06,Tigger6a,TcMar-Tigger,DNA
chr14,66549642,66549663,MA1714.1,-,4.42e-06,MIRb,MIR,SINE
chr17,66645402,66645423,MA1714.1,+,4.42e-06,L1ME3B,L1,LINE
chr2,67448268,67448289,MA1714.1,+,4.42e-06,MIR,MIR,SINE
chrX,67898798,67898819,MA1714.1,+,4.42e-06,MIR,MIR,SINE
chr13,71990978,71990999,MA1714.1,-,4.42e-06,L1PB4,L1,LINE
chr6,73455650,73455671,MA1714.1,-,4.42e-06,MLT1C,ERVL-MaLR,LTR
chrX,75984970,75984991,MA1714.1,+,4.42e-06,L1MA4A,L1,LINE
chr16,79825593,79825614,MA1714.1,-,4.42e-06,MLT1C,ERVL-MaLR,LTR
chr6,82101963,82101984,MA1714.1,+,4.42e-06,MSTA-int,ERVL-MaLR,LTR
chr12,84588399,84588420,MA1714.1,+,4.42e-06,L1PA16,L1,LINE
chr6,86221951,86221972,MA1714.1,-,4.42e-06,L1MC1,L1,LINE
chr6,86513045,86513066,MA1714.1,+,4.42e-06,AluJr,Alu,SINE
chrX,88778522,88778543,MA1714.1,-,4.42e-06,L1PA15,L1,LINE
chr15,89121375,89121396,MA1714.1,+,4.42e-06,AluJo,Alu,SINE
chr11,91241266,91241287,MA1714.1,-,4.42e-06,THE1B-int,ERVL-MaLR,LTR
chr15,91772573,91772594,MA1714.1,+,4.42e-06,MIRb,MIR,SINE
chr9,93770026,93770047,MA1714.1,+,4.42e-06,L1MEg,L1,LINE
chr1,99828537,99828558,MA1714.1,-,4.42e-06,L1MA6,L1,LINE
chr12,102763900,102763921,MA1714.1,-,4.42e-06,THE1C-int,ERVL-MaLR,LTR
chr3,103997401,103997422,MA1714.1,-,4.42e-06,HUERS-P3b-int,ERV1,LTR
chr4,104586205,104586226,MA1714.1,-,4.42e-06,AluJo,Alu,SINE
chr10,104894027,104894048,MA1714.1,+,4.42e-06,THE1B-int,ERVL-MaLR,LTR
chr13,107792715,107792736,MA1714.1,+,4.42e-06,L2a,L2,LINE
chr1,117106398,117106419,MA1714.1,-,4.42e-06,THE1B-int,ERVL-MaLR,LTR
chr5,122074177,122074198,MA1714.1,+,4.42e-06,L2c,L2,LINE
chr7,123943310,123943331,MA1714.1,+,4.42e-06,THE1D-int,ERVL-MaLR,LTR
chr11,125886563,125886584,MA1714.1,-,4.42e-06,AluJb,Alu,SINE
chr6,126537810,126537831,MA1714.1,-,4.42e-06,L1MA3,L1,LINE
chrX,131010433,131010454,MA1714.1,-,4.42e-06,ERVL-E-int,ERVL,LTR
chr2,139973751,139973772,MA1714.1,+,4.42e-06,MIRb,MIR,SINE
chr6,140509472,140509493,MA1714.1,+,4.42e-06,THE1B-int,ERVL-MaLR,LTR
chrX,141750542,141750563,MA1714.1,+,4.42e-06,THE1B-int,ERVL-MaLR,LTR
chr6,142569419,142569440,MA1714.1,+,4.42e-06,MIRb,MIR,SINE
chr2,143092374,143092395,MA1714.1,-,4.42e-06,MSTB-int,ERVL-MaLR,LTR
chr2,143814773,143814794,MA1714.1,-,4.42e-06,THE1D-int,ERVL-MaLR,LTR
chr7,145629787,145629808,MA1714.1,+,4.42e-06,THE1B-int,ERVL-MaLR,LTR
chr1,147008246,147008267,MA1714.1,-,4.42e-06,MIR,MIR,SINE
chrX,149276387,149276408,MA1714.1,-,4.42e-06,AluJr4,Alu,SINE
chr3,171652692,171652713,MA1714.1,+,4.42e-06,L2a,L2,LINE
chr2,172071522,172071543,MA1714.1,-,4.42e-06,AluJo,Alu,SINE
chr3,189009210,189009231,MA1714.1,+,4.42e-06,MIR,MIR,SINE
chr2,196915056,196915077,MA1714.1,+,4.42e-06,L1MB3,L1,LINE
chr2,208356849,208356870,MA1714.1,+,4.42e-06,AluJr,Alu,SINE
chr6_qbl_hap6,4268094,4268115,MA1714.1,+,4.45e-06,L1ME5,L1,LINE
chr6_dbb_hap3,4316982,4317003,MA1714.1,+,4.45e-06,L1ME5,L1,LINE
chr6_apd_hap1,4322462,4322483,MA1714.1,+,4.45e-06,L1ME5,L1,LINE
chr6_mcf_hap5,4372516,4372537,MA1714.1,+,4.45e-06,L1ME5,L1,LINE
chr6_cox_hap2,4479823,4479844,MA1714.1,+,4.45e-06,L1ME5,L1,LINE
chr6_mann_hap4,4493183,4493204,MA1714.1,+,4.45e-06,L1ME5,L1,LINE
chr6_ssto_hap7,4516147,4516168,MA1714.1,+,4.45e-06,L1ME5,L1,LINE
chr5,4915946,4915967,MA1714.1,+,4.45e-06,L1MEc,L1,LINE
chr1,6177100,6177121,MA1714.1,+,4.45e-06,L1MB7,L1,LINE
chr1,8565464,8565485,MA1714.1,+,4.45e-06,L1MC4a,L1,LINE
chr5,10212787,10212808,MA1714.1,+,4.45e-06,L1ME2,L1,LINE
chr9,14890009,14890030,MA1714.1,-,4.45e-06,MER34,ERV1,LTR
chrY,15475301,15475322,MA1714.1,-,4.45e-06,AluJo,Alu,SINE
chrX,16369239,16369260,MA1714.1,+,4.45e-06,L1ME3E,L1,LINE
chrY,16769246,16769267,MA1714.1,-,4.45e-06,L1MC3,L1,LINE
chr6,16852299,16852320,MA1714.1,+,4.45e-06,L3,CR1,LINE
chr16,21352925,21352946,MA1714.1,-,4.45e-06,L1M4c,L1,LINE
chr20,22088355,22088376,MA1714.1,+,4.45e-06,L3,CR1,LINE
chrX,22713676,22713697,MA1714.1,+,4.45e-06,L1M3,L1,LINE
chr22,25789851,25789872,MA1714.1,+,4.45e-06,AluJb,Alu,SINE
chr13,27772255,27772276,MA1714.1,-,4.45e-06,HAL1,L1,LINE
chr14,31822361,31822382,MA1714.1,-,4.45e-06,L1ME4a,L1,LINE
chr15,32364807,32364828,MA1714.1,+,4.45e-06,MSTB-int,ERVL-MaLR,LTR
chr15,32989560,32989581,MA1714.1,+,4.45e-06,L1MC5,L1,LINE
chr6,33035643,33035664,MA1714.1,+,4.45e-06,L1ME5,L1,LINE
chr9,39302921,39302942,MA1714.1,+,4.45e-06,L1MC2,L1,LINE
chr9,39832166,39832187,MA1714.1,+,4.45e-06,L1MC2,L1,LINE
chr1,40299984,40300005,MA1714.1,-,4.45e-06,AluJo,Alu,SINE
chr9,40648166,40648187,MA1714.1,+,4.45e-06,L1MC2,L1,LINE
chr9,41448214,41448235,MA1714.1,+,4.45e-06,L1MC2,L1,LINE
chr8,41660794,41660815,MA1714.1,-,4.45e-06,L1ME3E,L1,LINE
chr11,42979869,42979890,MA1714.1,+,4.45e-06,L1ME3E,L1,LINE
chr9,43670524,43670545,MA1714.1,-,4.45e-06,L1MC2,L1,LINE
chrX,44863072,44863093,MA1714.1,-,4.45e-06,HERVIP10FH-int,ERV1,LTR
chr5,49743345,49743366,MA1714.1,-,4.45e-06,L1M1,L1,LINE
chr13,50024376,50024397,MA1714.1,-,4.45e-06,L1MEe,L1,LINE
chr20,50566985,50567006,MA1714.1,+,4.45e-06,AluJr,Alu,SINE
chr18,50811635,50811656,MA1714.1,+,4.45e-06,THE1B-int,ERVL-MaLR,LTR
chr4,56415623,56415644,MA1714.1,+,4.45e-06,MIR,MIR,SINE
chr10,58553351,58553372,MA1714.1,+,4.45e-06,L1M4c,L1,LINE
chr11,61549467,61549488,MA1714.1,-,4.45e-06,MIRb,MIR,SINE
chr11,62117696,62117717,MA1714.1,-,4.45e-06,L1MD2,L1,LINE
chr17,62321115,62321136,MA1714.1,+,4.45e-06,Charlie24,hAT-Charlie,DNA
chr1,62370652,62370673,MA1714.1,+,4.45e-06,AluJo,Alu,SINE
chr10,63930221,63930242,MA1714.1,-,4.45e-06,Charlie1a,hAT-Charlie,DNA
chr9,65562089,65562110,MA1714.1,-,4.45e-06,L1MC2,L1,LINE
chr1,71029334,71029355,MA1714.1,-,4.45e-06,L1PA14,L1,LINE
chr16,72825095,72825116,MA1714.1,+,4.45e-06,MIRb,MIR,SINE
chr10,78570165,78570186,MA1714.1,+,4.45e-06,MLT1G,ERVL-MaLR,LTR
chr1,85816791,85816812,MA1714.1,-,4.45e-06,FLAM_C,Alu,SINE
chrX,85983597,85983618,MA1714.1,+,4.45e-06,MSTB-int,ERVL-MaLR,LTR
chr7,88283585,88283606,MA1714.1,-,4.45e-06,L1MEg,L1,LINE
chr11,88328700,88328721,MA1714.1,-,4.45e-06,L1MA5A,L1,LINE
chrX,96322909,96322930,MA1714.1,-,4.45e-06,L1ME3C,L1,LINE
chr14,96823005,96823026,MA1714.1,+,4.45e-06,MER5A,hAT-Charlie,DNA
chr7,99519732,99519753,MA1714.1,+,4.45e-06,L1MCa,L1,LINE
chr5,101710747,101710768,MA1714.1,+,4.45e-06,L1ME2z,L1,LINE
chr3,101862597,101862618,MA1714.1,-,4.45e-06,AluJo,Alu,SINE
chr8,104917642,104917663,MA1714.1,-,4.45e-06,L1MD2,L1,LINE
chr4,105589403,105589424,MA1714.1,-,4.45e-06,THE1B-int,ERVL-MaLR,LTR
chr13,106451576,106451597,MA1714.1,+,4.45e-06,MIRb,MIR,SINE
chr8,113549651,113549672,MA1714.1,+,4.45e-06,L1MA4,L1,LINE
chr3,115493045,115493066,MA1714.1,-,4.45e-06,MIR,MIR,SINE
chr2,117241115,117241136,MA1714.1,-,4.45e-06,L1M4,L1,LINE
chr11,117563568,117563589,MA1714.1,-,4.45e-06,L3,CR1,LINE
chr3,120644433,120644454,MA1714.1,-,4.45e-06,L1MA4,L1,LINE
chr1,121256498,121256519,MA1714.1,+,4.45e-06,L1M1,L1,LINE
chrX,121858396,121858417,MA1714.1,+,4.45e-06,MIRb,MIR,SINE
chr3,124113650,124113671,MA1714.1,-,4.45e-06,L3,CR1,LINE
chr3,143015061,143015082,MA1714.1,-,4.45e-06,L1MB1,L1,LINE
chr8,145037876,145037897,MA1714.1,-,4.45e-06,FLAM_A,Alu,SINE
chr5,158117762,158117783,MA1714.1,+,4.45e-06,LTR48,ERV1,LTR
chr4,161441531,161441552,MA1714.1,-,4.45e-06,L1MC3,L1,LINE
chr2,161763258,161763279,MA1714.1,+,4.45e-06,L1MD2,L1,LINE
chr1,176076936,176076957,MA1714.1,+,4.45e-06,L1MC4a,L1,LINE
chr2,185781499,185781520,MA1714.1,+,4.45e-06,AluSx,Alu,SINE
chr3,193202342,193202363,MA1714.1,-,4.45e-06,L3,CR1,LINE
chr17,1019384,1019405,MA1714.1,+,4.48e-06,AluSx,Alu,SINE
chr10,1642781,1642802,MA1714.1,+,4.48e-06,AluSx,Alu,SINE
chr12,1898519,1898540,MA1714.1,-,4.48e-06,L1M2,L1,LINE
chr6,3018392,3018413,MA1714.1,-,4.48e-06,L1MEe,L1,LINE
chr6,3022017,3022038,MA1714.1,-,4.48e-06,L1M2,L1,LINE
chr7,3115225,3115246,MA1714.1,+,4.48e-06,L1MB5,L1,LINE
chr16,4143684,4143705,MA1714.1,+,4.48e-06,AluJb,Alu,SINE
chr4,6742622,6742643,MA1714.1,-,4.48e-06,AluSq2,Alu,SINE
chr3,11426575,11426596,MA1714.1,-,4.48e-06,AluSc,Alu,SINE
chr12,12725605,12725626,MA1714.1,+,4.48e-06,AluSq2,Alu,SINE
chr7,13837484,13837505,MA1714.1,-,4.48e-06,LTR16A1,ERVL,LTR
chrY,15076400,15076421,MA1714.1,-,4.48e-06,L1M2,L1,LINE
chr5,17420351,17420372,MA1714.1,+,4.48e-06,MIRc,MIR,SINE
chrY,19089421,19089442,MA1714.1,+,4.48e-06,AluSz6,Alu,SINE
chr20,22618095,22618116,MA1714.1,-,4.48e-06,L1M4b,L1,LINE
chr1,24208007,24208028,MA1714.1,+,4.48e-06,AluSz6,Alu,SINE
chr3,24582171,24582192,MA1714.1,-,4.48e-06,MIRb,MIR,SINE
chr8,25103701,25103722,MA1714.1,-,4.48e-06,L1MB7,L1,LINE
chr15,28065735,28065756,MA1714.1,+,4.48e-06,L1MC3,L1,LINE
chr10,28811260,28811281,MA1714.1,+,4.48e-06,AluSx,Alu,SINE
chr19,29183147,29183168,MA1714.1,+,4.48e-06,MSTA-int,ERVL-MaLR,LTR
chr2,29326651,29326672,MA1714.1,-,4.48e-06,AluSq2,Alu,SINE
chr8,30698829,30698850,MA1714.1,+,4.48e-06,MIR,MIR,SINE
chr1,30760863,30760884,MA1714.1,+,4.48e-06,LTR41,ERVL,LTR
chr21,31675871,31675892,MA1714.1,+,4.48e-06,L1MC3,L1,LINE
chr22,32202884,32202905,MA1714.1,+,4.48e-06,AluJr,Alu,SINE
chr8,33178614,33178635,MA1714.1,-,4.48e-06,MLT1H1-int,ERVL-MaLR,LTR
chr17,34343353,34343374,MA1714.1,-,4.48e-06,L1PA8,L1,LINE
chr6,34645008,34645029,MA1714.1,+,4.48e-06,AluSx,Alu,SINE
chr14,35106452,35106473,MA1714.1,-,4.48e-06,AluSx1,Alu,SINE
chr3,36198902,36198923,MA1714.1,+,4.48e-06,L1MC3,L1,LINE
chr13,36378339,36378360,MA1714.1,-,4.48e-06,AluSz,Alu,SINE
chr8,38051328,38051349,MA1714.1,-,4.48e-06,AluSc,Alu,SINE
chr13,43219529,43219550,MA1714.1,+,4.48e-06,MLT1J2,ERVL-MaLR,LTR
chr11,43621116,43621137,MA1714.1,-,4.48e-06,L1PA13,L1,LINE
chr9,44187906,44187927,MA1714.1,+,4.48e-06,AluSc,Alu,SINE
chr11,45137146,45137167,MA1714.1,+,4.48e-06,L1MEf,L1,LINE
chr1,45197471,45197492,MA1714.1,+,4.48e-06,AluSc,Alu,SINE
chr11,45623970,45623991,MA1714.1,-,4.48e-06,L1MEc,L1,LINE
chr3,46285822,46285843,MA1714.1,+,4.48e-06,L1ME4a,L1,LINE
chr18,47396665,47396686,MA1714.1,+,4.48e-06,L1MB3,L1,LINE
chr16,50177594,50177615,MA1714.1,+,4.48e-06,AluSx,Alu,SINE
chr19,50912639,50912660,MA1714.1,-,4.48e-06,MER91A,hAT-Tip100,DNA
chr18,53422047,53422068,MA1714.1,-,4.48e-06,AluSx,Alu,SINE
chr10,54241165,54241186,MA1714.1,-,4.48e-06,L1MC4,L1,LINE
chr16,54939093,54939114,MA1714.1,+,4.48e-06,L1MCa,L1,LINE
chr17,57293366,57293387,MA1714.1,-,4.48e-06,AluSx,Alu,SINE
chr3,57665875,57665896,MA1714.1,+,4.48e-06,L1MB7,L1,LINE
chr8,58956327,58956348,MA1714.1,-,4.48e-06,MIR,MIR,SINE
chr13,59026672,59026693,MA1714.1,-,4.48e-06,LTR40A1,ERVL,LTR
chr2,60457146,60457167,MA1714.1,-,4.48e-06,MIR,MIR,SINE
chr15,61840426,61840447,MA1714.1,+,4.48e-06,AluJo,Alu,SINE
chr6,61884702,61884723,MA1714.1,-,4.48e-06,ALR/Alpha,centr,Satellite
chr18,63739111,63739132,MA1714.1,+,4.48e-06,MSTB-int,ERVL-MaLR,LTR
chr7,65181139,65181160,MA1714.1,-,4.48e-06,AluSx1,Alu,SINE
chr2,65682814,65682835,MA1714.1,+,4.48e-06,MLT1J,ERVL-MaLR,LTR
chr6,66028606,66028627,MA1714.1,-,4.48e-06,AluSz,Alu,SINE
chr5,66567275,66567296,MA1714.1,-,4.48e-06,L1MC,L1,LINE
chr18,69220230,69220251,MA1714.1,+,4.48e-06,MSTA-int,ERVL-MaLR,LTR
chrX,70619178,70619199,MA1714.1,-,4.48e-06,AluSg4,Alu,SINE
chrX,70862238,70862259,MA1714.1,-,4.48e-06,AluSg7,Alu,SINE
chr9,71550308,71550329,MA1714.1,+,4.48e-06,AluSx1,Alu,SINE
chr15,72808031,72808052,MA1714.1,-,4.48e-06,L1MEf,L1,LINE
chr8,74762024,74762045,MA1714.1,+,4.48e-06,L1ME3D,L1,LINE
chr1,74890327,74890348,MA1714.1,+,4.48e-06,AluSx1,Alu,SINE
chr5,76583472,76583493,MA1714.1,-,4.48e-06,L1MEg,L1,LINE
chr10,76630408,76630429,MA1714.1,-,4.48e-06,AluSp,Alu,SINE
chr9,77862051,77862072,MA1714.1,+,4.48e-06,MSTA-int,ERVL-MaLR,LTR
chr1,78856618,78856639,MA1714.1,-,4.48e-06,AluSx,Alu,SINE
chr7,79943691,79943712,MA1714.1,+,4.48e-06,HAL1,L1,LINE
chr13,81705588,81705609,MA1714.1,+,4.48e-06,THE1B-int,ERVL-MaLR,LTR
chr1,82425556,82425577,MA1714.1,-,4.48e-06,AluSq2,Alu,SINE
chr7,83099184,83099205,MA1714.1,-,4.48e-06,AluSc8,Alu,SINE
chr16,83133000,83133021,MA1714.1,-,4.48e-06,AluSq2,Alu,SINE
chr13,86706381,86706402,MA1714.1,-,4.48e-06,AluSx,Alu,SINE
chr16,88001299,88001320,MA1714.1,-,4.48e-06,AluSg,Alu,SINE
chr3,88436383,88436404,MA1714.1,-,4.48e-06,AluSc,Alu,SINE
chr13,89263112,89263133,MA1714.1,-,4.48e-06,L1MA4A,L1,LINE
chr9,90570514,90570535,MA1714.1,-,4.48e-06,L1MC4a,L1,LINE
chr11,91533627,91533648,MA1714.1,+,4.48e-06,MER52A,ERV1,LTR
chr11,93426063,93426084,MA1714.1,+,4.48e-06,AluSz,Alu,SINE
chr13,93643074,93643095,MA1714.1,-,4.48e-06,MER82,TcMar-Tigger,DNA
chr7,94804291,94804312,MA1714.1,-,4.48e-06,MLT1F2,ERVL-MaLR,LTR
chr7,96015876,96015897,MA1714.1,-,4.48e-06,AluSg,Alu,SINE
chr1,96815368,96815389,MA1714.1,-,4.48e-06,MIR,MIR,SINE
chr12,97135764,97135785,MA1714.1,+,4.48e-06,MIR,MIR,SINE
chr7,98012399,98012420,MA1714.1,+,4.48e-06,AluSx,Alu,SINE
chr8,101712013,101712034,MA1714.1,+,4.48e-06,AluSz6,Alu,SINE
chr11,102673576,102673597,MA1714.1,-,4.48e-06,AluJr,Alu,SINE
chr3,106583808,106583829,MA1714.1,+,4.48e-06,L1MEd,L1,LINE
chr5,107666678,107666699,MA1714.1,+,4.48e-06,AluSx3,Alu,SINE
chrX,113072931,113072952,MA1714.1,+,4.48e-06,MER68-int,ERVL,LTR
chr3,113788215,113788236,MA1714.1,-,4.48e-06,L1PA14,L1,LINE
chr11,114261280,114261301,MA1714.1,+,4.48e-06,AluSx,Alu,SINE
chrX,118649416,118649437,MA1714.1,+,4.48e-06,AluSx1,Alu,SINE
chrX,118982772,118982793,MA1714.1,+,4.48e-06,L1MB7,L1,LINE
chr3,119411559,119411580,MA1714.1,+,4.48e-06,PRIMAX-int,ERV1,LTR
chr1,120790082,120790103,MA1714.1,+,4.48e-06,AluSx1,Alu,SINE
chr12,121542378,121542399,MA1714.1,+,4.48e-06,AluSz,Alu,SINE
chr7,122171711,122171732,MA1714.1,+,4.48e-06,MIRc,MIR,SINE
chr3,128350509,128350530,MA1714.1,+,4.48e-06,AluSx,Alu,SINE
chr12,131998794,131998815,MA1714.1,+,4.48e-06,AluSx,Alu,SINE
chr12,133037001,133037022,MA1714.1,+,4.48e-06,L1MB3,L1,LINE
chr8,135522253,135522274,MA1714.1,-,4.48e-06,MIRc,MIR,SINE
chr1,143962003,143962024,MA1714.1,-,4.48e-06,AluSx1,Alu,SINE
chrX,148427411,148427432,MA1714.1,-,4.48e-06,MIRc,MIR,SINE
chr3,151888518,151888539,MA1714.1,+,4.48e-06,Tigger2,TcMar-Tigger,DNA
chrX,153087566,153087587,MA1714.1,+,4.48e-06,AluSx1,Alu,SINE
chr2,156652486,156652507,MA1714.1,-,4.48e-06,THE1D-int,ERVL-MaLR,LTR
chr7,158643663,158643684,MA1714.1,+,4.48e-06,MER4B-int,ERV1,LTR
chr2,161598221,161598242,MA1714.1,+,4.48e-06,L2c,L2,LINE
chr4,165945038,165945059,MA1714.1,+,4.48e-06,AluSx1,Alu,SINE
chr2,183024740,183024761,MA1714.1,-,4.48e-06,MIR,MIR,SINE
chr1,206089554,206089575,MA1714.1,+,4.48e-06,AluSx1,Alu,SINE
chr2,207332789,207332810,MA1714.1,-,4.48e-06,MSTA-int,ERVL-MaLR,LTR
chr2,208645007,208645028,MA1714.1,-,4.48e-06,X6A_LINE,CR1,LINE
chr1,219769258,219769279,MA1714.1,+,4.48e-06,AluSz,Alu,SINE
chr1,227217758,227217779,MA1714.1,+,4.48e-06,AluSp,Alu,SINE
chr2,236264550,236264571,MA1714.1,+,4.48e-06,AluSx,Alu,SINE
chr1,248010276,248010297,MA1714.1,+,4.48e-06,AluSx1,Alu,SINE
chr11,2621923,2621944,MA1714.1,-,4.51e-06,L1MC4,L1,LINE
chr2,3915548,3915569,MA1714.1,-,4.51e-06,MER41G,ERV1,LTR
chr6,7297882,7297903,MA1714.1,+,4.51e-06,AluJr,Alu,SINE
chr20,7577206,7577227,MA1714.1,+,4.51e-06,L1M1,L1,LINE
chrX,10178043,10178064,MA1714.1,-,4.51e-06,L1MB5,L1,LINE
chr1,10517269,10517290,MA1714.1,-,4.51e-06,AluJr4,Alu,SINE
chr18,11403047,11403068,MA1714.1,+,4.51e-06,L1MEf,L1,LINE
chr12,12569449,12569470,MA1714.1,-,4.51e-06,AluJo,Alu,SINE
chr8,12861236,12861257,MA1714.1,+,4.51e-06,L1M1,L1,LINE
chr12,13378618,13378639,MA1714.1,-,4.51e-06,MER117,hAT-Charlie,DNA
chr17,14193287,14193308,MA1714.1,+,4.51e-06,AluJo,Alu,SINE
chr5,14536596,14536617,MA1714.1,-,4.51e-06,L1MD3,L1,LINE
chr19,14725769,14725790,MA1714.1,-,4.51e-06,AluJr,Alu,SINE
chr11,15105407,15105428,MA1714.1,-,4.51e-06,L1MD3,L1,LINE
chr4,15153328,15153349,MA1714.1,-,4.51e-06,MIRc,MIR,SINE
chr17,15401489,15401510,MA1714.1,-,4.51e-06,MLT1J2,ERVL-MaLR,LTR
chr9,15965723,15965744,MA1714.1,-,4.51e-06,MIRb,MIR,SINE
chr7,16912274,16912295,MA1714.1,+,4.51e-06,L1MA5,L1,LINE
chrX,18397019,18397040,MA1714.1,+,4.51e-06,AluJo,Alu,SINE
chr18,20243042,20243063,MA1714.1,+,4.51e-06,L1PA17,L1,LINE
chr1,20860884,20860905,MA1714.1,-,4.51e-06,AluJo,Alu,SINE
chr2,20882649,20882670,MA1714.1,+,4.51e-06,MIRb,MIR,SINE
chr9,20951310,20951331,MA1714.1,-,4.51e-06,MIRb,MIR,SINE
chr16,21122427,21122448,MA1714.1,+,4.51e-06,AluJr4,Alu,SINE
chr21,22584733,22584754,MA1714.1,+,4.51e-06,L1MD2,L1,LINE
chr1,22630472,22630493,MA1714.1,+,4.51e-06,L1MEc,L1,LINE
chr22,24441994,24442015,MA1714.1,+,4.51e-06,AluJo,Alu,SINE
chr14,28120798,28120819,MA1714.1,+,4.51e-06,L1M5,L1,LINE
chr9,28196903,28196924,MA1714.1,+,4.51e-06,L1MA4,L1,LINE
chr2,28397853,28397874,MA1714.1,+,4.51e-06,L1MA4A,L1,LINE
chr8,29714514,29714535,MA1714.1,+,4.51e-06,AluJr,Alu,SINE
chr16,31216624,31216645,MA1714.1,-,4.51e-06,AluJo,Alu,SINE
chr5,31566000,31566021,MA1714.1,-,4.51e-06,THE1C-int,ERVL-MaLR,LTR
chr1,33978444,33978465,MA1714.1,-,4.51e-06,L1MB3,L1,LINE
chr2,36157043,36157064,MA1714.1,-,4.51e-06,MIRb,MIR,SINE
chr20,37136412,37136433,MA1714.1,-,4.51e-06,AluJr,Alu,SINE
chr15,38252364,38252385,MA1714.1,-,4.51e-06,L1PB1,L1,LINE
chr14,40758181,40758202,MA1714.1,-,4.51e-06,L1PA13,L1,LINE
chrX,40864873,40864894,MA1714.1,-,4.51e-06,LTR85c,Gypsy,LTR
chr4,41256033,41256054,MA1714.1,-,4.51e-06,FRAM,Alu,SINE
chr13,42070285,42070306,MA1714.1,+,4.51e-06,AluJr,Alu,SINE
chr14,42679865,42679886,MA1714.1,-,4.51e-06,L1MA3,L1,LINE
chr7,44479245,44479266,MA1714.1,+,4.51e-06,L1MD3,L1,LINE
chr22,47111700,47111721,MA1714.1,+,4.51e-06,L1ME3A,L1,LINE
chr19,48783565,48783586,MA1714.1,+,4.51e-06,AluJr,Alu,SINE
chrX,49655095,49655116,MA1714.1,+,4.51e-06,L1MEg,L1,LINE
chr14,50014814,50014835,MA1714.1,+,4.51e-06,MLT1B,ERVL-MaLR,LTR
chr1,50320467,50320488,MA1714.1,+,4.51e-06,L1M2b,L1,LINE
chr16,51850677,51850698,MA1714.1,-,4.51e-06,MIRb,MIR,SINE
chr17,53816070,53816091,MA1714.1,-,4.51e-06,AluJr4,Alu,SINE
chr17,54638738,54638759,MA1714.1,+,4.51e-06,ERVL-int,ERVL,LTR
chr14,54853355,54853376,MA1714.1,+,4.51e-06,MER68-int,ERVL,LTR
chr10,56959436,56959457,MA1714.1,+,4.51e-06,MSTA-int,ERVL-MaLR,LTR
chr20,60323597,60323618,MA1714.1,+,4.51e-06,L1ME3B,L1,LINE
chr13,60407932,60407953,MA1714.1,+,4.51e-06,MIR,MIR,SINE
chr13,62969308,62969329,MA1714.1,+,4.51e-06,MER52A,ERV1,LTR
chr15,63374478,63374499,MA1714.1,+,4.51e-06,AluJr,Alu,SINE
chr4,68817857,68817878,MA1714.1,-,4.51e-06,MIRb,MIR,SINE
chr5,70393345,70393366,MA1714.1,+,4.51e-06,MSTA-int,ERVL-MaLR,LTR
chr10,70682473,70682494,MA1714.1,+,4.51e-06,AluJb,Alu,SINE
chr5,70985719,70985740,MA1714.1,+,4.51e-06,L1PB1,L1,LINE
chr9,72074713,72074734,MA1714.1,+,4.51e-06,MIR,MIR,SINE
chr10,73836524,73836545,MA1714.1,-,4.51e-06,MIRc,MIR,SINE
chr3,75042529,75042550,MA1714.1,-,4.51e-06,MIRb,MIR,SINE
chr13,79652396,79652417,MA1714.1,+,4.51e-06,L1M3,L1,LINE
chr16,79816006,79816027,MA1714.1,+,4.51e-06,MIRc,MIR,SINE
chr17,80670628,80670649,MA1714.1,-,4.51e-06,MER52A,ERV1,LTR
chr1,81315548,81315569,MA1714.1,+,4.51e-06,MIRc,MIR,SINE
chrX,81907164,81907185,MA1714.1,-,4.51e-06,LTR9,ERV1,LTR
chr12,85789239,85789260,MA1714.1,-,4.51e-06,L1PREC2,L1,LINE
chrX,91963948,91963969,MA1714.1,-,4.51e-06,L1MA9,L1,LINE
chr9,92049478,92049499,MA1714.1,-,4.51e-06,MLT1D,ERVL-MaLR,LTR
chr4,98674384,98674405,MA1714.1,-,4.51e-06,L1MB2,L1,LINE
chr10,101520371,101520392,MA1714.1,-,4.51e-06,MSTB1-int,ERVL-MaLR,LTR
chr10,107624299,107624320,MA1714.1,+,4.51e-06,L1ME3,L1,LINE
chr13,111984041,111984062,MA1714.1,-,4.51e-06,L1MB7,L1,LINE
chr12,112741578,112741599,MA1714.1,+,4.51e-06,AluJb,Alu,SINE
chr13,114297317,114297338,MA1714.1,+,4.51e-06,L1MB3,L1,LINE
chr8,117385889,117385910,MA1714.1,-,4.51e-06,THE1B-int,ERVL-MaLR,LTR
chr7,122434917,122434938,MA1714.1,+,4.51e-06,L1PA13,L1,LINE
chr8,122714555,122714576,MA1714.1,-,4.51e-06,L1ME3A,L1,LINE
chr3,124918514,124918535,MA1714.1,+,4.51e-06,AluJr,Alu,SINE
chr7,125696326,125696347,MA1714.1,+,4.51e-06,L1MA3,L1,LINE
chr2,126808799,126808820,MA1714.1,+,4.51e-06,ERVL-E-int,ERVL,LTR
chr12,127117978,127117999,MA1714.1,-,4.51e-06,L1ME3C,L1,LINE
chrX,128994160,128994181,MA1714.1,+,4.51e-06,AluSx,Alu,SINE
chr2,141156167,141156188,MA1714.1,-,4.51e-06,AluJo,Alu,SINE
chr5,141569861,141569882,MA1714.1,-,4.51e-06,AluJo,Alu,SINE
chr2,144658849,144658870,MA1714.1,-,4.51e-06,MER39,ERV1,LTR
chr2,160196724,160196745,MA1714.1,+,4.51e-06,L1MA5A,L1,LINE
chr2,178050757,178050778,MA1714.1,-,4.51e-06,AluJb,Alu,SINE
chr5,180369789,180369810,MA1714.1,+,4.51e-06,L1MA4A,L1,LINE
chr1,185817009,185817030,MA1714.1,+,4.51e-06,AluJr,Alu,SINE
chr1,211456890,211456911,MA1714.1,-,4.51e-06,L1MEe,L1,LINE
chr2,221270521,221270542,MA1714.1,-,4.51e-06,THE1C-int,ERVL-MaLR,LTR
chrY,7457778,7457799,MA1714.1,-,4.54e-06,MIR,MIR,SINE
chrY,8031190,8031211,MA1714.1,-,4.54e-06,MIR,MIR,SINE
chr8,11794539,11794560,MA1714.1,+,4.54e-06,SATR1,Satellite,Satellite
chr1,16638252,16638273,MA1714.1,+,4.54e-06,L1MC1,L1,LINE
chr16,17894667,17894688,MA1714.1,-,4.54e-06,LTR81,Gypsy,LTR
chr17,20019232,20019253,MA1714.1,+,4.54e-06,L1MC4a,L1,LINE
chr10,20770743,20770764,MA1714.1,-,4.54e-06,L1MA10,L1,LINE
chr11,22420085,22420106,MA1714.1,+,4.54e-06,MIR,MIR,SINE
chr10,23407121,23407142,MA1714.1,+,4.54e-06,Charlie1a,hAT-Charlie,DNA
chr16,24211036,24211057,MA1714.1,-,4.54e-06,MIRb,MIR,SINE
chr2,24631078,24631099,MA1714.1,-,4.54e-06,MER1B,hAT-Charlie,DNA
chrY,24889164,24889185,MA1714.1,+,4.54e-06,MIR,MIR,SINE
chrX,26794361,26794382,MA1714.1,+,4.54e-06,THE1D-int,ERVL-MaLR,LTR
chr13,27926045,27926066,MA1714.1,-,4.54e-06,AluJr,Alu,SINE
chr19,28450243,28450264,MA1714.1,-,4.54e-06,HAL1,L1,LINE
chr18,29090873,29090894,MA1714.1,-,4.54e-06,L3,CR1,LINE
chr2,33066019,33066040,MA1714.1,-,4.54e-06,MIR,MIR,SINE
chr21,33121964,33121985,MA1714.1,+,4.54e-06,LTR78,ERV1,LTR
chr11,37376806,37376827,MA1714.1,+,4.54e-06,LTR78B,ERV1,LTR
chr15,38331294,38331315,MA1714.1,+,4.54e-06,L3b,CR1,LINE
chr19,42766421,42766442,MA1714.1,-,4.54e-06,AluJo,Alu,SINE
chr15,44585658,44585679,MA1714.1,-,4.54e-06,L1MC3,L1,LINE
chr10,46181093,46181114,MA1714.1,-,4.54e-06,HAL1,L1,LINE
chr12,46264377,46264398,MA1714.1,-,4.54e-06,L1MC2,L1,LINE
chr10,46335954,46335975,MA1714.1,+,4.54e-06,HAL1,L1,LINE
chr10,46726227,46726248,MA1714.1,+,4.54e-06,HAL1,L1,LINE
chr13,46881505,46881526,MA1714.1,-,4.54e-06,MLT1M,ERVL-MaLR,LTR
chr21,47147902,47147923,MA1714.1,-,4.54e-06,L1M4,L1,LINE
chr10,47206658,47206679,MA1714.1,+,4.54e-06,HAL1,L1,LINE
chr10,47715299,47715320,MA1714.1,-,4.54e-06,HAL1,L1,LINE
chr10,48222671,48222692,MA1714.1,-,4.54e-06,HAL1,L1,LINE
chr10,48915999,48916020,MA1714.1,+,4.54e-06,HAL1,L1,LINE
chr10,49232759,49232780,MA1714.1,+,4.54e-06,HAL1,L1,LINE
chr7,49774220,49774241,MA1714.1,+,4.54e-06,L1ME2z,L1,LINE
chr14,50534241,50534262,MA1714.1,-,4.54e-06,MLT1B,ERVL-MaLR,LTR
chr17,51126339,51126360,MA1714.1,-,4.54e-06,THE1C-int,ERVL-MaLR,LTR
chr10,51239564,51239585,MA1714.1,+,4.54e-06,HAL1,L1,LINE
chr10,51479347,51479368,MA1714.1,+,4.54e-06,HAL1,L1,LINE
chr10,51755321,51755342,MA1714.1,-,4.54e-06,HAL1,L1,LINE
chr6,56665704,56665725,MA1714.1,+,4.54e-06,AluJb,Alu,SINE
chr4,63398901,63398922,MA1714.1,-,4.54e-06,AluJb,Alu,SINE
chr18,64941154,64941175,MA1714.1,+,4.54e-06,L1PA15,L1,LINE
chr17,73331043,73331064,MA1714.1,-,4.54e-06,AluJb,Alu,SINE
chr10,75450651,75450672,MA1714.1,+,4.54e-06,HAL1,L1,LINE
chrX,78511135,78511156,MA1714.1,+,4.54e-06,L1MA3,L1,LINE
chr11,80175858,80175879,MA1714.1,+,4.54e-06,L1PREC2,L1,LINE
chr14,85088800,85088821,MA1714.1,-,4.54e-06,L1MEc,L1,LINE
chr16,85819733,85819754,MA1714.1,-,4.54e-06,MIRb,MIR,SINE
chr10,86605943,86605964,MA1714.1,+,4.54e-06,MIRb,MIR,SINE
chr8,88265526,88265547,MA1714.1,+,4.54e-06,LTR33,ERVL,LTR
chr12,88961552,88961573,MA1714.1,-,4.54e-06,MIRb,MIR,SINE
chr7,95333349,95333370,MA1714.1,-,4.54e-06,L1MD2,L1,LINE
chr4,99296318,99296339,MA1714.1,-,4.54e-06,MLT1C,ERVL-MaLR,LTR
chr5,103089590,103089611,MA1714.1,+,4.54e-06,MIRb,MIR,SINE
chr13,105107169,105107190,MA1714.1,+,4.54e-06,L1PA13,L1,LINE
chr9,111373681,111373702,MA1714.1,-,4.54e-06,L1ME4a,L1,LINE
chr13,111759878,111759899,MA1714.1,+,4.54e-06,L1PA15,L1,LINE
chr8,115505572,115505593,MA1714.1,+,4.54e-06,MIRb,MIR,SINE
chr4,117203876,117203897,MA1714.1,-,4.54e-06,MLT1E1A,ERVL-MaLR,LTR
chr11,120495782,120495803,MA1714.1,+,4.54e-06,AluSz,Alu,SINE
chrX,123678747,123678768,MA1714.1,+,4.54e-06,MIRc,MIR,SINE
chr10,125606455,125606476,MA1714.1,+,4.54e-06,HAL1,L1,LINE
chr2,126685664,126685685,MA1714.1,-,4.54e-06,HAL1-3A_ME,L1,LINE
chr5,126713931,126713952,MA1714.1,+,4.54e-06,MIR,MIR,SINE
chr3,129660952,129660973,MA1714.1,+,4.54e-06,AluJr,Alu,SINE
chr7,147201748,147201769,MA1714.1,+,4.54e-06,AluSz,Alu,SINE
chrX,149515192,149515213,MA1714.1,-,4.54e-06,L3,CR1,LINE
chr5,151712229,151712250,MA1714.1,+,4.54e-06,MIR,MIR,SINE
chr2,156668390,156668411,MA1714.1,+,4.54e-06,AluJb,Alu,SINE
chr2,167650403,167650424,MA1714.1,+,4.54e-06,L1ME3,L1,LINE
chr3,172722581,172722602,MA1714.1,-,4.54e-06,MIRb,MIR,SINE
chr2,177290734,177290755,MA1714.1,+,4.54e-06,MER94,hAT-Blackjack,DNA
chr1,182761312,182761333,MA1714.1,-,4.54e-06,MIR,MIR,SINE
chr2,196500739,196500760,MA1714.1,+,4.54e-06,Charlie1a,hAT-Charlie,DNA
chr2,197658380,197658401,MA1714.1,+,4.54e-06,MIR,MIR,SINE
chr2,221922120,221922141,MA1714.1,-,4.54e-06,THE1A-int,ERVL-MaLR,LTR
chr1,236825105,236825126,MA1714.1,+,4.54e-06,L1MC2,L1,LINE
chr1,238238976,238238997,MA1714.1,-,4.54e-06,THE1D-int,ERVL-MaLR,LTR
chr6_apd_hap1,1236040,1236061,MA1714.1,-,4.57e-06,L1M2,L1,LINE
chr6_qbl_hap6,1289102,1289123,MA1714.1,-,4.57e-06,L1M2,L1,LINE
chr6_dbb_hap3,1289535,1289556,MA1714.1,-,4.57e-06,L1M2,L1,LINE
chr6_mann_hap4,1294764,1294785,MA1714.1,-,4.57e-06,L1M2,L1,LINE
chr6_ssto_hap7,1325518,1325539,MA1714.1,-,4.57e-06,L1M2,L1,LINE
chr6_mcf_hap5,1378054,1378075,MA1714.1,-,4.57e-06,L1M2,L1,LINE
chr6_cox_hap2,1507906,1507927,MA1714.1,-,4.57e-06,L1M2,L1,LINE
chr18,2039347,2039368,MA1714.1,+,4.57e-06,L1MD2,L1,LINE
chr11,2616039,2616060,MA1714.1,-,4.57e-06,L1MEd,L1,LINE
chr19,3067130,3067151,MA1714.1,-,4.57e-06,AluJb,Alu,SINE
chr20,5014956,5014977,MA1714.1,+,4.57e-06,AluSx,Alu,SINE
chr11,10135975,10135996,MA1714.1,-,4.57e-06,L1MEd,L1,LINE
chr11,16707637,16707658,MA1714.1,-,4.57e-06,MSTA-int,ERVL-MaLR,LTR
chrX,18072754,18072775,MA1714.1,+,4.57e-06,L1MC4a,L1,LINE
chr3,19828415,19828436,MA1714.1,+,4.57e-06,THE1A-int,ERVL-MaLR,LTR
chr1,20413513,20413534,MA1714.1,+,4.57e-06,L1MC3,L1,LINE
chr6,21620827,21620848,MA1714.1,-,4.57e-06,MER52C,ERV1,LTR
chr3,23811972,23811993,MA1714.1,-,4.57e-06,L1MC4,L1,LINE
chr18,24328947,24328968,MA1714.1,-,4.57e-06,L1MC5,L1,LINE
chr11,27171808,27171829,MA1714.1,-,4.57e-06,MSTA-int,ERVL-MaLR,LTR
chr7,27881843,27881864,MA1714.1,-,4.57e-06,MIRb,MIR,SINE
chr6,29996172,29996193,MA1714.1,-,4.57e-06,L1M2,L1,LINE
chr10,30868307,30868328,MA1714.1,+,4.57e-06,MamRep1527,LTR,LTR
chr2,30982014,30982035,MA1714.1,-,4.57e-06,HAL1-3A_ME,L1,LINE
chr10,31512620,31512641,MA1714.1,-,4.57e-06,MIR,MIR,SINE
chr17,33696397,33696418,MA1714.1,+,4.57e-06,L1MA1,L1,LINE
chr2,33795684,33795705,MA1714.1,-,4.57e-06,MIR,MIR,SINE
chr5,36896169,36896190,MA1714.1,-,4.57e-06,L1MB7,L1,LINE
chr9,36926028,36926049,MA1714.1,-,4.57e-06,MIRb,MIR,SINE
chr2,37605219,37605240,MA1714.1,+,4.57e-06,MER20B,hAT-Charlie,DNA
chr12,38395199,38395220,MA1714.1,+,4.57e-06,ALR/Alpha,centr,Satellite
chr22,39735376,39735397,MA1714.1,-,4.57e-06,L1MEd,L1,LINE
chr20,40568296,40568317,MA1714.1,-,4.57e-06,MIRb,MIR,SINE
chr5,41122267,41122288,MA1714.1,-,4.57e-06,L1MEg1,L1,LINE
chr19,50769823,50769844,MA1714.1,+,4.57e-06,AluSz6,Alu,SINE
chr2,51372104,51372125,MA1714.1,-,4.57e-06,L1MC4,L1,LINE
chr20,56458500,56458521,MA1714.1,-,4.57e-06,L1MC4,L1,LINE
chr8,58844369,58844390,MA1714.1,+,4.57e-06,HAL1-3A_ME,L1,LINE
chrX,62194006,62194027,MA1714.1,-,4.57e-06,THE1B-int,ERVL-MaLR,LTR
chr14,62742484,62742505,MA1714.1,-,4.57e-06,L1M5,L1,LINE
chr3,63624228,63624249,MA1714.1,+,4.57e-06,L1MD1,L1,LINE
chr6,63745775,63745796,MA1714.1,-,4.57e-06,HERVL-int,ERVL,LTR
chr15,66933188,66933209,MA1714.1,+,4.57e-06,AluJb,Alu,SINE
chr14,71741947,71741968,MA1714.1,-,4.57e-06,MIRb,MIR,SINE
chr5,71822995,71823016,MA1714.1,-,4.57e-06,L1MEg,L1,LINE
chr8,72458974,72458995,MA1714.1,-,4.57e-06,AluSx1,Alu,SINE
chr8,79825724,79825745,MA1714.1,+,4.57e-06,L1MC3,L1,LINE
chr16,80067211,80067232,MA1714.1,+,4.57e-06,L1MEg,L1,LINE
chr2,81443604,81443625,MA1714.1,-,4.57e-06,L1MEc,L1,LINE
chr1,86159727,86159748,MA1714.1,+,4.57e-06,L1ME2z,L1,LINE
chr9,89639253,89639274,MA1714.1,-,4.57e-06,MSTA,ERVL-MaLR,LTR
chr11,91207639,91207660,MA1714.1,+,4.57e-06,L1ME3A,L1,LINE
chr2,98688765,98688786,MA1714.1,-,4.57e-06,Tigger13a,TcMar-Tigger,DNA
chr11,98826762,98826783,MA1714.1,-,4.57e-06,HAL1-3A_ME,L1,LINE
chr10,99695018,99695039,MA1714.1,+,4.57e-06,MIR,MIR,SINE
chrX,101595889,101595910,MA1714.1,+,4.57e-06,LTR81,Gypsy,LTR
chr5,101656141,101656162,MA1714.1,-,4.57e-06,L1M1,L1,LINE
chr4,104535863,104535884,MA1714.1,+,4.57e-06,MIRb,MIR,SINE
chr8,108267832,108267853,MA1714.1,-,4.57e-06,MIRb,MIR,SINE
chr11,114842956,114842977,MA1714.1,-,4.57e-06,LTR85a,Gypsy,LTR
chr1,118406532,118406553,MA1714.1,-,4.57e-06,MIRb,MIR,SINE
chr2,119027859,119027880,MA1714.1,-,4.57e-06,MIRb,MIR,SINE
chr3,119308136,119308157,MA1714.1,-,4.57e-06,LTR78B,ERV1,LTR
chr3,120794070,120794091,MA1714.1,-,4.57e-06,HERV1_I-int,ERV1,LTR
chr9,126702233,126702254,MA1714.1,+,4.57e-06,MIR,MIR,SINE
chrX,128154287,128154308,MA1714.1,+,4.57e-06,L1MA7,L1,LINE
chr12,129099688,129099709,MA1714.1,-,4.57e-06,LTR67B,ERVL,LTR
chr5,141999493,141999514,MA1714.1,+,4.57e-06,L1MEe,L1,LINE
chr5,144136553,144136574,MA1714.1,-,4.57e-06,L1ME4a,L1,LINE
chrX,145006925,145006946,MA1714.1,+,4.57e-06,L1MA8,L1,LINE
chr5,148198622,148198643,MA1714.1,-,4.57e-06,MIRb,MIR,SINE
chrX,153783320,153783341,MA1714.1,-,4.57e-06,MIRb,MIR,SINE
chr3,160300838,160300859,MA1714.1,+,4.57e-06,L1MA4,L1,LINE
chr4,170544949,170544970,MA1714.1,-,4.57e-06,L1MA7,L1,LINE
chr4,171019563,171019584,MA1714.1,-,4.57e-06,THE1B-int,ERVL-MaLR,LTR
chr4,171271987,171272008,MA1714.1,+,4.57e-06,MIR,MIR,SINE
chr3,175335131,175335152,MA1714.1,-,4.57e-06,MER52-int,ERV1,LTR
chr4,183725094,183725115,MA1714.1,+,4.57e-06,AluJr4,Alu,SINE
chr3,186855047,186855068,MA1714.1,+,4.57e-06,AluSx,Alu,SINE
chr2,187259734,187259755,MA1714.1,-,4.57e-06,Charlie1a,hAT-Charlie,DNA
chr2,200265511,200265532,MA1714.1,-,4.57e-06,MIRb,MIR,SINE
chr2,207623574,207623595,MA1714.1,+,4.57e-06,HERV16-int,ERVL,LTR
chr2,404337,404358,MA1714.1,-,4.6e-06,THE1D-int,ERVL-MaLR,LTR
chr19,5763930,5763951,MA1714.1,-,4.6e-06,AluSz,Alu,SINE
chr9,6025353,6025374,MA1714.1,-,4.6e-06,L1ME1,L1,LINE
chr11,9446214,9446235,MA1714.1,+,4.6e-06,AluSx1,Alu,SINE
chr2,10311377,10311398,MA1714.1,+,4.6e-06,MIRb,MIR,SINE
chr12,12597784,12597805,MA1714.1,-,4.6e-06,MER30,hAT-Charlie,DNA
chr16,14146760,14146781,MA1714.1,-,4.6e-06,L1MA4,L1,LINE
chr21,14425575,14425596,MA1714.1,+,4.6e-06,HERVIP10F-int,ERV1,LTR
chr8,14995003,14995024,MA1714.1,+,4.6e-06,THE1D-int,ERVL-MaLR,LTR
chrX,15026069,15026090,MA1714.1,+,4.6e-06,HAL1,L1,LINE
chr18,15315285,15315306,MA1714.1,-,4.6e-06,HERVIP10F-int,ERV1,LTR
chr16,15553280,15553301,MA1714.1,+,4.6e-06,L1M4b,L1,LINE
chr2,16400395,16400416,MA1714.1,+,4.6e-06,MIRb,MIR,SINE
chr21,16798817,16798838,MA1714.1,+,4.6e-06,LTR78,ERV1,LTR
chr16,16877127,16877148,MA1714.1,-,4.6e-06,MIRb,MIR,SINE
chr7,22125897,22125918,MA1714.1,-,4.6e-06,THE1C-int,ERVL-MaLR,LTR
chr2,25158292,25158313,MA1714.1,+,4.6e-06,MamGypLTR2c,Gypsy,LTR
chr7,25169313,25169334,MA1714.1,-,4.6e-06,L1M1,L1,LINE
chr5,27762654,27762675,MA1714.1,+,4.6e-06,AluSx1,Alu,SINE
chr14,30535308,30535329,MA1714.1,+,4.6e-06,L1P1,L1,LINE
chr18,30941180,30941201,MA1714.1,+,4.6e-06,L1MA9,L1,LINE
chr7,31171754,31171775,MA1714.1,+,4.6e-06,AluSq2,Alu,SINE
chr13,32355278,32355299,MA1714.1,+,4.6e-06,MIRb,MIR,SINE
chrX,33442239,33442260,MA1714.1,+,4.6e-06,L1MB3,L1,LINE
chr19,34251469,34251490,MA1714.1,-,4.6e-06,AluJr,Alu,SINE
chr15,35102150,35102171,MA1714.1,+,4.6e-06,L1MD2,L1,LINE
chr18,35305614,35305635,MA1714.1,-,4.6e-06,MIR,MIR,SINE
chr13,36311454,36311475,MA1714.1,-,4.6e-06,MER39,ERV1,LTR
chr14,38269678,38269699,MA1714.1,+,4.6e-06,MLT1E1A-int,ERVL-MaLR,LTR
chr13,41582759,41582780,MA1714.1,+,4.6e-06,Charlie1a,hAT-Charlie,DNA
chr11,42515617,42515638,MA1714.1,-,4.6e-06,MIR,MIR,SINE
chr20,42857960,42857981,MA1714.1,+,4.6e-06,MIR3,MIR,SINE
chr11,44218097,44218118,MA1714.1,-,4.6e-06,HAL1,L1,LINE
chr21,44239582,44239603,MA1714.1,+,4.6e-06,L1M1,L1,LINE
chr13,47057415,47057436,MA1714.1,+,4.6e-06,MER21A,ERVL,LTR
chr22,49724763,49724784,MA1714.1,+,4.6e-06,MLT1C,ERVL-MaLR,LTR
chr17,52580619,52580640,MA1714.1,+,4.6e-06,Tigger1,TcMar-Tigger,DNA
chr15,53258286,53258307,MA1714.1,+,4.6e-06,L1MA4,L1,LINE
chr15,53396200,53396221,MA1714.1,+,4.6e-06,AluSq2,Alu,SINE
chr3,54179883,54179904,MA1714.1,-,4.6e-06,L1MEd,L1,LINE
chr7,54839352,54839373,MA1714.1,+,4.6e-06,L1ME1,L1,LINE
chrX,56598970,56598991,MA1714.1,+,4.6e-06,LTR89,ERVL,LTR
chr12,60040025,60040046,MA1714.1,+,4.6e-06,THE1C-int,ERVL-MaLR,LTR
chr18,61294106,61294127,MA1714.1,+,4.6e-06,L1M3e,L1,LINE
chr13,62337623,62337644,MA1714.1,+,4.6e-06,L1MA3,L1,LINE
chr9,66707050,66707071,MA1714.1,-,4.6e-06,HERVIP10F-int,ERV1,LTR
chr10,68020311,68020332,MA1714.1,+,4.6e-06,LTR29,ERV1,LTR
chr9,69890045,69890066,MA1714.1,-,4.6e-06,HERVIP10F-int,ERV1,LTR
chr3,74231239,74231260,MA1714.1,+,4.6e-06,MIR,MIR,SINE
chr11,74403715,74403736,MA1714.1,+,4.6e-06,MIRc,MIR,SINE
chr5,75886695,75886716,MA1714.1,+,4.6e-06,AluJb,Alu,SINE
chr8,80121612,80121633,MA1714.1,+,4.6e-06,L1MEg,L1,LINE
chr8,82600470,82600491,MA1714.1,+,4.6e-06,MER39B,ERV1,LTR
chr13,83225439,83225460,MA1714.1,+,4.6e-06,MER110,ERV1,LTR
chr14,88855626,88855647,MA1714.1,-,4.6e-06,AluJb,Alu,SINE
chr4,89239670,89239691,MA1714.1,+,4.6e-06,MER4B,ERV1,LTR
chr8,91881158,91881179,MA1714.1,+,4.6e-06,MSTA-int,ERVL-MaLR,LTR
chr4,92191820,92191841,MA1714.1,+,4.6e-06,MIRc,MIR,SINE
chr8,93506570,93506591,MA1714.1,+,4.6e-06,L1MEg,L1,LINE
chr1,94316930,94316951,MA1714.1,-,4.6e-06,MIR,MIR,SINE
chr8,97074167,97074188,MA1714.1,-,4.6e-06,MLT1A0,ERVL-MaLR,LTR
chr4,97462278,97462299,MA1714.1,+,4.6e-06,MER21C,ERVL,LTR
chr1,101560119,101560140,MA1714.1,-,4.6e-06,L1MCa,L1,LINE
chr2,103974688,103974709,MA1714.1,-,4.6e-06,HAL1b,L1,LINE
chr6,104419943,104419964,MA1714.1,+,4.6e-06,L1PA16,L1,LINE
chr14,106773753,106773774,MA1714.1,-,4.6e-06,L1M1,L1,LINE
chr6,111385550,111385571,MA1714.1,-,4.6e-06,L1PA7,L1,LINE
chr7,112945474,112945495,MA1714.1,-,4.6e-06,L1MCc,L1,LINE
chr2,124042333,124042354,MA1714.1,-,4.6e-06,L1M5,L1,LINE
chr5,124436426,124436447,MA1714.1,-,4.6e-06,LTR81C,Gypsy,LTR
chr4,126136965,126136986,MA1714.1,+,4.6e-06,ERV3-16A3_I-int,ERVL,LTR
chr12,129443219,129443240,MA1714.1,+,4.6e-06,AluSz,Alu,SINE
chr10,131833885,131833906,MA1714.1,-,4.6e-06,MIRc,MIR,SINE
chr9,131953658,131953679,MA1714.1,-,4.6e-06,MIR3,MIR,SINE
chr2,132904322,132904343,MA1714.1,-,4.6e-06,HERVIP10F-int,ERV1,LTR
chrX,138389624,138389645,MA1714.1,+,4.6e-06,THE1D-int,ERVL-MaLR,LTR
chr9,138785451,138785472,MA1714.1,+,4.6e-06,L1MEg,L1,LINE
chrX,150282230,150282251,MA1714.1,-,4.6e-06,L1PA13,L1,LINE
chr4,155075779,155075800,MA1714.1,-,4.6e-06,L1MC4,L1,LINE
chr4,161079325,161079346,MA1714.1,+,4.6e-06,L1MC2,L1,LINE
chr2,165018659,165018680,MA1714.1,-,4.6e-06,L1MB8,L1,LINE
chr6,167486890,167486911,MA1714.1,-,4.6e-06,L1PB1,L1,LINE
chr5,168238341,168238362,MA1714.1,-,4.6e-06,MIR,MIR,SINE
chr3,179714319,179714340,MA1714.1,+,4.6e-06,HERVL-int,ERVL,LTR
chr1,186761347,186761368,MA1714.1,+,4.6e-06,L1ME2,L1,LINE
chr1,199383969,199383990,MA1714.1,+,4.6e-06,L1ME3,L1,LINE
chr2,205601145,205601166,MA1714.1,-,4.6e-06,L1PB3,L1,LINE
chr1,212339122,212339143,MA1714.1,-,4.6e-06,L1MC4,L1,LINE
chr1,234317436,234317457,MA1714.1,-,4.6e-06,L1MC5,L1,LINE
chr5,3949826,3949847,MA1714.1,-,4.63e-06,HERVL-int,ERVL,LTR
chr16,6183966,6183987,MA1714.1,-,4.63e-06,AluSx,Alu,SINE
chr6,17254577,17254598,MA1714.1,+,4.63e-06,L1PB4,L1,LINE
chr6,19185428,19185449,MA1714.1,+,4.63e-06,L1MEe,L1,LINE
chr6,19584121,19584142,MA1714.1,+,4.63e-06,L1MEe,L1,LINE
chr7,20688025,20688046,MA1714.1,-,4.63e-06,MamRep1161,TcMar,DNA
chr2,21299449,21299470,MA1714.1,-,4.63e-06,L1M4,L1,LINE
chr13,22098916,22098937,MA1714.1,-,4.63e-06,L1MB3,L1,LINE
chr1,22850068,22850089,MA1714.1,-,4.63e-06,Kanga1b,TcMar-Tc2,DNA
chr3,23252978,23252999,MA1714.1,-,4.63e-06,AluJr,Alu,SINE
chr21,23553074,23553095,MA1714.1,-,4.63e-06,L1MB1,L1,LINE
chr11,24628411,24628432,MA1714.1,-,4.63e-06,L1MA9,L1,LINE
chr5,25920638,25920659,MA1714.1,+,4.63e-06,L1PA14,L1,LINE
chr22,26880939,26880960,MA1714.1,+,4.63e-06,L3,CR1,LINE
chr15,29922529,29922550,MA1714.1,-,4.63e-06,L1MB4,L1,LINE
chr22,31624559,31624580,MA1714.1,+,4.63e-06,MIRb,MIR,SINE
chr20,36567788,36567809,MA1714.1,+,4.63e-06,AluJo,Alu,SINE
chr1,41078917,41078938,MA1714.1,-,4.63e-06,L1MA9,L1,LINE
chr21,42523498,42523519,MA1714.1,+,4.63e-06,MIR,MIR,SINE
chr20,46224622,46224643,MA1714.1,+,4.63e-06,MIR,MIR,SINE
chr4,46651917,46651938,MA1714.1,+,4.63e-06,L1PA15-16,L1,LINE
chr1,48549229,48549250,MA1714.1,-,4.63e-06,AluJb,Alu,SINE
chr7,49784446,49784467,MA1714.1,+,4.63e-06,L1MCc,L1,LINE
chr6,52325951,52325972,MA1714.1,-,4.63e-06,L1PA13,L1,LINE
chr12,56722655,56722676,MA1714.1,-,4.63e-06,MIRc,MIR,SINE
chr15,57363356,57363377,MA1714.1,+,4.63e-06,AluJo,Alu,SINE
chr11,58156322,58156343,MA1714.1,-,4.63e-06,MIR,MIR,SINE
chr4,60907097,60907118,MA1714.1,-,4.63e-06,LTR12C,ERV1,LTR
chr2,67111479,67111500,MA1714.1,-,4.63e-06,L1MA7,L1,LINE
chrX,69362593,69362614,MA1714.1,+,4.63e-06,AluJr4,Alu,SINE
chr6,69918109,69918130,MA1714.1,-,4.63e-06,HERVL-int,ERVL,LTR
chr7,70726790,70726811,MA1714.1,-,4.63e-06,MIR,MIR,SINE
chr3,70762068,70762089,MA1714.1,-,4.63e-06,MSTA-int,ERVL-MaLR,LTR
chr4,72191304,72191325,MA1714.1,-,4.63e-06,MLT1K,ERVL-MaLR,LTR
chr7,75181720,75181741,MA1714.1,-,4.63e-06,AluJr,Alu,SINE
chr5,75442886,75442907,MA1714.1,+,4.63e-06,L1MB4,L1,LINE
chr14,79147370,79147391,MA1714.1,-,4.63e-06,LTR86A1,ERVL,LTR
chr10,81100490,81100511,MA1714.1,-,4.63e-06,L3,CR1,LINE
chr11,82154174,82154195,MA1714.1,+,4.63e-06,L1MB2,L1,LINE
chr8,82236933,82236954,MA1714.1,-,4.63e-06,L1PB4,L1,LINE
chr4,82887001,82887022,MA1714.1,+,4.63e-06,MIRc,MIR,SINE
chr16,84142946,84142967,MA1714.1,+,4.63e-06,L1MC4,L1,LINE
chr16,84181712,84181733,MA1714.1,-,4.63e-06,L1ME3C,L1,LINE
chrX,85881849,85881870,MA1714.1,-,4.63e-06,THE1B-int,ERVL-MaLR,LTR
chr10,89783929,89783950,MA1714.1,+,4.63e-06,L1MA9,L1,LINE
chr6,97365918,97365939,MA1714.1,-,4.63e-06,MER20,hAT-Charlie,DNA
chr3,97561323,97561344,MA1714.1,+,4.63e-06,AluJr,Alu,SINE
chr7,104322114,104322135,MA1714.1,-,4.63e-06,MIRb,MIR,SINE
chr11,105328836,105328857,MA1714.1,+,4.63e-06,L1MA3,L1,LINE
chr2,108863960,108863981,MA1714.1,-,4.63e-06,MER20B,hAT-Charlie,DNA
chr12,111617321,111617342,MA1714.1,+,4.63e-06,MIR,MIR,SINE
chr4,115903969,115903990,MA1714.1,+,4.63e-06,MSTA-int,ERVL-MaLR,LTR
chr1,118819573,118819594,MA1714.1,-,4.63e-06,LTR78,ERV1,LTR
chrX,121240707,121240728,MA1714.1,+,4.63e-06,L1MA5A,L1,LINE
chrX,126321678,126321699,MA1714.1,-,4.63e-06,L1MB7,L1,LINE
chr2,131107443,131107464,MA1714.1,-,4.63e-06,L1MB7,L1,LINE
chr5,131560041,131560062,MA1714.1,+,4.63e-06,MIR,MIR,SINE
chr9,134239639,134239660,MA1714.1,-,4.63e-06,L1ME1,L1,LINE
chr6,140069746,140069767,MA1714.1,-,4.63e-06,LTR78,ERV1,LTR
chrX,145622933,145622954,MA1714.1,-,4.63e-06,Charlie1a,hAT-Charlie,DNA
chr3,154676645,154676666,MA1714.1,-,4.63e-06,MSTA-int,ERVL-MaLR,LTR
chr1,157793710,157793731,MA1714.1,-,4.63e-06,ERVL-B4-int,ERVL,LTR
chr4,171932790,171932811,MA1714.1,+,4.63e-06,MSTB-int,ERVL-MaLR,LTR
chr1,175621407,175621428,MA1714.1,+,4.63e-06,L1M5,L1,LINE
chr3,175861743,175861764,MA1714.1,-,4.63e-06,ERV3-16A3_I-int,ERVL,LTR
chr1,183231907,183231928,MA1714.1,-,4.63e-06,L1ME4a,L1,LINE
chr3,184245739,184245760,MA1714.1,-,4.63e-06,MER39B,ERV1,LTR
chr1,201695406,201695427,MA1714.1,+,4.63e-06,MIRc,MIR,SINE
chr1,205662212,205662233,MA1714.1,-,4.63e-06,MIRc,MIR,SINE
chr1,209284153,209284174,MA1714.1,+,4.63e-06,MER21B,ERVL,LTR
chrX,3254579,3254600,MA1714.1,+,4.66e-06,L1MB5,L1,LINE
chr11,4985749,4985770,MA1714.1,+,4.66e-06,L1PA11,L1,LINE
chr9,5053404,5053425,MA1714.1,-,4.66e-06,L1MB7,L1,LINE
chr10,5560855,5560876,MA1714.1,+,4.66e-06,Charlie1a,hAT-Charlie,DNA
chr8,6226064,6226085,MA1714.1,+,4.66e-06,AluJo,Alu,SINE
chr7,7630417,7630438,MA1714.1,-,4.66e-06,L1MEf,L1,LINE
chr20,8798702,8798723,MA1714.1,+,4.66e-06,L1ME3E,L1,LINE
chr11,9575593,9575614,MA1714.1,-,4.66e-06,L1MA2,L1,LINE
chr7,12802119,12802140,MA1714.1,+,4.66e-06,MIRb,MIR,SINE
chr4,13282076,13282097,MA1714.1,+,4.66e-06,MER1B,hAT-Charlie,DNA
chr6,13737457,13737478,MA1714.1,+,4.66e-06,MIR,MIR,SINE
chr2,14609985,14610006,MA1714.1,-,4.66e-06,L1MA8,L1,LINE
chrY,15740920,15740941,MA1714.1,+,4.66e-06,HERV9-int,ERV1,LTR
chr19,16100024,16100045,MA1714.1,-,4.66e-06,L1PB2,L1,LINE
chr21,16131926,16131947,MA1714.1,+,4.66e-06,L1MB1,L1,LINE
chr12,19773778,19773799,MA1714.1,+,4.66e-06,L1MA9,L1,LINE
chr10,21283543,21283564,MA1714.1,-,4.66e-06,Tigger2a,TcMar-Tigger,DNA
chr9,21637358,21637379,MA1714.1,+,4.66e-06,L1MC3,L1,LINE
chr18,23901678,23901699,MA1714.1,-,4.66e-06,L1MA9,L1,LINE
chr20,24733907,24733928,MA1714.1,+,4.66e-06,MLT1A,ERVL-MaLR,LTR
chr8,25410841,25410862,MA1714.1,+,4.66e-06,MLT1D-int,ERVL-MaLR,LTR
chr4,26467725,26467746,MA1714.1,-,4.66e-06,MamRep1527,LTR,LTR
chr9,28729837,28729858,MA1714.1,+,4.66e-06,HAL1,L1,LINE
chr4,29072708,29072729,MA1714.1,-,4.66e-06,L1MA6,L1,LINE
chr13,29975018,29975039,MA1714.1,-,4.66e-06,L1M5,L1,LINE
chr7,33268987,33269008,MA1714.1,-,4.66e-06,L1MA9,L1,LINE
chrX,43263872,43263893,MA1714.1,-,4.66e-06,LTR33,ERVL,LTR
chr15,46741403,46741424,MA1714.1,-,4.66e-06,L1MEc,L1,LINE
chr22,47504431,47504452,MA1714.1,+,4.66e-06,L1ME1,L1,LINE
chr20,49937287,49937308,MA1714.1,-,4.66e-06,MIRc,MIR,SINE
chr3,51828238,51828259,MA1714.1,-,4.66e-06,L1MC,L1,LINE
chr8,52212923,52212944,MA1714.1,-,4.66e-06,THE1C-int,ERVL-MaLR,LTR
chrX,53074086,53074107,MA1714.1,+,4.66e-06,MER41G,ERV1,LTR
chr20,53709705,53709726,MA1714.1,-,4.66e-06,L1MD2,L1,LINE
chr10,56189530,56189551,MA1714.1,+,4.66e-06,L1MA2,L1,LINE
chr15,59811321,59811342,MA1714.1,-,4.66e-06,L1MA9,L1,LINE
chr11,60627711,60627732,MA1714.1,-,4.66e-06,MLT1C,ERVL-MaLR,LTR
chr15,61304388,61304409,MA1714.1,+,4.66e-06,MIR,MIR,SINE
chr15,61320068,61320089,MA1714.1,+,4.66e-06,MIRb,MIR,SINE
chr18,61590958,61590979,MA1714.1,-,4.66e-06,HAL1,L1,LINE
chr14,63390412,63390433,MA1714.1,+,4.66e-06,L1MA9,L1,LINE
chr14,66106439,66106460,MA1714.1,-,4.66e-06,L1MC5,L1,LINE
chr5,67202906,67202927,MA1714.1,+,4.66e-06,L1MA9,L1,LINE
chr2,68342659,68342680,MA1714.1,-,4.66e-06,MIR,MIR,SINE
chr17,70433542,70433563,MA1714.1,+,4.66e-06,AluSx,Alu,SINE
chr9,71639327,71639348,MA1714.1,+,4.66e-06,MIRb,MIR,SINE
chr4,72263535,72263556,MA1714.1,+,4.66e-06,MIRc,MIR,SINE
chrX,73283666,73283687,MA1714.1,-,4.66e-06,MLT1B-int,ERVL-MaLR,LTR
chr12,76073998,76074019,MA1714.1,+,4.66e-06,L3,CR1,LINE
chr15,76408776,76408797,MA1714.1,-,4.66e-06,LTR78B,ERV1,LTR
chr6,83377967,83377988,MA1714.1,-,4.66e-06,L1MEb,L1,LINE
chr1,84749369,84749390,MA1714.1,-,4.66e-06,L1MEe,L1,LINE
chr12,85473589,85473610,MA1714.1,-,4.66e-06,L1MEg,L1,LINE
chr15,87692443,87692464,MA1714.1,+,4.66e-06,L1ME3,L1,LINE
chrX,87885267,87885288,MA1714.1,+,4.66e-06,L1PA11,L1,LINE
chr11,88214251,88214272,MA1714.1,-,4.66e-06,MIRc,MIR,SINE
chr5,88534838,88534859,MA1714.1,-,4.66e-06,L1PB4,L1,LINE
chr4,92987300,92987321,MA1714.1,-,4.66e-06,L1M2,L1,LINE
chrX,94014797,94014818,MA1714.1,-,4.66e-06,LTR49-int,ERV1,LTR
chrX,98881708,98881729,MA1714.1,+,4.66e-06,L1MCa,L1,LINE
chr5,99904776,99904797,MA1714.1,-,4.66e-06,L1MC4a,L1,LINE
chr8,104044628,104044649,MA1714.1,+,4.66e-06,L1ME2,L1,LINE
chr1,107434353,107434374,MA1714.1,+,4.66e-06,L1PA11,L1,LINE
chr10,115219495,115219516,MA1714.1,+,4.66e-06,MIRb,MIR,SINE
chr11,116210480,116210501,MA1714.1,+,4.66e-06,MIRb,MIR,SINE
chr7,118791130,118791151,MA1714.1,+,4.66e-06,L1ME3,L1,LINE
chr9,123134253,123134274,MA1714.1,+,4.66e-06,MIR3,MIR,SINE
chr3,126048463,126048484,MA1714.1,-,4.66e-06,L1MC,L1,LINE
chr3,128245178,128245199,MA1714.1,+,4.66e-06,AluJb,Alu,SINE
chr9,128559942,128559963,MA1714.1,-,4.66e-06,L1MA9,L1,LINE
chr8,136666355,136666376,MA1714.1,-,4.66e-06,L1MC4a,L1,LINE
chr3,136977757,136977778,MA1714.1,+,4.66e-06,MLT1A0,ERVL-MaLR,LTR
chr5,137949792,137949813,MA1714.1,-,4.66e-06,MIRb,MIR,SINE
chr2,140493504,140493525,MA1714.1,-,4.66e-06,L1ME2z,L1,LINE
chr3,153073475,153073496,MA1714.1,+,4.66e-06,ERV3-16A3_I-int,ERVL,LTR
chr1,155576524,155576545,MA1714.1,-,4.66e-06,FLAM_C,Alu,SINE
chr3,157097718,157097739,MA1714.1,+,4.66e-06,MIRc,MIR,SINE
chr5,162240929,162240950,MA1714.1,-,4.66e-06,MER20,hAT-Charlie,DNA
chr4,162409684,162409705,MA1714.1,+,4.66e-06,MIR,MIR,SINE
chr4,168559564,168559585,MA1714.1,-,4.66e-06,L1MA7,L1,LINE
chr2,174867369,174867390,MA1714.1,+,4.66e-06,L1MC1,L1,LINE
chr4,188617956,188617977,MA1714.1,+,4.66e-06,THE1B-int,ERVL-MaLR,LTR
chr2,198157391,198157412,MA1714.1,+,4.66e-06,Charlie2b,hAT-Charlie,DNA
chr1,243465637,243465658,MA1714.1,+,4.66e-06,Tigger2,TcMar-Tigger,DNA
chr16,9111502,9111523,MA1714.1,-,4.69e-06,AluSx,Alu,SINE
chr3,9330125,9330146,MA1714.1,-,4.69e-06,L1MEg,L1,LINE
chr6,9433491,9433512,MA1714.1,-,4.69e-06,L1MB4,L1,LINE
chr21,14408211,14408232,MA1714.1,+,4.69e-06,L1MC3,L1,LINE
chr5,15326671,15326692,MA1714.1,-,4.69e-06,L1MEf,L1,LINE
chr18,15332583,15332604,MA1714.1,-,4.69e-06,L1MC3,L1,LINE
chr5,18172464,18172485,MA1714.1,-,4.69e-06,L1PB1,L1,LINE
chrX,19508626,19508647,MA1714.1,+,4.69e-06,AluJb,Alu,SINE
chr15,20083284,20083305,MA1714.1,+,4.69e-06,L1MC3,L1,LINE
chr20,20094382,20094403,MA1714.1,-,4.69e-06,L1M5,L1,LINE
chr5,21567791,21567812,MA1714.1,-,4.69e-06,L1MB5,L1,LINE
chr20,22921486,22921507,MA1714.1,+,4.69e-06,MIRb,MIR,SINE
chrX,22923974,22923995,MA1714.1,+,4.69e-06,LTR88a,Gypsy,LTR
chr10,23403754,23403775,MA1714.1,-,4.69e-06,MIRb,MIR,SINE
chr13,24604989,24605010,MA1714.1,-,4.69e-06,MIRb,MIR,SINE
chr16,26927864,26927885,MA1714.1,-,4.69e-06,MIR,MIR,SINE
chr8,28032832,28032853,MA1714.1,-,4.69e-06,L1MB4,L1,LINE
chr2,35551006,35551027,MA1714.1,+,4.69e-06,L1MB5,L1,LINE
chr2,36223054,36223075,MA1714.1,-,4.69e-06,L1MD,L1,LINE
chr1,39516728,39516749,MA1714.1,+,4.69e-06,L1MD2,L1,LINE
chr11,42911261,42911282,MA1714.1,+,4.69e-06,L1MA3,L1,LINE
chr14,43289864,43289885,MA1714.1,+,4.69e-06,L1MEg,L1,LINE
chr6,43634917,43634938,MA1714.1,+,4.69e-06,MIRc,MIR,SINE
chr1,48845140,48845161,MA1714.1,+,4.69e-06,L1MA7,L1,LINE
chr8,55426448,55426469,MA1714.1,+,4.69e-06,L1MD2,L1,LINE
chr15,57202885,57202906,MA1714.1,+,4.69e-06,HAL1,L1,LINE
chr1,59399703,59399724,MA1714.1,+,4.69e-06,L1MB3,L1,LINE
chr14,59404329,59404350,MA1714.1,-,4.69e-06,L1M2a,L1,LINE
chr4,63974312,63974333,MA1714.1,+,4.69e-06,L1M1,L1,LINE
chr15,66357545,66357566,MA1714.1,+,4.69e-06,MamRep564,MamRep564,Unknown
chr16,77207358,77207379,MA1714.1,+,4.69e-06,MLT1K,ERVL-MaLR,LTR
chr2,80862932,80862953,MA1714.1,+,4.69e-06,MER117,hAT-Charlie,DNA
chr13,82454597,82454618,MA1714.1,+,4.69e-06,ERV3-16A3_I-int,ERVL,LTR
chr7,87661059,87661080,MA1714.1,+,4.69e-06,MSTA-int,ERVL-MaLR,LTR
chr12,92844966,92844987,MA1714.1,+,4.69e-06,L1MEc,L1,LINE
chr5,93467364,93467385,MA1714.1,-,4.69e-06,LTR81C,Gypsy,LTR
chr12,95592126,95592147,MA1714.1,+,4.69e-06,MIRb,MIR,SINE
chr8,100758265,100758286,MA1714.1,-,4.69e-06,L1MC5,L1,LINE
chrX,104844188,104844209,MA1714.1,-,4.69e-06,L1ME3C,L1,LINE
chr3,106178757,106178778,MA1714.1,-,4.69e-06,AluSc8,Alu,SINE
chr14,106506497,106506518,MA1714.1,+,4.69e-06,THE1B-int,ERVL-MaLR,LTR
chr2,107025798,107025819,MA1714.1,-,4.69e-06,L1MEg,L1,LINE
chr9,107118078,107118099,MA1714.1,-,4.69e-06,LTR89,ERVL,LTR
chr2,108503036,108503057,MA1714.1,+,4.69e-06,L1MEg,L1,LINE
chr2,113131901,113131922,MA1714.1,-,4.69e-06,L1MEg,L1,LINE
chr11,113846466,113846487,MA1714.1,-,4.69e-06,MIR3,MIR,SINE
chr13,115038422,115038443,MA1714.1,-,4.69e-06,L1MD3,L1,LINE
chrX,115530817,115530838,MA1714.1,-,4.69e-06,L1MEg,L1,LINE
chr3,116897834,116897855,MA1714.1,-,4.69e-06,MIRb,MIR,SINE
chr7,118156652,118156673,MA1714.1,-,4.69e-06,LTR88a,Gypsy,LTR
chr10,119323946,119323967,MA1714.1,-,4.69e-06,MIR,MIR,SINE
chr11,126097930,126097951,MA1714.1,-,4.69e-06,AluJb,Alu,SINE
chr6,129031977,129031998,MA1714.1,-,4.69e-06,L1MB8,L1,LINE
chr6,129602727,129602748,MA1714.1,-,4.69e-06,L2b,L2,LINE
chrX,131091959,131091980,MA1714.1,+,4.69e-06,L1M4,L1,LINE
chr5,132036941,132036962,MA1714.1,+,4.69e-06,AluSz6,Alu,SINE
chr2,137048568,137048589,MA1714.1,-,4.69e-06,MLT1F2-int,ERVL-MaLR,LTR
chr9,138766242,138766263,MA1714.1,+,4.69e-06,AluJo,Alu,SINE
chr6,139007410,139007431,MA1714.1,+,4.69e-06,AluJr,Alu,SINE
chrX,150488557,150488578,MA1714.1,-,4.69e-06,L1ME3C,L1,LINE
chr1,150683473,150683494,MA1714.1,+,4.69e-06,MIR,MIR,SINE
chr7,155828682,155828703,MA1714.1,-,4.69e-06,MamRep605,MamRep605,Unknown
chr3,166695326,166695347,MA1714.1,+,4.69e-06,MSTB-int,ERVL-MaLR,LTR
chr3,181053897,181053918,MA1714.1,+,4.69e-06,MIR,MIR,SINE
chr1,188776461,188776482,MA1714.1,+,4.69e-06,L1MA1,L1,LINE
chr2,191838146,191838167,MA1714.1,+,4.69e-06,MIR,MIR,SINE
chrY,611395,611416,MA1714.1,+,4.72e-06,MLT2D,ERVL,LTR
chrX,661395,661416,MA1714.1,+,4.72e-06,MLT2D,ERVL,LTR
chr11,3678565,3678586,MA1714.1,+,4.72e-06,AluJo,Alu,SINE
chr5,6170408,6170429,MA1714.1,+,4.72e-06,L1MA8,L1,LINE
chr9,6658034,6658055,MA1714.1,-,4.72e-06,AluJr,Alu,SINE
chr2,7012643,7012664,MA1714.1,+,4.72e-06,MER101-int,ERV1,LTR
chr19,10152723,10152744,MA1714.1,+,4.72e-06,MamRep1879,hAT,DNA
chr2,10293525,10293546,MA1714.1,-,4.72e-06,L1ME1,L1,LINE
chr16,12692422,12692443,MA1714.1,-,4.72e-06,AluSx,Alu,SINE
chr11,14315069,14315090,MA1714.1,+,4.72e-06,THE1B,ERVL-MaLR,LTR
chr7,15478940,15478961,MA1714.1,+,4.72e-06,AluSc,Alu,SINE
chr5,15658505,15658526,MA1714.1,+,4.72e-06,THE1C,ERVL-MaLR,LTR
chr11,15671057,15671078,MA1714.1,-,4.72e-06,MIR,MIR,SINE
chr3,15982487,15982508,MA1714.1,-,4.72e-06,THE1C,ERVL-MaLR,LTR
chr8,17026155,17026176,MA1714.1,-,4.72e-06,L1MB3,L1,LINE
chrY,18994498,18994519,MA1714.1,+,4.72e-06,AluJr4,Alu,SINE
chr9,20194366,20194387,MA1714.1,-,4.72e-06,LTR85b,Gypsy,LTR
chrX,21231491,21231512,MA1714.1,+,4.72e-06,L1MA6,L1,LINE
chr2,23445752,23445773,MA1714.1,+,4.72e-06,MLT1G,ERVL-MaLR,LTR
chr14,23737015,23737036,MA1714.1,-,4.72e-06,L1M4,L1,LINE
chr15,25781002,25781023,MA1714.1,-,4.72e-06,MER72B,ERV1,LTR
chr3,27314977,27314998,MA1714.1,+,4.72e-06,MIRb,MIR,SINE
chr3,28346584,28346605,MA1714.1,-,4.72e-06,L1PA17,L1,LINE
chr13,30010537,30010558,MA1714.1,+,4.72e-06,MIRb,MIR,SINE
chr1,36013483,36013504,MA1714.1,+,4.72e-06,AluSz6,Alu,SINE
chr3,39814400,39814421,MA1714.1,+,4.72e-06,L1MC4a,L1,LINE
chr19,42173197,42173218,MA1714.1,+,4.72e-06,L1MC4a,L1,LINE
chr7,45220689,45220710,MA1714.1,-,4.72e-06,MIR,MIR,SINE
chr21,46240508,46240529,MA1714.1,+,4.72e-06,HAL1,L1,LINE
chr2,54619470,54619491,MA1714.1,+,4.72e-06,L1MEg,L1,LINE
chr20,59747696,59747717,MA1714.1,-,4.72e-06,MLT1D,ERVL-MaLR,LTR
chr2,64128640,64128661,MA1714.1,+,4.72e-06,L1ME1,L1,LINE
chr16,65597348,65597369,MA1714.1,-,4.72e-06,AluSq2,Alu,SINE
chr18,66213405,66213426,MA1714.1,+,4.72e-06,L1M1,L1,LINE
chr16,69529218,69529239,MA1714.1,+,4.72e-06,MIRb,MIR,SINE
chrX,71073079,71073100,MA1714.1,+,4.72e-06,L1MA8,L1,LINE
chr16,73500521,73500542,MA1714.1,+,4.72e-06,MIRb,MIR,SINE
chr1,73693955,73693976,MA1714.1,+,4.72e-06,L1MEg,L1,LINE
chr12,76912648,76912669,MA1714.1,-,4.72e-06,MSTB-int,ERVL-MaLR,LTR
chr15,79638690,79638711,MA1714.1,+,4.72e-06,THE1B,ERVL-MaLR,LTR
chr10,84549756,84549777,MA1714.1,-,4.72e-06,L1MB8,L1,LINE
chr12,84689005,84689026,MA1714.1,-,4.72e-06,L3,CR1,LINE
chr9,85315956,85315977,MA1714.1,+,4.72e-06,HAL1,L1,LINE
chr15,86912133,86912154,MA1714.1,+,4.72e-06,L1MEe,L1,LINE
chr11,87255256,87255277,MA1714.1,-,4.72e-06,THE1D,ERVL-MaLR,LTR
chr12,87739724,87739745,MA1714.1,+,4.72e-06,L1MEe,L1,LINE
chr13,91850755,91850776,MA1714.1,+,4.72e-06,L1MA9,L1,LINE
chrX,95059435,95059456,MA1714.1,+,4.72e-06,L1M1,L1,LINE
chr5,100363079,100363100,MA1714.1,+,4.72e-06,THE1D,ERVL-MaLR,LTR
chr8,101368396,101368417,MA1714.1,+,4.72e-06,FLAM_C,Alu,SINE
chr5,103423467,103423488,MA1714.1,-,4.72e-06,L1MB7,L1,LINE
chr6,108240052,108240073,MA1714.1,+,4.72e-06,Tigger1,TcMar-Tigger,DNA
chr1,112735148,112735169,MA1714.1,+,4.72e-06,L1MEc,L1,LINE
chr9,115046042,115046063,MA1714.1,+,4.72e-06,THE1D-int,ERVL-MaLR,LTR
chr2,115136739,115136760,MA1714.1,-,4.72e-06,ERVL-B4-int,ERVL,LTR
chr4,117313399,117313420,MA1714.1,-,4.72e-06,L1MEc,L1,LINE
chr11,119272881,119272902,MA1714.1,+,4.72e-06,L1MA5A,L1,LINE
chr7,119344467,119344488,MA1714.1,-,4.72e-06,L1MCb,L1,LINE
chr3,120234871,120234892,MA1714.1,-,4.72e-06,L3,CR1,LINE
chrX,124162659,124162680,MA1714.1,+,4.72e-06,L1ME3C,L1,LINE
chr8,124309490,124309511,MA1714.1,+,4.72e-06,L1PREC2,L1,LINE
chr6,127752893,127752914,MA1714.1,+,4.72e-06,L1MD2,L1,LINE
chrX,130240384,130240405,MA1714.1,-,4.72e-06,L1MA9,L1,LINE
chr11,133629203,133629224,MA1714.1,+,4.72e-06,L1MCa,L1,LINE
chrX,144169086,144169107,MA1714.1,+,4.72e-06,THE1D-int,ERVL-MaLR,LTR
chr3,147763926,147763947,MA1714.1,-,4.72e-06,AluSc8,Alu,SINE
chr1,158337423,158337444,MA1714.1,-,4.72e-06,MLT1A0-int,ERVL-MaLR,LTR
chr6,167190054,167190075,MA1714.1,-,4.72e-06,L1MB5,L1,LINE
chr5,170395035,170395056,MA1714.1,+,4.72e-06,L1ME4a,L1,LINE
chr2,171972085,171972106,MA1714.1,+,4.72e-06,Looper,PiggyBac,DNA
chr5,176191438,176191459,MA1714.1,-,4.72e-06,L1MC1,L1,LINE
chr1,214763586,214763607,MA1714.1,-,4.72e-06,ERVL-E-int,ERVL,LTR
chr2,215365114,215365135,MA1714.1,-,4.72e-06,MLT1J,ERVL-MaLR,LTR
chr7,8070988,8071009,MA1714.1,+,4.75e-06,L1MA2,L1,LINE
chr5,8382179,8382200,MA1714.1,-,4.75e-06,L1PB4,L1,LINE
chr5,10406312,10406333,MA1714.1,+,4.75e-06,MER1B,hAT-Charlie,DNA
chr4,10587519,10587540,MA1714.1,-,4.75e-06,MER1B,hAT-Charlie,DNA
chr6,12903442,12903463,MA1714.1,+,4.75e-06,MIR,MIR,SINE
chr18,14077933,14077954,MA1714.1,-,4.75e-06,MER1B,hAT-Charlie,DNA
chr20,17950030,17950051,MA1714.1,+,4.75e-06,MIRb,MIR,SINE
chr5,19261031,19261052,MA1714.1,+,4.75e-06,THE1C-int,ERVL-MaLR,LTR
chr1,19629679,19629700,MA1714.1,+,4.75e-06,AluJb,Alu,SINE
chr3,21413510,21413531,MA1714.1,-,4.75e-06,L1MCa,L1,LINE
chr9,22692507,22692528,MA1714.1,-,4.75e-06,ERV3-16A3_I-int,ERVL,LTR
chr13,24961064,24961085,MA1714.1,+,4.75e-06,MLT1A0,ERVL-MaLR,LTR
chr16,27857476,27857497,MA1714.1,-,4.75e-06,L1M5,L1,LINE
chr7,30259413,30259434,MA1714.1,+,4.75e-06,L1MC1,L1,LINE
chr15,30289728,30289749,MA1714.1,-,4.75e-06,MLT1H-int,ERVL-MaLR,LTR
chr18,33451698,33451719,MA1714.1,-,4.75e-06,L1M5,L1,LINE
chr4,33859053,33859074,MA1714.1,+,4.75e-06,MLT1G,ERVL-MaLR,LTR
chr6,34767418,34767439,MA1714.1,+,4.75e-06,MIRb,MIR,SINE
chr9,37621388,37621409,MA1714.1,+,4.75e-06,LTR78,ERV1,LTR
chr8,42560147,42560168,MA1714.1,-,4.75e-06,MLT1J,ERVL-MaLR,LTR
chr20,44592977,44592998,MA1714.1,+,4.75e-06,MIRc,MIR,SINE
chr13,45184972,45184993,MA1714.1,+,4.75e-06,L1MEg,L1,LINE
chr1,45704952,45704973,MA1714.1,+,4.75e-06,L1ME2z,L1,LINE
chr17,49317717,49317738,MA1714.1,-,4.75e-06,L1MC3,L1,LINE
chr19,51092439,51092460,MA1714.1,+,4.75e-06,MLT1D,ERVL-MaLR,LTR
chr3,53062613,53062634,MA1714.1,+,4.75e-06,FAM,Alu,SINE
chr8,53194757,53194778,MA1714.1,+,4.75e-06,L1MEd,L1,LINE
chr17,53885441,53885462,MA1714.1,-,4.75e-06,MIRb,MIR,SINE
chr2,54182590,54182611,MA1714.1,+,4.75e-06,MER30,hAT-Charlie,DNA
chr17,55352263,55352284,MA1714.1,+,4.75e-06,MIRb,MIR,SINE
chr12,58391984,58392005,MA1714.1,-,4.75e-06,MER52D,ERV1,LTR
chr16,58408534,58408555,MA1714.1,-,4.75e-06,L1MB3,L1,LINE
chr11,63031111,63031132,MA1714.1,-,4.75e-06,L1PA10,L1,LINE
chr4,63956182,63956203,MA1714.1,-,4.75e-06,L1MB5,L1,LINE
chr5,64879249,64879270,MA1714.1,+,4.75e-06,MIRc,MIR,SINE
chr10,72440395,72440416,MA1714.1,+,4.75e-06,MIR,MIR,SINE
chr10,80593433,80593454,MA1714.1,-,4.75e-06,L1ME1,L1,LINE
chr5,81842474,81842495,MA1714.1,-,4.75e-06,L3,CR1,LINE
chr2,82420301,82420322,MA1714.1,+,4.75e-06,L1MA4A,L1,LINE
chr11,85793353,85793374,MA1714.1,-,4.75e-06,L1MC1,L1,LINE
chr1,88222104,88222125,MA1714.1,-,4.75e-06,AluSx,Alu,SINE
chr6,89215117,89215138,MA1714.1,-,4.75e-06,L1MEf,L1,LINE
chr15,89322398,89322419,MA1714.1,+,4.75e-06,HAL1,L1,LINE
chr6,89482029,89482050,MA1714.1,+,4.75e-06,L1MB4,L1,LINE
chr3,97518534,97518555,MA1714.1,-,4.75e-06,MIR,MIR,SINE
chr7,103178019,103178040,MA1714.1,+,4.75e-06,MIR3,MIR,SINE
chr7,105776951,105776972,MA1714.1,-,4.75e-06,MIRc,MIR,SINE
chr5,106614382,106614403,MA1714.1,-,4.75e-06,L1PA15,L1,LINE
chr1,108560827,108560848,MA1714.1,+,4.75e-06,MIRb,MIR,SINE
chr7,109844583,109844604,MA1714.1,-,4.75e-06,L1MA2,L1,LINE
chr5,109995877,109995898,MA1714.1,+,4.75e-06,L1ME3B,L1,LINE
chr9,112292550,112292571,MA1714.1,-,4.75e-06,L1MB3,L1,LINE
chr1,117316498,117316519,MA1714.1,+,4.75e-06,L1MC1,L1,LINE
chr11,117407667,117407688,MA1714.1,-,4.75e-06,MIR,MIR,SINE
chr3,122012725,122012746,MA1714.1,+,4.75e-06,L1MC5,L1,LINE
chr2,123115814,123115835,MA1714.1,+,4.75e-06,MIRb,MIR,SINE
chr4,124911062,124911083,MA1714.1,+,4.75e-06,LTR86C,ERVL,LTR
chr7,126164779,126164800,MA1714.1,-,4.75e-06,HAL1,L1,LINE
chr5,127299025,127299046,MA1714.1,+,4.75e-06,MIRc,MIR,SINE
chr6,127971688,127971709,MA1714.1,+,4.75e-06,L1MD1,L1,LINE
chr5,130704050,130704071,MA1714.1,-,4.75e-06,L1M5,L1,LINE
chr3,148223258,148223279,MA1714.1,-,4.75e-06,L1PA7,L1,LINE
chr6,149712564,149712585,MA1714.1,-,4.75e-06,HAL1,L1,LINE
chr7,151794009,151794030,MA1714.1,-,4.75e-06,AluJb,Alu,SINE
chr2,156617100,156617121,MA1714.1,+,4.75e-06,L1MEf,L1,LINE
chr5,168996423,168996444,MA1714.1,-,4.75e-06,MIR,MIR,SINE
chr1,169166223,169166244,MA1714.1,+,4.75e-06,MIRc,MIR,SINE
chr4,176664272,176664293,MA1714.1,+,4.75e-06,L1MEg,L1,LINE
chr3,185607927,185607948,MA1714.1,+,4.75e-06,L1ME3,L1,LINE
chr1,195167789,195167810,MA1714.1,-,4.75e-06,AluJr,Alu,SINE
chr1,195219745,195219766,MA1714.1,+,4.75e-06,ERVL-B4-int,ERVL,LTR
chr1,209722704,209722725,MA1714.1,-,4.75e-06,MIR,MIR,SINE
chr2,217151772,217151793,MA1714.1,-,4.75e-06,MIRb,MIR,SINE
chr7_gl000195_random,83833,83854,MA1714.1,+,4.79e-06,L1M3a,L1,LINE
chr8,792627,792648,MA1714.1,-,4.79e-06,L1M7,L1,LINE
chr17_ctg5_hap1,993454,993475,MA1714.1,-,4.79e-06,MIR,MIR,SINE
chr16,3382497,3382518,MA1714.1,-,4.79e-06,L1MA4,L1,LINE
chr4,6637112,6637133,MA1714.1,-,4.79e-06,L1MC1,L1,LINE
chr9,9489841,9489862,MA1714.1,+,4.79e-06,L1MB3,L1,LINE
chr1,10647055,10647076,MA1714.1,+,4.79e-06,L1ME3B,L1,LINE
chr18,13143395,13143416,MA1714.1,+,4.79e-06,AluJb,Alu,SINE
chr20,18091758,18091779,MA1714.1,-,4.79e-06,AluSz,Alu,SINE
chr12,19902258,19902279,MA1714.1,-,4.79e-06,L1PA11,L1,LINE
chr1,20386144,20386165,MA1714.1,+,4.79e-06,LTR67B,ERVL,LTR
chr8,21426307,21426328,MA1714.1,+,4.79e-06,L1MB3,L1,LINE
chr2,23629886,23629907,MA1714.1,-,4.79e-06,L1ME4a,L1,LINE
chr16,23643902,23643923,MA1714.1,+,4.79e-06,L1MB5,L1,LINE
chr6,23740814,23740835,MA1714.1,+,4.79e-06,MLT1C,ERVL-MaLR,LTR
chr13,26177576,26177597,MA1714.1,+,4.79e-06,AluJb,Alu,SINE
chr17,26195454,26195475,MA1714.1,+,4.79e-06,AluJo,Alu,SINE
chr4,27137854,27137875,MA1714.1,+,4.79e-06,L1M4b,L1,LINE
chr5,28002976,28002997,MA1714.1,-,4.79e-06,L1PA7,L1,LINE
chr18,33666449,33666470,MA1714.1,+,4.79e-06,MER52A,ERV1,LTR
chr4,34629560,34629581,MA1714.1,-,4.79e-06,L1MB5,L1,LINE
chr12,39546409,39546430,MA1714.1,-,4.79e-06,L1MA2,L1,LINE
chr21,40226992,40227013,MA1714.1,+,4.79e-06,L1MCa,L1,LINE
chr15,42368779,42368800,MA1714.1,+,4.79e-06,L1M5,L1,LINE
chr20,43196749,43196770,MA1714.1,+,4.79e-06,AluJb,Alu,SINE
chr17,43874052,43874073,MA1714.1,+,4.79e-06,MIR,MIR,SINE
chr10,45107554,45107575,MA1714.1,+,4.79e-06,L1MB4,L1,LINE
chr18,46030607,46030628,MA1714.1,-,4.79e-06,L1M5,L1,LINE
chr18,47771400,47771421,MA1714.1,+,4.79e-06,AluSz,Alu,SINE
chr1,50389499,50389520,MA1714.1,+,4.79e-06,L1PA13,L1,LINE
chr19,52171187,52171208,MA1714.1,+,4.79e-06,AluJb,Alu,SINE
chr5,55594893,55594914,MA1714.1,+,4.79e-06,MIRb,MIR,SINE
chr17,56517609,56517630,MA1714.1,+,4.79e-06,L1MEg,L1,LINE
chr1,56724403,56724424,MA1714.1,-,4.79e-06,MIRb,MIR,SINE
chr13,58571575,58571596,MA1714.1,-,4.79e-06,AluJb,Alu,SINE
chr18,63915018,63915039,MA1714.1,-,4.79e-06,L1MA10,L1,LINE
chr18,64308918,64308939,MA1714.1,+,4.79e-06,AluSx,Alu,SINE
chr16,68905201,68905222,MA1714.1,-,4.79e-06,L1MEc,L1,LINE
chr12,71207530,71207551,MA1714.1,+,4.79e-06,L1MEc,L1,LINE
chr11,73255335,73255356,MA1714.1,+,4.79e-06,L1MB8,L1,LINE
chr5,75641558,75641579,MA1714.1,-,4.79e-06,MIR,MIR,SINE
chr15,77976608,77976629,MA1714.1,-,4.79e-06,MIR,MIR,SINE
chr6,79826463,79826484,MA1714.1,+,4.79e-06,L1MEc,L1,LINE
chr3,79839799,79839820,MA1714.1,-,4.79e-06,THE1B-int,ERVL-MaLR,LTR
chr14,81819720,81819741,MA1714.1,+,4.79e-06,L1MA7,L1,LINE
chr15,83339515,83339536,MA1714.1,+,4.79e-06,L1MA3,L1,LINE
chr3,86849565,86849586,MA1714.1,+,4.79e-06,MLT1N2,ERVL-MaLR,LTR
chr10,87444855,87444876,MA1714.1,+,4.79e-06,L1M5,L1,LINE
chr2,87824465,87824486,MA1714.1,-,4.79e-06,MIRc,MIR,SINE
chr8,92016613,92016634,MA1714.1,-,4.79e-06,MLT2B3,ERVL,LTR
chr15,92217746,92217767,MA1714.1,+,4.79e-06,L1MEc,L1,LINE
chrX,94584121,94584142,MA1714.1,-,4.79e-06,L1M1,L1,LINE
chr4,100893889,100893910,MA1714.1,+,4.79e-06,L1PREC2,L1,LINE
chr10,104586123,104586144,MA1714.1,-,4.79e-06,AluSz,Alu,SINE
chr7,106515941,106515962,MA1714.1,-,4.79e-06,L1ME1,L1,LINE
chr13,107577016,107577037,MA1714.1,-,4.79e-06,MLT1A0-int,ERVL-MaLR,LTR
chr9,111142917,111142938,MA1714.1,-,4.79e-06,MIR,MIR,SINE
chr2,112183438,112183459,MA1714.1,+,4.79e-06,MIRc,MIR,SINE
chrX,117718165,117718186,MA1714.1,-,4.79e-06,L1ME2,L1,LINE
chr6,121034754,121034775,MA1714.1,+,4.79e-06,L1M1,L1,LINE
chr3,123634874,123634895,MA1714.1,-,4.79e-06,AluSz,Alu,SINE
chrX,125200574,125200595,MA1714.1,+,4.79e-06,MER52A,ERV1,LTR
chr7,129209693,129209714,MA1714.1,+,4.79e-06,MLT1D-int,ERVL-MaLR,LTR
chr12,131723365,131723386,MA1714.1,-,4.79e-06,L1MCc,L1,LINE
chr4,133881841,133881862,MA1714.1,+,4.79e-06,MER52D,ERV1,LTR
chr5,150875227,150875248,MA1714.1,-,4.79e-06,L1MD2,L1,LINE
chr3,157174770,157174791,MA1714.1,-,4.79e-06,L1PA13,L1,LINE
chr3,162714801,162714822,MA1714.1,-,4.79e-06,MER65-int,ERV1,LTR
chr1,168174024,168174045,MA1714.1,+,4.79e-06,L1MCc,L1,LINE
chr3,168610983,168611004,MA1714.1,+,4.79e-06,L1M7,L1,LINE
chr4,173224878,173224899,MA1714.1,-,4.79e-06,L1MA9,L1,LINE
chr1,181811850,181811871,MA1714.1,-,4.79e-06,L1MEg,L1,LINE
chr3,185908567,185908588,MA1714.1,-,4.79e-06,L3,CR1,LINE
chr1,186117669,186117690,MA1714.1,-,4.79e-06,AluSx1,Alu,SINE
chr3,196179737,196179758,MA1714.1,-,4.79e-06,MER52A,ERV1,LTR
chr1,230314671,230314692,MA1714.1,-,4.79e-06,L1MC1,L1,LINE
chr6,1351500,1351521,MA1714.1,+,4.82e-06,L1MB7,L1,LINE
chr8,4866525,4866546,MA1714.1,-,4.82e-06,L1MDa,L1,LINE
chr16,5351994,5352015,MA1714.1,-,4.82e-06,L1ME2,L1,LINE
chr9,5508398,5508419,MA1714.1,+,4.82e-06,L1PREC2,L1,LINE
chr6,6418780,6418801,MA1714.1,-,4.82e-06,L1MC3,L1,LINE
chr11,8857668,8857689,MA1714.1,+,4.82e-06,AluSx3,Alu,SINE
chr6,9262301,9262322,MA1714.1,-,4.82e-06,THE1C-int,ERVL-MaLR,LTR
chr1,11622257,11622278,MA1714.1,+,4.82e-06,L1M4,L1,LINE
chr16,12763375,12763396,MA1714.1,+,4.82e-06,L1MB7,L1,LINE
chr3,14848150,14848171,MA1714.1,+,4.82e-06,MIR,MIR,SINE
chr3,15044656,15044677,MA1714.1,-,4.82e-06,AluSz,Alu,SINE
chr2,15096430,15096451,MA1714.1,-,4.82e-06,THE1C-int,ERVL-MaLR,LTR
chr5,15508181,15508202,MA1714.1,-,4.82e-06,MER47A,TcMar-Tigger,DNA
chr2,15562244,15562265,MA1714.1,-,4.82e-06,L1MC1,L1,LINE
chrY,15907114,15907135,MA1714.1,+,4.82e-06,MER65C,ERV1,LTR
chr19,17697542,17697563,MA1714.1,+,4.82e-06,AluJb,Alu,SINE
chr7,19630162,19630183,MA1714.1,-,4.82e-06,L1PA13,L1,LINE
chr20,22522248,22522269,MA1714.1,+,4.82e-06,L1MC4,L1,LINE
chr10,23574515,23574536,MA1714.1,-,4.82e-06,Charlie5,hAT-Charlie,DNA
chr3,24154491,24154512,MA1714.1,-,4.82e-06,L1ME5,L1,LINE
chr14,25023286,25023307,MA1714.1,+,4.82e-06,MST-int,ERVL-MaLR,LTR
chr11,25343996,25344017,MA1714.1,+,4.82e-06,THE1C-int,ERVL-MaLR,LTR
chr21,25950923,25950944,MA1714.1,+,4.82e-06,MIRb,MIR,SINE
chr8,26245818,26245839,MA1714.1,-,4.82e-06,MIR,MIR,SINE
chr1,28360503,28360524,MA1714.1,+,4.82e-06,AluSz,Alu,SINE
chr17,28728107,28728128,MA1714.1,-,4.82e-06,L1MEf,L1,LINE
chr12,30426441,30426462,MA1714.1,-,4.82e-06,THE1C-int,ERVL-MaLR,LTR
chr5,30982075,30982096,MA1714.1,+,4.82e-06,MIR,MIR,SINE
chrX,32839912,32839933,MA1714.1,+,4.82e-06,L1MB7,L1,LINE
chrX,37726610,37726631,MA1714.1,-,4.82e-06,THE1D-int,ERVL-MaLR,LTR
chr8,38319257,38319278,MA1714.1,+,4.82e-06,MIRc,MIR,SINE
chr20,38720532,38720553,MA1714.1,-,4.82e-06,MSTA-int,ERVL-MaLR,LTR
chrX,38943366,38943387,MA1714.1,+,4.82e-06,L1MB3,L1,LINE
chr14,39099317,39099338,MA1714.1,-,4.82e-06,THE1C-int,ERVL-MaLR,LTR
chr8,40206361,40206382,MA1714.1,-,4.82e-06,Tigger11a,TcMar-Tigger,DNA
chr4,40831414,40831435,MA1714.1,+,4.82e-06,L3,CR1,LINE
chr3,42150659,42150680,MA1714.1,+,4.82e-06,MIR,MIR,SINE
chr14,43455693,43455714,MA1714.1,-,4.82e-06,THE1C-int,ERVL-MaLR,LTR
chr11,44560876,44560897,MA1714.1,-,4.82e-06,MIR,MIR,SINE
chr12,46404450,46404471,MA1714.1,-,4.82e-06,LTR85a,Gypsy,LTR
chr1,46813034,46813055,MA1714.1,+,4.82e-06,AluSx,Alu,SINE
chr15,46857598,46857619,MA1714.1,-,4.82e-06,L1MA2,L1,LINE
chr11,46989177,46989198,MA1714.1,+,4.82e-06,MIR,MIR,SINE
chr13,47519769,47519790,MA1714.1,-,4.82e-06,THE1B-int,ERVL-MaLR,LTR
chr16,51943119,51943140,MA1714.1,-,4.82e-06,L1ME3A,L1,LINE
chr7,52779371,52779392,MA1714.1,-,4.82e-06,L1MCa,L1,LINE
chr15,52833318,52833339,MA1714.1,-,4.82e-06,THE1C-int,ERVL-MaLR,LTR
chr1,54551293,54551314,MA1714.1,-,4.82e-06,L1ME4a,L1,LINE
chr4,55039246,55039267,MA1714.1,-,4.82e-06,AluSx3,Alu,SINE
chr14,56730267,56730288,MA1714.1,+,4.82e-06,L1ME1,L1,LINE
chr1,56767700,56767721,MA1714.1,-,4.82e-06,Plat_L3,CR1,LINE
chr8,58775086,58775107,MA1714.1,+,4.82e-06,THE1C-int,ERVL-MaLR,LTR
chr19,58787467,58787488,MA1714.1,+,4.82e-06,AluJb,Alu,SINE
chr3,58932639,58932660,MA1714.1,-,4.82e-06,MIRb,MIR,SINE
chr13,63048252,63048273,MA1714.1,+,4.82e-06,L1M3d,L1,LINE
chr6,64863010,64863031,MA1714.1,-,4.82e-06,MIR,MIR,SINE
chr8,65885104,65885125,MA1714.1,-,4.82e-06,L1MA9,L1,LINE
chr7,67534275,67534296,MA1714.1,+,4.82e-06,L1MC1,L1,LINE
chr12,67740998,67741019,MA1714.1,+,4.82e-06,MSTA-int,ERVL-MaLR,LTR
chr2,68442320,68442341,MA1714.1,+,4.82e-06,L1PA15,L1,LINE
chr6,71451738,71451759,MA1714.1,-,4.82e-06,THE1B-int,ERVL-MaLR,LTR
chr13,71973384,71973405,MA1714.1,+,4.82e-06,MIR,MIR,SINE
chr1,73517859,73517880,MA1714.1,+,4.82e-06,L1MA9,L1,LINE
chr14,74075255,74075276,MA1714.1,-,4.82e-06,THE1C-int,ERVL-MaLR,LTR
chr10,74808809,74808830,MA1714.1,+,4.82e-06,AluY,Alu,SINE
chr12,76131490,76131511,MA1714.1,+,4.82e-06,MIRb,MIR,SINE
chr8,76646681,76646702,MA1714.1,+,4.82e-06,THE1C,ERVL-MaLR,LTR
chr4,77516560,77516581,MA1714.1,-,4.82e-06,MLT1L,ERVL-MaLR,LTR
chr13,77534840,77534861,MA1714.1,-,4.82e-06,THE1C-int,ERVL-MaLR,LTR
chr15,77903747,77903768,MA1714.1,-,4.82e-06,MIRb,MIR,SINE
chr8,80687644,80687665,MA1714.1,-,4.82e-06,L1PB4,L1,LINE
chr13,82072854,82072875,MA1714.1,+,4.82e-06,L1MA4,L1,LINE
chrX,83739068,83739089,MA1714.1,-,4.82e-06,THE1C-int,ERVL-MaLR,LTR
chr14,83924877,83924898,MA1714.1,+,4.82e-06,THE1C-int,ERVL-MaLR,LTR
chr5,84159156,84159177,MA1714.1,-,4.82e-06,HAL1-3A_ME,L1,LINE
chr5,84345279,84345300,MA1714.1,+,4.82e-06,L1PA15-16,L1,LINE
chr15,85336920,85336941,MA1714.1,-,4.82e-06,L1MB7,L1,LINE
chr8,86093184,86093205,MA1714.1,-,4.82e-06,AluSz6,Alu,SINE
chr3,88476190,88476211,MA1714.1,+,4.82e-06,THE1C-int,ERVL-MaLR,LTR
chr4,89419039,89419060,MA1714.1,+,4.82e-06,MLT-int,ERVL-MaLR,LTR
chr7,91500995,91501016,MA1714.1,+,4.82e-06,L1MB8,L1,LINE
chr6,100486758,100486779,MA1714.1,+,4.82e-06,THE1C-int,ERVL-MaLR,LTR
chrX,100820891,100820912,MA1714.1,-,4.82e-06,L1MEg,L1,LINE
chr11,100953161,100953182,MA1714.1,+,4.82e-06,MSTA-int,ERVL-MaLR,LTR
chr15,101358462,101358483,MA1714.1,-,4.82e-06,AluSz,Alu,SINE
chr12,103064953,103064974,MA1714.1,+,4.82e-06,LTR78,ERV1,LTR
chr2,104179387,104179408,MA1714.1,-,4.82e-06,THE1C-int,ERVL-MaLR,LTR
chr1,105683665,105683686,MA1714.1,+,4.82e-06,AluSx1,Alu,SINE
chr7,105858814,105858835,MA1714.1,+,4.82e-06,L3,CR1,LINE
chrX,106588845,106588866,MA1714.1,+,4.82e-06,AluJb,Alu,SINE
chr13,106992411,106992432,MA1714.1,+,4.82e-06,L1MEc,L1,LINE
chr13,108647774,108647795,MA1714.1,+,4.82e-06,ERVL-E-int,ERVL,LTR
chrX,109304480,109304501,MA1714.1,-,4.82e-06,MIR,MIR,SINE
chr10,109546366,109546387,MA1714.1,+,4.82e-06,THE1B-int,ERVL-MaLR,LTR
chr4,110710398,110710419,MA1714.1,+,4.82e-06,L1MEc,L1,LINE
chr13,113986507,113986528,MA1714.1,-,4.82e-06,L1MC4,L1,LINE
chr11,118690235,118690256,MA1714.1,-,4.82e-06,MIRb,MIR,SINE
chr5,121105618,121105639,MA1714.1,+,4.82e-06,MSTA-int,ERVL-MaLR,LTR
chr5,122638678,122638699,MA1714.1,-,4.82e-06,L1M5,L1,LINE
chr7,123759300,123759321,MA1714.1,+,4.82e-06,THE1D-int,ERVL-MaLR,LTR
chr6,125058799,125058820,MA1714.1,+,4.82e-06,THE1C-int,ERVL-MaLR,LTR
chr6,128227299,128227320,MA1714.1,+,4.82e-06,L1MEg,L1,LINE
chr11,129606506,129606527,MA1714.1,+,4.82e-06,Charlie1a,hAT-Charlie,DNA
chr6,130124383,130124404,MA1714.1,+,4.82e-06,THE1B-int,ERVL-MaLR,LTR
chr4,131111283,131111304,MA1714.1,-,4.82e-06,THE1D-int,ERVL-MaLR,LTR
chr2,132574072,132574093,MA1714.1,-,4.82e-06,MSTA-int,ERVL-MaLR,LTR
chrX,135035640,135035661,MA1714.1,+,4.82e-06,L1M5,L1,LINE
chr3,137056668,137056689,MA1714.1,+,4.82e-06,THE1C-int,ERVL-MaLR,LTR
chrX,143619083,143619104,MA1714.1,-,4.82e-06,THE1C-int,ERVL-MaLR,LTR
chrX,145956612,145956633,MA1714.1,+,4.82e-06,THE1B-int,ERVL-MaLR,LTR
chr3,146280947,146280968,MA1714.1,-,4.82e-06,THE1D-int,ERVL-MaLR,LTR
chr2,146710357,146710378,MA1714.1,-,4.82e-06,L1MA9,L1,LINE
chr4,150466272,150466293,MA1714.1,+,4.82e-06,FLAM_A,Alu,SINE
chr7,151036233,151036254,MA1714.1,-,4.82e-06,L1MEg,L1,LINE
chr7,151230353,151230374,MA1714.1,-,4.82e-06,THE1D-int,ERVL-MaLR,LTR
chr7,151708072,151708093,MA1714.1,-,4.82e-06,MIR,MIR,SINE
chr3,161329861,161329882,MA1714.1,+,4.82e-06,THE1C-int,ERVL-MaLR,LTR
chr6,165397826,165397847,MA1714.1,-,4.82e-06,L1MC3,L1,LINE
chr6,166052472,166052493,MA1714.1,-,4.82e-06,MIRc,MIR,SINE
chr3,167869804,167869825,MA1714.1,+,4.82e-06,MSTA-int,ERVL-MaLR,LTR
chr5,171715181,171715202,MA1714.1,-,4.82e-06,L1MB7,L1,LINE
chr4,173457506,173457527,MA1714.1,+,4.82e-06,THE1B-int,ERVL-MaLR,LTR
chr2,177872196,177872217,MA1714.1,+,4.82e-06,L1MA9,L1,LINE
chr1,179596478,179596499,MA1714.1,+,4.82e-06,L1M7,L1,LINE
chr3,185340640,185340661,MA1714.1,-,4.82e-06,AluSx1,Alu,SINE
chr2,197848964,197848985,MA1714.1,-,4.82e-06,MER20B,hAT-Charlie,DNA
chr2,206985077,206985098,MA1714.1,+,4.82e-06,MSTB-int,ERVL-MaLR,LTR
chr2,228324520,228324541,MA1714.1,+,4.82e-06,AluSz,Alu,SINE
chr18,982260,982281,MA1714.1,-,4.85e-06,AluJo,Alu,SINE
chr12,1662289,1662310,MA1714.1,+,4.85e-06,MER103C,hAT-Charlie,DNA
chr6_qbl_hap6,1970364,1970385,MA1714.1,-,4.85e-06,L1MA4,L1,LINE
chr6_dbb_hap3,1971092,1971113,MA1714.1,-,4.85e-06,L1MA4,L1,LINE
chr6_apd_hap1,1989076,1989097,MA1714.1,-,4.85e-06,L1MA4,L1,LINE
chr6_ssto_hap7,2009739,2009760,MA1714.1,-,4.85e-06,L1MA4,L1,LINE
chr6_mann_hap4,2025527,2025548,MA1714.1,-,4.85e-06,L1MA4,L1,LINE
chr6_mcf_hap5,2059316,2059337,MA1714.1,-,4.85e-06,L1MA4,L1,LINE
chr6_cox_hap2,2189502,2189523,MA1714.1,-,4.85e-06,L1MA4,L1,LINE
chr20,5553589,5553610,MA1714.1,-,4.85e-06,AluJr,Alu,SINE
chr7,6222209,6222230,MA1714.1,-,4.85e-06,AluJb,Alu,SINE
chrY,6695600,6695621,MA1714.1,-,4.85e-06,L1PB1,L1,LINE
chr9,7026511,7026532,MA1714.1,-,4.85e-06,L1M1,L1,LINE
chr11,12317070,12317091,MA1714.1,-,4.85e-06,AluJr,Alu,SINE
chr3,12483286,12483307,MA1714.1,-,4.85e-06,LTR33,ERVL,LTR
chrX,13261353,13261374,MA1714.1,-,4.85e-06,Charlie1,hAT-Charlie,DNA
chr17,13738688,13738709,MA1714.1,+,4.85e-06,MER45A,hAT-Tip100,DNA
chr19,14198321,14198342,MA1714.1,+,4.85e-06,AluJb,Alu,SINE
chr2,17390660,17390681,MA1714.1,-,4.85e-06,L1MA9,L1,LINE
chr18,19220262,19220283,MA1714.1,-,4.85e-06,AluJo,Alu,SINE
chrX,19270412,19270433,MA1714.1,+,4.85e-06,AluJo,Alu,SINE
chrX,21850942,21850963,MA1714.1,+,4.85e-06,AluJr4,Alu,SINE
chr21,23016922,23016943,MA1714.1,+,4.85e-06,THE1A-int,ERVL-MaLR,LTR
chr18,24462467,24462488,MA1714.1,+,4.85e-06,AluJo,Alu,SINE
chr11,25670286,25670307,MA1714.1,-,4.85e-06,L1PA3,L1,LINE
chr7,25735070,25735091,MA1714.1,-,4.85e-06,AluJr4,Alu,SINE
chr20,25883536,25883557,MA1714.1,-,4.85e-06,L1MB1,L1,LINE
chr2,29196460,29196481,MA1714.1,-,4.85e-06,AluJr4,Alu,SINE
chr20,29432846,29432867,MA1714.1,-,4.85e-06,L1MB1,L1,LINE
chr16,30109077,30109098,MA1714.1,+,4.85e-06,HERVIP10F-int,ERV1,LTR
chr6,30677433,30677454,MA1714.1,-,4.85e-06,L1MA4,L1,LINE
chr16,31578350,31578371,MA1714.1,-,4.85e-06,AluJo,Alu,SINE
chr20,31623128,31623149,MA1714.1,+,4.85e-06,MER117,hAT-Charlie,DNA
chr16,31801631,31801652,MA1714.1,+,4.85e-06,AluJo,Alu,SINE
chr10,31836673,31836694,MA1714.1,+,4.85e-06,MSTA-int,ERVL-MaLR,LTR
chr17,33968521,33968542,MA1714.1,+,4.85e-06,AluJo,Alu,SINE
chr19,33986855,33986876,MA1714.1,+,4.85e-06,AluSq2,Alu,SINE
chr19,34546425,34546446,MA1714.1,-,4.85e-06,AluJb,Alu,SINE
chr20,35228631,35228652,MA1714.1,+,4.85e-06,L1MB3,L1,LINE
chr10,37036793,37036814,MA1714.1,-,4.85e-06,L1MA7,L1,LINE
chr19,37183346,37183367,MA1714.1,-,4.85e-06,AluJo,Alu,SINE
chr22,38326916,38326937,MA1714.1,+,4.85e-06,MIR3,MIR,SINE
chr19,39592883,39592904,MA1714.1,+,4.85e-06,FRAM,Alu,SINE
chr6,41162973,41162994,MA1714.1,+,4.85e-06,LTR78B,ERV1,LTR
chr12,41163568,41163589,MA1714.1,-,4.85e-06,MER96B,hAT,DNA
chr4,41164800,41164821,MA1714.1,+,4.85e-06,AluJo,Alu,SINE
chr14,45179252,45179273,MA1714.1,-,4.85e-06,L1HS,L1,LINE
chr4,45402665,45402686,MA1714.1,-,4.85e-06,MER57A-int,ERV1,LTR
chr15,47387776,47387797,MA1714.1,+,4.85e-06,L1MB1,L1,LINE
chr6,49540308,49540329,MA1714.1,-,4.85e-06,AluJo,Alu,SINE
chr5,49591237,49591258,MA1714.1,-,4.85e-06,L1HS,L1,LINE
chr8,49983205,49983226,MA1714.1,+,4.85e-06,L1M5,L1,LINE
chr13,50427892,50427913,MA1714.1,+,4.85e-06,L1ME3F,L1,LINE
chr12,50437631,50437652,MA1714.1,-,4.85e-06,MLT1F2,ERVL-MaLR,LTR
chr7,53046459,53046480,MA1714.1,+,4.85e-06,AluJo,Alu,SINE
chr15,53628730,53628751,MA1714.1,-,4.85e-06,MLT1B-int,ERVL-MaLR,LTR
chr7,54588167,54588188,MA1714.1,-,4.85e-06,L1M1,L1,LINE
chr10,57947034,57947055,MA1714.1,+,4.85e-06,L1PA2,L1,LINE
chr13,58774267,58774288,MA1714.1,-,4.85e-06,AluJr,Alu,SINE
chr14,58952807,58952828,MA1714.1,-,4.85e-06,L1PA16,L1,LINE
chr18,59181698,59181719,MA1714.1,-,4.85e-06,L1HS,L1,LINE
chr4,60504439,60504460,MA1714.1,+,4.85e-06,L1PA15,L1,LINE
chr11,62464434,62464455,MA1714.1,+,4.85e-06,AluJo,Alu,SINE
chrX,63544166,63544187,MA1714.1,+,4.85e-06,AluJr4,Alu,SINE
chr2,64270807,64270828,MA1714.1,+,4.85e-06,AluJr,Alu,SINE
chrX,64597505,64597526,MA1714.1,+,4.85e-06,L1MA2,L1,LINE
chr10,65881084,65881105,MA1714.1,+,4.85e-06,L1PA3,L1,LINE
chr8,70394830,70394851,MA1714.1,+,4.85e-06,L1MC4,L1,LINE
chr1,71920468,71920489,MA1714.1,+,4.85e-06,MIRc,MIR,SINE
chr2,73698291,73698312,MA1714.1,-,4.85e-06,L1M4c,L1,LINE
chr14,74014702,74014723,MA1714.1,-,4.85e-06,AluJr,Alu,SINE
chr15,74313541,74313562,MA1714.1,+,4.85e-06,MIR,MIR,SINE
chr16,75405848,75405869,MA1714.1,-,4.85e-06,MIRb,MIR,SINE
chr16,75860825,75860846,MA1714.1,-,4.85e-06,L1PA2,L1,LINE
chr4,76184517,76184538,MA1714.1,-,4.85e-06,MSTB-int,ERVL-MaLR,LTR
chr15,77761030,77761051,MA1714.1,-,4.85e-06,L1MC4,L1,LINE
chr13,78627775,78627796,MA1714.1,+,4.85e-06,MER39,ERV1,LTR
chr16,78944179,78944200,MA1714.1,+,4.85e-06,MLT1I,ERVL-MaLR,LTR
chr11,80615611,80615632,MA1714.1,+,4.85e-06,L1PB1,L1,LINE
chr5,80667143,80667164,MA1714.1,-,4.85e-06,AluJr,Alu,SINE
chr11,82380174,82380195,MA1714.1,-,4.85e-06,L1PB4,L1,LINE
chr2,82792134,82792155,MA1714.1,+,4.85e-06,L1MCa,L1,LINE
chr5,84323206,84323227,MA1714.1,+,4.85e-06,AluJr4,Alu,SINE
chr2,85304706,85304727,MA1714.1,-,4.85e-06,MIR,MIR,SINE
chrX,85867867,85867888,MA1714.1,-,4.85e-06,L1M1,L1,LINE
chr10,86911210,86911231,MA1714.1,+,4.85e-06,MIRc,MIR,SINE
chr6,89771453,89771474,MA1714.1,+,4.85e-06,AluJb,Alu,SINE
chr7,90011807,90011828,MA1714.1,-,4.85e-06,AluJo,Alu,SINE
chr11,93439171,93439192,MA1714.1,-,4.85e-06,HAL1,L1,LINE
chr7,96552729,96552750,MA1714.1,+,4.85e-06,AluJr,Alu,SINE
chr4,96836950,96836971,MA1714.1,+,4.85e-06,L1PA2,L1,LINE
chr2,97348514,97348535,MA1714.1,-,4.85e-06,AluJr,Alu,SINE
chr13,97442413,97442434,MA1714.1,-,4.85e-06,L1ME1,L1,LINE
chr3,98090675,98090696,MA1714.1,+,4.85e-06,AluJr4,Alu,SINE
chrX,98345950,98345971,MA1714.1,+,4.85e-06,L1PA13,L1,LINE
chr11,100280818,100280839,MA1714.1,+,4.85e-06,L1PA2,L1,LINE
chr9,100438947,100438968,MA1714.1,-,4.85e-06,MIR,MIR,SINE
chr8,100931296,100931317,MA1714.1,+,4.85e-06,L1MB3,L1,LINE
chr14,102843564,102843585,MA1714.1,-,4.85e-06,AluJo,Alu,SINE
chr7,105342223,105342244,MA1714.1,-,4.85e-06,AluJo,Alu,SINE
chr3,107661211,107661232,MA1714.1,-,4.85e-06,MIRb,MIR,SINE
chr11,108300262,108300283,MA1714.1,+,4.85e-06,L1MB3,L1,LINE
chr11,109161696,109161717,MA1714.1,-,4.85e-06,THE1D-int,ERVL-MaLR,LTR
chr6,109529048,109529069,MA1714.1,-,4.85e-06,L1MA5,L1,LINE
chr7,111521104,111521125,MA1714.1,+,4.85e-06,L1MA2,L1,LINE
chr6,112862659,112862680,MA1714.1,+,4.85e-06,L1PA7,L1,LINE
chr7,113174433,113174454,MA1714.1,+,4.85e-06,L1PA2,L1,LINE
chr7,113383983,113384004,MA1714.1,+,4.85e-06,L1PA2,L1,LINE
chr9,115172057,115172078,MA1714.1,+,4.85e-06,AluJr4,Alu,SINE
chr9,116182445,116182466,MA1714.1,-,4.85e-06,AluJr4,Alu,SINE
chr11,116804428,116804449,MA1714.1,-,4.85e-06,FRAM,Alu,SINE
chr12,117618839,117618860,MA1714.1,-,4.85e-06,L1M7,L1,LINE
chr12,119778049,119778070,MA1714.1,+,4.85e-06,MIRb,MIR,SINE
chr12,120278046,120278067,MA1714.1,+,4.85e-06,AluJo,Alu,SINE
chr8,123966619,123966640,MA1714.1,-,4.85e-06,AluJr,Alu,SINE
chr8,124950815,124950836,MA1714.1,-,4.85e-06,AluSz6,Alu,SINE
chr8,126573106,126573127,MA1714.1,-,4.85e-06,AluJr4,Alu,SINE
chr2,128386796,128386817,MA1714.1,-,4.85e-06,MIR,MIR,SINE
chr4,134746651,134746672,MA1714.1,+,4.85e-06,HERVL-int,ERVL,LTR
chr6,136635782,136635803,MA1714.1,+,4.85e-06,AluJo,Alu,SINE
chrX,138135196,138135217,MA1714.1,-,4.85e-06,L1PB1,L1,LINE
chr7,138629623,138629644,MA1714.1,+,4.85e-06,L1MB5,L1,LINE
chr7,139568354,139568375,MA1714.1,-,4.85e-06,AluJb,Alu,SINE
chr8,141224675,141224696,MA1714.1,-,4.85e-06,MIRb,MIR,SINE
chr7,141416265,141416286,MA1714.1,-,4.85e-06,HAL1-3A_ME,L1,LINE
chr3,141990282,141990303,MA1714.1,+,4.85e-06,L1MB5,L1,LINE
chr8,145177826,145177847,MA1714.1,+,4.85e-06,L1MA5A,L1,LINE
chr4,145731850,145731871,MA1714.1,+,4.85e-06,L1HS,L1,LINE
chr6,148368868,148368889,MA1714.1,+,4.85e-06,L1MEe,L1,LINE
chrX,149745260,149745281,MA1714.1,-,4.85e-06,L1MC4a,L1,LINE
chr6,152501590,152501611,MA1714.1,-,4.85e-06,MER103C,hAT-Charlie,DNA
chr1,153807513,153807534,MA1714.1,+,4.85e-06,AluJo,Alu,SINE
chr7,155528316,155528337,MA1714.1,+,4.85e-06,AluJo,Alu,SINE
chr3,159343077,159343098,MA1714.1,+,4.85e-06,MIRb,MIR,SINE
chr3,160265909,160265930,MA1714.1,-,4.85e-06,L1MC1,L1,LINE
chr1,163547761,163547782,MA1714.1,-,4.85e-06,AluJb,Alu,SINE
chr4,163588753,163588774,MA1714.1,+,4.85e-06,L1ME1,L1,LINE
chr2,167457765,167457786,MA1714.1,+,4.85e-06,L1MA3,L1,LINE
chr3,175734951,175734972,MA1714.1,+,4.85e-06,L1PA3,L1,LINE
chr3,186183032,186183053,MA1714.1,+,4.85e-06,ERV3-16A3_I-int,ERVL,LTR
chr1,208393849,208393870,MA1714.1,-,4.85e-06,AluSx3,Alu,SINE
chr2,209994291,209994312,MA1714.1,+,4.85e-06,L1PA2,L1,LINE
chr2,210028777,210028798,MA1714.1,+,4.85e-06,L1PA3,L1,LINE
chr1,211502164,211502185,MA1714.1,-,4.85e-06,MIR,MIR,SINE
chr2,213852268,213852289,MA1714.1,-,4.85e-06,Tigger13a,TcMar-Tigger,DNA
chr12,3338174,3338195,MA1714.1,-,4.88e-06,MLT1C,ERVL-MaLR,LTR
chr9,3853098,3853119,MA1714.1,+,4.88e-06,AluJo,Alu,SINE
chr6_ssto_hap7,4080854,4080875,MA1714.1,-,4.88e-06,L1M4,L1,LINE
chr6_mann_hap4,4106748,4106769,MA1714.1,-,4.88e-06,L1M4,L1,LINE
chr5,5151996,5152017,MA1714.1,-,4.88e-06,L1MA9,L1,LINE
chr6,6147444,6147465,MA1714.1,+,4.88e-06,L1PB1,L1,LINE
chr17,7160652,7160673,MA1714.1,-,4.88e-06,MIR,MIR,SINE
chr19,10072112,10072133,MA1714.1,-,4.88e-06,FRAM,Alu,SINE
chr2,11286323,11286344,MA1714.1,-,4.88e-06,MIR,MIR,SINE
chr4,12738645,12738666,MA1714.1,-,4.88e-06,MIR,MIR,SINE
chr3,14205090,14205111,MA1714.1,+,4.88e-06,L1MB5,L1,LINE
chr16,15358797,15358818,MA1714.1,-,4.88e-06,L1ME5,L1,LINE
chr16,16585278,16585299,MA1714.1,+,4.88e-06,L1ME5,L1,LINE
chr16,18314346,18314367,MA1714.1,-,4.88e-06,L1ME5,L1,LINE
chr1,19924784,19924805,MA1714.1,+,4.88e-06,MIR,MIR,SINE
chr1,22569466,22569487,MA1714.1,+,4.88e-06,L1ME2,L1,LINE
chr1,25488490,25488511,MA1714.1,+,4.88e-06,L1MC1,L1,LINE
chr11,25493569,25493590,MA1714.1,-,4.88e-06,L1MD2,L1,LINE
chr5,25544368,25544389,MA1714.1,-,4.88e-06,L1MDa,L1,LINE
chr21,25963856,25963877,MA1714.1,+,4.88e-06,MER39,ERV1,LTR
chr21,30768820,30768841,MA1714.1,-,4.88e-06,L3,CR1,LINE
chr18,34345020,34345041,MA1714.1,+,4.88e-06,L1MEg,L1,LINE
chr10,37141695,37141716,MA1714.1,+,4.88e-06,MLT1C,ERVL-MaLR,LTR
chr4,39133195,39133216,MA1714.1,+,4.88e-06,L1MEd,L1,LINE
chr6,40841039,40841060,MA1714.1,-,4.88e-06,MLT1C,ERVL-MaLR,LTR
chr14,45389021,45389042,MA1714.1,+,4.88e-06,L1MC4,L1,LINE
chr8,48482976,48482997,MA1714.1,+,4.88e-06,L1MA9,L1,LINE
chr8,48910046,48910067,MA1714.1,-,4.88e-06,HERVFH21-int,ERV1,LTR
chr2,49735901,49735922,MA1714.1,-,4.88e-06,HAL1,L1,LINE
chr2,50118710,50118731,MA1714.1,-,4.88e-06,L1MC1,L1,LINE
chr6,52075032,52075053,MA1714.1,+,4.88e-06,MIRb,MIR,SINE
chr10,57078279,57078300,MA1714.1,+,4.88e-06,L1MEd,L1,LINE
chr10,57392991,57393012,MA1714.1,+,4.88e-06,MLT1D,ERVL-MaLR,LTR
chr14,58380302,58380323,MA1714.1,-,4.88e-06,L1MC1,L1,LINE
chr15,59979784,59979805,MA1714.1,-,4.88e-06,AluSx,Alu,SINE
chrX,68700170,68700191,MA1714.1,+,4.88e-06,L1MC3,L1,LINE
chr16,69777607,69777628,MA1714.1,+,4.88e-06,L1MC4,L1,LINE
chr4,74663997,74664018,MA1714.1,-,4.88e-06,L1MC3,L1,LINE
chr5,74954764,74954785,MA1714.1,-,4.88e-06,L1MB3,L1,LINE
chr8,76100862,76100883,MA1714.1,-,4.88e-06,LTR48,ERV1,LTR
chr15,76153458,76153479,MA1714.1,+,4.88e-06,MIR,MIR,SINE
chr10,86654394,86654415,MA1714.1,-,4.88e-06,L1MC5,L1,LINE
chr15,91298613,91298634,MA1714.1,-,4.88e-06,L3,CR1,LINE
chr2,91813321,91813342,MA1714.1,+,4.88e-06,L1ME3C,L1,LINE
chrX,92961587,92961608,MA1714.1,+,4.88e-06,L2,L2,LINE
chr6,94668000,94668021,MA1714.1,+,4.88e-06,MIR,MIR,SINE
chr9,94906358,94906379,MA1714.1,+,4.88e-06,MIRb,MIR,SINE
chr5,95395239,95395260,MA1714.1,+,4.88e-06,ERV3-16A3_I-int,ERVL,LTR
chr5,100384024,100384045,MA1714.1,+,4.88e-06,HERV4_I-int,ERV1,LTR
chr4,103473460,103473481,MA1714.1,+,4.88e-06,Plat_L3,CR1,LINE
chr8,104217907,104217928,MA1714.1,+,4.88e-06,MER5A,hAT-Charlie,DNA
chr3,107395914,107395935,MA1714.1,-,4.88e-06,L3,CR1,LINE
chr11,107763017,107763038,MA1714.1,-,4.88e-06,L1MB1,L1,LINE
chrX,119172511,119172532,MA1714.1,-,4.88e-06,MER76-int,ERVL,LTR
chrX,119331648,119331669,MA1714.1,+,4.88e-06,MER76-int,ERVL,LTR
chr9,123658566,123658587,MA1714.1,-,4.88e-06,MIRb,MIR,SINE
chr10,124206270,124206291,MA1714.1,-,4.88e-06,L1ME4a,L1,LINE
chr10,127201302,127201323,MA1714.1,-,4.88e-06,AluJb,Alu,SINE
chr5,135935681,135935702,MA1714.1,-,4.88e-06,L1PB2,L1,LINE
chr2,137906574,137906595,MA1714.1,+,4.88e-06,THE1C-int,ERVL-MaLR,LTR
chr8,139250542,139250563,MA1714.1,-,4.88e-06,MIRb,MIR,SINE
chr7,139364478,139364499,MA1714.1,-,4.88e-06,UCON4,UCON4,Unknown
chr8,140532509,140532530,MA1714.1,-,4.88e-06,L1MA5A,L1,LINE
chrX,142663972,142663993,MA1714.1,+,4.88e-06,MIRc,MIR,SINE
chr3,146264400,146264421,MA1714.1,-,4.88e-06,Charlie3,hAT-Charlie,DNA
chr3,157274340,157274361,MA1714.1,+,4.88e-06,L1MB5,L1,LINE
chr2,182586185,182586206,MA1714.1,+,4.88e-06,MIRb,MIR,SINE
chr3,192889442,192889463,MA1714.1,+,4.88e-06,L1MB7,L1,LINE
chr2,200990826,200990847,MA1714.1,-,4.88e-06,THE1B-int,ERVL-MaLR,LTR
chr2,201160167,201160188,MA1714.1,-,4.88e-06,AluJr4,Alu,SINE
chr2,208898870,208898891,MA1714.1,+,4.88e-06,LTR8A,ERV1,LTR
chr2,215221781,215221802,MA1714.1,-,4.88e-06,L1MEg,L1,LINE
chr1,222185343,222185364,MA1714.1,-,4.88e-06,MER34D,ERV1,LTR
chr2,238109290,238109311,MA1714.1,-,4.88e-06,MER52A,ERV1,LTR
chr1,242168485,242168506,MA1714.1,-,4.88e-06,AluJr,Alu,SINE
chr18,2080413,2080434,MA1714.1,+,4.91e-06,L1MB5,L1,LINE
chr7,3143051,3143072,MA1714.1,-,4.91e-06,AluJo,Alu,SINE
chr1,4058362,4058383,MA1714.1,+,4.91e-06,Kanga1b,TcMar-Tc2,DNA
chr9,8007595,8007616,MA1714.1,-,4.91e-06,L1PA3,L1,LINE
chr6,10093977,10093998,MA1714.1,-,4.91e-06,MSTA-int,ERVL-MaLR,LTR
chr20,13471499,13471520,MA1714.1,+,4.91e-06,MIRb,MIR,SINE
chr12,13564046,13564067,MA1714.1,+,4.91e-06,L1MA4,L1,LINE
chrX,17966766,17966787,MA1714.1,+,4.91e-06,MIRc,MIR,SINE
chr4,18747590,18747611,MA1714.1,-,4.91e-06,L1MC1,L1,LINE
chr17,18994491,18994512,MA1714.1,-,4.91e-06,L2b,L2,LINE
chr17,19064198,19064219,MA1714.1,+,4.91e-06,L2b,L2,LINE
chr17,19120660,19120681,MA1714.1,-,4.91e-06,L2b,L2,LINE
chr5,25422756,25422777,MA1714.1,-,4.91e-06,L1PA8,L1,LINE
chr11,25827703,25827724,MA1714.1,+,4.91e-06,MER103C,hAT-Charlie,DNA
chr16,26140906,26140927,MA1714.1,-,4.91e-06,MIR,MIR,SINE
chr16,27161466,27161487,MA1714.1,-,4.91e-06,MLT1A,ERVL-MaLR,LTR
chr18,28890046,28890067,MA1714.1,+,4.91e-06,L1MC4,L1,LINE
chr11,29535470,29535491,MA1714.1,-,4.91e-06,L1MC4a,L1,LINE
chr22,37737888,37737909,MA1714.1,+,4.91e-06,MIRc,MIR,SINE
chr19,37889690,37889711,MA1714.1,-,4.91e-06,MLT1A1-int,ERVL-MaLR,LTR
chr21,38748319,38748340,MA1714.1,+,4.91e-06,LTR1B,ERV1,LTR
chr17,38960651,38960672,MA1714.1,-,4.91e-06,L1PREC2,L1,LINE
chr9,38971282,38971303,MA1714.1,+,4.91e-06,AluY,Alu,SINE
chr9,40131156,40131177,MA1714.1,-,4.91e-06,AluY,Alu,SINE
chr2,41665447,41665468,MA1714.1,-,4.91e-06,L1MA1,L1,LINE
chr6,42509952,42509973,MA1714.1,+,4.91e-06,HAL1,L1,LINE
chr15,42615772,42615793,MA1714.1,-,4.91e-06,AluSx,Alu,SINE
chr6,43001755,43001776,MA1714.1,-,4.91e-06,L1MB8,L1,LINE
chr9,47199877,47199898,MA1714.1,+,4.91e-06,AluY,Alu,SINE
chr12,47683424,47683445,MA1714.1,-,4.91e-06,AluSz6,Alu,SINE
chr15,50871427,50871448,MA1714.1,+,4.91e-06,MIRc,MIR,SINE
chr6,54303323,54303344,MA1714.1,-,4.91e-06,L1MA1,L1,LINE
chr2,54840101,54840122,MA1714.1,-,4.91e-06,MIR3,MIR,SINE
chr20,55041051,55041072,MA1714.1,+,4.91e-06,MIRb,MIR,SINE
chr10,61430779,61430800,MA1714.1,-,4.91e-06,MIRb,MIR,SINE
chr9,65761120,65761141,MA1714.1,-,4.91e-06,AluY,Alu,SINE
chr17,66876968,66876989,MA1714.1,+,4.91e-06,MER52A,ERV1,LTR
chr1,70934658,70934679,MA1714.1,+,4.91e-06,L1PA12,L1,LINE
chr3,71927729,71927750,MA1714.1,+,4.91e-06,MIR,MIR,SINE
chrX,72728148,72728169,MA1714.1,-,4.91e-06,L1MDa,L1,LINE
chr8,74960154,74960175,MA1714.1,-,4.91e-06,AluJo,Alu,SINE
chr3,75375523,75375544,MA1714.1,+,4.91e-06,MIR,MIR,SINE
chr15,76247577,76247598,MA1714.1,-,4.91e-06,L1MB7,L1,LINE
chr13,78794716,78794737,MA1714.1,-,4.91e-06,Plat_L3,CR1,LINE
chr1,79232092,79232113,MA1714.1,-,4.91e-06,L1M1,L1,LINE
chr4,80661408,80661429,MA1714.1,+,4.91e-06,MIRb,MIR,SINE
chr3,82555705,82555726,MA1714.1,+,4.91e-06,MER52A,ERV1,LTR
chr1,84344190,84344211,MA1714.1,-,4.91e-06,L1ME3B,L1,LINE
chr14,89000319,89000340,MA1714.1,+,4.91e-06,Tigger3b,TcMar-Tigger,DNA
chr1,89670682,89670703,MA1714.1,+,4.91e-06,MSTA-int,ERVL-MaLR,LTR
chr3,89861792,89861813,MA1714.1,+,4.91e-06,L1PA15,L1,LINE
chr13,90127959,90127980,MA1714.1,-,4.91e-06,L1PA13,L1,LINE
chr5,101160286,101160307,MA1714.1,-,4.91e-06,L1PB1,L1,LINE
chr4,102529133,102529154,MA1714.1,+,4.91e-06,THE1B-int,ERVL-MaLR,LTR
chr4,103050328,103050349,MA1714.1,+,4.91e-06,MSTB-int,ERVL-MaLR,LTR
chr12,104472771,104472792,MA1714.1,-,4.91e-06,MLT1H1,ERVL-MaLR,LTR
chr8,104970637,104970658,MA1714.1,+,4.91e-06,L1PA14,L1,LINE
chr8,107787657,107787678,MA1714.1,-,4.91e-06,L1MA10,L1,LINE
chr7,111546814,111546835,MA1714.1,+,4.91e-06,MLT1D,ERVL-MaLR,LTR
chr4,112352821,112352842,MA1714.1,-,4.91e-06,L1ME3C,L1,LINE
chr7,113778883,113778904,MA1714.1,+,4.91e-06,L1MC3,L1,LINE
chr13,114178610,114178631,MA1714.1,-,4.91e-06,L1MDa,L1,LINE
chr8,115785508,115785529,MA1714.1,+,4.91e-06,L1MEc,L1,LINE
chr4,117758354,117758375,MA1714.1,+,4.91e-06,L1MD,L1,LINE
chr1,119811053,119811074,MA1714.1,+,4.91e-06,L1MC,L1,LINE
chr4,127175448,127175469,MA1714.1,-,4.91e-06,L1MDa,L1,LINE
chr11,128891786,128891807,MA1714.1,+,4.91e-06,L3b,CR1,LINE
chr10,131870660,131870681,MA1714.1,-,4.91e-06,L1MEd,L1,LINE
chr3,132100291,132100312,MA1714.1,-,4.91e-06,MER52A,ERV1,LTR
chr3,136609680,136609701,MA1714.1,-,4.91e-06,L1MB3,L1,LINE
chr5,138277822,138277843,MA1714.1,+,4.91e-06,MLT1D,ERVL-MaLR,LTR
chr6,139630991,139631012,MA1714.1,+,4.91e-06,L1M3,L1,LINE
chr6,140772353,140772374,MA1714.1,-,4.91e-06,L1MD1,L1,LINE
chr3,145545926,145545947,MA1714.1,-,4.91e-06,L1PREC2,L1,LINE
chr5,150580223,150580244,MA1714.1,-,4.91e-06,L1MC4,L1,LINE
chr2,153611637,153611658,MA1714.1,+,4.91e-06,LTR13,ERVK,LTR
chr4,157324527,157324548,MA1714.1,+,4.91e-06,L1M4,L1,LINE
chr5,162471616,162471637,MA1714.1,+,4.91e-06,L1MA4,L1,LINE
chr1,167463772,167463793,MA1714.1,+,4.91e-06,MIRc,MIR,SINE
chr6,169778229,169778250,MA1714.1,-,4.91e-06,MLT2C2,ERVL,LTR
chr2,181183589,181183610,MA1714.1,-,4.91e-06,L1MCc,L1,LINE
chr1,182485530,182485551,MA1714.1,-,4.91e-06,L1MA4,L1,LINE
chr2,199757171,199757192,MA1714.1,+,4.91e-06,L1PA11,L1,LINE
chr2,201506225,201506246,MA1714.1,-,4.91e-06,MER20,hAT-Charlie,DNA
chr6,1379414,1379435,MA1714.1,-,4.94e-06,MIR,MIR,SINE
chr1,5619054,5619075,MA1714.1,+,4.94e-06,L1MC3,L1,LINE
chr11,12608419,12608440,MA1714.1,+,4.94e-06,MIRb,MIR,SINE
chr3,13719087,13719108,MA1714.1,-,4.94e-06,MIRb,MIR,SINE
chr3,14688411,14688432,MA1714.1,+,4.94e-06,MLT1C,ERVL-MaLR,LTR
chr11,15055740,15055761,MA1714.1,-,4.94e-06,L3,CR1,LINE
chr11,15307679,15307700,MA1714.1,-,4.94e-06,L2b,L2,LINE
chr9,17010821,17010842,MA1714.1,-,4.94e-06,LFSINE_Vert,SINE,SINE
chr14,20545818,20545839,MA1714.1,+,4.94e-06,L1MA8,L1,LINE
chr21,21695819,21695840,MA1714.1,-,4.94e-06,L1MA8,L1,LINE
chr5,24157221,24157242,MA1714.1,+,4.94e-06,L1MA2,L1,LINE
chr3,24308581,24308602,MA1714.1,+,4.94e-06,HAL1b,L1,LINE
chr7,24721810,24721831,MA1714.1,-,4.94e-06,L1MEc,L1,LINE
chr4,24966918,24966939,MA1714.1,+,4.94e-06,L1MDa,L1,LINE
chr12,25234764,25234785,MA1714.1,+,4.94e-06,L1MC4a,L1,LINE
chr4,26725193,26725214,MA1714.1,-,4.94e-06,LTR84b,ERVL,LTR
chr6,28189501,28189522,MA1714.1,-,4.94e-06,ERVL-E-int,ERVL,LTR
chr17,29591533,29591554,MA1714.1,+,4.94e-06,L1MEd,L1,LINE
chr10,31519212,31519233,MA1714.1,-,4.94e-06,L1PA8A,L1,LINE
chr17,34056261,34056282,MA1714.1,-,4.94e-06,AluJb,Alu,SINE
chr1,34647555,34647576,MA1714.1,+,4.94e-06,AluJo,Alu,SINE
chr4,34807984,34808005,MA1714.1,-,4.94e-06,THE1B-int,ERVL-MaLR,LTR
chr17,35641453,35641474,MA1714.1,-,4.94e-06,AluJr,Alu,SINE
chr13,37142321,37142342,MA1714.1,+,4.94e-06,MIRb,MIR,SINE
chr8,37772040,37772061,MA1714.1,-,4.94e-06,AluJb,Alu,SINE
chr18,39417157,39417178,MA1714.1,+,4.94e-06,MIR,MIR,SINE
chr4,46598729,46598750,MA1714.1,+,4.94e-06,HAL1,L1,LINE
chr4,47449783,47449804,MA1714.1,+,4.94e-06,L1MC3,L1,LINE
chr3,48299863,48299884,MA1714.1,-,4.94e-06,L1MD,L1,LINE
chr20,49644681,49644702,MA1714.1,-,4.94e-06,MER96B,hAT,DNA
chr16,49975157,49975178,MA1714.1,+,4.94e-06,AluJr,Alu,SINE
chr12,53169597,53169618,MA1714.1,-,4.94e-06,MIRb,MIR,SINE
chrX,54090860,54090881,MA1714.1,-,4.94e-06,MIR,MIR,SINE
chr12,54700707,54700728,MA1714.1,+,4.94e-06,MIRb,MIR,SINE
chr4,59669438,59669459,MA1714.1,-,4.94e-06,L1M4,L1,LINE
chrX,64211889,64211910,MA1714.1,+,4.94e-06,L1MB7,L1,LINE
chr18,65722982,65723003,MA1714.1,+,4.94e-06,L1MDb,L1,LINE
chr13,70067789,70067810,MA1714.1,+,4.94e-06,L1MA8,L1,LINE
chr10,72234827,72234848,MA1714.1,-,4.94e-06,MIRb,MIR,SINE
chr18,73162452,73162473,MA1714.1,+,4.94e-06,L1MC4a,L1,LINE
chr2,73915276,73915297,MA1714.1,+,4.94e-06,MSTB-int,ERVL-MaLR,LTR
chr11,77080824,77080845,MA1714.1,-,4.94e-06,HAL1,L1,LINE
chr11,79271774,79271795,MA1714.1,+,4.94e-06,LTR16E2,ERVL,LTR
chr9,81564773,81564794,MA1714.1,+,4.94e-06,THE1C-int,ERVL-MaLR,LTR
chr11,82770857,82770878,MA1714.1,+,4.94e-06,L1MC4,L1,LINE
chr16,85402807,85402828,MA1714.1,-,4.94e-06,MLT1D,ERVL-MaLR,LTR
chr15,87718918,87718939,MA1714.1,+,4.94e-06,L1MA9,L1,LINE
chr7,97784917,97784938,MA1714.1,+,4.94e-06,L1MD1,L1,LINE
chr14,100114626,100114647,MA1714.1,-,4.94e-06,MIR,MIR,SINE
chr15,101268676,101268697,MA1714.1,-,4.94e-06,MER34C2,ERV1,LTR
chrX,102197840,102197861,MA1714.1,-,4.94e-06,AluJr,Alu,SINE
chr12,102986351,102986372,MA1714.1,-,4.94e-06,LTR1D,ERV1,LTR
chr12,107575790,107575811,MA1714.1,+,4.94e-06,Charlie7a,hAT-Charlie,DNA
chr9,108787165,108787186,MA1714.1,+,4.94e-06,L1MC3,L1,LINE
chr6,108940053,108940074,MA1714.1,-,4.94e-06,L1ME1,L1,LINE
chr1,111748678,111748699,MA1714.1,+,4.94e-06,L1ME3A,L1,LINE
chr12,113839272,113839293,MA1714.1,-,4.94e-06,AluSz6,Alu,SINE
chr5,122067256,122067277,MA1714.1,-,4.94e-06,L1MA4A,L1,LINE
chr10,122964731,122964752,MA1714.1,-,4.94e-06,MIRc,MIR,SINE
chr4,123907737,123907758,MA1714.1,+,4.94e-06,L1PB2,L1,LINE
chr2,134587512,134587533,MA1714.1,-,4.94e-06,MIR,MIR,SINE
chr2,135947314,135947335,MA1714.1,+,4.94e-06,L1MB3,L1,LINE
chr5,148680600,148680621,MA1714.1,-,4.94e-06,MIRc,MIR,SINE
chrX,149177918,149177939,MA1714.1,-,4.94e-06,MIR3,MIR,SINE
chr1,155453467,155453488,MA1714.1,+,4.94e-06,L1MC4a,L1,LINE
chr7,156422478,156422499,MA1714.1,+,4.94e-06,MSTA-int,ERVL-MaLR,LTR
chr7,156485509,156485530,MA1714.1,+,4.94e-06,L1MEc,L1,LINE
chr2,156945695,156945716,MA1714.1,-,4.94e-06,L1MC1,L1,LINE
chr6,162422283,162422304,MA1714.1,-,4.94e-06,L1MC,L1,LINE
chr2,162757176,162757197,MA1714.1,-,4.94e-06,MIR,MIR,SINE
chr4,168180178,168180199,MA1714.1,+,4.94e-06,L1PB2,L1,LINE
chr1,169220567,169220588,MA1714.1,-,4.94e-06,L1PB3,L1,LINE
chr2,172890474,172890495,MA1714.1,-,4.94e-06,AluJb,Alu,SINE
chr1,172992765,172992786,MA1714.1,-,4.94e-06,ERVL-B4-int,ERVL,LTR
chr5,180401293,180401314,MA1714.1,+,4.94e-06,L1MA9,L1,LINE
chr4,187317075,187317096,MA1714.1,+,4.94e-06,Charlie7,hAT-Charlie,DNA
chr3,188677932,188677953,MA1714.1,-,4.94e-06,MIR,MIR,SINE
chr1,204701737,204701758,MA1714.1,-,4.94e-06,LTR51,ERV1,LTR
chr2,206456221,206456242,MA1714.1,-,4.94e-06,MIRb,MIR,SINE
chr1,208251535,208251556,MA1714.1,+,4.94e-06,MIRb,MIR,SINE
chrX,3704234,3704255,MA1714.1,-,4.98e-06,MER41B,ERV1,LTR
chr12,6941245,6941266,MA1714.1,+,4.98e-06,MIRb,MIR,SINE
chrY,7054093,7054114,MA1714.1,+,4.98e-06,MER41B,ERV1,LTR
chr10,8649982,8650003,MA1714.1,+,4.98e-06,L1ME1,L1,LINE
chr4,9630325,9630346,MA1714.1,-,4.98e-06,MamGypLTR1d,Gypsy,LTR
chr3,10275604,10275625,MA1714.1,-,4.98e-06,AluSz,Alu,SINE
chr6,10359607,10359628,MA1714.1,-,4.98e-06,MIRb,MIR,SINE
chr9,11386866,11386887,MA1714.1,+,4.98e-06,MSTA-int,ERVL-MaLR,LTR
chr10,12614702,12614723,MA1714.1,-,4.98e-06,AluJo,Alu,SINE
chr10,16227596,16227617,MA1714.1,-,4.98e-06,ERVL-B4-int,ERVL,LTR
chr7,18221848,18221869,MA1714.1,+,4.98e-06,MER115,hAT-Tip100,DNA
chr21,18339169,18339190,MA1714.1,-,4.98e-06,L1M2a,L1,LINE
chr7,18848689,18848710,MA1714.1,+,4.98e-06,L1MA9,L1,LINE
chr20,19438183,19438204,MA1714.1,-,4.98e-06,Charlie26a,hAT-Charlie,DNA
chr8,20135925,20135946,MA1714.1,+,4.98e-06,MER50,ERV1,LTR
chr17,21196298,21196319,MA1714.1,+,4.98e-06,MIR,MIR,SINE
chr4,22588600,22588621,MA1714.1,-,4.98e-06,SATR1,Satellite,Satellite
chr12,22598228,22598249,MA1714.1,+,4.98e-06,L1MA8,L1,LINE
chr18,23365269,23365290,MA1714.1,+,4.98e-06,L1ME3C,L1,LINE
chr14,24570320,24570341,MA1714.1,-,4.98e-06,L3b,CR1,LINE
chr15,34737518,34737539,MA1714.1,+,4.98e-06,L1MEc,L1,LINE
chr10,36936308,36936329,MA1714.1,+,4.98e-06,MLT1D,ERVL-MaLR,LTR
chr18,37023848,37023869,MA1714.1,+,4.98e-06,L1MC3,L1,LINE
chr22,38653386,38653407,MA1714.1,+,4.98e-06,Charlie7,hAT-Charlie,DNA
chr1,38722418,38722439,MA1714.1,-,4.98e-06,MIR,MIR,SINE
chr11,42584687,42584708,MA1714.1,+,4.98e-06,L1MB8,L1,LINE
chrX,43221780,43221801,MA1714.1,-,4.98e-06,L1M5,L1,LINE
chr7,47888033,47888054,MA1714.1,+,4.98e-06,L1MC4,L1,LINE
chr3,48549603,48549624,MA1714.1,+,4.98e-06,AluJb,Alu,SINE
chr10,48662195,48662216,MA1714.1,-,4.98e-06,L2b,L2,LINE
chr15,57290840,57290861,MA1714.1,+,4.98e-06,L1MEf,L1,LINE
chr20,57646443,57646464,MA1714.1,-,4.98e-06,MLT1K,ERVL-MaLR,LTR
chr20,58483805,58483826,MA1714.1,-,4.98e-06,L1MC5,L1,LINE
chr3,58701353,58701374,MA1714.1,-,4.98e-06,ERVL-B4-int,ERVL,LTR
chr12,61677098,61677119,MA1714.1,+,4.98e-06,Zaphod,hAT-Tip100,DNA
chr8,64151305,64151326,MA1714.1,-,4.98e-06,AluJr,Alu,SINE
chr4,64776300,64776321,MA1714.1,-,4.98e-06,ERVL-B4-int,ERVL,LTR
chr4,68524272,68524293,MA1714.1,+,4.98e-06,L1PA13,L1,LINE
chr18,70940652,70940673,MA1714.1,+,4.98e-06,L1M5,L1,LINE
chr8,74936917,74936938,MA1714.1,-,4.98e-06,MIR,MIR,SINE
chr11,79483388,79483409,MA1714.1,+,4.98e-06,MER5B,hAT-Charlie,DNA
chr5,83709345,83709366,MA1714.1,+,4.98e-06,MLT1D-int,ERVL-MaLR,LTR
chr4,84307850,84307871,MA1714.1,+,4.98e-06,MER34C2,ERV1,LTR
chr5,85897867,85897888,MA1714.1,+,4.98e-06,L1MA4A,L1,LINE
chr11,89178887,89178908,MA1714.1,+,4.98e-06,L1MC1,L1,LINE
chr5,92324186,92324207,MA1714.1,+,4.98e-06,L1MC3,L1,LINE
chr5,98943977,98943998,MA1714.1,+,4.98e-06,L1MEf,L1,LINE
chr3,100491507,100491528,MA1714.1,+,4.98e-06,L1ME1,L1,LINE
chr9,101136211,101136232,MA1714.1,-,4.98e-06,AluJr,Alu,SINE
chr14,106529254,106529275,MA1714.1,+,4.98e-06,MSTA-int,ERVL-MaLR,LTR
chr5,108030683,108030704,MA1714.1,+,4.98e-06,L1MEc,L1,LINE
chr11,108307837,108307858,MA1714.1,+,4.98e-06,AluJr4,Alu,SINE
chr13,110313397,110313418,MA1714.1,+,4.98e-06,L1MA9,L1,LINE
chr10,110998982,110999003,MA1714.1,+,4.98e-06,MIRb,MIR,SINE
chr3,114396452,114396473,MA1714.1,+,4.98e-06,MER1B,hAT-Charlie,DNA
chr10,116506130,116506151,MA1714.1,-,4.98e-06,L1MA7,L1,LINE
chr7,117618794,117618815,MA1714.1,+,4.98e-06,LTR33A_,ERVL,LTR
chr9,117650886,117650907,MA1714.1,+,4.98e-06,L1M1,L1,LINE
chr5,119793925,119793946,MA1714.1,-,4.98e-06,LTR13,ERVK,LTR
chrX,120929290,120929311,MA1714.1,-,4.98e-06,L1MA3,L1,LINE
chr10,129414355,129414376,MA1714.1,+,4.98e-06,L1MC3,L1,LINE
chr11,130879907,130879928,MA1714.1,-,4.98e-06,L1MEf,L1,LINE
chr7,134490337,134490358,MA1714.1,-,4.98e-06,HAL1,L1,LINE
chr7,142196265,142196286,MA1714.1,-,4.98e-06,THE1A,ERVL-MaLR,LTR
chr3,144586192,144586213,MA1714.1,+,4.98e-06,MSTB1-int,ERVL-MaLR,LTR
chr2,145580045,145580066,MA1714.1,+,4.98e-06,L1MB8,L1,LINE
chrX,146718492,146718513,MA1714.1,+,4.98e-06,THE1B-int,ERVL-MaLR,LTR
chr6,149896591,149896612,MA1714.1,-,4.98e-06,L1MEg,L1,LINE
chrX,154223357,154223378,MA1714.1,+,4.98e-06,L1MC4,L1,LINE
chr5,160512183,160512204,MA1714.1,-,4.98e-06,MLT1A1,ERVL-MaLR,LTR
chr1,162363120,162363141,MA1714.1,+,4.98e-06,L1MEg,L1,LINE
chr4,180375458,180375479,MA1714.1,+,4.98e-06,L1MB3,L1,LINE
chr2,190942914,190942935,MA1714.1,-,4.98e-06,L1MEc,L1,LINE
chr1,191459980,191460001,MA1714.1,-,4.98e-06,MLT1J1-int,ERVL-MaLR,LTR
chr2,214446013,214446034,MA1714.1,-,4.98e-06,AluJo,Alu,SINE
chr1,214571537,214571558,MA1714.1,+,4.98e-06,L1MA8,L1,LINE
chr9,189692,189713,MA1714.1,-,5.01e-06,THE1B-int,ERVL-MaLR,LTR
chr4,308881,308902,MA1714.1,-,5.01e-06,THE1B-int,ERVL-MaLR,LTR
chr2,3954674,3954695,MA1714.1,-,5.01e-06,HAL1-3A_ME,L1,LINE
chr11,4803930,4803951,MA1714.1,+,5.01e-06,THE1B-int,ERVL-MaLR,LTR
chr11,9647419,9647440,MA1714.1,+,5.01e-06,L2,L2,LINE
chr9,12053690,12053711,MA1714.1,-,5.01e-06,L1MA9,L1,LINE
chr10,13131811,13131832,MA1714.1,-,5.01e-06,L1PB1,L1,LINE
chr8,16283251,16283272,MA1714.1,+,5.01e-06,THE1B-int,ERVL-MaLR,LTR
chr16,19457692,19457713,MA1714.1,+,5.01e-06,MER106B,hAT-Charlie,DNA
chr18,21147215,21147236,MA1714.1,-,5.01e-06,L1MC1,L1,LINE
chr13,21960421,21960442,MA1714.1,+,5.01e-06,L1MEc,L1,LINE
chr18,24670429,24670450,MA1714.1,-,5.01e-06,L1PA6,L1,LINE
chr9,25505798,25505819,MA1714.1,-,5.01e-06,MSTA-int,ERVL-MaLR,LTR
chr16,26640039,26640060,MA1714.1,+,5.01e-06,CR1_Mam,CR1,LINE
chrX,27404908,27404929,MA1714.1,+,5.01e-06,L1MEf,L1,LINE
chr12,28136817,28136838,MA1714.1,+,5.01e-06,L1PB2,L1,LINE
chr21,28874129,28874150,MA1714.1,+,5.01e-06,L1MD,L1,LINE
chr20,30093621,30093642,MA1714.1,-,5.01e-06,L1ME5,L1,LINE
chr4,30679778,30679799,MA1714.1,+,5.01e-06,THE1B-int,ERVL-MaLR,LTR
chr3,35791866,35791887,MA1714.1,-,5.01e-06,L1MD,L1,LINE
chr8,36507081,36507102,MA1714.1,+,5.01e-06,L1M5,L1,LINE
chr5,37598481,37598502,MA1714.1,+,5.01e-06,MIRb,MIR,SINE
chr1,38551203,38551224,MA1714.1,-,5.01e-06,MIRb,MIR,SINE
chr8,38562865,38562886,MA1714.1,-,5.01e-06,AluJo,Alu,SINE
chr8,39369532,39369553,MA1714.1,+,5.01e-06,AluJb,Alu,SINE
chr20,44769398,44769419,MA1714.1,-,5.01e-06,MIRb,MIR,SINE
chr3,47989063,47989084,MA1714.1,+,5.01e-06,AluSx1,Alu,SINE
chr22,50134031,50134052,MA1714.1,+,5.01e-06,THE1A-int,ERVL-MaLR,LTR
chr2,52204817,52204838,MA1714.1,+,5.01e-06,L1MD1,L1,LINE
chr3,52365712,52365733,MA1714.1,-,5.01e-06,AluSz6,Alu,SINE
chrX,54017450,54017471,MA1714.1,-,5.01e-06,MIRb,MIR,SINE
chrX,54032147,54032168,MA1714.1,+,5.01e-06,L1MB7,L1,LINE
chr8,54713431,54713452,MA1714.1,+,5.01e-06,Looper,PiggyBac,DNA
chrX,55729643,55729664,MA1714.1,+,5.01e-06,L1PA7,L1,LINE
chr16,57588158,57588179,MA1714.1,-,5.01e-06,L1ME1,L1,LINE
chr1,58174803,58174824,MA1714.1,-,5.01e-06,L1MEd,L1,LINE
chr15,58665628,58665649,MA1714.1,-,5.01e-06,LOR1-int,ERV1,LTR
chr1,61001706,61001727,MA1714.1,+,5.01e-06,ERV3-16A3_I-int,ERVL,LTR
chr4,63738151,63738172,MA1714.1,+,5.01e-06,ERVL-B4-int,ERVL,LTR
chr10,64518829,64518850,MA1714.1,-,5.01e-06,MIRb,MIR,SINE
chr18,67707642,67707663,MA1714.1,+,5.01e-06,L1M1,L1,LINE
chr11,68091100,68091121,MA1714.1,-,5.01e-06,AluJb,Alu,SINE
chr3,68255875,68255896,MA1714.1,-,5.01e-06,MLT1K,ERVL-MaLR,LTR
chr13,68888608,68888629,MA1714.1,+,5.01e-06,L1PA16,L1,LINE
chr9,69273203,69273224,MA1714.1,-,5.01e-06,THE1B-int,ERVL-MaLR,LTR
chr1,70119632,70119653,MA1714.1,+,5.01e-06,L1MB1,L1,LINE
chr9,70500780,70500801,MA1714.1,-,5.01e-06,THE1B-int,ERVL-MaLR,LTR
chr9,70846222,70846243,MA1714.1,+,5.01e-06,THE1B-int,ERVL-MaLR,LTR
chr14,71105948,71105969,MA1714.1,+,5.01e-06,MIR,MIR,SINE
chr4,71203943,71203964,MA1714.1,-,5.01e-06,MIR,MIR,SINE
chr15,74801908,74801929,MA1714.1,-,5.01e-06,AluSx,Alu,SINE
chr7,78917598,78917619,MA1714.1,+,5.01e-06,MIR,MIR,SINE
chr5,82701087,82701108,MA1714.1,+,5.01e-06,MIR,MIR,SINE
chr7,83907080,83907101,MA1714.1,-,5.01e-06,MSTA-int,ERVL-MaLR,LTR
chr1,90885413,90885434,MA1714.1,+,5.01e-06,L1MA2,L1,LINE
chr15,91819946,91819967,MA1714.1,-,5.01e-06,L1ME3C,L1,LINE
chr4,92991260,92991281,MA1714.1,+,5.01e-06,MSTA-int,ERVL-MaLR,LTR
chr6,93011525,93011546,MA1714.1,+,5.01e-06,L1MA1,L1,LINE
chr8,94018384,94018405,MA1714.1,+,5.01e-06,L1PA10,L1,LINE
chr7,95902084,95902105,MA1714.1,+,5.01e-06,L1MC4,L1,LINE
chr3,96186605,96186626,MA1714.1,-,5.01e-06,L1PA8,L1,LINE
chr7,97882178,97882199,MA1714.1,-,5.01e-06,MIRb,MIR,SINE
chr15,98725835,98725856,MA1714.1,+,5.01e-06,L1M6,L1,LINE
chr6,99453251,99453272,MA1714.1,+,5.01e-06,L2a,L2,LINE
chr9,100582605,100582626,MA1714.1,-,5.01e-06,MIRb,MIR,SINE
chr12,109645813,109645834,MA1714.1,-,5.01e-06,MIR,MIR,SINE
chr11,110555575,110555596,MA1714.1,+,5.01e-06,L1PA17,L1,LINE
chr8,110566330,110566351,MA1714.1,-,5.01e-06,L1MEf,L1,LINE
chr9,110714860,110714881,MA1714.1,+,5.01e-06,L1MD1,L1,LINE
chr8,110925211,110925232,MA1714.1,-,5.01e-06,AluJr,Alu,SINE
chr2,114184712,114184733,MA1714.1,+,5.01e-06,THE1B-int,ERVL-MaLR,LTR
chr3,115235684,115235705,MA1714.1,-,5.01e-06,MSTA-int,ERVL-MaLR,LTR
chr5,125027586,125027607,MA1714.1,+,5.01e-06,THE1B-int,ERVL-MaLR,LTR
chr8,127443235,127443256,MA1714.1,-,5.01e-06,MIR,MIR,SINE
chrX,130616199,130616220,MA1714.1,+,5.01e-06,THE1B-int,ERVL-MaLR,LTR
chr3,131428582,131428603,MA1714.1,+,5.01e-06,MIRb,MIR,SINE
chr2,133473539,133473560,MA1714.1,-,5.01e-06,MER20,hAT-Charlie,DNA
chr3,139946778,139946799,MA1714.1,-,5.01e-06,THE1B-int,ERVL-MaLR,LTR
chr2,144776862,144776883,MA1714.1,+,5.01e-06,HAL1,L1,LINE
chr7,156491413,156491434,MA1714.1,-,5.01e-06,THE1B-int,ERVL-MaLR,LTR
chr3,156840594,156840615,MA1714.1,-,5.01e-06,MLT1A1,ERVL-MaLR,LTR
chr2,156864848,156864869,MA1714.1,+,5.01e-06,L1M5,L1,LINE
chr2,157237164,157237185,MA1714.1,-,5.01e-06,MLT1D,ERVL-MaLR,LTR
chr2,162631944,162631965,MA1714.1,+,5.01e-06,HERV16-int,ERVL,LTR
chr6,163527104,163527125,MA1714.1,-,5.01e-06,MIRb,MIR,SINE
chr4,166109477,166109498,MA1714.1,-,5.01e-06,THE1B-int,ERVL-MaLR,LTR
chr6,167191825,167191846,MA1714.1,+,5.01e-06,L1ME3C,L1,LINE
chr5,171674439,171674460,MA1714.1,+,5.01e-06,FRAM,Alu,SINE
chr5,172719077,172719098,MA1714.1,-,5.01e-06,MIR3,MIR,SINE
chr5,177789629,177789650,MA1714.1,+,5.01e-06,MLT1K,ERVL-MaLR,LTR
chr3,178097794,178097815,MA1714.1,+,5.01e-06,L3,CR1,LINE
chr2,207947111,207947132,MA1714.1,+,5.01e-06,MLT1K,ERVL-MaLR,LTR
chr2,209336065,209336086,MA1714.1,+,5.01e-06,THE1B-int,ERVL-MaLR,LTR
chr1,216455586,216455607,MA1714.1,-,5.01e-06,L1MB8,L1,LINE
chr2,228791317,228791338,MA1714.1,-,5.01e-06,L1MA9,L1,LINE
chr1,237076887,237076908,MA1714.1,-,5.01e-06,L1MEd,L1,LINE
chr9_gl000200_random,9509,9530,MA1714.1,-,5.04e-06,L1MD2,L1,LINE
chr1,1893986,1894007,MA1714.1,+,5.04e-06,L1MC4,L1,LINE
chr16,2242836,2242857,MA1714.1,+,5.04e-06,L2a,L2,LINE
chr4,3382519,3382540,MA1714.1,-,5.04e-06,THE1C-int,ERVL-MaLR,LTR
chr4,3587486,3587507,MA1714.1,-,5.04e-06,L1ME3B,L1,LINE
chr12,4518768,4518789,MA1714.1,-,5.04e-06,Charlie1b,hAT-Charlie,DNA
chr1,4599201,4599222,MA1714.1,+,5.04e-06,L1MB7,L1,LINE
chr5,4750940,4750961,MA1714.1,-,5.04e-06,THE1A-int,ERVL-MaLR,LTR
chrX,5208441,5208462,MA1714.1,+,5.04e-06,L1PA13,L1,LINE
chr20,6008412,6008433,MA1714.1,-,5.04e-06,MER58B,hAT-Charlie,DNA
chr2,7419014,7419035,MA1714.1,+,5.04e-06,MLT2B2,ERVL,LTR
chr12,7838091,7838112,MA1714.1,-,5.04e-06,L1PREC2,L1,LINE
chr3,8197664,8197685,MA1714.1,+,5.04e-06,MIRb,MIR,SINE
chrY,8711808,8711829,MA1714.1,-,5.04e-06,MIRc,MIR,SINE
chr8,9241297,9241318,MA1714.1,+,5.04e-06,MSTB1,ERVL-MaLR,LTR
chr9,9900236,9900257,MA1714.1,-,5.04e-06,MSTB-int,ERVL-MaLR,LTR
chr12,10027813,10027834,MA1714.1,+,5.04e-06,HERV16-int,ERVL,LTR
chr5,11499620,11499641,MA1714.1,-,5.04e-06,L1MC5,L1,LINE
chr6,11555196,11555217,MA1714.1,-,5.04e-06,L1MCc,L1,LINE
chr16,12208766,12208787,MA1714.1,+,5.04e-06,MIRb,MIR,SINE
chr17,12313843,12313864,MA1714.1,-,5.04e-06,L1MA9,L1,LINE
chr9,12447801,12447822,MA1714.1,+,5.04e-06,THE1B-int,ERVL-MaLR,LTR
chr16,12675891,12675912,MA1714.1,+,5.04e-06,MIR,MIR,SINE
chr10,13161199,13161220,MA1714.1,-,5.04e-06,L1MB5,L1,LINE
chr4,18885441,18885462,MA1714.1,+,5.04e-06,L1MB7,L1,LINE
chrY,19503247,19503268,MA1714.1,-,5.04e-06,AluJb,Alu,SINE
chr10,20475427,20475448,MA1714.1,-,5.04e-06,L1PA13,L1,LINE
chr14,20829436,20829457,MA1714.1,+,5.04e-06,L1MB7,L1,LINE
chr14,21006388,21006409,MA1714.1,-,5.04e-06,L1PREC2,L1,LINE
chr20,21705103,21705124,MA1714.1,-,5.04e-06,MIR,MIR,SINE
chr22,22245277,22245298,MA1714.1,+,5.04e-06,L1MB5,L1,LINE
chr9,22778908,22778929,MA1714.1,-,5.04e-06,L1PREC2,L1,LINE
chr13,25358641,25358662,MA1714.1,-,5.04e-06,L1M4c,L1,LINE
chr10,25853315,25853336,MA1714.1,-,5.04e-06,L1M4,L1,LINE
chr12,26306161,26306182,MA1714.1,+,5.04e-06,MIR,MIR,SINE
chr9,26795672,26795693,MA1714.1,+,5.04e-06,L1PREC2,L1,LINE
chr22,27351742,27351763,MA1714.1,+,5.04e-06,MIRb,MIR,SINE
chr22,27757652,27757673,MA1714.1,-,5.04e-06,L1MC1,L1,LINE
chrX,28079313,28079334,MA1714.1,-,5.04e-06,L1MA4A,L1,LINE
chr17,28216132,28216153,MA1714.1,+,5.04e-06,L1MB8,L1,LINE
chr22,30139027,30139048,MA1714.1,-,5.04e-06,AluJo,Alu,SINE
chr3,34229096,34229117,MA1714.1,-,5.04e-06,HAL1,L1,LINE
chr6,35675409,35675430,MA1714.1,-,5.04e-06,L1PREC2,L1,LINE
chr9,35851136,35851157,MA1714.1,-,5.04e-06,AluJb,Alu,SINE
chr9,44461337,44461358,MA1714.1,-,5.04e-06,L1MD2,L1,LINE
chr8,47063387,47063408,MA1714.1,-,5.04e-06,GSAT,centr,Satellite
chr12,47218534,47218555,MA1714.1,+,5.04e-06,L1MD2,L1,LINE
chr6,48820081,48820102,MA1714.1,-,5.04e-06,THE1B-int,ERVL-MaLR,LTR
chr7,52003770,52003791,MA1714.1,-,5.04e-06,L1MA7,L1,LINE
chr3,52710218,52710239,MA1714.1,+,5.04e-06,L1M3,L1,LINE
chr10,52779259,52779280,MA1714.1,+,5.04e-06,L1M4,L1,LINE
chr13,55156433,55156454,MA1714.1,+,5.04e-06,MLT1G1-int,ERVL-MaLR,LTR
chr8,56442087,56442108,MA1714.1,-,5.04e-06,MIRb,MIR,SINE
chr20,58958541,58958562,MA1714.1,-,5.04e-06,L1PREC2,L1,LINE
chr14,60351416,60351437,MA1714.1,-,5.04e-06,L1MB8,L1,LINE
chr20,61708126,61708147,MA1714.1,-,5.04e-06,L1MB3,L1,LINE
chr10,66119474,66119495,MA1714.1,+,5.04e-06,L1M7,L1,LINE
chr9,66612816,66612837,MA1714.1,-,5.04e-06,L1MD2,L1,LINE
chr14,67146642,67146663,MA1714.1,-,5.04e-06,L1MEg,L1,LINE
chr3,68717248,68717269,MA1714.1,-,5.04e-06,MLT1B,ERVL-MaLR,LTR
chr10,72010037,72010058,MA1714.1,+,5.04e-06,L1ME1,L1,LINE
chr15,72378304,72378325,MA1714.1,-,5.04e-06,L1PREC2,L1,LINE
chrX,73710303,73710324,MA1714.1,-,5.04e-06,MER4B-int,ERV1,LTR
chr1,74147989,74148010,MA1714.1,-,5.04e-06,L1PREC2,L1,LINE
chr1,74314814,74314835,MA1714.1,-,5.04e-06,L1MB3,L1,LINE
chr16,74614428,74614449,MA1714.1,+,5.04e-06,L1MB3,L1,LINE
chr13,74896127,74896148,MA1714.1,-,5.04e-06,MLT2B1,ERVL,LTR
chr5,76992668,76992689,MA1714.1,+,5.04e-06,AluJr4,Alu,SINE
chr3,78032178,78032199,MA1714.1,-,5.04e-06,THE1C-int,ERVL-MaLR,LTR
chr15,80895145,80895166,MA1714.1,+,5.04e-06,AluJo,Alu,SINE
chr13,82213693,82213714,MA1714.1,-,5.04e-06,MLT1E-int,ERVL-MaLR,LTR
chr9,83366918,83366939,MA1714.1,+,5.04e-06,MLT1J-int,ERVL-MaLR,LTR
chr4,83495229,83495250,MA1714.1,-,5.04e-06,L1MB7,L1,LINE
chr9,83608198,83608219,MA1714.1,+,5.04e-06,AluSx,Alu,SINE
chr4,84330168,84330189,MA1714.1,+,5.04e-06,L1MC4,L1,LINE
chr13,86637061,86637082,MA1714.1,+,5.04e-06,MSTC-int,ERVL-MaLR,LTR
chr2,88139347,88139368,MA1714.1,+,5.04e-06,L1PA15,L1,LINE
chr6,90035863,90035884,MA1714.1,-,5.04e-06,L1ME1,L1,LINE
chr6,90985302,90985323,MA1714.1,-,5.04e-06,L1PREC2,L1,LINE
chr9,93647947,93647968,MA1714.1,+,5.04e-06,L1M2,L1,LINE
chrX,93840759,93840780,MA1714.1,+,5.04e-06,LTR78B,ERV1,LTR
chr10,98440148,98440169,MA1714.1,-,5.04e-06,L1PA13,L1,LINE
chr12,98934834,98934855,MA1714.1,-,5.04e-06,L1MC4,L1,LINE
chr7,99681929,99681950,MA1714.1,+,5.04e-06,AluSx1,Alu,SINE
chr9,100047746,100047767,MA1714.1,-,5.04e-06,L1MB8,L1,LINE
chrX,101349647,101349668,MA1714.1,-,5.04e-06,ERVL-B4-int,ERVL,LTR
chr9,101654799,101654820,MA1714.1,-,5.04e-06,L1M5,L1,LINE
chr4,104144656,104144677,MA1714.1,+,5.04e-06,L1PREC2,L1,LINE
chr12,109782657,109782678,MA1714.1,+,5.04e-06,L1MB7,L1,LINE
chr7,112300563,112300584,MA1714.1,-,5.04e-06,L1PA7,L1,LINE
chr10,112471201,112471222,MA1714.1,+,5.04e-06,LTR78B,ERV1,LTR
chr1,114627896,114627917,MA1714.1,+,5.04e-06,L1MB3,L1,LINE
chr8,114765529,114765550,MA1714.1,-,5.04e-06,L1ME2,L1,LINE
chr9,115505321,115505342,MA1714.1,-,5.04e-06,MER106B,hAT-Charlie,DNA
chrX,116050788,116050809,MA1714.1,-,5.04e-06,L1PREC2,L1,LINE
chr7,116289689,116289710,MA1714.1,-,5.04e-06,ERVL-E-int,ERVL,LTR
chr7,116607736,116607757,MA1714.1,+,5.04e-06,MIR,MIR,SINE
chr8,118710449,118710470,MA1714.1,+,5.04e-06,X1_LINE,CR1,LINE
chr1,118952666,118952687,MA1714.1,+,5.04e-06,L1PA17,L1,LINE
chr9,119413045,119413066,MA1714.1,+,5.04e-06,MLT1J1,ERVL-MaLR,LTR
chr12,119858380,119858401,MA1714.1,+,5.04e-06,L1MA1,L1,LINE
chr3,128473338,128473359,MA1714.1,+,5.04e-06,L1M4c,L1,LINE
chr8,135487723,135487744,MA1714.1,+,5.04e-06,MIRc,MIR,SINE
chr2,136668036,136668057,MA1714.1,-,5.04e-06,L1MA6,L1,LINE
chrX,137412821,137412842,MA1714.1,-,5.04e-06,ERV3-16A3_I-int,ERVL,LTR
chr4,138494076,138494097,MA1714.1,-,5.04e-06,L1PA8A,L1,LINE
chr5,142747807,142747828,MA1714.1,+,5.04e-06,L1MB7,L1,LINE
chrX,143281765,143281786,MA1714.1,-,5.04e-06,L1PA15,L1,LINE
chrX,148334111,148334132,MA1714.1,-,5.04e-06,THE1B-int,ERVL-MaLR,LTR
chr4,160458278,160458299,MA1714.1,-,5.04e-06,L1M3de,L1,LINE
chr5,161177374,161177395,MA1714.1,-,5.04e-06,L1MCa,L1,LINE
chr4,162291388,162291409,MA1714.1,-,5.04e-06,L1PREC2,L1,LINE
chr6,168408891,168408912,MA1714.1,-,5.04e-06,L1M2c,L1,LINE
chr4,169863633,169863654,MA1714.1,+,5.04e-06,L1M2c,L1,LINE
chr6,169886153,169886174,MA1714.1,+,5.04e-06,L1PREC2,L1,LINE
chr2,171115218,171115239,MA1714.1,+,5.04e-06,L1PA16,L1,LINE
chr3,171353689,171353710,MA1714.1,-,5.04e-06,L1MB7,L1,LINE
chr5,171753433,171753454,MA1714.1,+,5.04e-06,MER103C,hAT-Charlie,DNA
chr1,179634517,179634538,MA1714.1,-,5.04e-06,L1MB8,L1,LINE
chr4,189016302,189016323,MA1714.1,+,5.04e-06,L1ME1,L1,LINE
chr2,203560089,203560110,MA1714.1,+,5.04e-06,MER44B,TcMar-Tigger,DNA
chr1,205230575,205230596,MA1714.1,-,5.04e-06,AluJo,Alu,SINE
chr1,211421638,211421659,MA1714.1,+,5.04e-06,MLT1J,ERVL-MaLR,LTR
chr2,229313184,229313205,MA1714.1,-,5.04e-06,L1MEb,L1,LINE
chr1,247640692,247640713,MA1714.1,+,5.04e-06,L1PA15,L1,LINE
chrUn_gl000222,177094,177115,MA1714.1,-,5.07e-06,MER20,hAT-Charlie,DNA
chr12,1659232,1659253,MA1714.1,+,5.07e-06,MSTA-int,ERVL-MaLR,LTR
chr4,4105546,4105567,MA1714.1,+,5.07e-06,MER20,hAT-Charlie,DNA
chrY,4514934,4514955,MA1714.1,+,5.07e-06,THE1B-int,ERVL-MaLR,LTR
chr7,5142431,5142452,MA1714.1,-,5.07e-06,L1MA5,L1,LINE
chr1,5213477,5213498,MA1714.1,+,5.07e-06,THE1C-int,ERVL-MaLR,LTR
chr10,6184621,6184642,MA1714.1,-,5.07e-06,MER21C,ERVL,LTR
chr8,7075760,7075781,MA1714.1,+,5.07e-06,MER20,hAT-Charlie,DNA
chr8,7534356,7534377,MA1714.1,+,5.07e-06,MER20,hAT-Charlie,DNA
chr8,7926807,7926828,MA1714.1,-,5.07e-06,MER20,hAT-Charlie,DNA
chr12,8546386,8546407,MA1714.1,+,5.07e-06,MER20,hAT-Charlie,DNA
chr4,9537696,9537717,MA1714.1,-,5.07e-06,MER20,hAT-Charlie,DNA
chr1,9874728,9874749,MA1714.1,+,5.07e-06,AluJr,Alu,SINE
chrY,10003805,10003826,MA1714.1,-,5.07e-06,L1P1,L1,LINE
chr11,10224854,10224875,MA1714.1,+,5.07e-06,L1MEc,L1,LINE
chr12,10944534,10944555,MA1714.1,-,5.07e-06,THE1C-int,ERVL-MaLR,LTR
chr7,13647095,13647116,MA1714.1,+,5.07e-06,THE1B-int,ERVL-MaLR,LTR
chr11,13920673,13920694,MA1714.1,-,5.07e-06,LTR78,ERV1,LTR
chr1,15286807,15286828,MA1714.1,+,5.07e-06,MIRb,MIR,SINE
chr4,15520503,15520524,MA1714.1,-,5.07e-06,THE1B-int,ERVL-MaLR,LTR
chr7,17124052,17124073,MA1714.1,-,5.07e-06,L1MD1,L1,LINE
chr21,20065700,20065721,MA1714.1,-,5.07e-06,THE1B-int,ERVL-MaLR,LTR
chr4,20192160,20192181,MA1714.1,+,5.07e-06,THE1B-int,ERVL-MaLR,LTR
chr17,21992315,21992336,MA1714.1,-,5.07e-06,MLT1J1-int,ERVL-MaLR,LTR
chr1,22747456,22747477,MA1714.1,-,5.07e-06,AluSc,Alu,SINE
chr20,26236015,26236036,MA1714.1,+,5.07e-06,THE1A-int,ERVL-MaLR,LTR
chr5,28997990,28998011,MA1714.1,+,5.07e-06,MER70A,ERVL,LTR
chr14,29982686,29982707,MA1714.1,-,5.07e-06,THE1B-int,ERVL-MaLR,LTR
chr10,32062239,32062260,MA1714.1,-,5.07e-06,MIRb,MIR,SINE
chr4,32350698,32350719,MA1714.1,+,5.07e-06,LTR16E1,ERVL,LTR
chr11,33556805,33556826,MA1714.1,-,5.07e-06,MLT1E1A,ERVL-MaLR,LTR
chr4,33636480,33636501,MA1714.1,+,5.07e-06,THE1D-int,ERVL-MaLR,LTR
chr18,33821942,33821963,MA1714.1,-,5.07e-06,THE1D-int,ERVL-MaLR,LTR
chr15,35831597,35831618,MA1714.1,+,5.07e-06,MER103C,hAT-Charlie,DNA
chr11,37399069,37399090,MA1714.1,-,5.07e-06,THE1B-int,ERVL-MaLR,LTR
chr5,37428524,37428545,MA1714.1,-,5.07e-06,L1ME1,L1,LINE
chr5,38124600,38124621,MA1714.1,-,5.07e-06,THE1D-int,ERVL-MaLR,LTR
chr14,38758217,38758238,MA1714.1,-,5.07e-06,HAL1,L1,LINE
chr5,38786675,38786696,MA1714.1,+,5.07e-06,THE1B-int,ERVL-MaLR,LTR
chr6,39783592,39783613,MA1714.1,-,5.07e-06,LTR85a,Gypsy,LTR
chr7,41878391,41878412,MA1714.1,-,5.07e-06,L1MC1,L1,LINE
chr19,42285938,42285959,MA1714.1,-,5.07e-06,L1MC4a,L1,LINE
chr14,43143456,43143477,MA1714.1,-,5.07e-06,THE1C-int,ERVL-MaLR,LTR
chr21,43929262,43929283,MA1714.1,-,5.07e-06,HAL1,L1,LINE
chr3,44515161,44515182,MA1714.1,+,5.07e-06,L1MC4a,L1,LINE
chr3,45118837,45118858,MA1714.1,+,5.07e-06,THE1A-int,ERVL-MaLR,LTR
chrX,45336581,45336602,MA1714.1,-,5.07e-06,L1MEc,L1,LINE
chr3,46005418,46005439,MA1714.1,+,5.07e-06,MIR,MIR,SINE
chr2,48100861,48100882,MA1714.1,-,5.07e-06,HAL1,L1,LINE
chr7,48275592,48275613,MA1714.1,+,5.07e-06,Tigger5,TcMar-Tigger,DNA
chr7,49869334,49869355,MA1714.1,-,5.07e-06,L1ME1,L1,LINE
chr13,50898832,50898853,MA1714.1,-,5.07e-06,AluSz6,Alu,SINE
chr5,51940763,51940784,MA1714.1,+,5.07e-06,THE1D-int,ERVL-MaLR,LTR
chr15,55106832,55106853,MA1714.1,+,5.07e-06,MSTA-int,ERVL-MaLR,LTR
chr11,55139123,55139144,MA1714.1,-,5.07e-06,MSTA-int,ERVL-MaLR,LTR
chr5,58751056,58751077,MA1714.1,+,5.07e-06,THE1B-int,ERVL-MaLR,LTR
chr2,59835160,59835181,MA1714.1,+,5.07e-06,THE1D-int,ERVL-MaLR,LTR
chr2,61138329,61138350,MA1714.1,+,5.07e-06,L1M5,L1,LINE
chr18,62172302,62172323,MA1714.1,+,5.07e-06,MST-int,ERVL-MaLR,LTR
chr11,67719497,67719518,MA1714.1,+,5.07e-06,MER20,hAT-Charlie,DNA
chr9,68501246,68501267,MA1714.1,+,5.07e-06,THE1C-int,ERVL-MaLR,LTR
chr9,68680849,68680870,MA1714.1,-,5.07e-06,THE1C-int,ERVL-MaLR,LTR
chr5,74851935,74851956,MA1714.1,-,5.07e-06,L1MC2,L1,LINE
chr18,75079340,75079361,MA1714.1,-,5.07e-06,L1ME1,L1,LINE
chr5,75085272,75085293,MA1714.1,+,5.07e-06,THE1D-int,ERVL-MaLR,LTR
chrX,75090282,75090303,MA1714.1,+,5.07e-06,MSTA-int,ERVL-MaLR,LTR
chr3,75284957,75284978,MA1714.1,+,5.07e-06,THE1D-int,ERVL-MaLR,LTR
chr3,75625658,75625679,MA1714.1,+,5.07e-06,MER20,hAT-Charlie,DNA
chr10,76020944,76020965,MA1714.1,-,5.07e-06,HAL1,L1,LINE
chr12,76908802,76908823,MA1714.1,-,5.07e-06,L1PREC2,L1,LINE
chr13,78570726,78570747,MA1714.1,+,5.07e-06,MIRb,MIR,SINE
chr7,79457556,79457577,MA1714.1,+,5.07e-06,L1ME1,L1,LINE
chr16,79947034,79947055,MA1714.1,+,5.07e-06,MIRb,MIR,SINE
chr8,80033615,80033636,MA1714.1,+,5.07e-06,HERVIP10F-int,ERV1,LTR
chr4,81101387,81101408,MA1714.1,-,5.07e-06,HERVL-int,ERVL,LTR
chr6,82719304,82719325,MA1714.1,+,5.07e-06,L1PA16,L1,LINE
chr6,83282580,83282601,MA1714.1,-,5.07e-06,MIR,MIR,SINE
chr12,85990560,85990581,MA1714.1,-,5.07e-06,THE1B-int,ERVL-MaLR,LTR
chr3,86161662,86161683,MA1714.1,+,5.07e-06,THE1B-int,ERVL-MaLR,LTR
chr6,87072506,87072527,MA1714.1,+,5.07e-06,LTR40a,ERVL,LTR
chrX,90438140,90438161,MA1714.1,+,5.07e-06,THE1B-int,ERVL-MaLR,LTR
chr8,91628622,91628643,MA1714.1,+,5.07e-06,THE1B-int,ERVL-MaLR,LTR
chr15,92497380,92497401,MA1714.1,-,5.07e-06,Charlie1,hAT-Charlie,DNA
chr15,93231948,93231969,MA1714.1,+,5.07e-06,MSTB-int,ERVL-MaLR,LTR
chrX,93985289,93985310,MA1714.1,-,5.07e-06,THE1D-int,ERVL-MaLR,LTR
chr5,95351229,95351250,MA1714.1,-,5.07e-06,MIRb,MIR,SINE
chr5,95368069,95368090,MA1714.1,+,5.07e-06,MIRc,MIR,SINE
chr3,99898989,99899010,MA1714.1,-,5.07e-06,MSTA-int,ERVL-MaLR,LTR
chr4,107127291,107127312,MA1714.1,+,5.07e-06,Charlie1a,hAT-Charlie,DNA
chr4,111905515,111905536,MA1714.1,-,5.07e-06,HAL1-3A_ME,L1,LINE
chr3,112895548,112895569,MA1714.1,-,5.07e-06,L1ME3F,L1,LINE
chr10,117285048,117285069,MA1714.1,-,5.07e-06,ERV3-16A3_I-int,ERVL,LTR
chr4,118629911,118629932,MA1714.1,+,5.07e-06,L1PA10,L1,LINE
chr6,120549622,120549643,MA1714.1,-,5.07e-06,THE1D-int,ERVL-MaLR,LTR
chr7,123023337,123023358,MA1714.1,+,5.07e-06,THE1C-int,ERVL-MaLR,LTR
chr6,124502425,124502446,MA1714.1,-,5.07e-06,THE1B-int,ERVL-MaLR,LTR
chrX,125917929,125917950,MA1714.1,+,5.07e-06,THE1C-int,ERVL-MaLR,LTR
chr8,126007983,126008004,MA1714.1,+,5.07e-06,MIR,MIR,SINE
chrX,127589097,127589118,MA1714.1,-,5.07e-06,MSTA-int,ERVL-MaLR,LTR
chr3,129718157,129718178,MA1714.1,+,5.07e-06,MER20,hAT-Charlie,DNA
chrX,135908046,135908067,MA1714.1,+,5.07e-06,ERV3-16A3_I-int,ERVL,LTR
chr7,137863431,137863452,MA1714.1,+,5.07e-06,L1MCa,L1,LINE
chr6,141154919,141154940,MA1714.1,+,5.07e-06,ERVL-B4-int,ERVL,LTR
chr3,146266959,146266980,MA1714.1,+,5.07e-06,L1MA8,L1,LINE
chr3,146853361,146853382,MA1714.1,-,5.07e-06,THE1B-int,ERVL-MaLR,LTR
chr2,151816788,151816809,MA1714.1,+,5.07e-06,HERVH-int,ERV1,LTR
chr6,153485364,153485385,MA1714.1,+,5.07e-06,L1M3,L1,LINE
chr5,157311548,157311569,MA1714.1,+,5.07e-06,HERV9-int,ERV1,LTR
chr3,158273891,158273912,MA1714.1,+,5.07e-06,THE1B-int,ERVL-MaLR,LTR
chr3,166460952,166460973,MA1714.1,-,5.07e-06,L1M4b,L1,LINE
chr1,169310367,169310388,MA1714.1,+,5.07e-06,THE1D-int,ERVL-MaLR,LTR
chr4,182696874,182696895,MA1714.1,-,5.07e-06,L3b,CR1,LINE
chr4,185502188,185502209,MA1714.1,-,5.07e-06,THE1A-int,ERVL-MaLR,LTR
chr2,190306951,190306972,MA1714.1,+,5.07e-06,MIR,MIR,SINE
chr3,194240663,194240684,MA1714.1,+,5.07e-06,THE1B-int,ERVL-MaLR,LTR
chr3,194608079,194608100,MA1714.1,-,5.07e-06,THE1B-int,ERVL-MaLR,LTR
chr1,194983439,194983460,MA1714.1,-,5.07e-06,THE1B-int,ERVL-MaLR,LTR
chr2,223585741,223585762,MA1714.1,-,5.07e-06,THE1B-int,ERVL-MaLR,LTR
chr2,227511939,227511960,MA1714.1,-,5.07e-06,L1PA16,L1,LINE
chr10,3132092,3132113,MA1714.1,-,5.11e-06,L1MA4,L1,LINE
chr19,5902521,5902542,MA1714.1,-,5.11e-06,AluJr,Alu,SINE
chr12,8010653,8010674,MA1714.1,+,5.11e-06,AluSz,Alu,SINE
chr3,13767837,13767858,MA1714.1,-,5.11e-06,L1MDa,L1,LINE
chr21,16043462,16043483,MA1714.1,-,5.11e-06,L1ME3,L1,LINE
chr19,17176199,17176220,MA1714.1,+,5.11e-06,MER21A,ERVL,LTR
chr10,17292900,17292921,MA1714.1,-,5.11e-06,ERV3-16A3_I-int,ERVL,LTR
chr10,18844138,18844159,MA1714.1,+,5.11e-06,(GAATG)n,Satellite,Satellite
chr11,19829653,19829674,MA1714.1,+,5.11e-06,MIR,MIR,SINE
chr3,21585777,21585798,MA1714.1,+,5.11e-06,MER61-int,ERV1,LTR
chr9,22910969,22910990,MA1714.1,+,5.11e-06,MLT1D,ERVL-MaLR,LTR
chr10,23546150,23546171,MA1714.1,+,5.11e-06,L1MEf,L1,LINE
chr13,23592738,23592759,MA1714.1,-,5.11e-06,L1MEc,L1,LINE
chrY,24163667,24163688,MA1714.1,+,5.11e-06,HERV3-int,ERV1,LTR
chrY,24714995,24715016,MA1714.1,-,5.11e-06,HERV3-int,ERV1,LTR
chrX,25407087,25407108,MA1714.1,+,5.11e-06,L1MD3,L1,LINE
chrY,25772959,25772980,MA1714.1,+,5.11e-06,HERV3-int,ERV1,LTR
chr9,26017818,26017839,MA1714.1,-,5.11e-06,THE1B-int,ERVL-MaLR,LTR
chr6,26203395,26203416,MA1714.1,-,5.11e-06,MER39B,ERV1,LTR
chrY,28189391,28189412,MA1714.1,-,5.11e-06,HERV3-int,ERV1,LTR
chr11,29027557,29027578,MA1714.1,-,5.11e-06,MIR,MIR,SINE
chr3,32170936,32170957,MA1714.1,-,5.11e-06,MIR,MIR,SINE
chr15,35216214,35216235,MA1714.1,-,5.11e-06,L1ME1,L1,LINE
chr17,38371391,38371412,MA1714.1,+,5.11e-06,MIR,MIR,SINE
chr6,38712992,38713013,MA1714.1,+,5.11e-06,LTR40c,ERVL,LTR
chr18,39138737,39138758,MA1714.1,-,5.11e-06,MIR,MIR,SINE
chr3,43083153,43083174,MA1714.1,-,5.11e-06,L1M5,L1,LINE
chr19,44819471,44819492,MA1714.1,+,5.11e-06,L1M2,L1,LINE
chr14,46153772,46153793,MA1714.1,-,5.11e-06,L1MA4,L1,LINE
chr12,46227727,46227748,MA1714.1,-,5.11e-06,L1MEg,L1,LINE
chr7,49651366,49651387,MA1714.1,+,5.11e-06,HAL1,L1,LINE
chr5,50658783,50658804,MA1714.1,+,5.11e-06,MLT1D,ERVL-MaLR,LTR
chrX,51647831,51647852,MA1714.1,+,5.11e-06,L1MC4,L1,LINE
chr11,54960349,54960370,MA1714.1,+,5.11e-06,ALR/Alpha,centr,Satellite
chr14,56075854,56075875,MA1714.1,-,5.11e-06,L1PA8A,L1,LINE
chr4,56426972,56426993,MA1714.1,+,5.11e-06,MLT1A0,ERVL-MaLR,LTR
chr1,57780205,57780226,MA1714.1,+,5.11e-06,MIRc,MIR,SINE
chr5,60582687,60582708,MA1714.1,+,5.11e-06,MLT1M,ERVL-MaLR,LTR
chr18,62472732,62472753,MA1714.1,+,5.11e-06,L1MB1,L1,LINE
chr1,63209504,63209525,MA1714.1,+,5.11e-06,L1PB1,L1,LINE
chr15,64196494,64196515,MA1714.1,+,5.11e-06,MIRb,MIR,SINE
chr14,69938181,69938202,MA1714.1,-,5.11e-06,MIR,MIR,SINE
chr6,71561859,71561880,MA1714.1,+,5.11e-06,MIR,MIR,SINE
chr7,73376874,73376895,MA1714.1,-,5.11e-06,L1MEf,L1,LINE
chr11,74491885,74491906,MA1714.1,+,5.11e-06,L1MEg1,L1,LINE
chr4,74587541,74587562,MA1714.1,+,5.11e-06,MIR,MIR,SINE
chrX,74612344,74612365,MA1714.1,-,5.11e-06,HERVL-int,ERVL,LTR
chr14,76610994,76611015,MA1714.1,+,5.11e-06,MIRb,MIR,SINE
chr15,79799924,79799945,MA1714.1,-,5.11e-06,MLT2F,ERVL,LTR
chr5,80045815,80045836,MA1714.1,-,5.11e-06,L1MA7,L1,LINE
chr11,81125892,81125913,MA1714.1,-,5.11e-06,Charlie1b,hAT-Charlie,DNA
chr1,81517225,81517246,MA1714.1,-,5.11e-06,MIRb,MIR,SINE
chrX,82033226,82033247,MA1714.1,-,5.11e-06,L1MB1,L1,LINE
chr1,86164661,86164682,MA1714.1,-,5.11e-06,MIR,MIR,SINE
chr15,91200480,91200501,MA1714.1,+,5.11e-06,L1M5,L1,LINE
chr10,91254730,91254751,MA1714.1,+,5.11e-06,HAL1,L1,LINE
chr9,91381358,91381379,MA1714.1,+,5.11e-06,L1ME3A,L1,LINE
chrX,92495028,92495049,MA1714.1,+,5.11e-06,L1PB2,L1,LINE
chr4,93483843,93483864,MA1714.1,+,5.11e-06,MIRb,MIR,SINE
chr4,93594104,93594125,MA1714.1,-,5.11e-06,L1MA4,L1,LINE
chr1,93630224,93630245,MA1714.1,+,5.11e-06,L1MCa,L1,LINE
chr7,97891252,97891273,MA1714.1,-,5.11e-06,MST-int,ERVL-MaLR,LTR
chr4,98013988,98014009,MA1714.1,-,5.11e-06,L1MDa,L1,LINE
chr15,99054120,99054141,MA1714.1,+,5.11e-06,L1MB7,L1,LINE
chr8,99327758,99327779,MA1714.1,-,5.11e-06,Charlie1a,hAT-Charlie,DNA
chr8,103294321,103294342,MA1714.1,+,5.11e-06,AluSx1,Alu,SINE
chr5,103516923,103516944,MA1714.1,+,5.11e-06,HUERS-P3-int,ERV1,LTR
chr12,105914882,105914903,MA1714.1,+,5.11e-06,LTR85a,Gypsy,LTR
chr4,106840020,106840041,MA1714.1,-,5.11e-06,MIR,MIR,SINE
chr10,108890700,108890721,MA1714.1,-,5.11e-06,L1MB4,L1,LINE
chr7,111537101,111537122,MA1714.1,-,5.11e-06,L1MC,L1,LINE
chr2,111890047,111890068,MA1714.1,-,5.11e-06,LTR49-int,ERV1,LTR
chr11,112530539,112530560,MA1714.1,-,5.11e-06,LTR81B,Gypsy,LTR
chr2,113296977,113296998,MA1714.1,+,5.11e-06,L1M4,L1,LINE
chr11,114293813,114293834,MA1714.1,-,5.11e-06,L1M1,L1,LINE
chr9,114794447,114794468,MA1714.1,+,5.11e-06,L1MA9,L1,LINE
chr3,115205786,115205807,MA1714.1,+,5.11e-06,L3,CR1,LINE
chr8,120928260,120928281,MA1714.1,-,5.11e-06,MIR,MIR,SINE
chr8,121715172,121715193,MA1714.1,+,5.11e-06,MIR,MIR,SINE
chr11,122139250,122139271,MA1714.1,-,5.11e-06,MIR,MIR,SINE
chr5,122721420,122721441,MA1714.1,-,5.11e-06,AluJb,Alu,SINE
chr4,125678652,125678673,MA1714.1,-,5.11e-06,MLT1E,ERVL-MaLR,LTR
chr2,127491925,127491946,MA1714.1,+,5.11e-06,Charlie18a,hAT-Charlie,DNA
chr4,127750880,127750901,MA1714.1,+,5.11e-06,L1MA3,L1,LINE
chr12,128631109,128631130,MA1714.1,+,5.11e-06,MIR,MIR,SINE
chr7,131120095,131120116,MA1714.1,-,5.11e-06,L1M5,L1,LINE
chr2,132328377,132328398,MA1714.1,+,5.11e-06,L1M2,L1,LINE
chr6,134328913,134328934,MA1714.1,-,5.11e-06,MIR,MIR,SINE
chrX,137736330,137736351,MA1714.1,+,5.11e-06,MIR,MIR,SINE
chr9,140370165,140370186,MA1714.1,+,5.11e-06,HAL1,L1,LINE
chr3,148354888,148354909,MA1714.1,+,5.11e-06,L1MA3,L1,LINE
chr4,148557321,148557342,MA1714.1,+,5.11e-06,L1MA9,L1,LINE
chr3,159913269,159913290,MA1714.1,+,5.11e-06,MIR,MIR,SINE
chr1,167551779,167551800,MA1714.1,-,5.11e-06,ERV3-16A3_I-int,ERVL,LTR
chr4,169270487,169270508,MA1714.1,-,5.11e-06,L1PA14,L1,LINE
chr3,196213143,196213164,MA1714.1,+,5.11e-06,L1MC4a,L1,LINE
chr1,219809621,219809642,MA1714.1,+,5.11e-06,AluJo,Alu,SINE
chr2,223300203,223300224,MA1714.1,-,5.11e-06,HERVL-int,ERVL,LTR
chr1,234636128,234636149,MA1714.1,-,5.11e-06,MIRb,MIR,SINE
chr19,271885,271906,MA1714.1,+,5.14e-06,L1MC3,L1,LINE
chr18,2681335,2681356,MA1714.1,+,5.14e-06,AluSx,Alu,SINE
chr2,3096147,3096168,MA1714.1,+,5.14e-06,L1MB5,L1,LINE
chr16,3369185,3369206,MA1714.1,-,5.14e-06,AluSq2,Alu,SINE
chr3,4598646,4598667,MA1714.1,-,5.14e-06,MIRb,MIR,SINE
chr9,15513560,15513581,MA1714.1,-,5.14e-06,MIRb,MIR,SINE
chr2,20267302,20267323,MA1714.1,-,5.14e-06,L1ME1,L1,LINE
chr13,20316196,20316217,MA1714.1,+,5.14e-06,AluSz6,Alu,SINE
chr22,22961772,22961793,MA1714.1,-,5.14e-06,MER30,hAT-Charlie,DNA
chr2,23197036,23197057,MA1714.1,+,5.14e-06,L1MA2,L1,LINE
chr20,24325681,24325702,MA1714.1,+,5.14e-06,L1PA13,L1,LINE
chr8,25320409,25320430,MA1714.1,-,5.14e-06,AluJr,Alu,SINE
chrX,28092744,28092765,MA1714.1,-,5.14e-06,L1MA3,L1,LINE
chr2,30892897,30892918,MA1714.1,-,5.14e-06,L1MCc,L1,LINE
chr16,31925485,31925506,MA1714.1,-,5.14e-06,L1M1,L1,LINE
chr16,32433032,32433053,MA1714.1,+,5.14e-06,AluJr,Alu,SINE
chr21,33793069,33793090,MA1714.1,-,5.14e-06,MIR,MIR,SINE
chr2,35010514,35010535,MA1714.1,+,5.14e-06,Tigger6a,TcMar-Tigger,DNA
chr3,36293164,36293185,MA1714.1,+,5.14e-06,L1PA10,L1,LINE
chr6,37074357,37074378,MA1714.1,+,5.14e-06,AluSz6,Alu,SINE
chr10,38159264,38159285,MA1714.1,-,5.14e-06,L1MB5,L1,LINE
chr21,38587772,38587793,MA1714.1,-,5.14e-06,AluSx1,Alu,SINE
chr1,39063787,39063808,MA1714.1,-,5.14e-06,MIRb,MIR,SINE
chr11,42048724,42048745,MA1714.1,-,5.14e-06,THE1C-int,ERVL-MaLR,LTR
chr18,48518559,48518580,MA1714.1,+,5.14e-06,HAL1,L1,LINE
chrX,51617754,51617775,MA1714.1,-,5.14e-06,L1MEc,L1,LINE
chr3,52213524,52213545,MA1714.1,-,5.14e-06,AluSx,Alu,SINE
chr1,54457385,54457406,MA1714.1,-,5.14e-06,MER52A,ERV1,LTR
chr11,54922320,54922341,MA1714.1,-,5.14e-06,ALR/Alpha,centr,Satellite
chr8,55303880,55303901,MA1714.1,+,5.14e-06,MIR,MIR,SINE
chr16,55697829,55697850,MA1714.1,+,5.14e-06,MER21A,ERVL,LTR
chr3,58582607,58582628,MA1714.1,-,5.14e-06,L1ME3,L1,LINE
chr14,63659143,63659164,MA1714.1,+,5.14e-06,MER117,hAT-Charlie,DNA
chr4,63743879,63743900,MA1714.1,+,5.14e-06,L1MA2,L1,LINE
chr9,72309385,72309406,MA1714.1,-,5.14e-06,L1MA8,L1,LINE
chr18,75879465,75879486,MA1714.1,-,5.14e-06,L1ME1,L1,LINE
chr15,76954521,76954542,MA1714.1,+,5.14e-06,L1PA10,L1,LINE
chr4,77744547,77744568,MA1714.1,-,5.14e-06,L1MA4A,L1,LINE
chr12,81508687,81508708,MA1714.1,-,5.14e-06,L1ME3B,L1,LINE
chr15,85331273,85331294,MA1714.1,-,5.14e-06,L1MC5,L1,LINE
chr5,85618522,85618543,MA1714.1,+,5.14e-06,L1MA8,L1,LINE
chr16,87038534,87038555,MA1714.1,+,5.14e-06,L1M4,L1,LINE
chr12,87305951,87305972,MA1714.1,+,5.14e-06,THE1D-int,ERVL-MaLR,LTR
chrX,88362462,88362483,MA1714.1,-,5.14e-06,L1MEd,L1,LINE
chr15,88695714,88695735,MA1714.1,+,5.14e-06,MLT1B,ERVL-MaLR,LTR
chr11,90242965,90242986,MA1714.1,-,5.14e-06,MIRb,MIR,SINE
chr11,95996974,95996995,MA1714.1,+,5.14e-06,MIRc,MIR,SINE
chr9,96169852,96169873,MA1714.1,-,5.14e-06,MLT2B3,ERVL,LTR
chr10,98890497,98890518,MA1714.1,+,5.14e-06,MIR,MIR,SINE
chr11,99527180,99527201,MA1714.1,+,5.14e-06,MamGypLTR1a,Gypsy,LTR
chr2,101718363,101718384,MA1714.1,+,5.14e-06,L1PA8A,L1,LINE
chr9,107411600,107411621,MA1714.1,+,5.14e-06,L1MA9,L1,LINE
chrX,108847647,108847668,MA1714.1,+,5.14e-06,L1PA7,L1,LINE
chr10,109683629,109683650,MA1714.1,+,5.14e-06,L1M4b,L1,LINE
chr6,111023716,111023737,MA1714.1,+,5.14e-06,AluJr,Alu,SINE
chr12,113940215,113940236,MA1714.1,+,5.14e-06,L1ME5,L1,LINE
chr5,116406383,116406404,MA1714.1,-,5.14e-06,L1MA7,L1,LINE
chr9,117167728,117167749,MA1714.1,+,5.14e-06,MIR,MIR,SINE
chr8,117597136,117597157,MA1714.1,+,5.14e-06,AluJr,Alu,SINE
chr3,117756842,117756863,MA1714.1,+,5.14e-06,MLT1H,ERVL-MaLR,LTR
chr9,123973203,123973224,MA1714.1,+,5.14e-06,L1MB3,L1,LINE
chrX,124930087,124930108,MA1714.1,+,5.14e-06,MST-int,ERVL-MaLR,LTR
chr10,125158813,125158834,MA1714.1,+,5.14e-06,MIRb,MIR,SINE
chr9,126588606,126588627,MA1714.1,+,5.14e-06,AluJb,Alu,SINE
chr8,126842141,126842162,MA1714.1,+,5.14e-06,MIR,MIR,SINE
chr9,127699834,127699855,MA1714.1,+,5.14e-06,AluSx1,Alu,SINE
chr3,129705969,129705990,MA1714.1,-,5.14e-06,AluSz6,Alu,SINE
chr12,132440261,132440282,MA1714.1,-,5.14e-06,AluSx,Alu,SINE
chr5,132749061,132749082,MA1714.1,-,5.14e-06,L1MEg,L1,LINE
chr6,132794222,132794243,MA1714.1,+,5.14e-06,AluSz6,Alu,SINE
chr9,132841309,132841330,MA1714.1,-,5.14e-06,AluSz,Alu,SINE
chrX,135555317,135555338,MA1714.1,+,5.14e-06,HAL1-3A_ME,L1,LINE
chr4,137334804,137334825,MA1714.1,+,5.14e-06,MLT1H,ERVL-MaLR,LTR
chr4,139299638,139299659,MA1714.1,+,5.14e-06,L1MA3,L1,LINE
chr5,145001168,145001189,MA1714.1,+,5.14e-06,L1MB8,L1,LINE
chr7,149570253,149570274,MA1714.1,-,5.14e-06,MIRb,MIR,SINE
chr4,166350778,166350799,MA1714.1,+,5.14e-06,AluJb,Alu,SINE
chr2,171864773,171864794,MA1714.1,+,5.14e-06,MIRb,MIR,SINE
chr1,173747539,173747560,MA1714.1,-,5.14e-06,AluJb,Alu,SINE
chr4,177844148,177844169,MA1714.1,-,5.14e-06,AluSz6,Alu,SINE
chr20,3940344,3940365,MA1714.1,-,5.17e-06,HAL1,L1,LINE
chr18,5341182,5341203,MA1714.1,+,5.17e-06,ERVL-E-int,ERVL,LTR
chr5,8701515,8701536,MA1714.1,-,5.17e-06,L1MEc,L1,LINE
chr4,11572202,11572223,MA1714.1,+,5.17e-06,MIRb,MIR,SINE
chrX,15359523,15359544,MA1714.1,-,5.17e-06,HAL1,L1,LINE
chr7,15858135,15858156,MA1714.1,-,5.17e-06,L1ME2z,L1,LINE
chr19,16858259,16858280,MA1714.1,-,5.17e-06,AluJb,Alu,SINE
chr20,18463108,18463129,MA1714.1,-,5.17e-06,MIRb,MIR,SINE
chr10,18844720,18844741,MA1714.1,+,5.17e-06,(GAATG)n,Satellite,Satellite
chr10,18846597,18846618,MA1714.1,+,5.17e-06,(GAATG)n,Satellite,Satellite
chr1,19026949,19026970,MA1714.1,+,5.17e-06,MIRc,MIR,SINE
chr1,19327231,19327252,MA1714.1,+,5.17e-06,L1MEc,L1,LINE
chr13,21261954,21261975,MA1714.1,+,5.17e-06,L1MEd,L1,LINE
chr11,24192845,24192866,MA1714.1,-,5.17e-06,MLT1B,ERVL-MaLR,LTR
chr9,25751124,25751145,MA1714.1,-,5.17e-06,MIR,MIR,SINE
chr18,26064745,26064766,MA1714.1,+,5.17e-06,L1MD1,L1,LINE
chr7,28778493,28778514,MA1714.1,-,5.17e-06,L2c,L2,LINE
chr17,30540539,30540560,MA1714.1,-,5.17e-06,L3,CR1,LINE
chr20,31345817,31345838,MA1714.1,-,5.17e-06,L1MC4,L1,LINE
chr16,34699146,34699167,MA1714.1,+,5.17e-06,MLT1B,ERVL-MaLR,LTR
chr17,36602330,36602351,MA1714.1,-,5.17e-06,AluJb,Alu,SINE
chr5,37425767,37425788,MA1714.1,-,5.17e-06,L2a,L2,LINE
chr21,39605411,39605432,MA1714.1,-,5.17e-06,L1MB8,L1,LINE
chr5,40071919,40071940,MA1714.1,+,5.17e-06,MSTD-int,ERVL-MaLR,LTR
chr3,42615660,42615681,MA1714.1,+,5.17e-06,L1MD2,L1,LINE
chr18,42762673,42762694,MA1714.1,+,5.17e-06,L1MC,L1,LINE
chr2,44408332,44408353,MA1714.1,-,5.17e-06,AluJo,Alu,SINE
chr3,44577454,44577475,MA1714.1,-,5.17e-06,MIRb,MIR,SINE
chr22,46607152,46607173,MA1714.1,-,5.17e-06,L1MC3,L1,LINE
chr3,46644851,46644872,MA1714.1,+,5.17e-06,L1MD2,L1,LINE
chr13,47754045,47754066,MA1714.1,-,5.17e-06,ERVL-B4-int,ERVL,LTR
chr20,47810594,47810615,MA1714.1,+,5.17e-06,L1MC4a,L1,LINE
chr8,51067801,51067822,MA1714.1,+,5.17e-06,L1ME2z,L1,LINE
chr8,51992345,51992366,MA1714.1,+,5.17e-06,Kanga1,TcMar-Tc2,DNA
chrX,53155527,53155548,MA1714.1,-,5.17e-06,L1ME3F,L1,LINE
chr6,58272082,58272103,MA1714.1,+,5.17e-06,L1ME4a,L1,LINE
chr11,58630092,58630113,MA1714.1,-,5.17e-06,L1MA8,L1,LINE
chr5,58894706,58894727,MA1714.1,+,5.17e-06,FLAM_C,Alu,SINE
chr3,59828904,59828925,MA1714.1,-,5.17e-06,L1MB3,L1,LINE
chr4,61881880,61881901,MA1714.1,+,5.17e-06,L1PA4,L1,LINE
chr13,62766895,62766916,MA1714.1,-,5.17e-06,L1MA4A,L1,LINE
chr8,62925007,62925028,MA1714.1,-,5.17e-06,L1M5,L1,LINE
chr16,63633903,63633924,MA1714.1,+,5.17e-06,MIRc,MIR,SINE
chr7,64752106,64752127,MA1714.1,+,5.17e-06,AluJb,Alu,SINE
chr4,68367555,68367576,MA1714.1,+,5.17e-06,L1MC4,L1,LINE
chr4,73784452,73784473,MA1714.1,+,5.17e-06,MLT1B,ERVL-MaLR,LTR
chr3,75295881,75295902,MA1714.1,+,5.17e-06,ORSL,hAT-Tip100,DNA
chr1,81420331,81420352,MA1714.1,+,5.17e-06,L1MB7,L1,LINE
chr7,82203305,82203326,MA1714.1,-,5.17e-06,THE1D,ERVL-MaLR,LTR
chr10,83896874,83896895,MA1714.1,-,5.17e-06,L1MA3,L1,LINE
chr4,87357374,87357395,MA1714.1,+,5.17e-06,Tigger15a,TcMar-Tigger,DNA
chr14,88894894,88894915,MA1714.1,+,5.17e-06,MIRb,MIR,SINE
chr1,92324096,92324117,MA1714.1,+,5.17e-06,AluSx,Alu,SINE
chr12,93090612,93090633,MA1714.1,+,5.17e-06,MLT1E1,ERVL-MaLR,LTR
chr13,93194575,93194596,MA1714.1,-,5.17e-06,L1MA5,L1,LINE
chr4,94651701,94651722,MA1714.1,-,5.17e-06,MER76,ERVL,LTR
chr15,96798645,96798666,MA1714.1,+,5.17e-06,AluSx1,Alu,SINE
chr14,98756724,98756745,MA1714.1,+,5.17e-06,LTR82B,ERVL,LTR
chr8,98839735,98839756,MA1714.1,+,5.17e-06,MER21A,ERVL,LTR
chr10,100362440,100362461,MA1714.1,+,5.17e-06,L1M4,L1,LINE
chr10,106246961,106246982,MA1714.1,+,5.17e-06,MER94,hAT-Blackjack,DNA
chr4,109877968,109877989,MA1714.1,+,5.17e-06,L3,CR1,LINE
chr12,109918110,109918131,MA1714.1,-,5.17e-06,MIRb,MIR,SINE
chr9,114881450,114881471,MA1714.1,+,5.17e-06,MIRb,MIR,SINE
chr8,116017661,116017682,MA1714.1,-,5.17e-06,L1MA9,L1,LINE
chr12,119416216,119416237,MA1714.1,-,5.17e-06,MIR,MIR,SINE
chr8,124246408,124246429,MA1714.1,-,5.17e-06,MIR,MIR,SINE
chr7,127861825,127861846,MA1714.1,+,5.17e-06,MLT1B,ERVL-MaLR,LTR
chr3,130445222,130445243,MA1714.1,-,5.17e-06,MIR,MIR,SINE
chr4,131098597,131098618,MA1714.1,+,5.17e-06,L1PB2,L1,LINE
chr8,136175477,136175498,MA1714.1,-,5.17e-06,MLT1J,ERVL-MaLR,LTR
chr5,141617832,141617853,MA1714.1,-,5.17e-06,L1ME3D,L1,LINE
chr1,145398410,145398431,MA1714.1,+,5.17e-06,L1MC4a,L1,LINE
chr2,154073737,154073758,MA1714.1,-,5.17e-06,L1ME1,L1,LINE
chr4,168676944,168676965,MA1714.1,+,5.17e-06,L1MB7,L1,LINE
chr4,175785627,175785648,MA1714.1,+,5.17e-06,HERVL40-int,ERVL,LTR
chr5,177888721,177888742,MA1714.1,+,5.17e-06,MIRb,MIR,SINE
chr4,182994138,182994159,MA1714.1,+,5.17e-06,MLT1B,ERVL-MaLR,LTR
chr3,187734621,187734642,MA1714.1,-,5.17e-06,L1MD1,L1,LINE
chr3,192926156,192926177,MA1714.1,+,5.17e-06,MLT1J1,ERVL-MaLR,LTR
chr1,202211280,202211301,MA1714.1,-,5.17e-06,MIR,MIR,SINE
chr1,215878280,215878301,MA1714.1,+,5.17e-06,L2c,L2,LINE
chr1,221391597,221391618,MA1714.1,+,5.17e-06,ERVL-E-int,ERVL,LTR
chr7,573139,573160,MA1714.1,+,5.21e-06,MIRb,MIR,SINE
chr9,613535,613556,MA1714.1,+,5.21e-06,MER30,hAT-Charlie,DNA
chr4,3619202,3619223,MA1714.1,-,5.21e-06,HAL1-3A_ME,L1,LINE
chr12,3861306,3861327,MA1714.1,-,5.21e-06,L3,CR1,LINE
chrY,3918671,3918692,MA1714.1,+,5.21e-06,L1M4b,L1,LINE
chrX,4181115,4181136,MA1714.1,-,5.21e-06,MER21A,ERVL,LTR
chr2,6279815,6279836,MA1714.1,-,5.21e-06,L1ME1,L1,LINE
chr20,7407087,7407108,MA1714.1,-,5.21e-06,MIRb,MIR,SINE
chr9,9265290,9265311,MA1714.1,-,5.21e-06,AluJr,Alu,SINE
chr16,10005863,10005884,MA1714.1,+,5.21e-06,MIR,MIR,SINE
chr6,10471051,10471072,MA1714.1,-,5.21e-06,ERV3-16A3_I-int,ERVL,LTR
chr8,11868874,11868895,MA1714.1,+,5.21e-06,MER20,hAT-Charlie,DNA
chr3,19233175,19233196,MA1714.1,-,5.21e-06,L1MEg,L1,LINE
chr7,20798806,20798827,MA1714.1,-,5.21e-06,L1PA16,L1,LINE
chr1,22559182,22559203,MA1714.1,+,5.21e-06,MIRb,MIR,SINE
chr1,22899840,22899861,MA1714.1,-,5.21e-06,MIRb,MIR,SINE
chr7,23221179,23221200,MA1714.1,-,5.21e-06,LTR65,ERV1,LTR
chr11,24459538,24459559,MA1714.1,-,5.21e-06,MER21A,ERVL,LTR
chr3,24716424,24716445,MA1714.1,-,5.21e-06,MER30,hAT-Charlie,DNA
chr3,25136540,25136561,MA1714.1,-,5.21e-06,MIRc,MIR,SINE
chr13,27505573,27505594,MA1714.1,+,5.21e-06,MIRb,MIR,SINE
chrX,27532991,27533012,MA1714.1,+,5.21e-06,L1MA6,L1,LINE
chr12,28584824,28584845,MA1714.1,-,5.21e-06,L1MD3,L1,LINE
chr17,31440311,31440332,MA1714.1,+,5.21e-06,MIRc,MIR,SINE
chr7,31768723,31768744,MA1714.1,+,5.21e-06,MIRb,MIR,SINE
chr5,33185762,33185783,MA1714.1,-,5.21e-06,L1M4b,L1,LINE
chr19,33809763,33809784,MA1714.1,+,5.21e-06,L1MEf,L1,LINE
chr20,38293336,38293357,MA1714.1,+,5.21e-06,MER21C,ERVL,LTR
chr6,38695174,38695195,MA1714.1,+,5.21e-06,LTR33,ERVL,LTR
chr4,39198289,39198310,MA1714.1,+,5.21e-06,L2,L2,LINE
chr21,42683020,42683041,MA1714.1,-,5.21e-06,Charlie1b,hAT-Charlie,DNA
chr2,51864318,51864339,MA1714.1,+,5.21e-06,L1MEd,L1,LINE
chr4,53491379,53491400,MA1714.1,-,5.21e-06,MIR,MIR,SINE
chr1,54225166,54225187,MA1714.1,-,5.21e-06,THE1B-int,ERVL-MaLR,LTR
chr3,64168138,64168159,MA1714.1,+,5.21e-06,AluJb,Alu,SINE
chr15,64227971,64227992,MA1714.1,-,5.21e-06,L1MEe,L1,LINE
chr18,65665853,65665874,MA1714.1,+,5.21e-06,L1M7,L1,LINE
chr18,67653116,67653137,MA1714.1,-,5.21e-06,MLT1A1-int,ERVL-MaLR,LTR
chr18,68638617,68638638,MA1714.1,-,5.21e-06,THE1B-int,ERVL-MaLR,LTR
chr3,68859051,68859072,MA1714.1,-,5.21e-06,L1M2,L1,LINE
chr1,71438435,71438456,MA1714.1,+,5.21e-06,L1ME4a,L1,LINE
chrX,72559208,72559229,MA1714.1,+,5.21e-06,L1ME1,L1,LINE
chr8,73050586,73050607,MA1714.1,-,5.21e-06,MLT1C,ERVL-MaLR,LTR
chr6,73543843,73543864,MA1714.1,+,5.21e-06,L1MC4,L1,LINE
chr18,75358626,75358647,MA1714.1,-,5.21e-06,L1MDa,L1,LINE
chr15,75904483,75904504,MA1714.1,-,5.21e-06,AluSx,Alu,SINE
chr11,78264921,78264942,MA1714.1,-,5.21e-06,L1PA14,L1,LINE
chr10,80232840,80232861,MA1714.1,-,5.21e-06,MIRc,MIR,SINE
chr14,85592732,85592753,MA1714.1,-,5.21e-06,MER47A,TcMar-Tigger,DNA
chr11,85857311,85857332,MA1714.1,-,5.21e-06,MIRc,MIR,SINE
chr13,86077525,86077546,MA1714.1,-,5.21e-06,MER50,ERV1,LTR
chr6,86374592,86374613,MA1714.1,+,5.21e-06,L1ME4a,L1,LINE
chr1,86469450,86469471,MA1714.1,+,5.21e-06,ERV3-16A3_I-int,ERVL,LTR
chr9,86809226,86809247,MA1714.1,-,5.21e-06,MER52C,ERV1,LTR
chr5,90946008,90946029,MA1714.1,+,5.21e-06,LTR16C,ERVL,LTR
chr4,93175243,93175264,MA1714.1,-,5.21e-06,THE1B-int,ERVL-MaLR,LTR
chr8,94275748,94275769,MA1714.1,-,5.21e-06,MamRep1879,hAT,DNA
chr15,94702459,94702480,MA1714.1,-,5.21e-06,L1M5,L1,LINE
chr7,96063655,96063676,MA1714.1,-,5.21e-06,L1MB5,L1,LINE
chr10,96616979,96617000,MA1714.1,-,5.21e-06,L1PA6,L1,LINE
chrX,99452705,99452726,MA1714.1,+,5.21e-06,MLT1A0-int,ERVL-MaLR,LTR
chr13,101472040,101472061,MA1714.1,+,5.21e-06,L1MEe,L1,LINE
chr13,112918393,112918414,MA1714.1,-,5.21e-06,L1MEf,L1,LINE
chr9,119370815,119370836,MA1714.1,+,5.21e-06,L1MEc,L1,LINE
chrX,119857608,119857629,MA1714.1,-,5.21e-06,MER65-int,ERV1,LTR
chr8,121602029,121602050,MA1714.1,-,5.21e-06,MLT1A,ERVL-MaLR,LTR
chr2,127053719,127053740,MA1714.1,+,5.21e-06,L1MC3,L1,LINE
chr12,128707447,128707468,MA1714.1,-,5.21e-06,MLT1B,ERVL-MaLR,LTR
chr7,128725114,128725135,MA1714.1,-,5.21e-06,L1ME1,L1,LINE
chrX,130537942,130537963,MA1714.1,+,5.21e-06,L1M5,L1,LINE
chrX,144425839,144425860,MA1714.1,-,5.21e-06,MSTA-int,ERVL-MaLR,LTR
chr2,153595215,153595236,MA1714.1,-,5.21e-06,THE1B-int,ERVL-MaLR,LTR
chr1,160567005,160567026,MA1714.1,+,5.21e-06,L1MEg2,L1,LINE
chr3,165809199,165809220,MA1714.1,-,5.21e-06,THE1D-int,ERVL-MaLR,LTR
chr3,171423245,171423266,MA1714.1,+,5.21e-06,L1MD2,L1,LINE
chr1,214302152,214302173,MA1714.1,-,5.21e-06,MER115,hAT-Tip100,DNA
chr2,229466340,229466361,MA1714.1,-,5.21e-06,LTR67B,ERVL,LTR
chr1,240107518,240107539,MA1714.1,-,5.21e-06,THE1C-int,ERVL-MaLR,LTR
chr1,240908851,240908872,MA1714.1,-,5.21e-06,L1ME3C,L1,LINE
chr9,63741,63762,MA1714.1,-,5.24e-06,MIRc,MIR,SINE
chr5,121527,121548,MA1714.1,+,5.24e-06,L1MEf,L1,LINE
chr1,231361,231382,MA1714.1,+,5.24e-06,L1MC3,L1,LINE
chr1,468300,468321,MA1714.1,-,5.24e-06,L1MC3,L1,LINE
chr2,5675238,5675259,MA1714.1,+,5.24e-06,L1PA15,L1,LINE
chr7,8581495,8581516,MA1714.1,+,5.24e-06,L1MEc,L1,LINE
chr4,13668650,13668671,MA1714.1,-,5.24e-06,MLT1A0-int,ERVL-MaLR,LTR
chr22,18432119,18432140,MA1714.1,-,5.24e-06,MIRb,MIR,SINE
chrX,19399278,19399299,MA1714.1,-,5.24e-06,LTR16B1,ERVL,LTR
chr18,20836932,20836953,MA1714.1,+,5.24e-06,MIRb,MIR,SINE
chr7,23765868,23765889,MA1714.1,+,5.24e-06,MER20,hAT-Charlie,DNA
chr10,28091460,28091481,MA1714.1,-,5.24e-06,Plat_L3,CR1,LINE
chr7,30079917,30079938,MA1714.1,-,5.24e-06,MLT1K,ERVL-MaLR,LTR
chr1,30297193,30297214,MA1714.1,-,5.24e-06,MIR,MIR,SINE
chr17,33380295,33380316,MA1714.1,+,5.24e-06,MamRep605,MamRep605,Unknown
chr12,34213197,34213218,MA1714.1,+,5.24e-06,L1MC3,L1,LINE
chr17,36859446,36859467,MA1714.1,+,5.24e-06,MIRb,MIR,SINE
chr12,38752565,38752586,MA1714.1,+,5.24e-06,L1MC3,L1,LINE
chr2,42606933,42606954,MA1714.1,-,5.24e-06,MLT1D,ERVL-MaLR,LTR
chr11,44373556,44373577,MA1714.1,-,5.24e-06,L1ME4a,L1,LINE
chr1,46454867,46454888,MA1714.1,-,5.24e-06,L1MC3,L1,LINE
chr20,47656747,47656768,MA1714.1,-,5.24e-06,AluSx,Alu,SINE
chr11,50074777,50074798,MA1714.1,-,5.24e-06,ALR/Alpha,centr,Satellite
chrX,52174997,52175018,MA1714.1,-,5.24e-06,MER68-int,ERVL,LTR
chrX,52324155,52324176,MA1714.1,+,5.24e-06,MER68-int,ERVL,LTR
chrX,52447937,52447958,MA1714.1,-,5.24e-06,MER68-int,ERVL,LTR
chr13,56909583,56909604,MA1714.1,+,5.24e-06,L1MCb,L1,LINE
chr14,57996132,57996153,MA1714.1,-,5.24e-06,ERVL-E-int,ERVL,LTR
chr19,58720497,58720518,MA1714.1,-,5.24e-06,MLT1K,ERVL-MaLR,LTR
chr14,59328325,59328346,MA1714.1,+,5.24e-06,MLT1G1-int,ERVL-MaLR,LTR
chr11,59552913,59552934,MA1714.1,-,5.24e-06,AluJb,Alu,SINE
chr5,59766912,59766933,MA1714.1,+,5.24e-06,Tigger1,TcMar-Tigger,DNA
chr17,61218179,61218200,MA1714.1,-,5.24e-06,AluSz,Alu,SINE
chr17,61825286,61825307,MA1714.1,-,5.24e-06,AluSx,Alu,SINE
chr16,62185134,62185155,MA1714.1,-,5.24e-06,L1MB1,L1,LINE
chr17,68299086,68299107,MA1714.1,-,5.24e-06,L1MCc,L1,LINE
chr9,68800059,68800080,MA1714.1,-,5.24e-06,MIRc,MIR,SINE
chr9,69138153,69138174,MA1714.1,-,5.24e-06,MIRc,MIR,SINE
chr11,70127705,70127726,MA1714.1,-,5.24e-06,L1ME3A,L1,LINE
chr7,70798131,70798152,MA1714.1,-,5.24e-06,L1MB7,L1,LINE
chr9,70981710,70981731,MA1714.1,+,5.24e-06,MIRc,MIR,SINE
chr5,73690001,73690022,MA1714.1,-,5.24e-06,MIRb,MIR,SINE
chr5,80048450,80048471,MA1714.1,+,5.24e-06,MIRb,MIR,SINE
chr11,84967638,84967659,MA1714.1,+,5.24e-06,LTR1B,ERV1,LTR
chr7,86482122,86482143,MA1714.1,-,5.24e-06,MIRb,MIR,SINE
chr4,87192269,87192290,MA1714.1,-,5.24e-06,L1ME2,L1,LINE
chr12,87209586,87209607,MA1714.1,+,5.24e-06,L1PB1,L1,LINE
chr16,90294176,90294197,MA1714.1,-,5.24e-06,L1MC3,L1,LINE
chr13,90842547,90842568,MA1714.1,-,5.24e-06,LTR50,ERVL,LTR
chr6,91574494,91574515,MA1714.1,-,5.24e-06,Tigger15a,TcMar-Tigger,DNA
chr9,94590406,94590427,MA1714.1,-,5.24e-06,L1ME4a,L1,LINE
chr6,96303965,96303986,MA1714.1,-,5.24e-06,L1M3c,L1,LINE
chr9,100603510,100603531,MA1714.1,+,5.24e-06,L1MB7,L1,LINE
chr5,101639927,101639948,MA1714.1,+,5.24e-06,Charlie1b,hAT-Charlie,DNA
chr11,102899028,102899049,MA1714.1,+,5.24e-06,MIRb,MIR,SINE
chrX,103060181,103060202,MA1714.1,-,5.24e-06,L1MB8,L1,LINE
chr12,103751310,103751331,MA1714.1,-,5.24e-06,MamRep1527,LTR,LTR
chr7,105408049,105408070,MA1714.1,-,5.24e-06,MIR,MIR,SINE
chr11,105987176,105987197,MA1714.1,+,5.24e-06,HERVL-int,ERVL,LTR
chr12,106706938,106706959,MA1714.1,-,5.24e-06,MIRc,MIR,SINE
chr10,109895825,109895846,MA1714.1,+,5.24e-06,L1MC3,L1,LINE
chr10,110046472,110046493,MA1714.1,-,5.24e-06,L1M4c,L1,LINE
chr8,111565052,111565073,MA1714.1,-,5.24e-06,ERVL-E-int,ERVL,LTR
chr5,113097596,113097617,MA1714.1,-,5.24e-06,L1MEg,L1,LINE
chr13,113450792,113450813,MA1714.1,+,5.24e-06,MLT1D,ERVL-MaLR,LTR
chr2,113754711,113754732,MA1714.1,+,5.24e-06,HAL1,L1,LINE
chr2,114309168,114309189,MA1714.1,+,5.24e-06,MIRc,MIR,SINE
chr2,118967385,118967406,MA1714.1,+,5.24e-06,MIRc,MIR,SINE
chr7,125007792,125007813,MA1714.1,-,5.24e-06,L1PA15,L1,LINE
chr12,125317685,125317706,MA1714.1,-,5.24e-06,MLT1D,ERVL-MaLR,LTR
chr8,131858992,131859013,MA1714.1,-,5.24e-06,HAL1-3A_ME,L1,LINE
chrX,150363923,150363944,MA1714.1,-,5.24e-06,L1MA4,L1,LINE
chrX,151835130,151835151,MA1714.1,+,5.24e-06,L1MDa,L1,LINE
chr1,153739751,153739772,MA1714.1,-,5.24e-06,L1MB7,L1,LINE
chrX,153890790,153890811,MA1714.1,+,5.24e-06,THE1D-int,ERVL-MaLR,LTR
chr6,171051999,171052020,MA1714.1,-,5.24e-06,L1MC3,L1,LINE
chr5,173071456,173071477,MA1714.1,-,5.24e-06,L2a,L2,LINE
chr1,176614364,176614385,MA1714.1,-,5.24e-06,L1MA4,L1,LINE
chr5,180896357,180896378,MA1714.1,-,5.24e-06,L1MC3,L1,LINE
chr2,184527013,184527034,MA1714.1,+,5.24e-06,L1MC5,L1,LINE
chr4,190464466,190464487,MA1714.1,+,5.24e-06,L1PA15,L1,LINE
chr1,192181931,192181952,MA1714.1,+,5.24e-06,L1MC2,L1,LINE
chr1,210201405,210201426,MA1714.1,-,5.24e-06,L1MB3,L1,LINE
chr1,212723258,212723279,MA1714.1,+,5.24e-06,L4,RTE,LINE
chr1,214208203,214208224,MA1714.1,+,5.24e-06,MIRb,MIR,SINE
chr2,243163422,243163443,MA1714.1,+,5.24e-06,L1MC3,L1,LINE
chr4_gl000193_random,84530,84551,MA1714.1,-,5.28e-06,SST1,centr,Satellite
chr4_gl000193_random,90170,90191,MA1714.1,-,5.28e-06,SST1,centr,Satellite
chr8,3132880,3132901,MA1714.1,-,5.28e-06,L1PA3,L1,LINE
chr1,3771104,3771125,MA1714.1,-,5.28e-06,AluSz6,Alu,SINE
chr3,5455917,5455938,MA1714.1,+,5.28e-06,L1PA7,L1,LINE
chrY,5465150,5465171,MA1714.1,+,5.28e-06,L1P5,L1,LINE
chr4,6466269,6466290,MA1714.1,+,5.28e-06,L1ME4a,L1,LINE
chr17,6578680,6578701,MA1714.1,-,5.28e-06,MIRc,MIR,SINE
chrY,6713336,6713357,MA1714.1,-,5.28e-06,L1PA7,L1,LINE
chr6,6943976,6943997,MA1714.1,+,5.28e-06,L1MB3,L1,LINE
chr1,11222553,11222574,MA1714.1,+,5.28e-06,L1PA5,L1,LINE
chr5,12186302,12186323,MA1714.1,+,5.28e-06,MLT1A1,ERVL-MaLR,LTR
chr7,14640933,14640954,MA1714.1,-,5.28e-06,MLT1A1-int,ERVL-MaLR,LTR
chr9,17192265,17192286,MA1714.1,-,5.28e-06,AluSg4,Alu,SINE
chr17,17927484,17927505,MA1714.1,-,5.28e-06,MIRb,MIR,SINE
chr4,18475931,18475952,MA1714.1,+,5.28e-06,L3,CR1,LINE
chr9,18720344,18720365,MA1714.1,+,5.28e-06,MIRb,MIR,SINE
chr2,20528015,20528036,MA1714.1,+,5.28e-06,AluSz,Alu,SINE
chr13,20651431,20651452,MA1714.1,-,5.28e-06,MIRb,MIR,SINE
chr12,21239822,21239843,MA1714.1,-,5.28e-06,L1P1,L1,LINE
chr12,21549518,21549539,MA1714.1,+,5.28e-06,L1PA2,L1,LINE
chr11,22044549,22044570,MA1714.1,-,5.28e-06,L1PREC2,L1,LINE
chr13,22490440,22490461,MA1714.1,-,5.28e-06,AluYk4,Alu,SINE
chr11,23755161,23755182,MA1714.1,+,5.28e-06,L1PA7,L1,LINE
chrX,25430548,25430569,MA1714.1,-,5.28e-06,L1ME4a,L1,LINE
chr10,26745019,26745040,MA1714.1,+,5.28e-06,L1MB8,L1,LINE
chr22,27000384,27000405,MA1714.1,+,5.28e-06,L2,L2,LINE
chr13,27178358,27178379,MA1714.1,+,5.28e-06,MIRc,MIR,SINE
chr1,30400103,30400124,MA1714.1,+,5.28e-06,MIR,MIR,SINE
chr3,30865681,30865702,MA1714.1,+,5.28e-06,L1MEg,L1,LINE
chr14,31134310,31134331,MA1714.1,+,5.28e-06,L1P2,L1,LINE
chr19,31441811,31441832,MA1714.1,-,5.28e-06,L1MEf,L1,LINE
chr13,32567169,32567190,MA1714.1,-,5.28e-06,L1MB2,L1,LINE
chrX,33760130,33760151,MA1714.1,-,5.28e-06,L1PBa1,L1,LINE
chr11,37202217,37202238,MA1714.1,+,5.28e-06,MER50B,ERV1,LTR
chr13,37657363,37657384,MA1714.1,+,5.28e-06,L3b,CR1,LINE
chr5,40177058,40177079,MA1714.1,-,5.28e-06,Tigger1,TcMar-Tigger,DNA
chr8,41493648,41493669,MA1714.1,+,5.28e-06,AluSx1,Alu,SINE
chr2,41570455,41570476,MA1714.1,-,5.28e-06,L1MA5A,L1,LINE
chr12,42743086,42743107,MA1714.1,-,5.28e-06,MIRb,MIR,SINE
chr10,44522278,44522299,MA1714.1,+,5.28e-06,L1MEd,L1,LINE
chr22,46691982,46692003,MA1714.1,-,5.28e-06,MIRb,MIR,SINE
chr19,50239012,50239033,MA1714.1,+,5.28e-06,ERVL-E-int,ERVL,LTR
chr14,51884299,51884320,MA1714.1,-,5.28e-06,L1PA6,L1,LINE
chr5,52605418,52605439,MA1714.1,-,5.28e-06,L1PA7,L1,LINE
chr12,53760516,53760537,MA1714.1,+,5.28e-06,AluJo,Alu,SINE
chr16,56426838,56426859,MA1714.1,+,5.28e-06,L1PA5,L1,LINE
chr8,57471936,57471957,MA1714.1,-,5.28e-06,MIR,MIR,SINE
chr12,58507496,58507517,MA1714.1,-,5.28e-06,L1PA2,L1,LINE
chr20,61209921,61209942,MA1714.1,-,5.28e-06,L1MA4,L1,LINE
chr14,61338412,61338433,MA1714.1,-,5.28e-06,AluSq2,Alu,SINE
chr17,61760162,61760183,MA1714.1,-,5.28e-06,MLT1E1A,ERVL-MaLR,LTR
chr14,62549297,62549318,MA1714.1,+,5.28e-06,L2,L2,LINE
chr2,64155359,64155380,MA1714.1,+,5.28e-06,L1PA7,L1,LINE
chr7,65464833,65464854,MA1714.1,+,5.28e-06,AluSx1,Alu,SINE
chr10,66326998,66327019,MA1714.1,-,5.28e-06,L1PA8,L1,LINE
chr10,67191767,67191788,MA1714.1,-,5.28e-06,MER91A,hAT-Tip100,DNA
chr14,69698830,69698851,MA1714.1,-,5.28e-06,HAL1,L1,LINE
chr12,70393977,70393998,MA1714.1,-,5.28e-06,L2a,L2,LINE
chr3,74335724,74335745,MA1714.1,+,5.28e-06,L1MEd,L1,LINE
chr15,74750002,74750023,MA1714.1,+,5.28e-06,AluSx,Alu,SINE
chr10,75509373,75509394,MA1714.1,-,5.28e-06,AluSg,Alu,SINE
chr8,76247835,76247856,MA1714.1,-,5.28e-06,L1ME1,L1,LINE
chr12,77488656,77488677,MA1714.1,-,5.28e-06,L1PA6,L1,LINE
chr8,78471252,78471273,MA1714.1,+,5.28e-06,L1MA6,L1,LINE
chr3,79994039,79994060,MA1714.1,+,5.28e-06,L1PB1,L1,LINE
chrX,83089303,83089324,MA1714.1,+,5.28e-06,MSTB-int,ERVL-MaLR,LTR
chr4,83556846,83556867,MA1714.1,-,5.28e-06,MIR,MIR,SINE
chr6,86463064,86463085,MA1714.1,+,5.28e-06,L1P2,L1,LINE
chr8,87817007,87817028,MA1714.1,-,5.28e-06,L1HS,L1,LINE
chr7,88199593,88199614,MA1714.1,-,5.28e-06,L1MC3,L1,LINE
chr14,89054626,89054647,MA1714.1,-,5.28e-06,HAL1,L1,LINE
chr8,90524253,90524274,MA1714.1,+,5.28e-06,L1HS,L1,LINE
chrX,93907572,93907593,MA1714.1,-,5.28e-06,L1MA3,L1,LINE
chr3,96231398,96231419,MA1714.1,-,5.28e-06,L1MC4,L1,LINE
chr10,98251949,98251970,MA1714.1,-,5.28e-06,MIRb,MIR,SINE
chr7,98323766,98323787,MA1714.1,+,5.28e-06,AluSx1,Alu,SINE
chr10,101051399,101051420,MA1714.1,-,5.28e-06,MIR3,MIR,SINE
chr11,101439306,101439327,MA1714.1,+,5.28e-06,L1PA7,L1,LINE
chr7,102748408,102748429,MA1714.1,+,5.28e-06,L1PA7,L1,LINE
chr14,104260269,104260290,MA1714.1,+,5.28e-06,MLT1B,ERVL-MaLR,LTR
chr9,105101203,105101224,MA1714.1,+,5.28e-06,L1PA5,L1,LINE
chr6,105638845,105638866,MA1714.1,-,5.28e-06,MIR,MIR,SINE
chr3,107415474,107415495,MA1714.1,-,5.28e-06,L1PA3,L1,LINE
chr7,109563571,109563592,MA1714.1,-,5.28e-06,L1PA4,L1,LINE
chr11,112742015,112742036,MA1714.1,-,5.28e-06,L1MC3,L1,LINE
chr11,116829806,116829827,MA1714.1,+,5.28e-06,AluJr,Alu,SINE
chr8,117155201,117155222,MA1714.1,+,5.28e-06,L3,CR1,LINE
chr3,118673906,118673927,MA1714.1,+,5.28e-06,L1PB1,L1,LINE
chr6,121140571,121140592,MA1714.1,+,5.28e-06,L1PA3,L1,LINE
chr5,124140752,124140773,MA1714.1,+,5.28e-06,MER39,ERV1,LTR
chr4,126082768,126082789,MA1714.1,-,5.28e-06,MSTB-int,ERVL-MaLR,LTR
chr2,127151744,127151765,MA1714.1,-,5.28e-06,L1PB1,L1,LINE
chr12,128564265,128564286,MA1714.1,+,5.28e-06,L1MD2,L1,LINE
chr5,131208403,131208424,MA1714.1,+,5.28e-06,L1PA4,L1,LINE
chr8,135118910,135118931,MA1714.1,+,5.28e-06,THE1B-int,ERVL-MaLR,LTR
chrX,136428741,136428762,MA1714.1,-,5.28e-06,L1PB1,L1,LINE
chr1,146789727,146789748,MA1714.1,+,5.28e-06,L1PA8A,L1,LINE
chr3,153600103,153600124,MA1714.1,-,5.28e-06,L1MC3,L1,LINE
chr5,154940775,154940796,MA1714.1,-,5.28e-06,MIR,MIR,SINE
chr4,155129317,155129338,MA1714.1,+,5.28e-06,MIR,MIR,SINE
chr4,161836493,161836514,MA1714.1,+,5.28e-06,L1MB3,L1,LINE
chr6,169164270,169164291,MA1714.1,-,5.28e-06,MSTB-int,ERVL-MaLR,LTR
chr3,172151085,172151106,MA1714.1,-,5.28e-06,THE1B-int,ERVL-MaLR,LTR
chr4,180526944,180526965,MA1714.1,+,5.28e-06,Charlie24,hAT-Charlie,DNA
chr1,185240959,185240980,MA1714.1,-,5.28e-06,L1MA9,L1,LINE
chr1,196909517,196909538,MA1714.1,-,5.28e-06,L1PA6,L1,LINE
chr2,205672578,205672599,MA1714.1,+,5.28e-06,L1MA3,L1,LINE
chr2,209777713,209777734,MA1714.1,+,5.28e-06,L1PB1,L1,LINE
chr1,246995092,246995113,MA1714.1,+,5.28e-06,L1MB8,L1,LINE
chr6_mann_hap4,399588,399609,MA1714.1,+,5.31e-06,L1MC3,L1,LINE
chr6_qbl_hap6,399590,399611,MA1714.1,+,5.31e-06,L1MC3,L1,LINE
chr6_dbb_hap3,399596,399617,MA1714.1,+,5.31e-06,L1MC3,L1,LINE
chr6_apd_hap1,399623,399644,MA1714.1,+,5.31e-06,L1MC3,L1,LINE
chr6_ssto_hap7,437070,437091,MA1714.1,+,5.31e-06,L1MC3,L1,LINE
chr6_qbl_hap6,471129,471150,MA1714.1,+,5.31e-06,L1MC3,L1,LINE
chr6_mann_hap4,471130,471151,MA1714.1,+,5.31e-06,L1MC3,L1,LINE
chr6_dbb_hap3,471132,471153,MA1714.1,+,5.31e-06,L1MC3,L1,LINE
chr6_mcf_hap5,471241,471262,MA1714.1,+,5.31e-06,L1MC3,L1,LINE
chr6_ssto_hap7,508617,508638,MA1714.1,+,5.31e-06,L1MC3,L1,LINE
chr6_cox_hap2,615063,615084,MA1714.1,+,5.31e-06,L1MC3,L1,LINE
chr6_cox_hap2,686592,686613,MA1714.1,+,5.31e-06,L1MC3,L1,LINE
chr3,4587746,4587767,MA1714.1,+,5.31e-06,MIR,MIR,SINE
chrX,6010930,6010951,MA1714.1,+,5.31e-06,L1MEg,L1,LINE
chr3,6079359,6079380,MA1714.1,-,5.31e-06,THE1D-int,ERVL-MaLR,LTR
chr2,8645793,8645814,MA1714.1,+,5.31e-06,MIRb,MIR,SINE
chr5,15194512,15194533,MA1714.1,+,5.31e-06,THE1D,ERVL-MaLR,LTR
chr8,15302533,15302554,MA1714.1,+,5.31e-06,L1M6,L1,LINE
chrX,16377624,16377645,MA1714.1,+,5.31e-06,L3,CR1,LINE
chr4,17675348,17675369,MA1714.1,+,5.31e-06,L1PB1,L1,LINE
chr22,18143887,18143908,MA1714.1,-,5.31e-06,AluSg4,Alu,SINE
chr4,20246109,20246130,MA1714.1,-,5.31e-06,L1MDa,L1,LINE
chr5,20796985,20797006,MA1714.1,-,5.31e-06,THE1D-int,ERVL-MaLR,LTR
chr12,21199706,21199727,MA1714.1,+,5.31e-06,L1ME4a,L1,LINE
chr12,23122450,23122471,MA1714.1,-,5.31e-06,MIRc,MIR,SINE
chr2,24912197,24912218,MA1714.1,-,5.31e-06,L1PREC2,L1,LINE
chr16,25945708,25945729,MA1714.1,+,5.31e-06,L3,CR1,LINE
chr6,26568393,26568414,MA1714.1,+,5.31e-06,AluSz6,Alu,SINE
chr17,27777001,27777022,MA1714.1,-,5.31e-06,MIR,MIR,SINE
chr6,29096187,29096208,MA1714.1,+,5.31e-06,L1MC3,L1,LINE
chr6,29167686,29167707,MA1714.1,+,5.31e-06,L1MC3,L1,LINE
chr9,30433022,30433043,MA1714.1,+,5.31e-06,L1MA3,L1,LINE
chr18,31269917,31269938,MA1714.1,-,5.31e-06,L1MC4,L1,LINE
chr13,32982867,32982888,MA1714.1,+,5.31e-06,L3,CR1,LINE
chrX,33236280,33236301,MA1714.1,-,5.31e-06,L1MDa,L1,LINE
chr7,33932954,33932975,MA1714.1,+,5.31e-06,MIRb,MIR,SINE
chr5,34407131,34407152,MA1714.1,+,5.31e-06,THE1D-int,ERVL-MaLR,LTR
chr11,35901183,35901204,MA1714.1,+,5.31e-06,MER21C,ERVL,LTR
chr2,42693802,42693823,MA1714.1,+,5.31e-06,L1M5,L1,LINE
chr17,45517071,45517092,MA1714.1,-,5.31e-06,MER106A,hAT-Charlie,DNA
chr15,47283100,47283121,MA1714.1,-,5.31e-06,L1PA8A,L1,LINE
chr14,48722033,48722054,MA1714.1,-,5.31e-06,THE1C-int,ERVL-MaLR,LTR
chr8,50581760,50581781,MA1714.1,+,5.31e-06,L1MC4a,L1,LINE
chr13,51668308,51668329,MA1714.1,-,5.31e-06,L1MC5,L1,LINE
chr3,51803236,51803257,MA1714.1,-,5.31e-06,L1MEf,L1,LINE
chr18,52463250,52463271,MA1714.1,-,5.31e-06,L1MA10,L1,LINE
chr17,56902344,56902365,MA1714.1,+,5.31e-06,L1PB1,L1,LINE
chr20,59334987,59335008,MA1714.1,-,5.31e-06,MLT1F,ERVL-MaLR,LTR
chr6,62515064,62515085,MA1714.1,-,5.31e-06,THE1C-int,ERVL-MaLR,LTR
chr6,62718958,62718979,MA1714.1,+,5.31e-06,THE1B-int,ERVL-MaLR,LTR
chr12,63420059,63420080,MA1714.1,-,5.31e-06,MER39,ERV1,LTR
chrX,65132312,65132333,MA1714.1,-,5.31e-06,L1PA11,L1,LINE
chr5,72235428,72235449,MA1714.1,+,5.31e-06,AluY,Alu,SINE
chr9,75476681,75476702,MA1714.1,+,5.31e-06,AluSx1,Alu,SINE
chr7,83048336,83048357,MA1714.1,-,5.31e-06,L1PREC2,L1,LINE
chr7,85854033,85854054,MA1714.1,-,5.31e-06,MER68-int,ERVL,LTR
chr1,86494055,86494076,MA1714.1,+,5.31e-06,THE1D,ERVL-MaLR,LTR
chr11,87245434,87245455,MA1714.1,+,5.31e-06,LTR49-int,ERV1,LTR
chr3,87340215,87340236,MA1714.1,+,5.31e-06,L1ME4a,L1,LINE
chr8,87672990,87673011,MA1714.1,+,5.31e-06,L4,RTE,LINE
chr13,90303277,90303298,MA1714.1,-,5.31e-06,THE1A-int,ERVL-MaLR,LTR
chr12,91209283,91209304,MA1714.1,+,5.31e-06,AluSz,Alu,SINE
chr1,96743843,96743864,MA1714.1,-,5.31e-06,L1MA9,L1,LINE
chr14,98766872,98766893,MA1714.1,+,5.31e-06,MLT1I,ERVL-MaLR,LTR
chr9,102992319,102992340,MA1714.1,-,5.31e-06,L1ME3E,L1,LINE
chr6,107716658,107716679,MA1714.1,-,5.31e-06,L1MEf,L1,LINE
chr12,111401626,111401647,MA1714.1,-,5.31e-06,AluSz,Alu,SINE
chr1,117380367,117380388,MA1714.1,+,5.31e-06,THE1B-int,ERVL-MaLR,LTR
chr2,117664907,117664928,MA1714.1,-,5.31e-06,L1MEg,L1,LINE
chr7,121152671,121152692,MA1714.1,+,5.31e-06,Tigger6a,TcMar-Tigger,DNA
chr9,124787972,124787993,MA1714.1,+,5.31e-06,L1ME1,L1,LINE
chr12,126959301,126959322,MA1714.1,+,5.31e-06,L1MC3,L1,LINE
chr12,127215808,127215829,MA1714.1,+,5.31e-06,MIR,MIR,SINE
chr7,128946459,128946480,MA1714.1,-,5.31e-06,L1MA2,L1,LINE
chr6,129760427,129760448,MA1714.1,-,5.31e-06,MER2,TcMar-Tigger,DNA
chr6,130814083,130814104,MA1714.1,-,5.31e-06,L1PA17,L1,LINE
chr4,135720457,135720478,MA1714.1,+,5.31e-06,L1MC2,L1,LINE
chr8,135744053,135744074,MA1714.1,-,5.31e-06,MIR3,MIR,SINE
chr3,146715826,146715847,MA1714.1,-,5.31e-06,L1M3e,L1,LINE
chr1,175198894,175198915,MA1714.1,-,5.31e-06,MIRb,MIR,SINE
chr2,188884536,188884557,MA1714.1,+,5.31e-06,THE1D-int,ERVL-MaLR,LTR
chr1,191598671,191598692,MA1714.1,+,5.31e-06,L1ME2,L1,LINE
chr1,191888926,191888947,MA1714.1,-,5.31e-06,Cheshire,hAT-Charlie,DNA
chr2,203946607,203946628,MA1714.1,+,5.31e-06,AluJo,Alu,SINE
chr2,227935813,227935834,MA1714.1,+,5.31e-06,L1PB3,L1,LINE
chr4_ctg9_hap1,218709,218730,MA1714.1,-,5.35e-06,L1PA8,L1,LINE
chr6,2968554,2968575,MA1714.1,+,5.35e-06,L1PREC2,L1,LINE
chr5,4709368,4709389,MA1714.1,+,5.35e-06,Charlie24,hAT-Charlie,DNA
chr9,5365577,5365598,MA1714.1,+,5.35e-06,L1MC3,L1,LINE
chr19,8402977,8402998,MA1714.1,-,5.35e-06,AluSx1,Alu,SINE
chrX,9648599,9648620,MA1714.1,-,5.35e-06,MIRc,MIR,SINE
chr8,9850911,9850932,MA1714.1,+,5.35e-06,L1PA4,L1,LINE
chr7,10535868,10535889,MA1714.1,-,5.35e-06,AluSx1,Alu,SINE
chr17,10908261,10908282,MA1714.1,+,5.35e-06,MLT1K,ERVL-MaLR,LTR
chr5,11491500,11491521,MA1714.1,-,5.35e-06,MIR,MIR,SINE
chr7,14064355,14064376,MA1714.1,+,5.35e-06,HAL1,L1,LINE
chr17,14186706,14186727,MA1714.1,+,5.35e-06,L1MB2,L1,LINE
chr5,15579883,15579904,MA1714.1,-,5.35e-06,MLT1G,ERVL-MaLR,LTR
chr12,17441985,17442006,MA1714.1,+,5.35e-06,L1MA5,L1,LINE
chr20,21301994,21302015,MA1714.1,-,5.35e-06,AluJo,Alu,SINE
chr5,23248807,23248828,MA1714.1,-,5.35e-06,L1MA8,L1,LINE
chr1,27592028,27592049,MA1714.1,+,5.35e-06,AluJr,Alu,SINE
chr13,27683045,27683066,MA1714.1,+,5.35e-06,AluSz,Alu,SINE
chr18,28208714,28208735,MA1714.1,-,5.35e-06,MER52-int,ERV1,LTR
chr18,29764599,29764620,MA1714.1,-,5.35e-06,L1MC2,L1,LINE
chr15,29922287,29922308,MA1714.1,+,5.35e-06,AluSz,Alu,SINE
chr18,32904282,32904303,MA1714.1,+,5.35e-06,L1MEg,L1,LINE
chr19,33283194,33283215,MA1714.1,+,5.35e-06,HAL1,L1,LINE
chr3,34170822,34170843,MA1714.1,-,5.35e-06,MLT1D,ERVL-MaLR,LTR
chr6,41183339,41183360,MA1714.1,-,5.35e-06,MER1A,hAT-Charlie,DNA
chr10,42660547,42660568,MA1714.1,+,5.35e-06,L1MEg,L1,LINE
chr1,43373573,43373594,MA1714.1,-,5.35e-06,ERVL-B4-int,ERVL,LTR
chr14,47190061,47190082,MA1714.1,+,5.35e-06,L3,CR1,LINE
chr7,48010625,48010646,MA1714.1,+,5.35e-06,L1M7,L1,LINE
chr14,48268228,48268249,MA1714.1,+,5.35e-06,L1PA2,L1,LINE
chr20,49485532,49485553,MA1714.1,-,5.35e-06,MLT1J,ERVL-MaLR,LTR
chr5,49789165,49789186,MA1714.1,+,5.35e-06,MIRc,MIR,SINE
chrX,50035283,50035304,MA1714.1,-,5.35e-06,L1MC4,L1,LINE
chr3,50397537,50397558,MA1714.1,+,5.35e-06,MIRb,MIR,SINE
chr10,50409230,50409251,MA1714.1,+,5.35e-06,L1M5,L1,LINE
chr11,50442290,50442311,MA1714.1,-,5.35e-06,ALR/Alpha,centr,Satellite
chr12,50842186,50842207,MA1714.1,-,5.35e-06,L1MC5,L1,LINE
chr17,52068756,52068777,MA1714.1,-,5.35e-06,MER21-int,ERVL,LTR
chr7,53100459,53100480,MA1714.1,+,5.35e-06,L1M7,L1,LINE
chr8,54176601,54176622,MA1714.1,+,5.35e-06,MLT1D,ERVL-MaLR,LTR
chr6,55439044,55439065,MA1714.1,+,5.35e-06,L1MEg,L1,LINE
chr15,57951190,57951211,MA1714.1,-,5.35e-06,L1MC5,L1,LINE
chr20,59090969,59090990,MA1714.1,-,5.35e-06,L1ME1,L1,LINE
chr4,61434048,61434069,MA1714.1,-,5.35e-06,L1MA1,L1,LINE
chr5,61791373,61791394,MA1714.1,-,5.35e-06,AluJb,Alu,SINE
chr8,62237682,62237703,MA1714.1,-,5.35e-06,MLT1H-int,ERVL-MaLR,LTR
chr13,62638596,62638617,MA1714.1,+,5.35e-06,L1PA8A,L1,LINE
chr8,66171219,66171240,MA1714.1,+,5.35e-06,MamGypLTR3,Gypsy,LTR
chr13,66758116,66758137,MA1714.1,-,5.35e-06,HERVL-int,ERVL,LTR
chr5,68420747,68420768,MA1714.1,+,5.35e-06,L1M5,L1,LINE
chr4,69506110,69506131,MA1714.1,-,5.35e-06,L1PA8,L1,LINE
chr18,70437439,70437460,MA1714.1,-,5.35e-06,L1M5,L1,LINE
chr11,70543607,70543628,MA1714.1,+,5.35e-06,L1MB5,L1,LINE
chr13,73687852,73687873,MA1714.1,+,5.35e-06,AluJo,Alu,SINE
chr11,74705939,74705960,MA1714.1,-,5.35e-06,MIR,MIR,SINE
chr9,75256529,75256550,MA1714.1,-,5.35e-06,MER45A,hAT-Tip100,DNA
chr1,76171294,76171315,MA1714.1,-,5.35e-06,L1M5,L1,LINE
chr2,76589424,76589445,MA1714.1,-,5.35e-06,L1ME1,L1,LINE
chr11,79165922,79165943,MA1714.1,-,5.35e-06,HAL1,L1,LINE
chr15,82556610,82556631,MA1714.1,-,5.35e-06,AluSc,Alu,SINE
chr4,82837879,82837900,MA1714.1,-,5.35e-06,Charlie1a,hAT-Charlie,DNA
chr5,83578055,83578076,MA1714.1,-,5.35e-06,L1ME3C,L1,LINE
chr8,90016312,90016333,MA1714.1,+,5.35e-06,HAL1,L1,LINE
chr4,90548238,90548259,MA1714.1,+,5.35e-06,MLT1L,ERVL-MaLR,LTR
chrX,92392253,92392274,MA1714.1,+,5.35e-06,MLT1A0-int,ERVL-MaLR,LTR
chr11,94773142,94773163,MA1714.1,-,5.35e-06,L1M5,L1,LINE
chr15,95455823,95455844,MA1714.1,-,5.35e-06,L1ME1,L1,LINE
chr14,100276762,100276783,MA1714.1,-,5.35e-06,MIRb,MIR,SINE
chr12,102404172,102404193,MA1714.1,+,5.35e-06,ERV3-16A3_I-int,ERVL,LTR
chrX,108777894,108777915,MA1714.1,+,5.35e-06,MIRb,MIR,SINE
chr7,120848542,120848563,MA1714.1,-,5.35e-06,MIR,MIR,SINE
chr2,121920485,121920506,MA1714.1,-,5.35e-06,L1ME1,L1,LINE
chr10,126988496,126988517,MA1714.1,+,5.35e-06,L1MC,L1,LINE
chr8,127929224,127929245,MA1714.1,-,5.35e-06,HAL1-3A_ME,L1,LINE
chr10,127983864,127983885,MA1714.1,+,5.35e-06,MIRb,MIR,SINE
chr5,131841572,131841593,MA1714.1,+,5.35e-06,L1MEf,L1,LINE
chr10,131888171,131888192,MA1714.1,+,5.35e-06,L1MB5,L1,LINE
chrX,133416674,133416695,MA1714.1,+,5.35e-06,L1MB1,L1,LINE
chr10,134688568,134688589,MA1714.1,+,5.35e-06,L1M5,L1,LINE
chr5,138457904,138457925,MA1714.1,-,5.35e-06,MIR,MIR,SINE
chr9,140841723,140841744,MA1714.1,-,5.35e-06,MER51A,ERV1,LTR
chr8,144188563,144188584,MA1714.1,-,5.35e-06,L1MB5,L1,LINE
chr1,150366937,150366958,MA1714.1,+,5.35e-06,L1MC4,L1,LINE
chr4,158468315,158468336,MA1714.1,+,5.35e-06,L1MC4a,L1,LINE
chr3,160205221,160205242,MA1714.1,-,5.35e-06,L1MC4a,L1,LINE
chr5,171314584,171314605,MA1714.1,+,5.35e-06,L1ME2,L1,LINE
chr3,171537145,171537166,MA1714.1,-,5.35e-06,MER20B,hAT-Charlie,DNA
chr3,179250651,179250672,MA1714.1,-,5.35e-06,L1MC1,L1,LINE
chr3,184857432,184857453,MA1714.1,+,5.35e-06,L1MD1,L1,LINE
chr1,203132403,203132424,MA1714.1,-,5.35e-06,MIRc,MIR,SINE
chr2,204612334,204612355,MA1714.1,+,5.35e-06,AluSg,Alu,SINE
chr2,211859333,211859354,MA1714.1,-,5.35e-06,L1MEc,L1,LINE
chr1,230812077,230812098,MA1714.1,-,5.35e-06,L1MEe,L1,LINE
chr1,241103055,241103076,MA1714.1,+,5.35e-06,MER34D,ERV1,LTR
chr6_mann_hap4,794189,794210,MA1714.1,-,5.38e-06,MER4-int,ERV1,LTR
chr6_mcf_hap5,794405,794426,MA1714.1,-,5.38e-06,MER4-int,ERV1,LTR
chr6_qbl_hap6,794505,794526,MA1714.1,-,5.38e-06,MER4-int,ERV1,LTR
chr6_dbb_hap3,794551,794572,MA1714.1,-,5.38e-06,MER4-int,ERV1,LTR
chr6_apd_hap1,794699,794720,MA1714.1,-,5.38e-06,MER4-int,ERV1,LTR
chr6_ssto_hap7,831752,831773,MA1714.1,-,5.38e-06,MER4-int,ERV1,LTR
chr6_cox_hap2,1010008,1010029,MA1714.1,-,5.38e-06,MER4-int,ERV1,LTR
chr2,2218701,2218722,MA1714.1,+,5.38e-06,L1ME1,L1,LINE
chr8,2660975,2660996,MA1714.1,+,5.38e-06,L1M3,L1,LINE
chr7,3725652,3725673,MA1714.1,+,5.38e-06,L1MD1,L1,LINE
chr19,14062141,14062162,MA1714.1,+,5.38e-06,AluJr,Alu,SINE
chr20,14390035,14390056,MA1714.1,-,5.38e-06,MIRb,MIR,SINE
chr3,16597639,16597660,MA1714.1,+,5.38e-06,L1MEc,L1,LINE
chrY,16712924,16712945,MA1714.1,-,5.38e-06,L1MA3,L1,LINE
chr3,16999626,16999647,MA1714.1,-,5.38e-06,L1PA4,L1,LINE
chr6,17653917,17653938,MA1714.1,+,5.38e-06,L1ME2z,L1,LINE
chr3,19134884,19134905,MA1714.1,-,5.38e-06,L1PA16,L1,LINE
chr19,22488165,22488186,MA1714.1,-,5.38e-06,L1M4c,L1,LINE
chr1,22754982,22755003,MA1714.1,-,5.38e-06,L1ME3C,L1,LINE
chrX,27013004,27013025,MA1714.1,-,5.38e-06,MamGyp-int,Gypsy,LTR
chr6,29491215,29491236,MA1714.1,-,5.38e-06,MER4-int,ERV1,LTR
chr8,30641418,30641439,MA1714.1,-,5.38e-06,AluJo,Alu,SINE
chr1,31244225,31244246,MA1714.1,+,5.38e-06,L1MC4,L1,LINE
chr5,31923054,31923075,MA1714.1,-,5.38e-06,AluSz,Alu,SINE
chr10,32844970,32844991,MA1714.1,-,5.38e-06,MLT1H,ERVL-MaLR,LTR
chr4,33073333,33073354,MA1714.1,+,5.38e-06,MLT1E1A-int,ERVL-MaLR,LTR
chr8,35792082,35792103,MA1714.1,+,5.38e-06,HERV9-int,ERV1,LTR
chr11,36441064,36441085,MA1714.1,-,5.38e-06,Charlie1b,hAT-Charlie,DNA
chr1,37085009,37085030,MA1714.1,+,5.38e-06,MIR,MIR,SINE
chr9,45614831,45614852,MA1714.1,+,5.38e-06,LTR25-int,ERV1,LTR
chrX,45812456,45812477,MA1714.1,-,5.38e-06,L1M4,L1,LINE
chr9,46001011,46001032,MA1714.1,+,5.38e-06,LTR25-int,ERV1,LTR
chr18,48055371,48055392,MA1714.1,+,5.38e-06,MER39,ERV1,LTR
chr15,49688137,49688158,MA1714.1,+,5.38e-06,L1MEg2,L1,LINE
chr4,53232160,53232181,MA1714.1,+,5.38e-06,L1MA9,L1,LINE
chr20,55284721,55284742,MA1714.1,-,5.38e-06,MLT1D,ERVL-MaLR,LTR
chr14,57561449,57561470,MA1714.1,-,5.38e-06,MLT2B3,ERVL,LTR
chr18,57592088,57592109,MA1714.1,-,5.38e-06,MLT1J2,ERVL-MaLR,LTR
chr15,60570665,60570686,MA1714.1,-,5.38e-06,MLT1J,ERVL-MaLR,LTR
chr2,62652743,62652764,MA1714.1,-,5.38e-06,L1ME2z,L1,LINE
chr13,63721344,63721365,MA1714.1,-,5.38e-06,THE1D-int,ERVL-MaLR,LTR
chr15,64108344,64108365,MA1714.1,+,5.38e-06,MER103C,hAT-Charlie,DNA
chr15,65879785,65879806,MA1714.1,+,5.38e-06,HAL1,L1,LINE
chr4,71436302,71436323,MA1714.1,-,5.38e-06,L1PA14,L1,LINE
chr5,72668677,72668698,MA1714.1,-,5.38e-06,Charlie19a,hAT-Charlie,DNA
chr1,73219783,73219804,MA1714.1,-,5.38e-06,MLT2B3,ERVL,LTR
chr3,73648363,73648384,MA1714.1,+,5.38e-06,L1MB3,L1,LINE
chr11,74628244,74628265,MA1714.1,-,5.38e-06,L1M4c,L1,LINE
chr9,76869892,76869913,MA1714.1,-,5.38e-06,L1MEg,L1,LINE
chr4,80851802,80851823,MA1714.1,-,5.38e-06,Tigger15a,TcMar-Tigger,DNA
chr4,80914448,80914469,MA1714.1,+,5.38e-06,HAL1-3A_ME,L1,LINE
chr7,88310693,88310714,MA1714.1,+,5.38e-06,LTR40A1,ERVL,LTR
chr10,91601025,91601046,MA1714.1,-,5.38e-06,L1MC5,L1,LINE
chr4,92574267,92574288,MA1714.1,-,5.38e-06,L1M2,L1,LINE
chrX,93650634,93650655,MA1714.1,-,5.38e-06,L1MA2,L1,LINE
chr9,94256780,94256801,MA1714.1,-,5.38e-06,L1MA4A,L1,LINE
chr5,94723740,94723761,MA1714.1,+,5.38e-06,L1MA5,L1,LINE
chr2,96834310,96834331,MA1714.1,+,5.38e-06,L1MB7,L1,LINE
chr9,98130898,98130919,MA1714.1,+,5.38e-06,MLT1D,ERVL-MaLR,LTR
chr1,109591283,109591304,MA1714.1,-,5.38e-06,MIRb,MIR,SINE
chr1,110423207,110423228,MA1714.1,-,5.38e-06,MIRb,MIR,SINE
chrX,112497423,112497444,MA1714.1,-,5.38e-06,L1M1,L1,LINE
chr6,114075853,114075874,MA1714.1,+,5.38e-06,L1MA4A,L1,LINE
chr11,114543381,114543402,MA1714.1,+,5.38e-06,L1M4b,L1,LINE
chr5,117809523,117809544,MA1714.1,+,5.38e-06,MIR,MIR,SINE
chr1,119679633,119679654,MA1714.1,+,5.38e-06,L1MC4a,L1,LINE
chr11,119684191,119684212,MA1714.1,-,5.38e-06,L1ME3A,L1,LINE
chr7,121733907,121733928,MA1714.1,+,5.38e-06,L1PA16,L1,LINE
chr10,122194730,122194751,MA1714.1,+,5.38e-06,L1MC4,L1,LINE
chr10,122236174,122236195,MA1714.1,+,5.38e-06,MIR,MIR,SINE
chr6,126878677,126878698,MA1714.1,-,5.38e-06,L1ME2,L1,LINE
chr11,129354273,129354294,MA1714.1,-,5.38e-06,L1MA9,L1,LINE
chr11,130880471,130880492,MA1714.1,-,5.38e-06,L1MEb,L1,LINE
chr1,152622633,152622654,MA1714.1,+,5.38e-06,L1MEf,L1,LINE
chrX,153381284,153381305,MA1714.1,-,5.38e-06,HAL1,L1,LINE
chr4,156025217,156025238,MA1714.1,+,5.38e-06,MLT1A1,ERVL-MaLR,LTR
chr2,159100554,159100575,MA1714.1,-,5.38e-06,MLT1E3-int,ERVL-MaLR,LTR
chr6,160366128,160366149,MA1714.1,+,5.38e-06,MSTD-int,ERVL-MaLR,LTR
chr3,167700155,167700176,MA1714.1,+,5.38e-06,L1MA2,L1,LINE
chr3,185603571,185603592,MA1714.1,-,5.38e-06,L1MB7,L1,LINE
chr1,217812684,217812705,MA1714.1,+,5.38e-06,L1MEe,L1,LINE
chr2,234996380,234996401,MA1714.1,+,5.38e-06,L1MC1,L1,LINE
chr12,1200135,1200156,MA1714.1,-,5.42e-06,AluSx,Alu,SINE
chr6_qbl_hap6,2231769,2231790,MA1714.1,+,5.42e-06,HERVL-int,ERVL,LTR
chr6_dbb_hap3,2232914,2232935,MA1714.1,+,5.42e-06,HERVL-int,ERVL,LTR
chr6_mann_hap4,2286871,2286892,MA1714.1,+,5.42e-06,HERVL-int,ERVL,LTR
chr6_mcf_hap5,2320746,2320767,MA1714.1,+,5.42e-06,HERVL-int,ERVL,LTR
chr6_cox_hap2,2450699,2450720,MA1714.1,+,5.42e-06,HERVL-int,ERVL,LTR
chr12,2993298,2993319,MA1714.1,-,5.42e-06,AluSx,Alu,SINE
chr18,3380451,3380472,MA1714.1,+,5.42e-06,AluSz,Alu,SINE
chr16,3578725,3578746,MA1714.1,-,5.42e-06,L1M4,L1,LINE
chr2,6681795,6681816,MA1714.1,-,5.42e-06,MER50B,ERV1,LTR
chr17,7438035,7438056,MA1714.1,+,5.42e-06,AluSc8,Alu,SINE
chr11,7998000,7998021,MA1714.1,+,5.42e-06,L1MEg,L1,LINE
chr17,8290794,8290815,MA1714.1,-,5.42e-06,AluSg,Alu,SINE
chr7,10223348,10223369,MA1714.1,-,5.42e-06,L2,L2,LINE
chr20,13816156,13816177,MA1714.1,+,5.42e-06,MER21C,ERVL,LTR
chr6,14261582,14261603,MA1714.1,+,5.42e-06,L1MEg,L1,LINE
chr6,15392987,15393008,MA1714.1,-,5.42e-06,AluSq,Alu,SINE
chr6,15981921,15981942,MA1714.1,-,5.42e-06,MLT1C,ERVL-MaLR,LTR
chr17,16150896,16150917,MA1714.1,-,5.42e-06,MLT1B-int,ERVL-MaLR,LTR
chr9,16556690,16556711,MA1714.1,+,5.42e-06,AluSc,Alu,SINE
chr11,16922464,16922485,MA1714.1,-,5.42e-06,AluSx1,Alu,SINE
chr8,18169701,18169722,MA1714.1,+,5.42e-06,HERVL-int,ERVL,LTR
chr17,18210836,18210857,MA1714.1,+,5.42e-06,AluSc8,Alu,SINE
chr16,19370109,19370130,MA1714.1,+,5.42e-06,AluSz,Alu,SINE
chr1,21121863,21121884,MA1714.1,-,5.42e-06,AluSc,Alu,SINE
chr20,21192651,21192672,MA1714.1,+,5.42e-06,AluSx,Alu,SINE
chr22,22439675,22439696,MA1714.1,-,5.42e-06,AluSx1,Alu,SINE
chr8,22914088,22914109,MA1714.1,+,5.42e-06,AluSz,Alu,SINE
chr16,25709885,25709906,MA1714.1,+,5.42e-06,MIRb,MIR,SINE
chr17,25835827,25835848,MA1714.1,-,5.42e-06,AluSx1,Alu,SINE
chr11,28181033,28181054,MA1714.1,+,5.42e-06,HERVL-int,ERVL,LTR
chr2,29387920,29387941,MA1714.1,-,5.42e-06,MIRb,MIR,SINE
chr6,30938800,30938821,MA1714.1,+,5.42e-06,HERVL-int,ERVL,LTR
chr13,32187471,32187492,MA1714.1,-,5.42e-06,AluSz6,Alu,SINE
chr8,35245806,35245827,MA1714.1,+,5.42e-06,AluSq2,Alu,SINE
chr15,38354103,38354124,MA1714.1,+,5.42e-06,AluJo,Alu,SINE
chr19,38835805,38835826,MA1714.1,-,5.42e-06,AluJb,Alu,SINE
chr19,39134114,39134135,MA1714.1,-,5.42e-06,AluSz,Alu,SINE
chr11,41507090,41507111,MA1714.1,+,5.42e-06,AluJb,Alu,SINE
chr12,42690188,42690209,MA1714.1,+,5.42e-06,AluSc8,Alu,SINE
chrX,44543217,44543238,MA1714.1,-,5.42e-06,AluSx,Alu,SINE
chr21,46375544,46375565,MA1714.1,-,5.42e-06,AluJb,Alu,SINE
chrX,46399882,46399903,MA1714.1,-,5.42e-06,L1M5,L1,LINE
chr12,46457945,46457966,MA1714.1,-,5.42e-06,AluSx,Alu,SINE
chr11,46909306,46909327,MA1714.1,+,5.42e-06,AluSg,Alu,SINE
chr14,50594966,50594987,MA1714.1,+,5.42e-06,HAL1,L1,LINE
chr19,51049516,51049537,MA1714.1,+,5.42e-06,AluSx1,Alu,SINE
chr10,51120270,51120291,MA1714.1,+,5.42e-06,AluSx4,Alu,SINE
chr10,51342051,51342072,MA1714.1,+,5.42e-06,AluSx4,Alu,SINE
chr10,51652671,51652692,MA1714.1,-,5.42e-06,AluSx4,Alu,SINE
chrX,54357370,54357391,MA1714.1,+,5.42e-06,AluSz6,Alu,SINE
chr3,54436597,54436618,MA1714.1,+,5.42e-06,L1MA6,L1,LINE
chrX,56554330,56554351,MA1714.1,-,5.42e-06,L1MC,L1,LINE
chr8,56781679,56781700,MA1714.1,+,5.42e-06,MIRb,MIR,SINE
chr14,57957306,57957327,MA1714.1,+,5.42e-06,MIRb,MIR,SINE
chr3,58633757,58633778,MA1714.1,+,5.42e-06,MER117,hAT-Charlie,DNA
chr20,58637001,58637022,MA1714.1,+,5.42e-06,MERX,TcMar-Tigger,DNA
chr14,58907575,58907596,MA1714.1,+,5.42e-06,L1MA9,L1,LINE
chr14,60895139,60895160,MA1714.1,-,5.42e-06,L1MA4A,L1,LINE
chr8,61226913,61226934,MA1714.1,-,5.42e-06,AluSz,Alu,SINE
chr3,61457170,61457191,MA1714.1,+,5.42e-06,AluSx1,Alu,SINE
chr6,63254993,63255014,MA1714.1,+,5.42e-06,L1M5,L1,LINE
chr4,63327906,63327927,MA1714.1,+,5.42e-06,Charlie10,hAT-Charlie,DNA
chr18,64008466,64008487,MA1714.1,+,5.42e-06,MIR,MIR,SINE
chr5,64790309,64790330,MA1714.1,+,5.42e-06,AluSx1,Alu,SINE
chr7,64867214,64867235,MA1714.1,-,5.42e-06,AluSq2,Alu,SINE
chr5,65196727,65196748,MA1714.1,-,5.42e-06,MSTA,ERVL-MaLR,LTR
chr10,66012099,66012120,MA1714.1,-,5.42e-06,L1MEg,L1,LINE
chr12,66626294,66626315,MA1714.1,-,5.42e-06,LFSINE_Vert,SINE,SINE
chr4,68366950,68366971,MA1714.1,+,5.42e-06,AluSz,Alu,SINE
chr3,69070903,69070924,MA1714.1,-,5.42e-06,AluSx,Alu,SINE
chr10,70604590,70604611,MA1714.1,-,5.42e-06,AluSz,Alu,SINE
chrX,71917758,71917779,MA1714.1,+,5.42e-06,AluY,Alu,SINE
chr4,72772886,72772907,MA1714.1,-,5.42e-06,HERV35I-int,ERV1,LTR
chr5,73991590,73991611,MA1714.1,+,5.42e-06,AluSz,Alu,SINE
chr11,76488930,76488951,MA1714.1,-,5.42e-06,L1M4c,L1,LINE
chr9,76586057,76586078,MA1714.1,-,5.42e-06,AluSx,Alu,SINE
chr13,76730431,76730452,MA1714.1,-,5.42e-06,MLT2F,ERVL,LTR
chr13,77225321,77225342,MA1714.1,+,5.42e-06,AluSx,Alu,SINE
chr8,81278280,81278301,MA1714.1,+,5.42e-06,AluSx3,Alu,SINE
chr13,81391961,81391982,MA1714.1,+,5.42e-06,L1MEc,L1,LINE
chr11,82816069,82816090,MA1714.1,-,5.42e-06,L1ME3B,L1,LINE
chr7,83891602,83891623,MA1714.1,-,5.42e-06,AluSq2,Alu,SINE
chr4,83936417,83936438,MA1714.1,+,5.42e-06,L1M5,L1,LINE
chr11,84306219,84306240,MA1714.1,-,5.42e-06,AluJb,Alu,SINE
chr1,85693407,85693428,MA1714.1,-,5.42e-06,L1ME3C,L1,LINE
chr4,86775031,86775052,MA1714.1,+,5.42e-06,AluSc,Alu,SINE
chr3,88269719,88269740,MA1714.1,-,5.42e-06,AluSg4,Alu,SINE
chr5,89165826,89165847,MA1714.1,+,5.42e-06,MIRb,MIR,SINE
chr1,89221448,89221469,MA1714.1,-,5.42e-06,MIR,MIR,SINE
chr6,89427289,89427310,MA1714.1,+,5.42e-06,L1MDa,L1,LINE
chrX,93923795,93923816,MA1714.1,-,5.42e-06,L1MC3,L1,LINE
chr14,94538784,94538805,MA1714.1,+,5.42e-06,L1PB1,L1,LINE
chr12,95050544,95050565,MA1714.1,+,5.42e-06,MER21A,ERVL,LTR
chr4,95080517,95080538,MA1714.1,+,5.42e-06,HERVL-int,ERVL,LTR
chr10,96249936,96249957,MA1714.1,+,5.42e-06,AluSq2,Alu,SINE
chr11,98337034,98337055,MA1714.1,-,5.42e-06,AluSc8,Alu,SINE
chr9,100589820,100589841,MA1714.1,+,5.42e-06,AluSx1,Alu,SINE
chr6,102644176,102644197,MA1714.1,-,5.42e-06,L1M3e,L1,LINE
chr6,107118934,107118955,MA1714.1,+,5.42e-06,AluJb,Alu,SINE
chr1,108897304,108897325,MA1714.1,+,5.42e-06,L1PB1,L1,LINE
chr12,109503943,109503964,MA1714.1,+,5.42e-06,AluJb,Alu,SINE
chrX,112737770,112737791,MA1714.1,-,5.42e-06,LTR81C,Gypsy,LTR
chr10,114979874,114979895,MA1714.1,-,5.42e-06,AluSx1,Alu,SINE
chr9,117303082,117303103,MA1714.1,-,5.42e-06,AluSx1,Alu,SINE
chr2,117767305,117767326,MA1714.1,-,5.42e-06,L1ME3F,L1,LINE
chr6,117789224,117789245,MA1714.1,-,5.42e-06,MER21A,ERVL,LTR
chr4,118677041,118677062,MA1714.1,-,5.42e-06,MER50,ERV1,LTR
chr1,118851529,118851550,MA1714.1,+,5.42e-06,AluSg7,Alu,SINE
chr4,123692475,123692496,MA1714.1,+,5.42e-06,AluSg4,Alu,SINE
chr4,126442140,126442161,MA1714.1,-,5.42e-06,L1M5,L1,LINE
chr6,127557798,127557819,MA1714.1,-,5.42e-06,L1MEc,L1,LINE
chr9,130016972,130016993,MA1714.1,+,5.42e-06,AluSz,Alu,SINE
chr3,131119367,131119388,MA1714.1,-,5.42e-06,MIRb,MIR,SINE
chr3,135505314,135505335,MA1714.1,+,5.42e-06,AluSx1,Alu,SINE
chr6,145355199,145355220,MA1714.1,+,5.42e-06,L1MA9,L1,LINE
chr3,146367051,146367072,MA1714.1,+,5.42e-06,AluSx1,Alu,SINE
chr5,146676142,146676163,MA1714.1,-,5.42e-06,MER50,ERV1,LTR
chr7,154207708,154207729,MA1714.1,+,5.42e-06,AluSx3,Alu,SINE
chr2,160116740,160116761,MA1714.1,+,5.42e-06,AluSx3,Alu,SINE
chr2,164152937,164152958,MA1714.1,+,5.42e-06,L1M5,L1,LINE
chr3,165716605,165716626,MA1714.1,-,5.42e-06,HERVL-int,ERVL,LTR
chr6,167153436,167153457,MA1714.1,-,5.42e-06,L3,CR1,LINE
chr4,171480486,171480507,MA1714.1,+,5.42e-06,MSTA,ERVL-MaLR,LTR
chr1,174305853,174305874,MA1714.1,-,5.42e-06,MIR,MIR,SINE
chr1,176125519,176125540,MA1714.1,+,5.42e-06,L1MEf,L1,LINE
chr5,176650911,176650932,MA1714.1,+,5.42e-06,AluSx,Alu,SINE
chr2,177178319,177178340,MA1714.1,-,5.42e-06,AluSz,Alu,SINE
chr4,183588415,183588436,MA1714.1,-,5.42e-06,AluSg4,Alu,SINE
chr3,184691616,184691637,MA1714.1,-,5.42e-06,L1MA4A,L1,LINE
chr2,205266067,205266088,MA1714.1,-,5.42e-06,ERVL-E-int,ERVL,LTR
chr6,2241333,2241354,MA1714.1,+,5.45e-06,MSTB1-int,ERVL-MaLR,LTR
chr19,8980908,8980929,MA1714.1,+,5.45e-06,L1PB4,L1,LINE
chr9,9632398,9632419,MA1714.1,+,5.45e-06,L1MB7,L1,LINE
chr18,9821768,9821789,MA1714.1,+,5.45e-06,L1MD2,L1,LINE
chr5,13879111,13879132,MA1714.1,+,5.45e-06,L1M3de,L1,LINE
chr19,15650463,15650484,MA1714.1,-,5.45e-06,L1MB8,L1,LINE
chrX,17926503,17926524,MA1714.1,-,5.45e-06,L1PA11,L1,LINE
chr3,21299325,21299346,MA1714.1,+,5.45e-06,MLT1J-int,ERVL-MaLR,LTR
chr5,21865592,21865613,MA1714.1,+,5.45e-06,MSTD-int,ERVL-MaLR,LTR
chr9,23063888,23063909,MA1714.1,-,5.45e-06,THE1C-int,ERVL-MaLR,LTR
chr20,23655186,23655207,MA1714.1,-,5.45e-06,L1PB4,L1,LINE
chrX,24176567,24176588,MA1714.1,-,5.45e-06,L1ME3C,L1,LINE
chr1,24665717,24665738,MA1714.1,+,5.45e-06,MIRb,MIR,SINE
chr15,25898204,25898225,MA1714.1,-,5.45e-06,HAL1-3A_ME,L1,LINE
chr20,31093584,31093605,MA1714.1,+,5.45e-06,L1MB4,L1,LINE
chr18,32214198,32214219,MA1714.1,-,5.45e-06,Charlie1a,hAT-Charlie,DNA
chr9,33583212,33583233,MA1714.1,+,5.45e-06,MSTA-int,ERVL-MaLR,LTR
chr11,43882879,43882900,MA1714.1,-,5.45e-06,L1MEe,L1,LINE
chr5,44145501,44145522,MA1714.1,-,5.45e-06,L1M3b,L1,LINE
chr14,44712561,44712582,MA1714.1,+,5.45e-06,L1MC1,L1,LINE
chr6,48745549,48745570,MA1714.1,+,5.45e-06,L1MA2,L1,LINE
chr7,49346207,49346228,MA1714.1,-,5.45e-06,L1MA9,L1,LINE
chr10,50087904,50087925,MA1714.1,-,5.45e-06,MLT1E2,ERVL-MaLR,LTR
chr18,51828654,51828675,MA1714.1,-,5.45e-06,HAL1,L1,LINE
chr17,52552483,52552504,MA1714.1,-,5.45e-06,L1MEg,L1,LINE
chr16,52874317,52874338,MA1714.1,+,5.45e-06,L4,RTE,LINE
chr14,53424785,53424806,MA1714.1,+,5.45e-06,L1MB7,L1,LINE
chr17,54359238,54359259,MA1714.1,+,5.45e-06,L1ME2,L1,LINE
chr8,54720190,54720211,MA1714.1,+,5.45e-06,L1MB7,L1,LINE
chrX,56988394,56988415,MA1714.1,+,5.45e-06,LTR40b,ERVL,LTR
chr15,58893845,58893866,MA1714.1,-,5.45e-06,L1MC4,L1,LINE
chr13,58952455,58952476,MA1714.1,+,5.45e-06,HAL1b,L1,LINE
chr3,64933797,64933818,MA1714.1,-,5.45e-06,MIRb,MIR,SINE
chr2,68422485,68422506,MA1714.1,-,5.45e-06,L1MC4a,L1,LINE
chr1,69838651,69838672,MA1714.1,-,5.45e-06,L1PREC2,L1,LINE
chr4,70387383,70387404,MA1714.1,+,5.45e-06,MER52D,ERV1,LTR
chr8,70639258,70639279,MA1714.1,-,5.45e-06,MIRb,MIR,SINE
chr11,74235326,74235347,MA1714.1,-,5.45e-06,MIRb,MIR,SINE
chrX,74920009,74920030,MA1714.1,+,5.45e-06,L1PA14,L1,LINE
chr14,75093103,75093124,MA1714.1,+,5.45e-06,L1MB7,L1,LINE
chr12,76920815,76920836,MA1714.1,+,5.45e-06,MIR3,MIR,SINE
chr1,79166764,79166785,MA1714.1,-,5.45e-06,L1PA15,L1,LINE
chr1,80175198,80175219,MA1714.1,+,5.45e-06,Tigger5,TcMar-Tigger,DNA
chr16,83169614,83169635,MA1714.1,+,5.45e-06,L1PB1,L1,LINE
chr15,85582692,85582713,MA1714.1,+,5.45e-06,L1MA7,L1,LINE
chr1,87945644,87945665,MA1714.1,-,5.45e-06,L1M5,L1,LINE
chr13,95337568,95337589,MA1714.1,-,5.45e-06,AluJo,Alu,SINE
chr10,95348979,95349000,MA1714.1,-,5.45e-06,L2a,L2,LINE
chr10,97909103,97909124,MA1714.1,-,5.45e-06,HAL1,L1,LINE
chr13,98072145,98072166,MA1714.1,+,5.45e-06,L1MEd,L1,LINE
chr10,101763888,101763909,MA1714.1,+,5.45e-06,AluJb,Alu,SINE
chr5,103874562,103874583,MA1714.1,+,5.45e-06,MER58B,hAT-Charlie,DNA
chr6,105661856,105661877,MA1714.1,+,5.45e-06,L1ME2,L1,LINE
chr8,106217159,106217180,MA1714.1,-,5.45e-06,Tigger1,TcMar-Tigger,DNA
chr5,109914689,109914710,MA1714.1,+,5.45e-06,L1MB1,L1,LINE
chr2,111817460,111817481,MA1714.1,+,5.45e-06,L1MD1,L1,LINE
chr4,112205022,112205043,MA1714.1,+,5.45e-06,L1MEd,L1,LINE
chrX,116759453,116759474,MA1714.1,-,5.45e-06,MIRb,MIR,SINE
chr4,118648336,118648357,MA1714.1,-,5.45e-06,Arthur1,hAT-Tip100,DNA
chr5,125468470,125468491,MA1714.1,+,5.45e-06,HAL1,L1,LINE
chrX,127891269,127891290,MA1714.1,-,5.45e-06,L1MA3,L1,LINE
chr4,134510541,134510562,MA1714.1,+,5.45e-06,MER52-int,ERV1,LTR
chr6,137207548,137207569,MA1714.1,+,5.45e-06,MIRb,MIR,SINE
chr8,143519858,143519879,MA1714.1,-,5.45e-06,MLT1C,ERVL-MaLR,LTR
chr5,149144302,149144323,MA1714.1,+,5.45e-06,MER113A,hAT-Charlie,DNA
chr3,153812395,153812416,MA1714.1,+,5.45e-06,L1MC4,L1,LINE
chr6,154509678,154509699,MA1714.1,+,5.45e-06,L1MC2,L1,LINE
chr4,158525694,158525715,MA1714.1,+,5.45e-06,L1M3e,L1,LINE
chr5,165124293,165124314,MA1714.1,+,5.45e-06,L1PA11,L1,LINE
chr6,165229166,165229187,MA1714.1,+,5.45e-06,L1MEg,L1,LINE
chr3,178143212,178143233,MA1714.1,-,5.45e-06,L1MA4,L1,LINE
chr4,179015699,179015720,MA1714.1,+,5.45e-06,L1MC1,L1,LINE
chr2,187535981,187536002,MA1714.1,+,5.45e-06,L2a,L2,LINE
chr1,210143742,210143763,MA1714.1,-,5.45e-06,L1PA16,L1,LINE
chr1,3682770,3682791,MA1714.1,-,5.49e-06,HAL1,L1,LINE
chr19,5033515,5033536,MA1714.1,+,5.49e-06,AluJo,Alu,SINE
chr12,8291672,8291693,MA1714.1,-,5.49e-06,L1MA9,L1,LINE
chr3,11274258,11274279,MA1714.1,-,5.49e-06,L1MD1,L1,LINE
chr12,16022640,16022661,MA1714.1,-,5.49e-06,L1M3,L1,LINE
chr14,21518013,21518034,MA1714.1,-,5.49e-06,AluSg,Alu,SINE
chr4,23342358,23342379,MA1714.1,+,5.49e-06,L1MC1,L1,LINE
chr18,27980286,27980307,MA1714.1,-,5.49e-06,L1ME3B,L1,LINE
chr8,28084798,28084819,MA1714.1,+,5.49e-06,LTR27,ERV1,LTR
chr5,31058181,31058202,MA1714.1,+,5.49e-06,LTR40b,ERVL,LTR
chr9,31370522,31370543,MA1714.1,-,5.49e-06,L1MA7,L1,LINE
chr4,33594924,33594945,MA1714.1,+,5.49e-06,HUERS-P3b-int,ERV1,LTR
chr22,34392592,34392613,MA1714.1,+,5.49e-06,AluSx,Alu,SINE
chr9,34774098,34774119,MA1714.1,+,5.49e-06,L1MB3,L1,LINE
chr1,35279501,35279522,MA1714.1,+,5.49e-06,L1MD1,L1,LINE
chr4,35791720,35791741,MA1714.1,+,5.49e-06,HAL1-3A_ME,L1,LINE
chr4,35860426,35860447,MA1714.1,+,5.49e-06,MSTB1-int,ERVL-MaLR,LTR
chr20,36490171,36490192,MA1714.1,+,5.49e-06,MIR,MIR,SINE
chr11,39153466,39153487,MA1714.1,+,5.49e-06,L2,L2,LINE
chr2,39381922,39381943,MA1714.1,-,5.49e-06,L1MD3,L1,LINE
chr21,43263944,43263965,MA1714.1,+,5.49e-06,AluJr,Alu,SINE
chr7,43391600,43391621,MA1714.1,-,5.49e-06,L1MEg,L1,LINE
chr7,44044033,44044054,MA1714.1,-,5.49e-06,AluJo,Alu,SINE
chr4,46819426,46819447,MA1714.1,-,5.49e-06,MIRb,MIR,SINE
chr16,49230084,49230105,MA1714.1,+,5.49e-06,MER117,hAT-Charlie,DNA
chr15,53743982,53744003,MA1714.1,-,5.49e-06,MIRc,MIR,SINE
chr17,54008399,54008420,MA1714.1,+,5.49e-06,L1PA16,L1,LINE
chr7,54828779,54828800,MA1714.1,+,5.49e-06,L1ME2z,L1,LINE
chr13,56457888,56457909,MA1714.1,-,5.49e-06,L1M3c,L1,LINE
chr6,56748557,56748578,MA1714.1,-,5.49e-06,L1MC5,L1,LINE
chr18,60204326,60204347,MA1714.1,-,5.49e-06,L1MB4,L1,LINE
chr1,60516102,60516123,MA1714.1,-,5.49e-06,L1MC5,L1,LINE
chr13,62018246,62018267,MA1714.1,+,5.49e-06,L1MEe,L1,LINE
chr2,64497713,64497734,MA1714.1,+,5.49e-06,LTR88a,Gypsy,LTR
chr7,66748192,66748213,MA1714.1,-,5.49e-06,AluJo,Alu,SINE
chr4,67580034,67580055,MA1714.1,+,5.49e-06,L1PA7,L1,LINE
chr10,70133453,70133474,MA1714.1,+,5.49e-06,AluJr,Alu,SINE
chr14,70421783,70421804,MA1714.1,-,5.49e-06,MIRb,MIR,SINE
chr13,73887615,73887636,MA1714.1,+,5.49e-06,HAL1,L1,LINE
chr7,75127847,75127868,MA1714.1,-,5.49e-06,AluJo,Alu,SINE
chr9,75181017,75181038,MA1714.1,-,5.49e-06,AluJr,Alu,SINE
chr7,76166260,76166281,MA1714.1,+,5.49e-06,AluJo,Alu,SINE
chr7,76685324,76685345,MA1714.1,+,5.49e-06,AluJo,Alu,SINE
chr2,78061724,78061745,MA1714.1,+,5.49e-06,MER50-int,ERV1,LTR
chr14,79754838,79754859,MA1714.1,-,5.49e-06,MIRb,MIR,SINE
chr4,79957453,79957474,MA1714.1,-,5.49e-06,MER21C,ERVL,LTR
chr4,80565594,80565615,MA1714.1,+,5.49e-06,MIRb,MIR,SINE
chr12,80729110,80729131,MA1714.1,+,5.49e-06,MIR,MIR,SINE
chr14,81275750,81275771,MA1714.1,+,5.49e-06,L1M2,L1,LINE
chr11,85918447,85918468,MA1714.1,+,5.49e-06,L1MA9,L1,LINE
chr15,85955396,85955417,MA1714.1,+,5.49e-06,Charlie1a,hAT-Charlie,DNA
chr14,87090850,87090871,MA1714.1,-,5.49e-06,MLT1A1-int,ERVL-MaLR,LTR
chr10,90064095,90064116,MA1714.1,+,5.49e-06,L1PA13,L1,LINE
chr4,90386550,90386571,MA1714.1,+,5.49e-06,AluSc8,Alu,SINE
chr5,91416584,91416605,MA1714.1,+,5.49e-06,L3,CR1,LINE
chrX,92398365,92398386,MA1714.1,+,5.49e-06,L1M4b,L1,LINE
chr12,95885523,95885544,MA1714.1,-,5.49e-06,AluSz6,Alu,SINE
chr5,99182222,99182243,MA1714.1,-,5.49e-06,L1MA4,L1,LINE
chr7,101991937,101991958,MA1714.1,+,5.49e-06,AluJo,Alu,SINE
chr7,102198208,102198229,MA1714.1,-,5.49e-06,AluJo,Alu,SINE
chr7,102297292,102297313,MA1714.1,-,5.49e-06,AluJo,Alu,SINE
chr1,107929469,107929490,MA1714.1,-,5.49e-06,L1MB7,L1,LINE
chr12,111756515,111756536,MA1714.1,-,5.49e-06,AluJo,Alu,SINE
chr7,112401851,112401872,MA1714.1,+,5.49e-06,MIRb,MIR,SINE
chr11,116828383,116828404,MA1714.1,-,5.49e-06,MIR,MIR,SINE
chr4,118512956,118512977,MA1714.1,-,5.49e-06,MER57-int,ERV1,LTR
chr9,122220936,122220957,MA1714.1,-,5.49e-06,L3,CR1,LINE
chrX,131800605,131800626,MA1714.1,+,5.49e-06,MIRb,MIR,SINE
chr5,136152922,136152943,MA1714.1,-,5.49e-06,LTR33,ERVL,LTR
chr8,138755867,138755888,MA1714.1,-,5.49e-06,L1MA3,L1,LINE
chr6,145808106,145808127,MA1714.1,-,5.49e-06,L1PA12,L1,LINE
chrX,148616543,148616564,MA1714.1,-,5.49e-06,HAL1-3A_ME,L1,LINE
chr7,149780762,149780783,MA1714.1,-,5.49e-06,L1MA4,L1,LINE
chr6,159986035,159986056,MA1714.1,-,5.49e-06,AluJr,Alu,SINE
chr2,181085877,181085898,MA1714.1,+,5.49e-06,MIRc,MIR,SINE
chr2,182446576,182446597,MA1714.1,-,5.49e-06,ERVL-E-int,ERVL,LTR
chr4,185933487,185933508,MA1714.1,-,5.49e-06,AluJr,Alu,SINE
chr1,186944661,186944682,MA1714.1,-,5.49e-06,MIR,MIR,SINE
chr1,205602126,205602147,MA1714.1,+,5.49e-06,MIRb,MIR,SINE
chr1,238525910,238525931,MA1714.1,-,5.49e-06,L1MC3,L1,LINE
chr1,242367989,242368010,MA1714.1,-,5.49e-06,MIRb,MIR,SINE
chr7,1352374,1352395,MA1714.1,-,5.52e-06,MLT1J2,ERVL-MaLR,LTR
chr8,1580283,1580304,MA1714.1,+,5.52e-06,HAL1-3A_ME,L1,LINE
chrY,1726259,1726280,MA1714.1,+,5.52e-06,L1MB5,L1,LINE
chrX,1776259,1776280,MA1714.1,+,5.52e-06,L1MB5,L1,LINE
chrX,2815122,2815143,MA1714.1,-,5.52e-06,L1M4,L1,LINE
chrX,3909292,3909313,MA1714.1,-,5.52e-06,L1PA16,L1,LINE
chr6_apd_hap1,4144460,4144481,MA1714.1,-,5.52e-06,L1ME3E,L1,LINE
chr6_mcf_hap5,4194333,4194354,MA1714.1,-,5.52e-06,L1ME3E,L1,LINE
chr18,4262831,4262852,MA1714.1,+,5.52e-06,MIR,MIR,SINE
chr6_ssto_hap7,4288227,4288248,MA1714.1,-,5.52e-06,L1ME3E,L1,LINE
chr9,4478170,4478191,MA1714.1,+,5.52e-06,L1MC5,L1,LINE
chr18,9681226,9681247,MA1714.1,-,5.52e-06,L1M4b,L1,LINE
chr10,10127552,10127573,MA1714.1,-,5.52e-06,AluSc,Alu,SINE
chr21,10423708,10423729,MA1714.1,-,5.52e-06,LTR25-int,ERV1,LTR
chr17,11692825,11692846,MA1714.1,-,5.52e-06,L1ME3A,L1,LINE
chr19,13507368,13507389,MA1714.1,+,5.52e-06,MER3,hAT-Charlie,DNA
chrY,14504908,14504929,MA1714.1,+,5.52e-06,L1MC,L1,LINE
chr2,14682751,14682772,MA1714.1,+,5.52e-06,L1M3,L1,LINE
chr20,16367515,16367536,MA1714.1,+,5.52e-06,MIRb,MIR,SINE
chrY,17992976,17992997,MA1714.1,-,5.52e-06,L1MA4,L1,LINE
chrY,18010559,18010580,MA1714.1,+,5.52e-06,L1MA4,L1,LINE
chr19,18214490,18214511,MA1714.1,-,5.52e-06,MIR,MIR,SINE
chrX,18804572,18804593,MA1714.1,+,5.52e-06,MIRb,MIR,SINE
chr22,19378883,19378904,MA1714.1,+,5.52e-06,L1ME2,L1,LINE
chr5,19704209,19704230,MA1714.1,+,5.52e-06,HERVK9-int,ERVK,LTR
chr6,20996024,20996045,MA1714.1,-,5.52e-06,Tigger1,TcMar-Tigger,DNA
chr5,21866970,21866991,MA1714.1,+,5.52e-06,THE1B-int,ERVL-MaLR,LTR
chr5,21947911,21947932,MA1714.1,+,5.52e-06,THE1D-int,ERVL-MaLR,LTR
chr8,22630080,22630101,MA1714.1,-,5.52e-06,AluJo,Alu,SINE
chr15,23628000,23628021,MA1714.1,-,5.52e-06,L1ME1,L1,LINE
chr14,23959461,23959482,MA1714.1,-,5.52e-06,L1ME4a,L1,LINE
chr5,25122037,25122058,MA1714.1,-,5.52e-06,THE1D-int,ERVL-MaLR,LTR
chr12,25275175,25275196,MA1714.1,+,5.52e-06,AluJo,Alu,SINE
chr2,26147894,26147915,MA1714.1,+,5.52e-06,MIRb,MIR,SINE
chr9,26438370,26438391,MA1714.1,-,5.52e-06,L1MEg,L1,LINE
chr17,27373510,27373531,MA1714.1,+,5.52e-06,MIRb,MIR,SINE
chr14,27528132,27528153,MA1714.1,+,5.52e-06,MLT1C,ERVL-MaLR,LTR
chr22,28353889,28353910,MA1714.1,+,5.52e-06,L1M4,L1,LINE
chr7,30600394,30600415,MA1714.1,+,5.52e-06,MER99,hAT,DNA
chr11,31488308,31488329,MA1714.1,+,5.52e-06,L1MA5,L1,LINE
chr10,33051666,33051687,MA1714.1,+,5.52e-06,L1MA7,L1,LINE
chr18,33149024,33149045,MA1714.1,-,5.52e-06,AluJo,Alu,SINE
chr19,33331029,33331050,MA1714.1,-,5.52e-06,L1M7,L1,LINE
chr10,34030549,34030570,MA1714.1,+,5.52e-06,L1MA8,L1,LINE
chr3,34269817,34269838,MA1714.1,+,5.52e-06,Charlie4z,hAT-Charlie,DNA
chr10,36605801,36605822,MA1714.1,+,5.52e-06,MIR,MIR,SINE
chr14,36867416,36867437,MA1714.1,+,5.52e-06,MIR,MIR,SINE
chr3,37616969,37616990,MA1714.1,-,5.52e-06,MIR,MIR,SINE
chr20,38107102,38107123,MA1714.1,-,5.52e-06,ORSL,hAT-Tip100,DNA
chr5,38669295,38669316,MA1714.1,+,5.52e-06,AluSg,Alu,SINE
chr1,39011747,39011768,MA1714.1,+,5.52e-06,MIRc,MIR,SINE
chr15,39616151,39616172,MA1714.1,+,5.52e-06,MIRb,MIR,SINE
chrX,40807357,40807378,MA1714.1,+,5.52e-06,L1MC3,L1,LINE
chr6,40957257,40957278,MA1714.1,-,5.52e-06,MIR,MIR,SINE
chr8,42006569,42006590,MA1714.1,+,5.52e-06,MIR,MIR,SINE
chr9,42076784,42076805,MA1714.1,-,5.52e-06,LTR25-int,ERV1,LTR
chr12,42342761,42342782,MA1714.1,+,5.52e-06,L1PA16,L1,LINE
chrX,42525426,42525447,MA1714.1,+,5.52e-06,MLT1H2,ERVL-MaLR,LTR
chr1,43345573,43345594,MA1714.1,-,5.52e-06,MER52A,ERV1,LTR
chr14,44325720,44325741,MA1714.1,+,5.52e-06,MER106B,hAT-Charlie,DNA
chr15,45070819,45070840,MA1714.1,-,5.52e-06,Charlie4z,hAT-Charlie,DNA
chr9,46630237,46630258,MA1714.1,+,5.52e-06,LTR25-int,ERV1,LTR
chr20,47376011,47376032,MA1714.1,+,5.52e-06,AluSx,Alu,SINE
chr1,47960070,47960091,MA1714.1,+,5.52e-06,MIRb,MIR,SINE
chr7,48101553,48101574,MA1714.1,+,5.52e-06,L1MC1,L1,LINE
chr17,55040670,55040691,MA1714.1,+,5.52e-06,MER51B,ERV1,LTR
chr12,56192679,56192700,MA1714.1,+,5.52e-06,MIR,MIR,SINE
chr1,57049138,57049159,MA1714.1,+,5.52e-06,MIRb,MIR,SINE
chr12,61119802,61119823,MA1714.1,+,5.52e-06,L1PA15,L1,LINE
chr2,66313677,66313698,MA1714.1,+,5.52e-06,L1PB1,L1,LINE
chr17,69336628,69336649,MA1714.1,+,5.52e-06,MIRb,MIR,SINE
chr3,72482580,72482601,MA1714.1,-,5.52e-06,MIR,MIR,SINE
chr4,73246453,73246474,MA1714.1,+,5.52e-06,ERVL-E-int,ERVL,LTR
chr10,77559819,77559840,MA1714.1,-,5.52e-06,L1MEb,L1,LINE
chr1,79337087,79337108,MA1714.1,-,5.52e-06,MSTB-int,ERVL-MaLR,LTR
chr12,80529124,80529145,MA1714.1,-,5.52e-06,AluSx,Alu,SINE
chr13,81239527,81239548,MA1714.1,-,5.52e-06,L1MDa,L1,LINE
chr14,82342382,82342403,MA1714.1,+,5.52e-06,THE1D-int,ERVL-MaLR,LTR
chr3,82933704,82933725,MA1714.1,-,5.52e-06,ERVL-B4-int,ERVL,LTR
chr11,83672604,83672625,MA1714.1,+,5.52e-06,MIRb,MIR,SINE
chr5,84465358,84465379,MA1714.1,-,5.52e-06,L1PREC2,L1,LINE
chr4,84497668,84497689,MA1714.1,-,5.52e-06,AluSz6,Alu,SINE
chr7,88776229,88776250,MA1714.1,+,5.52e-06,AluJb,Alu,SINE
chr5,94053825,94053846,MA1714.1,+,5.52e-06,L1PA10,L1,LINE
chr9,96174415,96174436,MA1714.1,-,5.52e-06,L1M3c,L1,LINE
chr4,96609592,96609613,MA1714.1,-,5.52e-06,L1MDa,L1,LINE
chr5,98561998,98562019,MA1714.1,-,5.52e-06,SATR1,Satellite,Satellite
chr13,100259832,100259853,MA1714.1,-,5.52e-06,MIRc,MIR,SINE
chr13,101672120,101672141,MA1714.1,+,5.52e-06,Cheshire,hAT-Charlie,DNA
chr13,101818281,101818302,MA1714.1,-,5.52e-06,L1MB2,L1,LINE
chr5,102446334,102446355,MA1714.1,+,5.52e-06,L1M5,L1,LINE
chr9,108979638,108979659,MA1714.1,+,5.52e-06,L1MA7,L1,LINE
chr3,109469089,109469110,MA1714.1,-,5.52e-06,MIRb,MIR,SINE
chr1,113148639,113148660,MA1714.1,-,5.52e-06,MLT1B-int,ERVL-MaLR,LTR
chr2,114582395,114582416,MA1714.1,-,5.52e-06,AluSx,Alu,SINE
chr5,118766675,118766696,MA1714.1,-,5.52e-06,HERV9-int,ERV1,LTR
chr12,120423899,120423920,MA1714.1,+,5.52e-06,Charlie1b,hAT-Charlie,DNA
chr9,121512707,121512728,MA1714.1,+,5.52e-06,L1M3c,L1,LINE
chr12,125195221,125195242,MA1714.1,-,5.52e-06,MLT1A0,ERVL-MaLR,LTR
chr6,130969468,130969489,MA1714.1,-,5.52e-06,MIRb,MIR,SINE
chr4,132727077,132727098,MA1714.1,-,5.52e-06,LTR25-int,ERV1,LTR
chr7,137622763,137622784,MA1714.1,+,5.52e-06,L1MC1,L1,LINE
chrX,144064591,144064612,MA1714.1,+,5.52e-06,L1M1,L1,LINE
chr3,144211013,144211034,MA1714.1,-,5.52e-06,LTR78B,ERV1,LTR
chr6,146178810,146178831,MA1714.1,+,5.52e-06,L1ME1,L1,LINE
chr3,146730955,146730976,MA1714.1,-,5.52e-06,MLT1E3,ERVL-MaLR,LTR
chr6,148586332,148586353,MA1714.1,+,5.52e-06,AluJo,Alu,SINE
chr5,150166657,150166678,MA1714.1,-,5.52e-06,L1MEg,L1,LINE
chr5,152808859,152808880,MA1714.1,-,5.52e-06,MIRc,MIR,SINE
chr5,159241399,159241420,MA1714.1,+,5.52e-06,MLT1A0-int,ERVL-MaLR,LTR
chr2,159272741,159272762,MA1714.1,-,5.52e-06,MSTA-int,ERVL-MaLR,LTR
chr2,161401245,161401266,MA1714.1,-,5.52e-06,L1M7,L1,LINE
chr4,169471130,169471151,MA1714.1,-,5.52e-06,MIRc,MIR,SINE
chr3,170958479,170958500,MA1714.1,+,5.52e-06,L2a,L2,LINE
chr1,178372817,178372838,MA1714.1,+,5.52e-06,L1ME1,L1,LINE
chr1,189121418,189121439,MA1714.1,-,5.52e-06,L1PA17,L1,LINE
chr1,191842101,191842122,MA1714.1,+,5.52e-06,L1MEg,L1,LINE
chr2,202033941,202033962,MA1714.1,+,5.52e-06,L1P3,L1,LINE
chr1,202337677,202337698,MA1714.1,-,5.52e-06,L1ME2,L1,LINE
chr2,203983962,203983983,MA1714.1,-,5.52e-06,AluJb,Alu,SINE
chr1,209873846,209873867,MA1714.1,-,5.52e-06,THE1A-int,ERVL-MaLR,LTR
chr1,219265693,219265714,MA1714.1,+,5.52e-06,L1MA4,L1,LINE
chr6_mann_hap4,484046,484067,MA1714.1,-,5.56e-06,LTR16E1,ERVL,LTR
chr6_qbl_hap6,484046,484067,MA1714.1,-,5.56e-06,LTR16E1,ERVL,LTR
chr6_dbb_hap3,484049,484070,MA1714.1,-,5.56e-06,LTR16E1,ERVL,LTR
chr6_mcf_hap5,484161,484182,MA1714.1,-,5.56e-06,LTR16E1,ERVL,LTR
chr6_ssto_hap7,521534,521555,MA1714.1,-,5.56e-06,LTR16E1,ERVL,LTR
chr6_cox_hap2,699500,699521,MA1714.1,-,5.56e-06,LTR16E1,ERVL,LTR
chr11,6156153,6156174,MA1714.1,-,5.56e-06,MER65-int,ERV1,LTR
chr1,7277174,7277195,MA1714.1,+,5.56e-06,THE1C,ERVL-MaLR,LTR
chr20,8257071,8257092,MA1714.1,+,5.56e-06,MIR,MIR,SINE
chrX,8429649,8429670,MA1714.1,+,5.56e-06,AluSz6,Alu,SINE
chr12,10690545,10690566,MA1714.1,-,5.56e-06,THE1B-int,ERVL-MaLR,LTR
chr17,14690277,14690298,MA1714.1,-,5.56e-06,L1MC4,L1,LINE
chr11,15359374,15359395,MA1714.1,-,5.56e-06,L1MA7,L1,LINE
chr5,16158657,16158678,MA1714.1,+,5.56e-06,L1MA4,L1,LINE
chr6,16693641,16693662,MA1714.1,+,5.56e-06,MIRc,MIR,SINE
chr21,18482598,18482619,MA1714.1,-,5.56e-06,THE1A-int,ERVL-MaLR,LTR
chr1,20983179,20983200,MA1714.1,-,5.56e-06,Kanga2_a,TcMar-Tc2,DNA
chr14,21181906,21181927,MA1714.1,-,5.56e-06,PABL_B-int,ERV1,LTR
chr7,21341562,21341583,MA1714.1,+,5.56e-06,L1MB3,L1,LINE
chr12,21478594,21478615,MA1714.1,-,5.56e-06,MER4B-int,ERV1,LTR
chr21,21652031,21652052,MA1714.1,-,5.56e-06,MER21C,ERVL,LTR
chr2,24007857,24007878,MA1714.1,+,5.56e-06,MIRb,MIR,SINE
chr7,24226561,24226582,MA1714.1,-,5.56e-06,L1MC2,L1,LINE
chr12,25721530,25721551,MA1714.1,+,5.56e-06,MSTB-int,ERVL-MaLR,LTR
chr18,26437325,26437346,MA1714.1,+,5.56e-06,MLT1A0,ERVL-MaLR,LTR
chr6,29180604,29180625,MA1714.1,-,5.56e-06,LTR16E1,ERVL,LTR
chr1,30287092,30287113,MA1714.1,-,5.56e-06,AluJb,Alu,SINE
chr9,31801777,31801798,MA1714.1,+,5.56e-06,THE1B-int,ERVL-MaLR,LTR
chr13,32923635,32923656,MA1714.1,+,5.56e-06,HAL1,L1,LINE
chr15,36614125,36614146,MA1714.1,-,5.56e-06,L1MEf,L1,LINE
chr7,37566360,37566381,MA1714.1,-,5.56e-06,L3b,CR1,LINE
chr5,44192074,44192095,MA1714.1,-,5.56e-06,ERV3-16A3_I-int,ERVL,LTR
chr22,44573145,44573166,MA1714.1,-,5.56e-06,L1MC4,L1,LINE
chr7,44762457,44762478,MA1714.1,-,5.56e-06,AluY,Alu,SINE
chr7,46469565,46469586,MA1714.1,-,5.56e-06,THE1A-int,ERVL-MaLR,LTR
chr13,47485947,47485968,MA1714.1,-,5.56e-06,L1ME3A,L1,LINE
chr17,48783093,48783114,MA1714.1,-,5.56e-06,AluSc5,Alu,SINE
chr20,48830744,48830765,MA1714.1,-,5.56e-06,AluJo,Alu,SINE
chr14,50398750,50398771,MA1714.1,-,5.56e-06,L1M7,L1,LINE
chr5,52555660,52555681,MA1714.1,-,5.56e-06,ERV3-16A3_I-int,ERVL,LTR
chr12,52712061,52712082,MA1714.1,-,5.56e-06,AluY,Alu,SINE
chr17,56278301,56278322,MA1714.1,-,5.56e-06,MIRb,MIR,SINE
chr3,57970383,57970404,MA1714.1,-,5.56e-06,AluJb,Alu,SINE
chr4,59398629,59398650,MA1714.1,-,5.56e-06,L1MA2,L1,LINE
chr7,61673673,61673694,MA1714.1,+,5.56e-06,HAL1-3A_ME,L1,LINE
chrX,62780365,62780386,MA1714.1,+,5.56e-06,MIR,MIR,SINE
chr3,64719695,64719716,MA1714.1,-,5.56e-06,AluY,Alu,SINE
chr5,65814751,65814772,MA1714.1,-,5.56e-06,L1MCa,L1,LINE
chr13,68571783,68571804,MA1714.1,+,5.56e-06,L3,CR1,LINE
chr13,69550850,69550871,MA1714.1,+,5.56e-06,MIRb,MIR,SINE
chr8,69695201,69695222,MA1714.1,+,5.56e-06,AluJo,Alu,SINE
chr2,70430178,70430199,MA1714.1,+,5.56e-06,HERVL18-int,ERVL,LTR
chr12,70676460,70676481,MA1714.1,-,5.56e-06,L1ME3F,L1,LINE
chrX,71405069,71405090,MA1714.1,+,5.56e-06,L2c,L2,LINE
chr11,71681906,71681927,MA1714.1,+,5.56e-06,L1M5,L1,LINE
chr7,73275851,73275872,MA1714.1,-,5.56e-06,AluJr,Alu,SINE
chr4,74195502,74195523,MA1714.1,-,5.56e-06,MER21-int,ERVL,LTR
chr7,77630139,77630160,MA1714.1,-,5.56e-06,L1M5,L1,LINE
chr14,83993030,83993051,MA1714.1,+,5.56e-06,L1MC4,L1,LINE
chr2,84581860,84581881,MA1714.1,+,5.56e-06,L1PA7,L1,LINE
chr5,85650063,85650084,MA1714.1,-,5.56e-06,L1MB5,L1,LINE
chr12,86805600,86805621,MA1714.1,+,5.56e-06,MSTA-int,ERVL-MaLR,LTR
chr1,87416145,87416166,MA1714.1,+,5.56e-06,L1MC4,L1,LINE
chr10,92024689,92024710,MA1714.1,+,5.56e-06,L1PA10,L1,LINE
chr14,95317964,95317985,MA1714.1,-,5.56e-06,AluSq2,Alu,SINE
chr13,96179341,96179362,MA1714.1,-,5.56e-06,HAL1,L1,LINE
chr4,98532997,98533018,MA1714.1,+,5.56e-06,L1M5,L1,LINE
chr9,98922271,98922292,MA1714.1,+,5.56e-06,HAL1-3A_ME,L1,LINE
chrX,101187872,101187893,MA1714.1,-,5.56e-06,L1ME3F,L1,LINE
chr1,103522124,103522145,MA1714.1,+,5.56e-06,L1MC1,L1,LINE
chr4,104198759,104198780,MA1714.1,-,5.56e-06,ERVL-B4-int,ERVL,LTR
chrX,105793178,105793199,MA1714.1,-,5.56e-06,L1MD2,L1,LINE
chr12,105920781,105920802,MA1714.1,-,5.56e-06,L1MC3,L1,LINE
chr5,108412239,108412260,MA1714.1,-,5.56e-06,AluJb,Alu,SINE
chr4,109729036,109729057,MA1714.1,-,5.56e-06,AluSc8,Alu,SINE
chr3,115172977,115172998,MA1714.1,-,5.56e-06,L1MC3,L1,LINE
chr5,117082160,117082181,MA1714.1,-,5.56e-06,LTR40a,ERVL,LTR
chr1,117881187,117881208,MA1714.1,+,5.56e-06,MamGyp-int,Gypsy,LTR
chrX,120728599,120728620,MA1714.1,+,5.56e-06,MIRb,MIR,SINE
chr10,122780793,122780814,MA1714.1,-,5.56e-06,HAL1,L1,LINE
chr9,123346749,123346770,MA1714.1,-,5.56e-06,MIRb,MIR,SINE
chr7,126349929,126349950,MA1714.1,+,5.56e-06,L1MA9,L1,LINE
chr4,126684077,126684098,MA1714.1,-,5.56e-06,L1MC4a,L1,LINE
chr4,137270383,137270404,MA1714.1,-,5.56e-06,L1MCc,L1,LINE
chr3,147392599,147392620,MA1714.1,-,5.56e-06,L1M5,L1,LINE
chr2,150122923,150122944,MA1714.1,+,5.56e-06,L1MA9,L1,LINE
chr1,151286464,151286485,MA1714.1,+,5.56e-06,MIRb,MIR,SINE
chr6,159255046,159255067,MA1714.1,-,5.56e-06,L1M5,L1,LINE
chr2,162156462,162156483,MA1714.1,+,5.56e-06,L1M5,L1,LINE
chr4,166466168,166466189,MA1714.1,-,5.56e-06,L1MC4,L1,LINE
chr4,177453875,177453896,MA1714.1,+,5.56e-06,ERVL-E-int,ERVL,LTR
chr2,183337290,183337311,MA1714.1,+,5.56e-06,L1PB4,L1,LINE
chr1,190001911,190001932,MA1714.1,-,5.56e-06,L1MB1,L1,LINE
chr2,210273614,210273635,MA1714.1,+,5.56e-06,L1MB7,L1,LINE
chr2,230321707,230321728,MA1714.1,+,5.56e-06,L1MEf,L1,LINE
chr1,241080986,241081007,MA1714.1,+,5.56e-06,L1MC2,L1,LINE
chrY,2338144,2338165,MA1714.1,+,5.59e-06,L1MA8,L1,LINE
chrY,2348262,2348283,MA1714.1,+,5.59e-06,L1MA8,L1,LINE
chrX,2388144,2388165,MA1714.1,+,5.59e-06,L1MA8,L1,LINE
chrX,2398262,2398283,MA1714.1,+,5.59e-06,L1MA8,L1,LINE
chrY,4394432,4394453,MA1714.1,+,5.59e-06,MSTA-int,ERVL-MaLR,LTR
chr11,4845592,4845613,MA1714.1,-,5.59e-06,ERVL-E-int,ERVL,LTR
chr2,6358882,6358903,MA1714.1,-,5.59e-06,MIRb,MIR,SINE
chr17,9123578,9123599,MA1714.1,+,5.59e-06,MIRb,MIR,SINE
chr9,9831987,9832008,MA1714.1,+,5.59e-06,ERVL-E-int,ERVL,LTR
chr5,11219782,11219803,MA1714.1,+,5.59e-06,MLT1D,ERVL-MaLR,LTR
chr12,11625920,11625941,MA1714.1,-,5.59e-06,L1MB2,L1,LINE
chr19,12169044,12169065,MA1714.1,-,5.59e-06,AluSz,Alu,SINE
chr3,15656310,15656331,MA1714.1,-,5.59e-06,AluJb,Alu,SINE
chr12,17405801,17405822,MA1714.1,+,5.59e-06,AluSx,Alu,SINE
chr8,17918014,17918035,MA1714.1,+,5.59e-06,L3b,CR1,LINE
chr3,22501064,22501085,MA1714.1,-,5.59e-06,L1MA9,L1,LINE
chr19,23665426,23665447,MA1714.1,+,5.59e-06,L1PA17,L1,LINE
chr2,23766255,23766276,MA1714.1,+,5.59e-06,MIRb,MIR,SINE
chr3,25718225,25718246,MA1714.1,-,5.59e-06,MER20,hAT-Charlie,DNA
chr16,26594841,26594862,MA1714.1,-,5.59e-06,MLT1D,ERVL-MaLR,LTR
chr9,26708700,26708721,MA1714.1,-,5.59e-06,MIRc,MIR,SINE
chr3,28883228,28883249,MA1714.1,+,5.59e-06,LTR16A1,ERVL,LTR
chr16,31135842,31135863,MA1714.1,+,5.59e-06,AluSx3,Alu,SINE
chr16,32433944,32433965,MA1714.1,-,5.59e-06,L1M4c,L1,LINE
chr7,32652859,32652880,MA1714.1,+,5.59e-06,L1MB3,L1,LINE
chr7,34302239,34302260,MA1714.1,+,5.59e-06,THE1C,ERVL-MaLR,LTR
chr4,35028366,35028387,MA1714.1,-,5.59e-06,L1MEf,L1,LINE
chr5,36791626,36791647,MA1714.1,-,5.59e-06,LTR67B,ERVL,LTR
chrX,37619942,37619963,MA1714.1,+,5.59e-06,MLT1H,ERVL-MaLR,LTR
chr4,38400755,38400776,MA1714.1,-,5.59e-06,L1ME1,L1,LINE
chrX,38656403,38656424,MA1714.1,-,5.59e-06,HAL1b,L1,LINE
chr8,38734274,38734295,MA1714.1,-,5.59e-06,FLAM_A,Alu,SINE
chrX,39000082,39000103,MA1714.1,-,5.59e-06,FordPrefect,hAT-Tip100,DNA
chrX,39053026,39053047,MA1714.1,+,5.59e-06,MIRb,MIR,SINE
chrX,43496568,43496589,MA1714.1,-,5.59e-06,MER84-int,ERV1,LTR
chr2,44490614,44490635,MA1714.1,-,5.59e-06,MER50,ERV1,LTR
chr17,46305226,46305247,MA1714.1,+,5.59e-06,MIR,MIR,SINE
chr21,46670627,46670648,MA1714.1,-,5.59e-06,L1ME4a,L1,LINE
chr2,46678185,46678206,MA1714.1,+,5.59e-06,FLAM_A,Alu,SINE
chr13,49798266,49798287,MA1714.1,-,5.59e-06,MER103C,hAT-Charlie,DNA
chr10,50069566,50069587,MA1714.1,-,5.59e-06,L1MDa,L1,LINE
chr6,50468912,50468933,MA1714.1,+,5.59e-06,L1MA4A,L1,LINE
chr13,51634068,51634089,MA1714.1,-,5.59e-06,MIR,MIR,SINE
chr8,52020958,52020979,MA1714.1,+,5.59e-06,L1MEg,L1,LINE
chr1,52761106,52761127,MA1714.1,-,5.59e-06,AluJo,Alu,SINE
chr3,59920569,59920590,MA1714.1,-,5.59e-06,THE1C,ERVL-MaLR,LTR
chr14,63961539,63961560,MA1714.1,+,5.59e-06,AluJb,Alu,SINE
chr6,64473399,64473420,MA1714.1,+,5.59e-06,THE1C,ERVL-MaLR,LTR
chr16,65601786,65601807,MA1714.1,+,5.59e-06,L1M5,L1,LINE
chr6,66738978,66738999,MA1714.1,+,5.59e-06,L1MA7,L1,LINE
chrX,67183548,67183569,MA1714.1,+,5.59e-06,L1MA2,L1,LINE
chr18,67205825,67205846,MA1714.1,-,5.59e-06,AluJo,Alu,SINE
chr4,67490045,67490066,MA1714.1,+,5.59e-06,ERVL-B4-int,ERVL,LTR
chr12,68207890,68207911,MA1714.1,-,5.59e-06,THE1C,ERVL-MaLR,LTR
chr1,72895593,72895614,MA1714.1,+,5.59e-06,THE1C,ERVL-MaLR,LTR
chr16,73143311,73143332,MA1714.1,-,5.59e-06,L1ME4a,L1,LINE
chr2,75759641,75759662,MA1714.1,+,5.59e-06,L1MDa,L1,LINE
chr6,76809740,76809761,MA1714.1,+,5.59e-06,L1PA7,L1,LINE
chr5,79798567,79798588,MA1714.1,-,5.59e-06,Charlie16a,hAT-Charlie,DNA
chr6,82493396,82493417,MA1714.1,-,5.59e-06,L3,CR1,LINE
chrX,85779989,85780010,MA1714.1,-,5.59e-06,MIRb,MIR,SINE
chr7,86247011,86247032,MA1714.1,+,5.59e-06,THE1C,ERVL-MaLR,LTR
chr3,88585291,88585312,MA1714.1,+,5.59e-06,THE1C,ERVL-MaLR,LTR
chrX,90204967,90204988,MA1714.1,+,5.59e-06,MSTA-int,ERVL-MaLR,LTR
chr9,93337326,93337347,MA1714.1,+,5.59e-06,L1MC3,L1,LINE
chr7,93372725,93372746,MA1714.1,-,5.59e-06,L1MB2,L1,LINE
chr13,95272303,95272324,MA1714.1,-,5.59e-06,MIRc,MIR,SINE
chr11,97515803,97515824,MA1714.1,+,5.59e-06,AluY,Alu,SINE
chrX,97646250,97646271,MA1714.1,-,5.59e-06,L1PA15,L1,LINE
chr7,98973335,98973356,MA1714.1,+,5.59e-06,AluSx,Alu,SINE
chr12,100625107,100625128,MA1714.1,-,5.59e-06,AluJb,Alu,SINE
chr14,103785997,103786018,MA1714.1,+,5.59e-06,L1MC1,L1,LINE
chr3,106066357,106066378,MA1714.1,-,5.59e-06,L1MC3,L1,LINE
chr10,109977465,109977486,MA1714.1,-,5.59e-06,BLACKJACK,hAT-Blackjack,DNA
chr5,116991893,116991914,MA1714.1,+,5.59e-06,L1MC3,L1,LINE
chr12,117972628,117972649,MA1714.1,+,5.59e-06,MLT1D,ERVL-MaLR,LTR
chr8,119853427,119853448,MA1714.1,+,5.59e-06,THE1D-int,ERVL-MaLR,LTR
chrX,120854740,120854761,MA1714.1,-,5.59e-06,L1MEf,L1,LINE
chr10,124258765,124258786,MA1714.1,+,5.59e-06,MER45C,hAT-Tip100,DNA
chr8,134035191,134035212,MA1714.1,+,5.59e-06,MIRb,MIR,SINE
chr6,144038736,144038757,MA1714.1,-,5.59e-06,AluJb,Alu,SINE
chr2,163634139,163634160,MA1714.1,-,5.59e-06,MIRb,MIR,SINE
chr6,167909380,167909401,MA1714.1,+,5.59e-06,FordPrefect_a,hAT-Tip100,DNA
chr1,175101744,175101765,MA1714.1,-,5.59e-06,MIRc,MIR,SINE
chr2,175909804,175909825,MA1714.1,-,5.59e-06,L1PA8A,L1,LINE
chr5,177845202,177845223,MA1714.1,+,5.59e-06,MIR,MIR,SINE
chr2,195038393,195038414,MA1714.1,+,5.59e-06,L1M5,L1,LINE
chr1,199453234,199453255,MA1714.1,-,5.59e-06,MIR,MIR,SINE
chr2,205516545,205516566,MA1714.1,-,5.59e-06,MSTA-int,ERVL-MaLR,LTR
chr1,217891639,217891660,MA1714.1,+,5.59e-06,L1MEg,L1,LINE
chr2,221028936,221028957,MA1714.1,+,5.59e-06,MIR,MIR,SINE
chr1,243957359,243957380,MA1714.1,-,5.59e-06,AluJb,Alu,SINE
chr3,6123412,6123433,MA1714.1,+,5.63e-06,MIRb,MIR,SINE
chr17,6152863,6152884,MA1714.1,+,5.63e-06,MIRb,MIR,SINE
chr6,6381126,6381147,MA1714.1,+,5.63e-06,MLT1B,ERVL-MaLR,LTR
chr16,6456987,6457008,MA1714.1,+,5.63e-06,MIRc,MIR,SINE
chr18,8237145,8237166,MA1714.1,-,5.63e-06,L1MC1,L1,LINE
chr18,9483132,9483153,MA1714.1,-,5.63e-06,L1MB8,L1,LINE
chr16,11672734,11672755,MA1714.1,+,5.63e-06,L1MD3,L1,LINE
chr11,12068498,12068519,MA1714.1,-,5.63e-06,AluJb,Alu,SINE
chr20,12628007,12628028,MA1714.1,-,5.63e-06,MIRc,MIR,SINE
chr1,16249344,16249365,MA1714.1,-,5.63e-06,AluJb,Alu,SINE
chr3,18680843,18680864,MA1714.1,+,5.63e-06,MIRb,MIR,SINE
chr7,19645171,19645192,MA1714.1,+,5.63e-06,L1MB3,L1,LINE
chr1,20480219,20480240,MA1714.1,+,5.63e-06,AluY,Alu,SINE
chr22,23919082,23919103,MA1714.1,-,5.63e-06,L1MB4,L1,LINE
chr13,26592996,26593017,MA1714.1,+,5.63e-06,MIR,MIR,SINE
chr8,28743793,28743814,MA1714.1,-,5.63e-06,AluJb,Alu,SINE
chr5,29755280,29755301,MA1714.1,+,5.63e-06,L1PA7,L1,LINE
chr12,29814084,29814105,MA1714.1,+,5.63e-06,MIR,MIR,SINE
chr1,32450945,32450966,MA1714.1,+,5.63e-06,LTR85b,Gypsy,LTR
chr3,33522750,33522771,MA1714.1,-,5.63e-06,MER101-int,ERV1,LTR
chr19,34506907,34506928,MA1714.1,+,5.63e-06,AluJb,Alu,SINE
chr4,39158416,39158437,MA1714.1,+,5.63e-06,AluJb,Alu,SINE
chr15,42558974,42558995,MA1714.1,+,5.63e-06,Charlie1a,hAT-Charlie,DNA
chr13,45800611,45800632,MA1714.1,-,5.63e-06,L1M5,L1,LINE
chr3,46205934,46205955,MA1714.1,-,5.63e-06,L1PREC2,L1,LINE
chr19,49690698,49690719,MA1714.1,-,5.63e-06,AluJb,Alu,SINE
chr5,50990251,50990272,MA1714.1,+,5.63e-06,MIR,MIR,SINE
chr14,52164170,52164191,MA1714.1,+,5.63e-06,L1MA8,L1,LINE
chr10,53492654,53492675,MA1714.1,-,5.63e-06,MLT1A1,ERVL-MaLR,LTR
chr20,55291124,55291145,MA1714.1,+,5.63e-06,L1MC4,L1,LINE
chr6,55525099,55525120,MA1714.1,-,5.63e-06,L1PREC2,L1,LINE
chr8,56021617,56021638,MA1714.1,+,5.63e-06,L3,CR1,LINE
chr5,57612153,57612174,MA1714.1,-,5.63e-06,L1PREC2,L1,LINE
chr3,58776580,58776601,MA1714.1,+,5.63e-06,L3,CR1,LINE
chr11,59713809,59713830,MA1714.1,+,5.63e-06,MER1B,hAT-Charlie,DNA
chr14,61944919,61944940,MA1714.1,-,5.63e-06,MIR,MIR,SINE
chr7,62444940,62444961,MA1714.1,+,5.63e-06,ALR/Alpha,centr,Satellite
chr16,62748063,62748084,MA1714.1,+,5.63e-06,L1MA10,L1,LINE
chrX,63630735,63630756,MA1714.1,-,5.63e-06,L1PREC2,L1,LINE
chr18,65061928,65061949,MA1714.1,-,5.63e-06,L1MB1,L1,LINE
chr12,67343800,67343821,MA1714.1,-,5.63e-06,AluY,Alu,SINE
chr6,67782085,67782106,MA1714.1,-,5.63e-06,L1M4c,L1,LINE
chr6,68211086,68211107,MA1714.1,+,5.63e-06,MIRb,MIR,SINE
chr14,70109808,70109829,MA1714.1,-,5.63e-06,L1MEc,L1,LINE
chr5,75071657,75071678,MA1714.1,-,5.63e-06,HAL1b,L1,LINE
chr9,75265565,75265586,MA1714.1,-,5.63e-06,L1PA14,L1,LINE
chr12,77196054,77196075,MA1714.1,-,5.63e-06,L1M4c,L1,LINE
chr5,81486245,81486266,MA1714.1,-,5.63e-06,L1ME4a,L1,LINE
chr11,83173674,83173695,MA1714.1,+,5.63e-06,L1MA4,L1,LINE
chr15,84387727,84387748,MA1714.1,+,5.63e-06,L1MC5,L1,LINE
chr11,87388206,87388227,MA1714.1,-,5.63e-06,HAL1,L1,LINE
chr10,90644424,90644445,MA1714.1,-,5.63e-06,MER117,hAT-Charlie,DNA
chr7,93066071,93066092,MA1714.1,-,5.63e-06,L1M5,L1,LINE
chr9,96511596,96511617,MA1714.1,-,5.63e-06,THE1C-int,ERVL-MaLR,LTR
chr1,97264189,97264210,MA1714.1,+,5.63e-06,L1MC3,L1,LINE
chr2,98936107,98936128,MA1714.1,+,5.63e-06,AluSx,Alu,SINE
chr1,99332337,99332358,MA1714.1,-,5.63e-06,THE1B-int,ERVL-MaLR,LTR
chr12,101404870,101404891,MA1714.1,-,5.63e-06,MLT1H,ERVL-MaLR,LTR
chr11,101435675,101435696,MA1714.1,+,5.63e-06,L1M3,L1,LINE
chr6,102391085,102391106,MA1714.1,+,5.63e-06,MSTA-int,ERVL-MaLR,LTR
chr14,104795408,104795429,MA1714.1,+,5.63e-06,MLT1H-int,ERVL-MaLR,LTR
chr11,107038752,107038773,MA1714.1,-,5.63e-06,L1MEf,L1,LINE
chr1,117080955,117080976,MA1714.1,-,5.63e-06,Charlie15a,hAT-Charlie,DNA
chr8,117453662,117453683,MA1714.1,+,5.63e-06,L3,CR1,LINE
chr10,118771270,118771291,MA1714.1,+,5.63e-06,L1MC3,L1,LINE
chr4,128035230,128035251,MA1714.1,+,5.63e-06,MSTA-int,ERVL-MaLR,LTR
chr2,135647451,135647472,MA1714.1,+,5.63e-06,L1MC4,L1,LINE
chr6,143040749,143040770,MA1714.1,-,5.63e-06,L1MEc,L1,LINE
chr5,147766723,147766744,MA1714.1,-,5.63e-06,Tigger1,TcMar-Tigger,DNA
chr1,150777263,150777284,MA1714.1,+,5.63e-06,L2c,L2,LINE
chr3,163642015,163642036,MA1714.1,-,5.63e-06,MER50-int,ERV1,LTR
chr3,164303294,164303315,MA1714.1,+,5.63e-06,L1M4c,L1,LINE
chr2,164378517,164378538,MA1714.1,-,5.63e-06,L1PREC2,L1,LINE
chr2,165402299,165402320,MA1714.1,+,5.63e-06,Charlie2b,hAT-Charlie,DNA
chr3,175265199,175265220,MA1714.1,+,5.63e-06,L1PA13,L1,LINE
chr4,189678797,189678818,MA1714.1,-,5.63e-06,MIRc,MIR,SINE
chr1,204061724,204061745,MA1714.1,+,5.63e-06,MIRb,MIR,SINE
chr1,208676254,208676275,MA1714.1,+,5.63e-06,MIRb,MIR,SINE
chr2,212445802,212445823,MA1714.1,+,5.63e-06,L1PB1,L1,LINE
chr2,218428316,218428337,MA1714.1,-,5.63e-06,MIRb,MIR,SINE
chr2,225593352,225593373,MA1714.1,+,5.63e-06,HAL1,L1,LINE
chr1,225695286,225695307,MA1714.1,+,5.63e-06,L1MC4,L1,LINE
chr1,241921113,241921134,MA1714.1,-,5.63e-06,L1MC5,L1,LINE
chr7,598289,598310,MA1714.1,+,5.67e-06,AluSq,Alu,SINE
chr8,1029001,1029022,MA1714.1,-,5.67e-06,L1MC2,L1,LINE
chr1,4007636,4007657,MA1714.1,-,5.67e-06,L1MA4,L1,LINE
chr20,4551391,4551412,MA1714.1,-,5.67e-06,MLT1H,ERVL-MaLR,LTR
chr8,6929086,6929107,MA1714.1,+,5.67e-06,HERVE-int,ERV1,LTR
chr2,9460129,9460150,MA1714.1,+,5.67e-06,L1MC5,L1,LINE
chrX,12790030,12790051,MA1714.1,-,5.67e-06,AluJb,Alu,SINE
chr20,14947244,14947265,MA1714.1,-,5.67e-06,L1ME3,L1,LINE
chr7,15118516,15118537,MA1714.1,-,5.67e-06,MIR,MIR,SINE
chr1,15724888,15724909,MA1714.1,-,5.67e-06,MIRc,MIR,SINE
chr17,16588029,16588050,MA1714.1,+,5.67e-06,AluJb,Alu,SINE
chr7,17820771,17820792,MA1714.1,+,5.67e-06,L1ME2,L1,LINE
chr2,18358766,18358787,MA1714.1,-,5.67e-06,L1MA3,L1,LINE
chr17,20804785,20804806,MA1714.1,-,5.67e-06,AluJb,Alu,SINE
chr21,22189031,22189052,MA1714.1,-,5.67e-06,MIR,MIR,SINE
chr3,22798957,22798978,MA1714.1,+,5.67e-06,L1PB1,L1,LINE
chr16,23777474,23777495,MA1714.1,-,5.67e-06,MLT1L,ERVL-MaLR,LTR
chr2,26273689,26273710,MA1714.1,-,5.67e-06,AluJb,Alu,SINE
chr1,27655854,27655875,MA1714.1,-,5.67e-06,L1ME3,L1,LINE
chr12,27987523,27987544,MA1714.1,+,5.67e-06,Tigger1,TcMar-Tigger,DNA
chrX,30994698,30994719,MA1714.1,-,5.67e-06,L1MEg,L1,LINE
chr1,33669838,33669859,MA1714.1,-,5.67e-06,L1MA9,L1,LINE
chr17,33888313,33888334,MA1714.1,+,5.67e-06,L1ME4a,L1,LINE
chr20,34628137,34628158,MA1714.1,+,5.67e-06,L1MC1,L1,LINE
chr14,35501769,35501790,MA1714.1,+,5.67e-06,FAM,Alu,SINE
chr6,38131617,38131638,MA1714.1,-,5.67e-06,MIRb,MIR,SINE
chr22,38357724,38357745,MA1714.1,-,5.67e-06,LTR79,ERVL,LTR
chr22,39590374,39590395,MA1714.1,+,5.67e-06,L1MD1,L1,LINE
chr15,39775476,39775497,MA1714.1,+,5.67e-06,L1M3,L1,LINE
chr8,41625982,41626003,MA1714.1,-,5.67e-06,MIRb,MIR,SINE
chr22,42553810,42553831,MA1714.1,+,5.67e-06,L1MC1,L1,LINE
chr8,43725493,43725514,MA1714.1,+,5.67e-06,ALR/Alpha,centr,Satellite
chr18,44133240,44133261,MA1714.1,-,5.67e-06,MIRb,MIR,SINE
chr15,45100503,45100524,MA1714.1,+,5.67e-06,HAL1,L1,LINE
chr7,45881857,45881878,MA1714.1,+,5.67e-06,L1ME2z,L1,LINE
chr14,47443922,47443943,MA1714.1,+,5.67e-06,L1MB2,L1,LINE
chr6,52811739,52811760,MA1714.1,+,5.67e-06,L1MEe,L1,LINE
chrX,56053588,56053609,MA1714.1,-,5.67e-06,HERVE_a-int,ERV1,LTR
chr4,56988592,56988613,MA1714.1,-,5.67e-06,Zaphod3,hAT-Tip100,DNA
chr5,57500680,57500701,MA1714.1,+,5.67e-06,MLT1D,ERVL-MaLR,LTR
chr6,66732307,66732328,MA1714.1,-,5.67e-06,L1MCa,L1,LINE
chr12,67168423,67168444,MA1714.1,+,5.67e-06,L3,CR1,LINE
chr10,68920745,68920766,MA1714.1,+,5.67e-06,L1MB1,L1,LINE
chr4,69593105,69593126,MA1714.1,-,5.67e-06,L1PB3,L1,LINE
chr7,70307647,70307668,MA1714.1,+,5.67e-06,L1PA7,L1,LINE
chr18,72143853,72143874,MA1714.1,+,5.67e-06,MLT1D,ERVL-MaLR,LTR
chr16,73343061,73343082,MA1714.1,-,5.67e-06,L1PREC2,L1,LINE
chr7,74420494,74420515,MA1714.1,-,5.67e-06,L1ME1,L1,LINE
chr6,74518369,74518390,MA1714.1,+,5.67e-06,MIRb,MIR,SINE
chr7,74825897,74825918,MA1714.1,+,5.67e-06,L1ME1,L1,LINE
chr14,76985915,76985936,MA1714.1,-,5.67e-06,MIRc,MIR,SINE
chr15,79301034,79301055,MA1714.1,+,5.67e-06,L1M6,L1,LINE
chr13,83681100,83681121,MA1714.1,+,5.67e-06,THE1A-int,ERVL-MaLR,LTR
chr16,85463784,85463805,MA1714.1,-,5.67e-06,MIR,MIR,SINE
chr11,86655647,86655668,MA1714.1,+,5.67e-06,MIRc,MIR,SINE
chr5,93406041,93406062,MA1714.1,+,5.67e-06,L1MA3,L1,LINE
chr11,93711352,93711373,MA1714.1,+,5.67e-06,Charlie1b,hAT-Charlie,DNA
chr1,93717525,93717546,MA1714.1,-,5.67e-06,L1M1,L1,LINE
chr14,95868663,95868684,MA1714.1,-,5.67e-06,MIRb,MIR,SINE
chr4,95897720,95897741,MA1714.1,-,5.67e-06,MLT1G-int,ERVL-MaLR,LTR
chr15,95942903,95942924,MA1714.1,+,5.67e-06,MIR,MIR,SINE
chr7,99832943,99832964,MA1714.1,+,5.67e-06,L1ME1,L1,LINE
chr9,100633363,100633384,MA1714.1,+,5.67e-06,L1MDa,L1,LINE
chrX,101364804,101364825,MA1714.1,+,5.67e-06,THE1B-int,ERVL-MaLR,LTR
chr8,102949160,102949181,MA1714.1,-,5.67e-06,L3,CR1,LINE
chr14,104590819,104590840,MA1714.1,-,5.67e-06,L1MEc,L1,LINE
chr10,105598101,105598122,MA1714.1,-,5.67e-06,MIR,MIR,SINE
chr1,112976255,112976276,MA1714.1,-,5.67e-06,L1ME5,L1,LINE
chr3,113144881,113144902,MA1714.1,-,5.67e-06,MER58A,hAT-Charlie,DNA
chr12,114428861,114428882,MA1714.1,+,5.67e-06,MIRb,MIR,SINE
chr4,115566471,115566492,MA1714.1,-,5.67e-06,MIRb,MIR,SINE
chr2,117218912,117218933,MA1714.1,+,5.67e-06,L1MA5A,L1,LINE
chr11,118367587,118367608,MA1714.1,+,5.67e-06,MIRb,MIR,SINE
chr4,122347393,122347414,MA1714.1,-,5.67e-06,L1PB3,L1,LINE
chr8,126475062,126475083,MA1714.1,-,5.67e-06,L1MC3,L1,LINE
chrX,138053308,138053329,MA1714.1,+,5.67e-06,MIRb,MIR,SINE
chr2,139944634,139944655,MA1714.1,-,5.67e-06,L1MA8,L1,LINE
chr5,146925899,146925920,MA1714.1,+,5.67e-06,MIR,MIR,SINE
chr5,154451901,154451922,MA1714.1,-,5.67e-06,THE1A-int,ERVL-MaLR,LTR
chr2,158820420,158820441,MA1714.1,-,5.67e-06,L1PB1,L1,LINE
chr3,185703026,185703047,MA1714.1,+,5.67e-06,L1ME4a,L1,LINE
chr1,190870333,190870354,MA1714.1,+,5.67e-06,L1M3e,L1,LINE
chr1,227129673,227129694,MA1714.1,-,5.67e-06,MER20,hAT-Charlie,DNA
chr1,236537829,236537850,MA1714.1,-,5.67e-06,L1MCa,L1,LINE
chr12,845556,845577,MA1714.1,-,5.7e-06,L3,CR1,LINE
chr12,3375508,3375529,MA1714.1,+,5.7e-06,MIR,MIR,SINE
chr5,3571590,3571611,MA1714.1,+,5.7e-06,L1MA7,L1,LINE
chr17,5639399,5639420,MA1714.1,-,5.7e-06,MLT1J,ERVL-MaLR,LTR
chr11,8510417,8510438,MA1714.1,+,5.7e-06,L1MB7,L1,LINE
chr20,12684465,12684486,MA1714.1,-,5.7e-06,L1MC3,L1,LINE
chr18,12901585,12901606,MA1714.1,+,5.7e-06,AluSx,Alu,SINE
chr16,14262249,14262270,MA1714.1,-,5.7e-06,L1ME2z,L1,LINE
chr19,16410817,16410838,MA1714.1,-,5.7e-06,SATR1,Satellite,Satellite
chr16,17259614,17259635,MA1714.1,-,5.7e-06,L1MC4a,L1,LINE
chr13,19898291,19898312,MA1714.1,-,5.7e-06,MSTB-int,ERVL-MaLR,LTR
chr10,22272694,22272715,MA1714.1,+,5.7e-06,L1MB4,L1,LINE
chr15,23100787,23100808,MA1714.1,+,5.7e-06,MIRb,MIR,SINE
chr11,28026324,28026345,MA1714.1,+,5.7e-06,MER101-int,ERV1,LTR
chrX,28158576,28158597,MA1714.1,-,5.7e-06,HAL1b,L1,LINE
chr3,28867087,28867108,MA1714.1,-,5.7e-06,AluJb,Alu,SINE
chr15,29089917,29089938,MA1714.1,-,5.7e-06,MIRb,MIR,SINE
chr13,31565617,31565638,MA1714.1,-,5.7e-06,MER83C,ERV1,LTR
chr6,32615005,32615026,MA1714.1,+,5.7e-06,AluSx1,Alu,SINE
chr2,34740436,34740457,MA1714.1,+,5.7e-06,L1PREC2,L1,LINE
chr2,36903145,36903166,MA1714.1,+,5.7e-06,L1MB7,L1,LINE
chr13,41048024,41048045,MA1714.1,+,5.7e-06,AluSx1,Alu,SINE
chr20,41357231,41357252,MA1714.1,-,5.7e-06,MIRb,MIR,SINE
chr15,42629814,42629835,MA1714.1,+,5.7e-06,L1PREC2,L1,LINE
chr18,44052906,44052927,MA1714.1,+,5.7e-06,L1M2b,L1,LINE
chr21,47299365,47299386,MA1714.1,+,5.7e-06,L1MD2,L1,LINE
chr7,50295402,50295423,MA1714.1,-,5.7e-06,L1M6,L1,LINE
chr17,51281789,51281810,MA1714.1,+,5.7e-06,L1ME3B,L1,LINE
chr17,52433567,52433588,MA1714.1,-,5.7e-06,L1MDa,L1,LINE
chr5,58736992,58737013,MA1714.1,-,5.7e-06,AluJb,Alu,SINE
chr3,59420641,59420662,MA1714.1,+,5.7e-06,L1MB8,L1,LINE
chr3,60072965,60072986,MA1714.1,-,5.7e-06,MSTB1-int,ERVL-MaLR,LTR
chr11,60255394,60255415,MA1714.1,-,5.7e-06,L1MA9,L1,LINE
chr13,62376264,62376285,MA1714.1,+,5.7e-06,L1MB1,L1,LINE
chrX,62545492,62545513,MA1714.1,+,5.7e-06,ERVL-B4-int,ERVL,LTR
chr12,64301624,64301645,MA1714.1,-,5.7e-06,L1ME1,L1,LINE
chr10,69515484,69515505,MA1714.1,+,5.7e-06,AluSz,Alu,SINE
chr17,73192139,73192160,MA1714.1,+,5.7e-06,AluJo,Alu,SINE
chr8,79296625,79296646,MA1714.1,+,5.7e-06,THE1B-int,ERVL-MaLR,LTR
chr3,82959924,82959945,MA1714.1,-,5.7e-06,L1MA8,L1,LINE
chr3,83216159,83216180,MA1714.1,-,5.7e-06,L1M4,L1,LINE
chr13,84180277,84180298,MA1714.1,+,5.7e-06,MSTB-int,ERVL-MaLR,LTR
chr9,84871378,84871399,MA1714.1,+,5.7e-06,MLT1J,ERVL-MaLR,LTR
chr6,87916171,87916192,MA1714.1,-,5.7e-06,L1MC4,L1,LINE
chr7,89935353,89935374,MA1714.1,-,5.7e-06,AluJb,Alu,SINE
chr5,90048200,90048221,MA1714.1,-,5.7e-06,L1PA13,L1,LINE
chr6,94877200,94877221,MA1714.1,+,5.7e-06,L1P4a,L1,LINE
chr7,99211821,99211842,MA1714.1,+,5.7e-06,L1M5,L1,LINE
chr7,100764554,100764575,MA1714.1,+,5.7e-06,AluJb,Alu,SINE
chr4,101611184,101611205,MA1714.1,+,5.7e-06,MIR,MIR,SINE
chrX,104629387,104629408,MA1714.1,-,5.7e-06,L1MA4,L1,LINE
chr2,107434140,107434161,MA1714.1,+,5.7e-06,L1M1,L1,LINE
chr1,108616303,108616324,MA1714.1,-,5.7e-06,MER5A,hAT-Charlie,DNA
chr13,110311954,110311975,MA1714.1,+,5.7e-06,L1MA9,L1,LINE
chr5,117153571,117153592,MA1714.1,-,5.7e-06,L1PA11,L1,LINE
chr10,118768675,118768696,MA1714.1,+,5.7e-06,L1M4c,L1,LINE
chr8,120370755,120370776,MA1714.1,-,5.7e-06,HAL1b,L1,LINE
chr9,121528522,121528543,MA1714.1,-,5.7e-06,MER82,TcMar-Tigger,DNA
chr3,128256126,128256147,MA1714.1,+,5.7e-06,MamGypLTR1c,Gypsy,LTR
chr9,129857153,129857174,MA1714.1,-,5.7e-06,Charlie13a,hAT-Charlie,DNA
chr2,130245192,130245213,MA1714.1,+,5.7e-06,L1PB3,L1,LINE
chr10,134655376,134655397,MA1714.1,-,5.7e-06,MSTC-int,ERVL-MaLR,LTR
chr5,149086817,149086838,MA1714.1,+,5.7e-06,MIRb,MIR,SINE
chrX,151114842,151114863,MA1714.1,-,5.7e-06,ERV3-16A3_I-int,ERVL,LTR
chr1,161308266,161308287,MA1714.1,-,5.7e-06,L3,CR1,LINE
chr4,174570795,174570816,MA1714.1,-,5.7e-06,L1ME4a,L1,LINE
chr2,180098108,180098129,MA1714.1,+,5.7e-06,L1MC4a,L1,LINE
chr2,193485793,193485814,MA1714.1,-,5.7e-06,L1M5,L1,LINE
chr2,222868875,222868896,MA1714.1,-,5.7e-06,L1MC1,L1,LINE
chr11,1498605,1498626,MA1714.1,-,5.74e-06,L1MDa,L1,LINE
chr18,2423866,2423887,MA1714.1,-,5.74e-06,MIRc,MIR,SINE
chr17,6312849,6312870,MA1714.1,-,5.74e-06,MIR,MIR,SINE
chr2,7556967,7556988,MA1714.1,-,5.74e-06,L1MC1,L1,LINE
chr7,11927246,11927267,MA1714.1,+,5.74e-06,THE1-int,ERVL-MaLR,LTR
chr8,15485406,15485427,MA1714.1,+,5.74e-06,MER52D,ERV1,LTR
chr1,15490772,15490793,MA1714.1,-,5.74e-06,L1MD3,L1,LINE
chr6,15608650,15608671,MA1714.1,-,5.74e-06,HAL1,L1,LINE
chr1,17221320,17221341,MA1714.1,-,5.74e-06,MER41E,ERV1,LTR
chr9,18063078,18063099,MA1714.1,+,5.74e-06,AluJr,Alu,SINE
chr7,20709757,20709778,MA1714.1,+,5.74e-06,L1MC3,L1,LINE
chr12,23101545,23101566,MA1714.1,+,5.74e-06,HERV16-int,ERVL,LTR
chr5,23687815,23687836,MA1714.1,+,5.74e-06,HERVK14-int,ERVK,LTR
chr5,24312949,24312970,MA1714.1,-,5.74e-06,HERVK14-int,ERVK,LTR
chr12,25553523,25553544,MA1714.1,+,5.74e-06,THE1B-int,ERVL-MaLR,LTR
chr15,26947243,26947264,MA1714.1,+,5.74e-06,L1ME2,L1,LINE
chr21,28412642,28412663,MA1714.1,+,5.74e-06,MER4B-int,ERV1,LTR
chr9,28466357,28466378,MA1714.1,+,5.74e-06,L1MA3,L1,LINE
chr10,29457828,29457849,MA1714.1,-,5.74e-06,MLT1F2-int,ERVL-MaLR,LTR
chr10,34364085,34364106,MA1714.1,+,5.74e-06,MLT1J,ERVL-MaLR,LTR
chr15,34981370,34981391,MA1714.1,-,5.74e-06,L1MEc,L1,LINE
chr10,36365883,36365904,MA1714.1,-,5.74e-06,L1MD3,L1,LINE
chr11,36418200,36418221,MA1714.1,-,5.74e-06,MIR,MIR,SINE
chr4,36735530,36735551,MA1714.1,-,5.74e-06,AluJr,Alu,SINE
chr14,38147736,38147757,MA1714.1,-,5.74e-06,L1MB5,L1,LINE
chr2,38197288,38197309,MA1714.1,-,5.74e-06,AluJb,Alu,SINE
chrX,41732042,41732063,MA1714.1,-,5.74e-06,L1MC3,L1,LINE
chr14,42185366,42185387,MA1714.1,-,5.74e-06,THE1-int,ERVL-MaLR,LTR
chr17,45282022,45282043,MA1714.1,+,5.74e-06,AluJr,Alu,SINE
chr12,45728162,45728183,MA1714.1,-,5.74e-06,MLT1L,ERVL-MaLR,LTR
chr6,46664708,46664729,MA1714.1,+,5.74e-06,MER5B,hAT-Charlie,DNA
chr6,46664708,46664729,MA1714.1,+,5.74e-06,MER5B,hAT-Charlie,DNA
chr16,49051438,49051459,MA1714.1,+,5.74e-06,MER58B,hAT-Charlie,DNA
chr1,49549264,49549285,MA1714.1,-,5.74e-06,THE1B-int,ERVL-MaLR,LTR
chr2,52715624,52715645,MA1714.1,-,5.74e-06,L1PA11,L1,LINE
chr12,53399209,53399230,MA1714.1,+,5.74e-06,AluJr,Alu,SINE
chr1,56001828,56001849,MA1714.1,+,5.74e-06,L1PREC2,L1,LINE
chrX,56099845,56099866,MA1714.1,-,5.74e-06,L1MB4,L1,LINE
chr12,56180940,56180961,MA1714.1,+,5.74e-06,AluJr,Alu,SINE
chr3,62209166,62209187,MA1714.1,+,5.74e-06,MER106B,hAT-Charlie,DNA
chr14,63192754,63192775,MA1714.1,+,5.74e-06,L1ME3A,L1,LINE
chr14,64899582,64899603,MA1714.1,-,5.74e-06,AluJb,Alu,SINE
chr12,66816919,66816940,MA1714.1,+,5.74e-06,MIR,MIR,SINE
chr12,67165847,67165868,MA1714.1,-,5.74e-06,MIRb,MIR,SINE
chr2,68516233,68516254,MA1714.1,+,5.74e-06,MIRc,MIR,SINE
chr6,71261238,71261259,MA1714.1,+,5.74e-06,AluJo,Alu,SINE
chr13,73876361,73876382,MA1714.1,+,5.74e-06,MIR,MIR,SINE
chr14,74187835,74187856,MA1714.1,+,5.74e-06,MIR,MIR,SINE
chr9,78826539,78826560,MA1714.1,+,5.74e-06,AluJb,Alu,SINE
chr16,81521998,81522019,MA1714.1,+,5.74e-06,MIR,MIR,SINE
chr5,81855934,81855955,MA1714.1,-,5.74e-06,L3,CR1,LINE
chr10,88192164,88192185,MA1714.1,-,5.74e-06,L1ME2,L1,LINE
chr8,89882108,89882129,MA1714.1,-,5.74e-06,L1MD2,L1,LINE
chr6,90245632,90245653,MA1714.1,+,5.74e-06,MIR,MIR,SINE
chrX,92430077,92430098,MA1714.1,+,5.74e-06,MER52C,ERV1,LTR
chr11,94230216,94230237,MA1714.1,+,5.74e-06,MIRc,MIR,SINE
chr4,96919393,96919414,MA1714.1,+,5.74e-06,MER20,hAT-Charlie,DNA
chr4,100412714,100412735,MA1714.1,-,5.74e-06,HERVK9-int,ERVK,LTR
chr14,100922775,100922796,MA1714.1,+,5.74e-06,L1MEc,L1,LINE
chr3,102608113,102608134,MA1714.1,+,5.74e-06,MLT1B,ERVL-MaLR,LTR
chr8,102818679,102818700,MA1714.1,+,5.74e-06,L1M4b,L1,LINE
chr4,103375916,103375937,MA1714.1,-,5.74e-06,MSTC-int,ERVL-MaLR,LTR
chr4,103659546,103659567,MA1714.1,+,5.74e-06,L1PB1,L1,LINE
chr7,105654516,105654537,MA1714.1,-,5.74e-06,AluJr,Alu,SINE
chr6,105731962,105731983,MA1714.1,-,5.74e-06,Charlie13b,hAT-Charlie,DNA
chr14,106006985,106007006,MA1714.1,+,5.74e-06,AluJr,Alu,SINE
chr11,106917085,106917106,MA1714.1,+,5.74e-06,L1MB3,L1,LINE
chr6,110971491,110971512,MA1714.1,+,5.74e-06,L1ME3F,L1,LINE
chr12,112224563,112224584,MA1714.1,-,5.74e-06,AluJr,Alu,SINE
chr3,113550955,113550976,MA1714.1,-,5.74e-06,AluSx1,Alu,SINE
chr9,114741046,114741067,MA1714.1,-,5.74e-06,MIRb,MIR,SINE
chr11,114902580,114902601,MA1714.1,+,5.74e-06,L1MCb,L1,LINE
chr2,118392570,118392591,MA1714.1,-,5.74e-06,ERV3-16A3_I-int,ERVL,LTR
chr9,120240714,120240735,MA1714.1,-,5.74e-06,MIRb,MIR,SINE
chr9,131263923,131263944,MA1714.1,-,5.74e-06,AluJb,Alu,SINE
chr3,135139872,135139893,MA1714.1,-,5.74e-06,Tigger3b,TcMar-Tigger,DNA
chr4,145412437,145412458,MA1714.1,-,5.74e-06,ALINE,RTE,LINE
chr3,146786766,146786787,MA1714.1,+,5.74e-06,MER57-int,ERV1,LTR
chr3,168084836,168084857,MA1714.1,-,5.74e-06,MIRb,MIR,SINE
chr2,170612886,170612907,MA1714.1,+,5.74e-06,MSTB1-int,ERVL-MaLR,LTR
chr5,176824532,176824553,MA1714.1,+,5.74e-06,MamRep38,hAT,DNA
chr1,183246243,183246264,MA1714.1,-,5.74e-06,MIRb,MIR,SINE
chr1,184841929,184841950,MA1714.1,+,5.74e-06,L1ME3D,L1,LINE
chr2,201769431,201769452,MA1714.1,-,5.74e-06,L1MB5,L1,LINE
chr1,205827447,205827468,MA1714.1,+,5.74e-06,HERVK14-int,ERVK,LTR
chr2,211561014,211561035,MA1714.1,-,5.74e-06,L1ME3A,L1,LINE
chr1,225988335,225988356,MA1714.1,-,5.74e-06,HERVK14-int,ERVK,LTR
chr2,231033495,231033516,MA1714.1,+,5.74e-06,L1MC5,L1,LINE
chr17_ctg5_hap1,613911,613932,MA1714.1,-,5.78e-06,Charlie1b,hAT-Charlie,DNA
chr17_ctg5_hap1,1342465,1342486,MA1714.1,-,5.78e-06,Charlie1b,hAT-Charlie,DNA
chr6,5056309,5056330,MA1714.1,-,5.78e-06,FAM,Alu,SINE
chr12,5343274,5343295,MA1714.1,+,5.78e-06,MIRc,MIR,SINE
chr8,6272013,6272034,MA1714.1,-,5.78e-06,HAL1,L1,LINE
chr5,6498198,6498219,MA1714.1,+,5.78e-06,THE1C,ERVL-MaLR,LTR
chr8,10020598,10020619,MA1714.1,+,5.78e-06,MLT1A0,ERVL-MaLR,LTR
chr6,12430680,12430701,MA1714.1,+,5.78e-06,MIR,MIR,SINE
chr4,12526905,12526926,MA1714.1,+,5.78e-06,L1PA13,L1,LINE
chr4,15312301,15312322,MA1714.1,+,5.78e-06,THE1A-int,ERVL-MaLR,LTR
chr3,16239006,16239027,MA1714.1,-,5.78e-06,MIRb,MIR,SINE
chr7,17036433,17036454,MA1714.1,-,5.78e-06,L1PA16,L1,LINE
chr20,20759825,20759846,MA1714.1,+,5.78e-06,MER39,ERV1,LTR
chr12,21440996,21441017,MA1714.1,+,5.78e-06,L1MA3,L1,LINE
chr14,22368386,22368407,MA1714.1,-,5.78e-06,L1MEf,L1,LINE
chr5,23313299,23313320,MA1714.1,+,5.78e-06,L1MC3,L1,LINE
chr9,23881894,23881915,MA1714.1,-,5.78e-06,THE1B,ERVL-MaLR,LTR
chr16,25984136,25984157,MA1714.1,+,5.78e-06,MIR,MIR,SINE
chr11,27080622,27080643,MA1714.1,+,5.78e-06,MSTA-int,ERVL-MaLR,LTR
chr7,28178506,28178527,MA1714.1,+,5.78e-06,MIRc,MIR,SINE
chr1,28871396,28871417,MA1714.1,-,5.78e-06,LTR13,ERVK,LTR
chr9,30032334,30032355,MA1714.1,-,5.78e-06,THE1B-int,ERVL-MaLR,LTR
chr2,32011938,32011959,MA1714.1,+,5.78e-06,L1MCa,L1,LINE
chr9,32983839,32983860,MA1714.1,+,5.78e-06,L1MB3,L1,LINE
chr7,33309967,33309988,MA1714.1,+,5.78e-06,L1PREC2,L1,LINE
chr8,33679427,33679448,MA1714.1,-,5.78e-06,L1PREC2,L1,LINE
chr1,35144600,35144621,MA1714.1,-,5.78e-06,MST-int,ERVL-MaLR,LTR
chr20,35765563,35765584,MA1714.1,-,5.78e-06,AluSx1,Alu,SINE
chr18,36642951,36642972,MA1714.1,-,5.78e-06,ERVL-B4-int,ERVL,LTR
chrX,37546592,37546613,MA1714.1,-,5.78e-06,AluJo,Alu,SINE
chr5,38561554,38561575,MA1714.1,+,5.78e-06,MIR,MIR,SINE
chr5,39005586,39005607,MA1714.1,-,5.78e-06,L1MEg,L1,LINE
chr3,39397530,39397551,MA1714.1,+,5.78e-06,L1PA11,L1,LINE
chr17,41391809,41391830,MA1714.1,-,5.78e-06,AluJb,Alu,SINE
chrX,42024482,42024503,MA1714.1,-,5.78e-06,L1PA13,L1,LINE
chr13,44046008,44046029,MA1714.1,+,5.78e-06,L1ME2z,L1,LINE
chr10,45526124,45526145,MA1714.1,-,5.78e-06,L1MEg,L1,LINE
chr1,46225479,46225500,MA1714.1,-,5.78e-06,HERVIP10F-int,ERV1,LTR
chr13,46734448,46734469,MA1714.1,+,5.78e-06,MLT1G1,ERVL-MaLR,LTR
chr11,47625956,47625977,MA1714.1,+,5.78e-06,L1MC4a,L1,LINE
chr12,48901967,48901988,MA1714.1,+,5.78e-06,HERVK14-int,ERVK,LTR
chr7,49278982,49279003,MA1714.1,-,5.78e-06,L1PA13,L1,LINE
chr22,50772573,50772594,MA1714.1,-,5.78e-06,LTR13_,ERVK,LTR
chr18,51850467,51850488,MA1714.1,-,5.78e-06,L1MD2,L1,LINE
chr7,52373741,52373762,MA1714.1,-,5.78e-06,L1MD2,L1,LINE
chr1,53349171,53349192,MA1714.1,-,5.78e-06,AluSz,Alu,SINE
chr1,54749203,54749224,MA1714.1,+,5.78e-06,MIRc,MIR,SINE
chr14,56621395,56621416,MA1714.1,-,5.78e-06,L1ME4a,L1,LINE
chr19,56967433,56967454,MA1714.1,+,5.78e-06,MIRb,MIR,SINE
chr10,61282045,61282066,MA1714.1,+,5.78e-06,MLT1A,ERVL-MaLR,LTR
chr10,64196616,64196637,MA1714.1,+,5.78e-06,MIR,MIR,SINE
chr13,65978322,65978343,MA1714.1,+,5.78e-06,ORSL,hAT-Tip100,DNA
chr13,66239845,66239866,MA1714.1,-,5.78e-06,L1MA9,L1,LINE
chr1,66992887,66992908,MA1714.1,-,5.78e-06,MLT1J2,ERVL-MaLR,LTR
chr4,67804567,67804588,MA1714.1,-,5.78e-06,LTR80B,ERVL,LTR
chr1,69038718,69038739,MA1714.1,-,5.78e-06,L1MA9,L1,LINE
chr15,73390086,73390107,MA1714.1,-,5.78e-06,L1MC4a,L1,LINE
chrX,76381548,76381569,MA1714.1,+,5.78e-06,L1PA13,L1,LINE
chr2,76567781,76567802,MA1714.1,-,5.78e-06,L1MA9,L1,LINE
chr11,80165592,80165613,MA1714.1,-,5.78e-06,MLT1C-int,ERVL-MaLR,LTR
chr11,80905780,80905801,MA1714.1,-,5.78e-06,L1PREC2,L1,LINE
chr9,80925094,80925115,MA1714.1,-,5.78e-06,MIR,MIR,SINE
chr14,81634431,81634452,MA1714.1,+,5.78e-06,MER21A,ERVL,LTR
chr14,81634431,81634452,MA1714.1,+,5.78e-06,MER39,ERV1,LTR
chr14,81634431,81634452,MA1714.1,+,5.78e-06,MER21A,ERVL,LTR
chr14,81634431,81634452,MA1714.1,+,5.78e-06,MER39,ERV1,LTR
chr7,85538997,85539018,MA1714.1,+,5.78e-06,L1PA14,L1,LINE
chr10,87097823,87097844,MA1714.1,+,5.78e-06,L1MCc,L1,LINE
chr15,87375382,87375403,MA1714.1,-,5.78e-06,THE1B-int,ERVL-MaLR,LTR
chr14,89993462,89993483,MA1714.1,+,5.78e-06,L1ME1,L1,LINE
chr7,91665261,91665282,MA1714.1,-,5.78e-06,L1MEe,L1,LINE
chrX,92431278,92431299,MA1714.1,+,5.78e-06,MER52-int,ERV1,LTR
chr7,93401302,93401323,MA1714.1,+,5.78e-06,L1M4,L1,LINE
chr4,99985096,99985117,MA1714.1,-,5.78e-06,L1MC4,L1,LINE
chr4,101764584,101764605,MA1714.1,+,5.78e-06,L1MA9,L1,LINE
chr4,103096370,103096391,MA1714.1,+,5.78e-06,L1MEe,L1,LINE
chr2,103324287,103324308,MA1714.1,+,5.78e-06,MIRb,MIR,SINE
chr8,105917787,105917808,MA1714.1,-,5.78e-06,L1MC3,L1,LINE
chr10,110304235,110304256,MA1714.1,-,5.78e-06,LTR13,ERVK,LTR
chr6,110568411,110568432,MA1714.1,-,5.78e-06,MIR,MIR,SINE
chr12,112144965,112144986,MA1714.1,-,5.78e-06,AluSz,Alu,SINE
chr5,114542722,114542743,MA1714.1,-,5.78e-06,L1M5,L1,LINE
chr1,116111108,116111129,MA1714.1,+,5.78e-06,L1MA4A,L1,LINE
chrX,116520374,116520395,MA1714.1,-,5.78e-06,MLT1G1,ERVL-MaLR,LTR
chr8,117226715,117226736,MA1714.1,-,5.78e-06,AluSq2,Alu,SINE
chr3,118820864,118820885,MA1714.1,-,5.78e-06,L1M7,L1,LINE
chr12,121874930,121874951,MA1714.1,+,5.78e-06,HAL1,L1,LINE
chrX,121950310,121950331,MA1714.1,-,5.78e-06,MLT2B3,ERVL,LTR
chr4,124879371,124879392,MA1714.1,+,5.78e-06,L1P3,L1,LINE
chr8,125063041,125063062,MA1714.1,-,5.78e-06,MLT1A,ERVL-MaLR,LTR
chr5,125364068,125364089,MA1714.1,+,5.78e-06,L1PA13,L1,LINE
chr11,129883365,129883386,MA1714.1,+,5.78e-06,AluSz,Alu,SINE
chr5,131969882,131969903,MA1714.1,-,5.78e-06,L1ME3C,L1,LINE
chr4,133148923,133148944,MA1714.1,-,5.78e-06,LTR13,ERVK,LTR
chr5,134420419,134420440,MA1714.1,-,5.78e-06,L1ME4a,L1,LINE
chr4,134853015,134853036,MA1714.1,+,5.78e-06,LTR53,ERVL,LTR
chr5,138621449,138621470,MA1714.1,+,5.78e-06,L1M3c,L1,LINE
chr9,140016285,140016306,MA1714.1,+,5.78e-06,LTR13_,ERVK,LTR
chr9,140420167,140420188,MA1714.1,-,5.78e-06,LTR13_,ERVK,LTR
chr5,144392635,144392656,MA1714.1,+,5.78e-06,L1MA8,L1,LINE
chrX,145632707,145632728,MA1714.1,-,5.78e-06,MSTA-int,ERVL-MaLR,LTR
chr6,150238382,150238403,MA1714.1,-,5.78e-06,LTR13_,ERVK,LTR
chr4,162084716,162084737,MA1714.1,+,5.78e-06,L1MA8,L1,LINE
chr1,163486719,163486740,MA1714.1,+,5.78e-06,AluSx,Alu,SINE
chr5,165862719,165862740,MA1714.1,-,5.78e-06,LTR40a,ERVL,LTR
chr2,176512590,176512611,MA1714.1,+,5.78e-06,L1PREC2,L1,LINE
chr1,182816043,182816064,MA1714.1,-,5.78e-06,L1MEf,L1,LINE
chr2,217229617,217229638,MA1714.1,+,5.78e-06,MER115,hAT-Tip100,DNA
chr2,235290921,235290942,MA1714.1,-,5.78e-06,AluJo,Alu,SINE
chr1,242748468,242748489,MA1714.1,+,5.78e-06,MER51B,ERV1,LTR
chr4,631617,631638,MA1714.1,-,5.81e-06,L1MC3,L1,LINE
chr16,5990378,5990399,MA1714.1,-,5.81e-06,MIRb,MIR,SINE
chr16,6717485,6717506,MA1714.1,+,5.81e-06,MIR,MIR,SINE
chr4,7271397,7271418,MA1714.1,+,5.81e-06,MLT1C,ERVL-MaLR,LTR
chr7,10361636,10361657,MA1714.1,+,5.81e-06,MamRep1527,LTR,LTR
chr3,10721572,10721593,MA1714.1,+,5.81e-06,L1ME3C,L1,LINE
chr12,12861642,12861663,MA1714.1,+,5.81e-06,MIRb,MIR,SINE
chr4,12987139,12987160,MA1714.1,+,5.81e-06,L1PA8,L1,LINE
chr4,15799967,15799988,MA1714.1,-,5.81e-06,MLT1L,ERVL-MaLR,LTR
chr4,16995538,16995559,MA1714.1,+,5.81e-06,MIR,MIR,SINE
chr2,19354741,19354762,MA1714.1,+,5.81e-06,L1MC3,L1,LINE
chr5,19564021,19564042,MA1714.1,+,5.81e-06,L1MA3,L1,LINE
chr1,20298236,20298257,MA1714.1,+,5.81e-06,L1M6,L1,LINE
chr8,20331009,20331030,MA1714.1,+,5.81e-06,MLT1A0-int,ERVL-MaLR,LTR
chr10,23376817,23376838,MA1714.1,-,5.81e-06,MLT1K,ERVL-MaLR,LTR
chr21,23686267,23686288,MA1714.1,-,5.81e-06,LTR78,ERV1,LTR
chr9,25990578,25990599,MA1714.1,-,5.81e-06,THE1B-int,ERVL-MaLR,LTR
chr4,26463052,26463073,MA1714.1,-,5.81e-06,MIRb,MIR,SINE
chr19,28820504,28820525,MA1714.1,+,5.81e-06,THE1B-int,ERVL-MaLR,LTR
chr8,30825982,30826003,MA1714.1,+,5.81e-06,MIRb,MIR,SINE
chr15,34003102,34003123,MA1714.1,-,5.81e-06,MSTA-int,ERVL-MaLR,LTR
chr15,34559229,34559250,MA1714.1,-,5.81e-06,L1MEe,L1,LINE
chr9,35722569,35722590,MA1714.1,-,5.81e-06,MIRc,MIR,SINE
chr20,37506332,37506353,MA1714.1,-,5.81e-06,L1ME1,L1,LINE
chr13,37531510,37531531,MA1714.1,+,5.81e-06,HERV17-int,ERV1,LTR
chr22,40187816,40187837,MA1714.1,-,5.81e-06,L1PREC2,L1,LINE
chr21,43073516,43073537,MA1714.1,-,5.81e-06,L1MB7,L1,LINE
chr13,44373869,44373890,MA1714.1,-,5.81e-06,L1MA4A,L1,LINE
chr2,44515581,44515602,MA1714.1,-,5.81e-06,L1MB7,L1,LINE
chr18,45957382,45957403,MA1714.1,+,5.81e-06,LTR86B2,ERVL,LTR
chr20,51504501,51504522,MA1714.1,+,5.81e-06,L1MC3,L1,LINE
chr11,56132939,56132960,MA1714.1,+,5.81e-06,L1MC3,L1,LINE
chr5,57828819,57828840,MA1714.1,-,5.81e-06,HAL1,L1,LINE
chr15,59156631,59156652,MA1714.1,+,5.81e-06,L1M4,L1,LINE
chr10,67691968,67691989,MA1714.1,+,5.81e-06,MIR,MIR,SINE
chr14,69214967,69214988,MA1714.1,+,5.81e-06,MIR,MIR,SINE
chr4,70695409,70695430,MA1714.1,-,5.81e-06,HERV3-int,ERV1,LTR
chr1,70756296,70756317,MA1714.1,-,5.81e-06,AluJo,Alu,SINE
chr12,71146710,71146731,MA1714.1,-,5.81e-06,MamRep1161,TcMar,DNA
chr14,76054853,76054874,MA1714.1,-,5.81e-06,AluSx1,Alu,SINE
chr8,79745189,79745210,MA1714.1,-,5.81e-06,L1MEg,L1,LINE
chr5,83391698,83391719,MA1714.1,+,5.81e-06,THE1B-int,ERVL-MaLR,LTR
chr7,84223727,84223748,MA1714.1,+,5.81e-06,L1PA16,L1,LINE
chr2,84320153,84320174,MA1714.1,-,5.81e-06,THE1B-int,ERVL-MaLR,LTR
chr14,86919784,86919805,MA1714.1,-,5.81e-06,MIRb,MIR,SINE
chr5,91499969,91499990,MA1714.1,-,5.81e-06,L1ME2,L1,LINE
chr7,91930195,91930216,MA1714.1,-,5.81e-06,L1MA9,L1,LINE
chr10,92699774,92699795,MA1714.1,+,5.81e-06,LTR78B,ERV1,LTR
chrX,95114815,95114836,MA1714.1,-,5.81e-06,L1ME4a,L1,LINE
chr10,103948153,103948174,MA1714.1,-,5.81e-06,MER52D,ERV1,LTR
chr5,107913003,107913024,MA1714.1,-,5.81e-06,HERV17-int,ERV1,LTR
chr8,114089195,114089216,MA1714.1,+,5.81e-06,L1MD2,L1,LINE
chr11,115400932,115400953,MA1714.1,-,5.81e-06,L1MB4,L1,LINE
chr4,118226860,118226881,MA1714.1,+,5.81e-06,L1MD,L1,LINE
chr5,120986224,120986245,MA1714.1,+,5.81e-06,L1PA17,L1,LINE
chr9,129790700,129790721,MA1714.1,+,5.81e-06,MIRb,MIR,SINE
chrX,141906015,141906036,MA1714.1,+,5.81e-06,L1MA9,L1,LINE
chr6,159918080,159918101,MA1714.1,-,5.81e-06,L1MEg,L1,LINE
chr3,163109216,163109237,MA1714.1,+,5.81e-06,L1M2,L1,LINE
chr5,166658851,166658872,MA1714.1,+,5.81e-06,THE1D-int,ERVL-MaLR,LTR
chr1,167310341,167310362,MA1714.1,-,5.81e-06,L3,CR1,LINE
chr5,174721423,174721444,MA1714.1,+,5.81e-06,L1PA15,L1,LINE
chr4,181199063,181199084,MA1714.1,+,5.81e-06,Tigger1,TcMar-Tigger,DNA
chr4,186099982,186100003,MA1714.1,+,5.81e-06,MLT1G-int,ERVL-MaLR,LTR
chr2,194238372,194238393,MA1714.1,-,5.81e-06,L1MD1,L1,LINE
chr2,240069999,240070020,MA1714.1,+,5.81e-06,HAL1,L1,LINE
chr5,2244871,2244892,MA1714.1,+,5.85e-06,HERVL-int,ERVL,LTR
chr18,3473245,3473266,MA1714.1,+,5.85e-06,Tigger1,TcMar-Tigger,DNA
chrY,6356592,6356613,MA1714.1,+,5.85e-06,HERV9-int,ERV1,LTR
chr2,6552323,6552344,MA1714.1,-,5.85e-06,L1MB8,L1,LINE
chr6,8512449,8512470,MA1714.1,+,5.85e-06,AluJr,Alu,SINE
chrY,9511045,9511066,MA1714.1,-,5.85e-06,HERV9-int,ERV1,LTR
chr18,12269996,12270017,MA1714.1,-,5.85e-06,Charlie1b,hAT-Charlie,DNA
chr17,13469160,13469181,MA1714.1,-,5.85e-06,L1MEd,L1,LINE
chr12,14898066,14898087,MA1714.1,+,5.85e-06,HAL1,L1,LINE
chr9,18195382,18195403,MA1714.1,-,5.85e-06,MIRb,MIR,SINE
chr16,19249601,19249622,MA1714.1,+,5.85e-06,MIRb,MIR,SINE
chr17,19256225,19256246,MA1714.1,-,5.85e-06,AluSx,Alu,SINE
chrY,19497103,19497124,MA1714.1,+,5.85e-06,THE1B,ERVL-MaLR,LTR
chr3,19707114,19707135,MA1714.1,+,5.85e-06,L1PA16,L1,LINE
chr10,22665208,22665229,MA1714.1,+,5.85e-06,Charlie5,hAT-Charlie,DNA
chr15,24418218,24418239,MA1714.1,+,5.85e-06,L1MCa,L1,LINE
chrY,26296208,26296229,MA1714.1,-,5.85e-06,L1MEg,L1,LINE
chrY,27666208,27666229,MA1714.1,+,5.85e-06,L1MEg,L1,LINE
chr3,29795477,29795498,MA1714.1,-,5.85e-06,AluSx1,Alu,SINE
chr4,30527392,30527413,MA1714.1,-,5.85e-06,MSTA-int,ERVL-MaLR,LTR
chr19,31550655,31550676,MA1714.1,+,5.85e-06,L1MA4A,L1,LINE
chr2,35187839,35187860,MA1714.1,+,5.85e-06,L3,CR1,LINE
chr1,36875806,36875827,MA1714.1,-,5.85e-06,AluSx,Alu,SINE
chr3,40268206,40268227,MA1714.1,+,5.85e-06,MIRb,MIR,SINE
chr7,40880243,40880264,MA1714.1,+,5.85e-06,L1MD,L1,LINE
chr6,41410515,41410536,MA1714.1,+,5.85e-06,MIRc,MIR,SINE
chr20,43594539,43594560,MA1714.1,+,5.85e-06,MIR,MIR,SINE
chr7,44373114,44373135,MA1714.1,+,5.85e-06,AluSx1,Alu,SINE
chr17,45170080,45170101,MA1714.1,+,5.85e-06,AluSx1,Alu,SINE
chr10,45251024,45251045,MA1714.1,-,5.85e-06,MIRb,MIR,SINE
chr14,45438107,45438128,MA1714.1,-,5.85e-06,L1MC1,L1,LINE
chr19,46940251,46940272,MA1714.1,-,5.85e-06,AluY,Alu,SINE
chr18,49324317,49324338,MA1714.1,-,5.85e-06,L1MA9,L1,LINE
chr16,50182257,50182278,MA1714.1,-,5.85e-06,AluSz,Alu,SINE
chr6,51683657,51683678,MA1714.1,+,5.85e-06,MLT1J,ERVL-MaLR,LTR
chr14,55438398,55438419,MA1714.1,+,5.85e-06,AluJo,Alu,SINE
chr11,57938080,57938101,MA1714.1,+,5.85e-06,THE1B,ERVL-MaLR,LTR
chr8,58025238,58025259,MA1714.1,+,5.85e-06,L1MEd,L1,LINE
chr2,59470020,59470041,MA1714.1,-,5.85e-06,MIR,MIR,SINE
chr12,61268663,61268684,MA1714.1,-,5.85e-06,MIR,MIR,SINE
chr2,62091024,62091045,MA1714.1,+,5.85e-06,ERVL-int,ERVL,LTR
chr1,63580065,63580086,MA1714.1,-,5.85e-06,MIR,MIR,SINE
chr18,71890419,71890440,MA1714.1,-,5.85e-06,L1MC4,L1,LINE
chr14,71995337,71995358,MA1714.1,+,5.85e-06,AluSx,Alu,SINE
chr18,74147017,74147038,MA1714.1,+,5.85e-06,MIR3,MIR,SINE
chr14,74854010,74854031,MA1714.1,+,5.85e-06,L1MB5,L1,LINE
chr5,75959820,75959841,MA1714.1,-,5.85e-06,Tigger1,TcMar-Tigger,DNA
chr18,77731233,77731254,MA1714.1,-,5.85e-06,L1MB7,L1,LINE
chr5,78630512,78630533,MA1714.1,+,5.85e-06,HAL1,L1,LINE
chrX,80395599,80395620,MA1714.1,+,5.85e-06,L1M1,L1,LINE
chrX,81659510,81659531,MA1714.1,-,5.85e-06,LTR33,ERVL,LTR
chr8,82143108,82143129,MA1714.1,+,5.85e-06,MIRb,MIR,SINE
chr1,83497709,83497730,MA1714.1,+,5.85e-06,THE1B-int,ERVL-MaLR,LTR
chr3,85029412,85029433,MA1714.1,-,5.85e-06,UCON31,UCON31,Unknown
chr15,85077793,85077814,MA1714.1,+,5.85e-06,L1MEg,L1,LINE
chr10,87102615,87102636,MA1714.1,+,5.85e-06,L1MD3,L1,LINE
chr6,87787263,87787284,MA1714.1,+,5.85e-06,AluSz,Alu,SINE
chr13,91913066,91913087,MA1714.1,+,5.85e-06,MIRb,MIR,SINE
chr14,92205494,92205515,MA1714.1,+,5.85e-06,HAL1,L1,LINE
chr10,92518633,92518654,MA1714.1,+,5.85e-06,HAL1b,L1,LINE
chr14,93379883,93379904,MA1714.1,-,5.85e-06,AluJb,Alu,SINE
chr14,95845920,95845941,MA1714.1,-,5.85e-06,L1MC4,L1,LINE
chr12,99120709,99120730,MA1714.1,-,5.85e-06,L1MD,L1,LINE
chr12,101933409,101933430,MA1714.1,-,5.85e-06,AluJr,Alu,SINE
chr13,105906079,105906100,MA1714.1,+,5.85e-06,AluSz6,Alu,SINE
chr12,106781126,106781147,MA1714.1,-,5.85e-06,L1ME4a,L1,LINE
chr11,109011045,109011066,MA1714.1,-,5.85e-06,L1M1,L1,LINE
chr3,111782707,111782728,MA1714.1,-,5.85e-06,MLT1H,ERVL-MaLR,LTR
chr12,118590616,118590637,MA1714.1,+,5.85e-06,MIRb,MIR,SINE
chr2,119410774,119410795,MA1714.1,+,5.85e-06,AluJr,Alu,SINE
chr11,121797534,121797555,MA1714.1,-,5.85e-06,MER39,ERV1,LTR
chr9,121865325,121865346,MA1714.1,-,5.85e-06,L1ME3A,L1,LINE
chr9,124094301,124094322,MA1714.1,+,5.85e-06,AluJo,Alu,SINE
chr2,124379902,124379923,MA1714.1,+,5.85e-06,L1MA2,L1,LINE
chr10,126855740,126855761,MA1714.1,+,5.85e-06,L1MB3,L1,LINE
chr11,130682681,130682702,MA1714.1,-,5.85e-06,LTR33A_,ERVL,LTR
chr9,131261917,131261938,MA1714.1,-,5.85e-06,AluJo,Alu,SINE
chr3,144624450,144624471,MA1714.1,-,5.85e-06,HERV9-int,ERV1,LTR
chr4,151059780,151059801,MA1714.1,-,5.85e-06,MIR,MIR,SINE
chr5,157012570,157012591,MA1714.1,-,5.85e-06,MIRb,MIR,SINE
chr4,158781306,158781327,MA1714.1,+,5.85e-06,L1ME2,L1,LINE
chr4,161567943,161567964,MA1714.1,-,5.85e-06,L1M3d,L1,LINE
chr1,168607998,168608019,MA1714.1,+,5.85e-06,MLT1L,ERVL-MaLR,LTR
chr2,169994525,169994546,MA1714.1,-,5.85e-06,MIRb,MIR,SINE
chr1,177755023,177755044,MA1714.1,-,5.85e-06,MIR,MIR,SINE
chr3,181102428,181102449,MA1714.1,+,5.85e-06,MIRb,MIR,SINE
chr3,187398509,187398530,MA1714.1,+,5.85e-06,MLT1D,ERVL-MaLR,LTR
chr4,190862843,190862864,MA1714.1,+,5.85e-06,MIRb,MIR,SINE
chr1,201235578,201235599,MA1714.1,-,5.85e-06,HAL1b,L1,LINE
chr2,208325222,208325243,MA1714.1,+,5.85e-06,MER39,ERV1,LTR
chr2,227220458,227220479,MA1714.1,+,5.85e-06,HAL1-3A_ME,L1,LINE
chr20,797765,797786,MA1714.1,+,5.89e-06,L1ME3E,L1,LINE
chr18,1204161,1204182,MA1714.1,-,5.89e-06,L1ME2,L1,LINE
chr5,3315390,3315411,MA1714.1,-,5.89e-06,L1MC1,L1,LINE
chr12,5029780,5029801,MA1714.1,-,5.89e-06,AluSz,Alu,SINE
chr8,5261386,5261407,MA1714.1,-,5.89e-06,L1M4c,L1,LINE
chrX,6338021,6338042,MA1714.1,+,5.89e-06,THE1B,ERVL-MaLR,LTR
chr9,8150188,8150209,MA1714.1,+,5.89e-06,L1PA15,L1,LINE
chr5,8226825,8226846,MA1714.1,+,5.89e-06,MLT1B,ERVL-MaLR,LTR
chr18,9311739,9311760,MA1714.1,+,5.89e-06,L1ME1,L1,LINE
chr2,15086455,15086476,MA1714.1,+,5.89e-06,L1MA4,L1,LINE
chr6,18116747,18116768,MA1714.1,+,5.89e-06,Zaphod,hAT-Tip100,DNA
chrX,19096993,19097014,MA1714.1,+,5.89e-06,L1MEe,L1,LINE
chr16,21376220,21376241,MA1714.1,-,5.89e-06,AluSz6,Alu,SINE
chrX,21924360,21924381,MA1714.1,-,5.89e-06,LTR37B,ERV1,LTR
chr13,24035858,24035879,MA1714.1,-,5.89e-06,MIR,MIR,SINE
chrX,25943852,25943873,MA1714.1,+,5.89e-06,L1MA9,L1,LINE
chr21,26684957,26684978,MA1714.1,+,5.89e-06,L1MA6,L1,LINE
chr16,29355374,29355395,MA1714.1,-,5.89e-06,AluSz6,Alu,SINE
chr20,31267011,31267032,MA1714.1,-,5.89e-06,MIR,MIR,SINE
chr12,33104755,33104776,MA1714.1,-,5.89e-06,MIRb,MIR,SINE
chr15,33760585,33760606,MA1714.1,+,5.89e-06,MIRb,MIR,SINE
chr15,34386827,34386848,MA1714.1,+,5.89e-06,AluSx,Alu,SINE
chr3,35225345,35225366,MA1714.1,+,5.89e-06,MER94,hAT-Blackjack,DNA
chr9,38481892,38481913,MA1714.1,-,5.89e-06,AluJb,Alu,SINE
chr22,38715467,38715488,MA1714.1,-,5.89e-06,MIRb,MIR,SINE
chr11,38811179,38811200,MA1714.1,+,5.89e-06,AluJb,Alu,SINE
chr11,39427007,39427028,MA1714.1,+,5.89e-06,AluSc,Alu,SINE
chr21,41649720,41649741,MA1714.1,+,5.89e-06,AluSg7,Alu,SINE
chr1,43001715,43001736,MA1714.1,+,5.89e-06,MIRb,MIR,SINE
chrX,44568328,44568349,MA1714.1,-,5.89e-06,MLT1M,ERVL-MaLR,LTR
chr20,45586303,45586324,MA1714.1,+,5.89e-06,MLT1D,ERVL-MaLR,LTR
chr21,45619971,45619992,MA1714.1,-,5.89e-06,AluSx4,Alu,SINE
chr17,46487594,46487615,MA1714.1,+,5.89e-06,L1MC3,L1,LINE
chr17,47281451,47281472,MA1714.1,+,5.89e-06,ERVL-B4-int,ERVL,LTR
chr4,47822271,47822292,MA1714.1,+,5.89e-06,L1MEd,L1,LINE
chr8,49045150,49045171,MA1714.1,-,5.89e-06,L1ME3E,L1,LINE
chr10,52236393,52236414,MA1714.1,+,5.89e-06,MSTA-int,ERVL-MaLR,LTR
chr15,52894481,52894502,MA1714.1,-,5.89e-06,L1MEd,L1,LINE
chr7,53781710,53781731,MA1714.1,-,5.89e-06,MLT1E2,ERVL-MaLR,LTR
chr19,54192082,54192103,MA1714.1,-,5.89e-06,AluSz,Alu,SINE
chr3,54271875,54271896,MA1714.1,+,5.89e-06,MER103C,hAT-Charlie,DNA
chr16,58596651,58596672,MA1714.1,+,5.89e-06,AluSx3,Alu,SINE
chr17,58998627,58998648,MA1714.1,+,5.89e-06,L1PA16,L1,LINE
chr5,59532532,59532553,MA1714.1,+,5.89e-06,MLT1D,ERVL-MaLR,LTR
chr4,60038138,60038159,MA1714.1,-,5.89e-06,FordPrefect,hAT-Tip100,DNA
chr11,60728237,60728258,MA1714.1,-,5.89e-06,MER39B,ERV1,LTR
chr20,60778764,60778785,MA1714.1,-,5.89e-06,L1MB7,L1,LINE
chr1,61151312,61151333,MA1714.1,+,5.89e-06,THE1B-int,ERVL-MaLR,LTR
chr20,62539190,62539211,MA1714.1,-,5.89e-06,AluSg,Alu,SINE
chr6,62763148,62763169,MA1714.1,+,5.89e-06,L1M5,L1,LINE
chr12,63452130,63452151,MA1714.1,+,5.89e-06,MER106A,hAT-Charlie,DNA
chr13,65453129,65453150,MA1714.1,+,5.89e-06,AluSz6,Alu,SINE
chr14,65659877,65659898,MA1714.1,+,5.89e-06,THE1C,ERVL-MaLR,LTR
chr11,67346619,67346640,MA1714.1,-,5.89e-06,MER58A,hAT-Charlie,DNA
chr16,67535507,67535528,MA1714.1,-,5.89e-06,Cheshire,hAT-Charlie,DNA
chrX,73284053,73284074,MA1714.1,-,5.89e-06,MLT1B-int,ERVL-MaLR,LTR
chr5,75262246,75262267,MA1714.1,+,5.89e-06,MER66C,ERV1,LTR
chr6,75396831,75396852,MA1714.1,+,5.89e-06,L1MD2,L1,LINE
chr4,76640385,76640406,MA1714.1,+,5.89e-06,L2b,L2,LINE
chr7,78819096,78819117,MA1714.1,-,5.89e-06,L1MC2,L1,LINE
chr11,79655039,79655060,MA1714.1,+,5.89e-06,L1MEc,L1,LINE
chr12,82227803,82227824,MA1714.1,+,5.89e-06,THE1B,ERVL-MaLR,LTR
chr11,85949431,85949452,MA1714.1,+,5.89e-06,MIRb,MIR,SINE
chrX,85976101,85976122,MA1714.1,-,5.89e-06,THE1D-int,ERVL-MaLR,LTR
chr2,86861235,86861256,MA1714.1,+,5.89e-06,MIRb,MIR,SINE
chr4,87842982,87843003,MA1714.1,-,5.89e-06,L1MB3,L1,LINE
chr9,89686496,89686517,MA1714.1,-,5.89e-06,THE1B,ERVL-MaLR,LTR
chr1,90192074,90192095,MA1714.1,+,5.89e-06,MIRc,MIR,SINE
chr15,91681663,91681684,MA1714.1,+,5.89e-06,L1MC5,L1,LINE
chrX,95231574,95231595,MA1714.1,+,5.89e-06,L1M1,L1,LINE
chr6,96497786,96497807,MA1714.1,-,5.89e-06,MIRb,MIR,SINE
chr6,99032128,99032149,MA1714.1,-,5.89e-06,L3,CR1,LINE
chr12,101272062,101272083,MA1714.1,-,5.89e-06,L2b,L2,LINE
chr7,102164802,102164823,MA1714.1,-,5.89e-06,AluSx,Alu,SINE
chr7,102263892,102263913,MA1714.1,-,5.89e-06,AluSx,Alu,SINE
chr5,105174305,105174326,MA1714.1,-,5.89e-06,THE1B,ERVL-MaLR,LTR
chr4,105359628,105359649,MA1714.1,+,5.89e-06,L1MA8,L1,LINE
chr8,110060898,110060919,MA1714.1,+,5.89e-06,L1ME1,L1,LINE
chr7,111114235,111114256,MA1714.1,+,5.89e-06,L1PA16,L1,LINE
chrX,112729343,112729364,MA1714.1,-,5.89e-06,L1MA1,L1,LINE
chr3,113343325,113343346,MA1714.1,-,5.89e-06,L1MB8,L1,LINE
chr1,115067283,115067304,MA1714.1,+,5.89e-06,MLT1J,ERVL-MaLR,LTR
chr10,118373441,118373462,MA1714.1,-,5.89e-06,MLT1C,ERVL-MaLR,LTR
chr6,120369219,120369240,MA1714.1,-,5.89e-06,L1MC3,L1,LINE
chr12,121032608,121032629,MA1714.1,-,5.89e-06,AluSq,Alu,SINE
chr10,123114748,123114769,MA1714.1,-,5.89e-06,MLT1F,ERVL-MaLR,LTR
chr3,124607448,124607469,MA1714.1,-,5.89e-06,MIR,MIR,SINE
chr12,127209187,127209208,MA1714.1,+,5.89e-06,THE1B,ERVL-MaLR,LTR
chr3,131196963,131196984,MA1714.1,+,5.89e-06,MER58A,hAT-Charlie,DNA
chr4,131706699,131706720,MA1714.1,-,5.89e-06,MLT1E2,ERVL-MaLR,LTR
chrX,133293893,133293914,MA1714.1,+,5.89e-06,AluSz6,Alu,SINE
chr7,139608390,139608411,MA1714.1,-,5.89e-06,L1MDa,L1,LINE
chr7,140729084,140729105,MA1714.1,-,5.89e-06,L1MEf,L1,LINE
chr6,143680780,143680801,MA1714.1,+,5.89e-06,L1MEc,L1,LINE
chr8,144859744,144859765,MA1714.1,+,5.89e-06,L1MEc,L1,LINE
chr2,149605735,149605756,MA1714.1,-,5.89e-06,L1PA16,L1,LINE
chrX,151245994,151246015,MA1714.1,-,5.89e-06,L1ME1,L1,LINE
chr7,156847078,156847099,MA1714.1,-,5.89e-06,HAL1,L1,LINE
chr1,157905555,157905576,MA1714.1,-,5.89e-06,L1ME3C,L1,LINE
chr5,160048247,160048268,MA1714.1,-,5.89e-06,MIRb,MIR,SINE
chr3,165856277,165856298,MA1714.1,-,5.89e-06,AluSx1,Alu,SINE
chr4,174470620,174470641,MA1714.1,-,5.89e-06,AluJb,Alu,SINE
chr1,176111233,176111254,MA1714.1,+,5.89e-06,L1ME3B,L1,LINE
chr3,182409475,182409496,MA1714.1,+,5.89e-06,L1MC3,L1,LINE
chr1,195597124,195597145,MA1714.1,+,5.89e-06,L1MA7,L1,LINE
chr1,201546955,201546976,MA1714.1,-,5.89e-06,L1MD1,L1,LINE
chr2,203190541,203190562,MA1714.1,+,5.89e-06,L1MC4,L1,LINE
chr2,235419039,235419060,MA1714.1,-,5.89e-06,L1MB3,L1,LINE
chr2,237788648,237788669,MA1714.1,-,5.89e-06,AluSq2,Alu,SINE
chr18,335633,335654,MA1714.1,+,5.93e-06,MLT1B,ERVL-MaLR,LTR
chr17,629900,629921,MA1714.1,-,5.93e-06,MIRc,MIR,SINE
chr6_qbl_hap6,1783203,1783224,MA1714.1,+,5.93e-06,L1PA6,L1,LINE
chr6_dbb_hap3,1783929,1783950,MA1714.1,+,5.93e-06,L1PA6,L1,LINE
chr6_apd_hap1,1801940,1801961,MA1714.1,+,5.93e-06,L1PA6,L1,LINE
chr6_ssto_hap7,1822575,1822596,MA1714.1,+,5.93e-06,L1PA6,L1,LINE
chr6_mann_hap4,1838359,1838380,MA1714.1,+,5.93e-06,L1PA6,L1,LINE
chr6_mcf_hap5,1872146,1872167,MA1714.1,+,5.93e-06,L1PA6,L1,LINE
chr6_cox_hap2,2002349,2002370,MA1714.1,+,5.93e-06,L1PA6,L1,LINE
chr12,2190038,2190059,MA1714.1,+,5.93e-06,L1MEg,L1,LINE
chr12,3659702,3659723,MA1714.1,+,5.93e-06,MIR,MIR,SINE
chr1,4022941,4022962,MA1714.1,-,5.93e-06,AluSx,Alu,SINE
chr11,6056055,6056076,MA1714.1,-,5.93e-06,MIRb,MIR,SINE
chrY,6411653,6411674,MA1714.1,-,5.93e-06,L1M5,L1,LINE
chr8,6454696,6454717,MA1714.1,+,5.93e-06,MIRb,MIR,SINE
chr12,7678881,7678902,MA1714.1,-,5.93e-06,L1PA10,L1,LINE
chr10,7853820,7853841,MA1714.1,+,5.93e-06,L1MC4,L1,LINE
chr18,8985717,8985738,MA1714.1,-,5.93e-06,MIRb,MIR,SINE
chr20,9504562,9504583,MA1714.1,+,5.93e-06,Charlie4a,hAT-Charlie,DNA
chr9,10829052,10829073,MA1714.1,-,5.93e-06,L1PREC2,L1,LINE
chr8,11374358,11374379,MA1714.1,-,5.93e-06,L1MB3,L1,LINE
chr3,12874463,12874484,MA1714.1,-,5.93e-06,MIRb,MIR,SINE
chr8,13753828,13753849,MA1714.1,-,5.93e-06,L1MA10,L1,LINE
chr6,13932415,13932436,MA1714.1,+,5.93e-06,MIR,MIR,SINE
chr11,13959344,13959365,MA1714.1,-,5.93e-06,L1PA5,L1,LINE
chr7,14354469,14354490,MA1714.1,+,5.93e-06,L1PA3,L1,LINE
chr7,16257628,16257649,MA1714.1,+,5.93e-06,L1PA2,L1,LINE
chr6,18481215,18481236,MA1714.1,-,5.93e-06,AluSx1,Alu,SINE
chr4,19897769,19897790,MA1714.1,+,5.93e-06,L1PA16,L1,LINE
chr18,20346041,20346062,MA1714.1,-,5.93e-06,L3,CR1,LINE
chr11,21225585,21225606,MA1714.1,-,5.93e-06,L1PA7,L1,LINE
chr8,21284642,21284663,MA1714.1,-,5.93e-06,L1M6,L1,LINE
chr16,22721685,22721706,MA1714.1,-,5.93e-06,L1M6,L1,LINE
chr18,23747654,23747675,MA1714.1,+,5.93e-06,MLT1B,ERVL-MaLR,LTR
chrY,26289960,26289981,MA1714.1,-,5.93e-06,MIRb,MIR,SINE
chr13,26924182,26924203,MA1714.1,+,5.93e-06,Tigger3a,TcMar-Tigger,DNA
chr15,27621879,27621900,MA1714.1,-,5.93e-06,THE1B-int,ERVL-MaLR,LTR
chrY,27672456,27672477,MA1714.1,+,5.93e-06,MIRb,MIR,SINE
chr5,27900800,27900821,MA1714.1,+,5.93e-06,HERVL-int,ERVL,LTR
chr5,28992841,28992862,MA1714.1,+,5.93e-06,L1PA5,L1,LINE
chr13,29314517,29314538,MA1714.1,-,5.93e-06,AluSx1,Alu,SINE
chr6,30490295,30490316,MA1714.1,+,5.93e-06,L1PA6,L1,LINE
chr12,30724461,30724482,MA1714.1,+,5.93e-06,LTR78,ERV1,LTR
chrX,31215241,31215262,MA1714.1,-,5.93e-06,MIR,MIR,SINE
chr9,31936648,31936669,MA1714.1,-,5.93e-06,L1PA3,L1,LINE
chr10,32007033,32007054,MA1714.1,-,5.93e-06,L1PA5,L1,LINE
chr21,32072235,32072256,MA1714.1,-,5.93e-06,THE1B-int,ERVL-MaLR,LTR
chr16,34310856,34310877,MA1714.1,+,5.93e-06,L1PA3,L1,LINE
chr18,34541491,34541512,MA1714.1,+,5.93e-06,L1P2,L1,LINE
chr22,34802138,34802159,MA1714.1,-,5.93e-06,AluSx,Alu,SINE
chr11,35070458,35070479,MA1714.1,+,5.93e-06,THE1A-int,ERVL-MaLR,LTR
chr19,35349955,35349976,MA1714.1,+,5.93e-06,L1P2,L1,LINE
chr19,35722494,35722515,MA1714.1,+,5.93e-06,AluSx1,Alu,SINE
chr14,36953354,36953375,MA1714.1,-,5.93e-06,MIRb,MIR,SINE
chr15,37613857,37613878,MA1714.1,+,5.93e-06,L1P2,L1,LINE
chr18,38559072,38559093,MA1714.1,-,5.93e-06,L1MEd,L1,LINE
chr17,38590600,38590621,MA1714.1,-,5.93e-06,MIR,MIR,SINE
chr15,38868374,38868395,MA1714.1,-,5.93e-06,MER112,hAT-Charlie,DNA
chr8,43376038,43376059,MA1714.1,+,5.93e-06,MSTA-int,ERVL-MaLR,LTR
chr21,44968135,44968156,MA1714.1,+,5.93e-06,L1MB7,L1,LINE
chr11,45488415,45488436,MA1714.1,+,5.93e-06,MIR,MIR,SINE
chr4,45654899,45654920,MA1714.1,+,5.93e-06,L1PA4,L1,LINE
chr5,45837352,45837373,MA1714.1,-,5.93e-06,L1PA3,L1,LINE
chr1,47478426,47478447,MA1714.1,+,5.93e-06,MIRc,MIR,SINE
chr8,47743177,47743198,MA1714.1,+,5.93e-06,L1PA4,L1,LINE
chr20,48401481,48401502,MA1714.1,-,5.93e-06,AluJo,Alu,SINE
chr12,49479542,49479563,MA1714.1,+,5.93e-06,MIR,MIR,SINE
chr12,52016189,52016210,MA1714.1,-,5.93e-06,L1MC3,L1,LINE
chr12,52410169,52410190,MA1714.1,-,5.93e-06,AluSx,Alu,SINE
chr5,52565531,52565552,MA1714.1,+,5.93e-06,L1PA3,L1,LINE
chrX,53991669,53991690,MA1714.1,+,5.93e-06,L1MB4,L1,LINE
chr15,54197837,54197858,MA1714.1,+,5.93e-06,L1MA9,L1,LINE
chr4,54274591,54274612,MA1714.1,-,5.93e-06,L1PA3,L1,LINE
chr11,56358573,56358594,MA1714.1,-,5.93e-06,L1PA3,L1,LINE
chr7,56694140,56694161,MA1714.1,+,5.93e-06,AluJb,Alu,SINE
chrX,57077048,57077069,MA1714.1,+,5.93e-06,L1P1,L1,LINE
chr11,58076034,58076055,MA1714.1,-,5.93e-06,L1PA4,L1,LINE
chrX,58136238,58136259,MA1714.1,+,5.93e-06,L1PA4,L1,LINE
chr17,58842981,58843002,MA1714.1,-,5.93e-06,L1PA6,L1,LINE
chr14,58960837,58960858,MA1714.1,-,5.93e-06,L1MEd,L1,LINE
chr3,59990642,59990663,MA1714.1,-,5.93e-06,MIR,MIR,SINE
chr12,60524184,60524205,MA1714.1,+,5.93e-06,MIRb,MIR,SINE
chr17,60608067,60608088,MA1714.1,-,5.93e-06,L1MEg,L1,LINE
chr14,64111695,64111716,MA1714.1,+,5.93e-06,AluJr,Alu,SINE
chr5,64234361,64234382,MA1714.1,-,5.93e-06,L1PA7,L1,LINE
chrX,64382076,64382097,MA1714.1,-,5.93e-06,L1PA3,L1,LINE
chrX,64445967,64445988,MA1714.1,+,5.93e-06,L1PA3,L1,LINE
chr7,68913465,68913486,MA1714.1,-,5.93e-06,MIR,MIR,SINE
chr11,70276638,70276659,MA1714.1,-,5.93e-06,MLT1D,ERVL-MaLR,LTR
chr14,71167014,71167035,MA1714.1,-,5.93e-06,MIR,MIR,SINE
chr13,72885629,72885650,MA1714.1,+,5.93e-06,HAL1,L1,LINE
chr3,73422040,73422061,MA1714.1,-,5.93e-06,L1PA4,L1,LINE
chr7,74073629,74073650,MA1714.1,-,5.93e-06,AluJb,Alu,SINE
chr3,74598826,74598847,MA1714.1,+,5.93e-06,ERV3-16A3_I-int,ERVL,LTR
chrX,76909026,76909047,MA1714.1,+,5.93e-06,L1MB4,L1,LINE
chr9,76950236,76950257,MA1714.1,-,5.93e-06,MLT1C,ERVL-MaLR,LTR
chr2,77364313,77364334,MA1714.1,+,5.93e-06,L1PA5,L1,LINE
chr10,77511328,77511349,MA1714.1,+,5.93e-06,MIR,MIR,SINE
chr14,77646301,77646322,MA1714.1,-,5.93e-06,MIR,MIR,SINE
chr6,79439963,79439984,MA1714.1,-,5.93e-06,L1ME3A,L1,LINE
chr15,82698263,82698284,MA1714.1,-,5.93e-06,MIRb,MIR,SINE
chr15,83074788,83074809,MA1714.1,-,5.93e-06,MIRb,MIR,SINE
chr6,83562361,83562382,MA1714.1,+,5.93e-06,L1PA4,L1,LINE
chr15,85084034,85084055,MA1714.1,+,5.93e-06,MIRb,MIR,SINE
chr12,86671271,86671292,MA1714.1,-,5.93e-06,L1MA3,L1,LINE
chr7,86869030,86869051,MA1714.1,+,5.93e-06,L1PA3,L1,LINE
chr6,87403528,87403549,MA1714.1,-,5.93e-06,L1PA4,L1,LINE
chr16,87675976,87675997,MA1714.1,-,5.93e-06,MER102b,hAT-Charlie,DNA
chr5,89876526,89876547,MA1714.1,-,5.93e-06,L1PA6,L1,LINE
chr3,90241232,90241253,MA1714.1,-,5.93e-06,L1PA6,L1,LINE
chr2,90419241,90419262,MA1714.1,+,5.93e-06,L1PA4,L1,LINE
chr14,90452719,90452740,MA1714.1,+,5.93e-06,MIRb,MIR,SINE
chr3,90484236,90484257,MA1714.1,-,5.93e-06,L1PA3,L1,LINE
chr2,91641018,91641039,MA1714.1,+,5.93e-06,L1PA4,L1,LINE
chr1,91909101,91909122,MA1714.1,+,5.93e-06,L1PA6,L1,LINE
chr4,93059987,93060008,MA1714.1,-,5.93e-06,MIR,MIR,SINE
chr12,94144080,94144101,MA1714.1,+,5.93e-06,LTR37B,ERV1,LTR
chr7,95324564,95324585,MA1714.1,-,5.93e-06,Kanga11a,TcMar-Tc2,DNA
chr15,98576052,98576073,MA1714.1,+,5.93e-06,MLT1L,ERVL-MaLR,LTR
chr7,98584933,98584954,MA1714.1,-,5.93e-06,L1MB7,L1,LINE
chr11,100361126,100361147,MA1714.1,+,5.93e-06,L1PA4,L1,LINE
chr15,101071213,101071234,MA1714.1,+,5.93e-06,AluSx1,Alu,SINE
chr4,101088288,101088309,MA1714.1,-,5.93e-06,MIR,MIR,SINE
chr10,104398249,104398270,MA1714.1,+,5.93e-06,AluSz6,Alu,SINE
chr5,104853378,104853399,MA1714.1,-,5.93e-06,L1HS,L1,LINE
chr13,110098238,110098259,MA1714.1,-,5.93e-06,L1PA5,L1,LINE
chr10,111033205,111033226,MA1714.1,-,5.93e-06,L1MB5,L1,LINE
chr11,111125207,111125228,MA1714.1,-,5.93e-06,MIRc,MIR,SINE
chr7,113016064,113016085,MA1714.1,-,5.93e-06,L1MD3,L1,LINE
chr10,116896359,116896380,MA1714.1,-,5.93e-06,L1MC1,L1,LINE
chr10,118127914,118127935,MA1714.1,-,5.93e-06,L1MC4a,L1,LINE
chr3,118558193,118558214,MA1714.1,-,5.93e-06,THE1D-int,ERVL-MaLR,LTR
chr2,119213293,119213314,MA1714.1,-,5.93e-06,L1PA7,L1,LINE
chr8,120384809,120384830,MA1714.1,-,5.93e-06,MIR,MIR,SINE
chr9,122266170,122266191,MA1714.1,+,5.93e-06,L1PA7,L1,LINE
chr5,122395774,122395795,MA1714.1,+,5.93e-06,HAL1,L1,LINE
chr6,123403549,123403570,MA1714.1,-,5.93e-06,THE1A-int,ERVL-MaLR,LTR
chr4,125284103,125284124,MA1714.1,+,5.93e-06,L1PA6,L1,LINE
chr5,127292949,127292970,MA1714.1,-,5.93e-06,MamGypLTR2c,Gypsy,LTR
chr8,127329736,127329757,MA1714.1,-,5.93e-06,L1PA2,L1,LINE
chrX,127334611,127334632,MA1714.1,+,5.93e-06,L1PA5,L1,LINE
chr7,128226529,128226550,MA1714.1,-,5.93e-06,L1MEg,L1,LINE
chrX,128487491,128487512,MA1714.1,+,5.93e-06,L1PA5,L1,LINE
chrX,128992053,128992074,MA1714.1,-,5.93e-06,L1PA5,L1,LINE
chr2,129465558,129465579,MA1714.1,-,5.93e-06,MSTB-int,ERVL-MaLR,LTR
chr7,133442542,133442563,MA1714.1,-,5.93e-06,MIR,MIR,SINE
chr8,134704014,134704035,MA1714.1,+,5.93e-06,MIRb,MIR,SINE
chr4,142756469,142756490,MA1714.1,+,5.93e-06,L1PA4,L1,LINE
chrX,143837593,143837614,MA1714.1,-,5.93e-06,L1PA10,L1,LINE
chr4,146887995,146888016,MA1714.1,-,5.93e-06,L1PA7,L1,LINE
chrX,148310374,148310395,MA1714.1,-,5.93e-06,L1PA10,L1,LINE
chr6,148511512,148511533,MA1714.1,-,5.93e-06,MamGypLTR1c,Gypsy,LTR
chr6,152401340,152401361,MA1714.1,+,5.93e-06,L1PA6,L1,LINE
chr1,154875751,154875772,MA1714.1,+,5.93e-06,L1MB7,L1,LINE
chr4,158680393,158680414,MA1714.1,-,5.93e-06,L1PA7,L1,LINE
chr3,159409942,159409963,MA1714.1,-,5.93e-06,L1PA7,L1,LINE
chr5,171905091,171905112,MA1714.1,+,5.93e-06,MIRb,MIR,SINE
chr5,171905966,171905987,MA1714.1,+,5.93e-06,MIRb,MIR,SINE
chr5,171997799,171997820,MA1714.1,+,5.93e-06,HAL1-3A_ME,L1,LINE
chr4,175471334,175471355,MA1714.1,-,5.93e-06,L1MC2,L1,LINE
chr1,178737504,178737525,MA1714.1,-,5.93e-06,L1PA15-16,L1,LINE
chr2,189820240,189820261,MA1714.1,-,5.93e-06,L1MC4,L1,LINE
chr3,194442691,194442712,MA1714.1,+,5.93e-06,MER117,hAT-Charlie,DNA
chr2,197928737,197928758,MA1714.1,+,5.93e-06,L1HS,L1,LINE
chr1,201640728,201640749,MA1714.1,+,5.93e-06,MIRc,MIR,SINE
chr2,207867199,207867220,MA1714.1,+,5.93e-06,L1PA3,L1,LINE
chr1,230857778,230857799,MA1714.1,+,5.93e-06,THE1D-int,ERVL-MaLR,LTR
chrUn_gl000221,63780,63801,MA1714.1,+,5.96e-06,MER52A,ERV1,LTR
chr4,1411914,1411935,MA1714.1,+,5.96e-06,L1MD3,L1,LINE
chr3,1952587,1952608,MA1714.1,+,5.96e-06,MIR3,MIR,SINE
chr9,3702808,3702829,MA1714.1,-,5.96e-06,MIR,MIR,SINE
chr18,6767239,6767260,MA1714.1,-,5.96e-06,L1MEf,L1,LINE
chr21,10180121,10180142,MA1714.1,-,5.96e-06,MER52A,ERV1,LTR
chr6,13897289,13897310,MA1714.1,-,5.96e-06,L3,CR1,LINE
chr7,14361248,14361269,MA1714.1,+,5.96e-06,L1ME3A,L1,LINE
chr6,15816697,15816718,MA1714.1,-,5.96e-06,MIRb,MIR,SINE
chr7,18723631,18723652,MA1714.1,+,5.96e-06,AluJb,Alu,SINE
chr18,20043574,20043595,MA1714.1,+,5.96e-06,MER106A,hAT-Charlie,DNA
chr5,20629179,20629200,MA1714.1,-,5.96e-06,THE1B-int,ERVL-MaLR,LTR
chr15,20751563,20751584,MA1714.1,+,5.96e-06,L1MC4,L1,LINE
chr13,20952140,20952161,MA1714.1,+,5.96e-06,L2c,L2,LINE
chr15,23418630,23418651,MA1714.1,+,5.96e-06,L1MC4,L1,LINE
chr8,23942216,23942237,MA1714.1,-,5.96e-06,LTR49,ERV1,LTR
chrY,25247910,25247931,MA1714.1,+,5.96e-06,AluSq2,Alu,SINE
chrY,25465070,25465091,MA1714.1,-,5.96e-06,AluSq2,Alu,SINE
chr6,26144304,26144325,MA1714.1,+,5.96e-06,AluSz6,Alu,SINE
chrY,26881645,26881666,MA1714.1,+,5.96e-06,AluSq2,Alu,SINE
chrY,27080743,27080764,MA1714.1,-,5.96e-06,AluSq2,Alu,SINE
chr15,28607688,28607709,MA1714.1,+,5.96e-06,L1MC4,L1,LINE
chr15,28794225,28794246,MA1714.1,-,5.96e-06,L1MC4,L1,LINE
chr21,31205020,31205041,MA1714.1,-,5.96e-06,MSTA-int,ERVL-MaLR,LTR
chr22,33027689,33027710,MA1714.1,-,5.96e-06,MIR,MIR,SINE
chr15,33052783,33052804,MA1714.1,-,5.96e-06,L1ME3B,L1,LINE
chr19,33443311,33443332,MA1714.1,+,5.96e-06,AluJo,Alu,SINE
chr4,33816966,33816987,MA1714.1,-,5.96e-06,L1MEd,L1,LINE
chr13,34659912,34659933,MA1714.1,-,5.96e-06,MLT1I-int,ERVL-MaLR,LTR
chr21,39501728,39501749,MA1714.1,-,5.96e-06,MIRb,MIR,SINE
chr13,39746703,39746724,MA1714.1,-,5.96e-06,L1MA5,L1,LINE
chr7,44166018,44166039,MA1714.1,-,5.96e-06,L1M4c,L1,LINE
chr1,46527167,46527188,MA1714.1,-,5.96e-06,L2c,L2,LINE
chr17,50464796,50464817,MA1714.1,+,5.96e-06,MSTB-int,ERVL-MaLR,LTR
chr19,56184768,56184789,MA1714.1,-,5.96e-06,L1MC5,L1,LINE
chr3,57462671,57462692,MA1714.1,+,5.96e-06,L1PA4,L1,LINE
chrX,58181102,58181123,MA1714.1,+,5.96e-06,ALR/Alpha,centr,Satellite
chr20,59929234,59929255,MA1714.1,+,5.96e-06,MER20,hAT-Charlie,DNA
chr17,63936749,63936770,MA1714.1,+,5.96e-06,L1MA7,L1,LINE
chr16,64306527,64306548,MA1714.1,-,5.96e-06,MLT2B4,ERVL,LTR
chr6,66865826,66865847,MA1714.1,+,5.96e-06,Tigger1,TcMar-Tigger,DNA
chr8,71599010,71599031,MA1714.1,-,5.96e-06,L1MCa,L1,LINE
chr9,73506717,73506738,MA1714.1,-,5.96e-06,MIRb,MIR,SINE
chr16,74852639,74852660,MA1714.1,-,5.96e-06,L1MA5A,L1,LINE
chr13,74966052,74966073,MA1714.1,-,5.96e-06,L1MC4a,L1,LINE
chr10,76333890,76333911,MA1714.1,-,5.96e-06,L1P1,L1,LINE
chr15,78629894,78629915,MA1714.1,+,5.96e-06,AluSz6,Alu,SINE
chr16,80127271,80127292,MA1714.1,-,5.96e-06,MIRb,MIR,SINE
chr6,84075330,84075351,MA1714.1,+,5.96e-06,AluJb,Alu,SINE
chr2,84588751,84588772,MA1714.1,+,5.96e-06,L1PREC2,L1,LINE
chr15,89116259,89116280,MA1714.1,+,5.96e-06,MIRb,MIR,SINE
chr1,95044965,95044986,MA1714.1,-,5.96e-06,L1PA11,L1,LINE
chr9,95468909,95468930,MA1714.1,-,5.96e-06,MLT1A0-int,ERVL-MaLR,LTR
chr1,95858100,95858121,MA1714.1,-,5.96e-06,L1MEe,L1,LINE
chr10,96561354,96561375,MA1714.1,-,5.96e-06,L1PA16,L1,LINE
chr9,96766640,96766661,MA1714.1,+,5.96e-06,HAL1,L1,LINE
chr15,97098385,97098406,MA1714.1,-,5.96e-06,MLT1J2,ERVL-MaLR,LTR
chr8,97634979,97635000,MA1714.1,-,5.96e-06,MIR,MIR,SINE
chr14,101401368,101401389,MA1714.1,-,5.96e-06,L1M2,L1,LINE
chr1,102211383,102211404,MA1714.1,+,5.96e-06,MLT1F2,ERVL-MaLR,LTR
chr1,102474667,102474688,MA1714.1,+,5.96e-06,L1MB4,L1,LINE
chr4,102554252,102554273,MA1714.1,-,5.96e-06,HERV9-int,ERV1,LTR
chr1,103517281,103517302,MA1714.1,-,5.96e-06,L1PA4,L1,LINE
chr14,106266219,106266240,MA1714.1,+,5.96e-06,L1MC2,L1,LINE
chr8,109593042,109593063,MA1714.1,-,5.96e-06,MLT2B4,ERVL,LTR
chr12,113455700,113455721,MA1714.1,-,5.96e-06,THE1C,ERVL-MaLR,LTR
chr4,116699410,116699431,MA1714.1,+,5.96e-06,L1MA4,L1,LINE
chr12,116928172,116928193,MA1714.1,+,5.96e-06,L1MB7,L1,LINE
chr4,117073167,117073188,MA1714.1,-,5.96e-06,HAL1,L1,LINE
chr4,119331570,119331591,MA1714.1,-,5.96e-06,L1ME3D,L1,LINE
chr9,120034629,120034650,MA1714.1,-,5.96e-06,THE1A-int,ERVL-MaLR,LTR
chr11,124420420,124420441,MA1714.1,+,5.96e-06,L1ME3,L1,LINE
chr11,125003697,125003718,MA1714.1,-,5.96e-06,L1ME5,L1,LINE
chr2,125897371,125897392,MA1714.1,-,5.96e-06,L3,CR1,LINE
chr9,127496723,127496744,MA1714.1,+,5.96e-06,AluSz,Alu,SINE
chr6,136255037,136255058,MA1714.1,+,5.96e-06,Arthur1A,hAT-Tip100,DNA
chr2,137122355,137122376,MA1714.1,+,5.96e-06,AluJo,Alu,SINE
chr2,140731846,140731867,MA1714.1,+,5.96e-06,L1M1,L1,LINE
chr6,141685530,141685551,MA1714.1,-,5.96e-06,L1ME3B,L1,LINE
chr1,142874726,142874747,MA1714.1,+,5.96e-06,MER52A,ERV1,LTR
chr2,144471945,144471966,MA1714.1,-,5.96e-06,THE1A-int,ERVL-MaLR,LTR
chr4,149245030,149245051,MA1714.1,-,5.96e-06,L1PA2,L1,LINE
chr5,150752487,150752508,MA1714.1,+,5.96e-06,L1MEf,L1,LINE
chr2,152863885,152863906,MA1714.1,-,5.96e-06,L1MB3,L1,LINE
chr5,155574355,155574376,MA1714.1,-,5.96e-06,LTR37B,ERV1,LTR
chr3,157403000,157403021,MA1714.1,+,5.96e-06,L1PA4,L1,LINE
chr5,157830919,157830940,MA1714.1,+,5.96e-06,THE1B-int,ERVL-MaLR,LTR
chr1,158602497,158602518,MA1714.1,+,5.96e-06,L1MD1,L1,LINE
chr3,159770202,159770223,MA1714.1,+,5.96e-06,MER4B-int,ERV1,LTR
chr5,160542271,160542292,MA1714.1,-,5.96e-06,MER5A1,hAT-Charlie,DNA
chr3,165479617,165479638,MA1714.1,-,5.96e-06,Arthur1A,hAT-Tip100,DNA
chr4,166480000,166480021,MA1714.1,-,5.96e-06,L1ME3D,L1,LINE
chr4,176069995,176070016,MA1714.1,-,5.96e-06,L1MB8,L1,LINE
chr2,180263216,180263237,MA1714.1,-,5.96e-06,HAL1,L1,LINE
chr2,189664557,189664578,MA1714.1,+,5.96e-06,L1MC5,L1,LINE
chr1,194249005,194249026,MA1714.1,+,5.96e-06,L1MEg,L1,LINE
chrY,358034,358055,MA1714.1,-,6e-06,AluJo,Alu,SINE
chrX,408034,408055,MA1714.1,-,6e-06,AluJo,Alu,SINE
chr3,3289571,3289592,MA1714.1,-,6e-06,MLT1A,ERVL-MaLR,LTR
chr4,3597518,3597539,MA1714.1,-,6e-06,L1MC4a,L1,LINE
chr18,4972172,4972193,MA1714.1,+,6e-06,L1MA4,L1,LINE
chr19,6634699,6634720,MA1714.1,+,6e-06,L1MB3,L1,LINE
chr11,7814507,7814528,MA1714.1,-,6e-06,L1MDa,L1,LINE
chr2,13044562,13044583,MA1714.1,-,6e-06,L1MD2,L1,LINE
chr6,15421300,15421321,MA1714.1,-,6e-06,L1MEc,L1,LINE
chr3,17603560,17603581,MA1714.1,+,6e-06,AluJr,Alu,SINE
chr17,19691362,19691383,MA1714.1,+,6e-06,L1M1,L1,LINE
chr11,22943689,22943710,MA1714.1,-,6e-06,L1MD2,L1,LINE
chr3,25501651,25501672,MA1714.1,-,6e-06,MER5A1,hAT-Charlie,DNA
chrX,25514981,25515002,MA1714.1,+,6e-06,MIRc,MIR,SINE
chr3,26296036,26296057,MA1714.1,-,6e-06,L1MA9,L1,LINE
chr22,27102755,27102776,MA1714.1,-,6e-06,AluJb,Alu,SINE
chr1,27184556,27184577,MA1714.1,-,6e-06,MIRb,MIR,SINE
chr13,28704063,28704084,MA1714.1,+,6e-06,ERVL-E-int,ERVL,LTR
chrY,28800848,28800869,MA1714.1,+,6e-06,(GAATG)n,Satellite,Satellite
chr1,29666118,29666139,MA1714.1,+,6e-06,ERVL-E-int,ERVL,LTR
chr19,30317037,30317058,MA1714.1,+,6e-06,AluSp,Alu,SINE
chr18,30880998,30881019,MA1714.1,+,6e-06,MSTB-int,ERVL-MaLR,LTR
chr15,31162783,31162804,MA1714.1,+,6e-06,ERVL-B4-int,ERVL,LTR
chr9,33297064,33297085,MA1714.1,-,6e-06,L3,CR1,LINE
chr9,34177390,34177411,MA1714.1,-,6e-06,AluJb,Alu,SINE
chr11,34262625,34262646,MA1714.1,+,6e-06,MIR,MIR,SINE
chr14,39909111,39909132,MA1714.1,-,6e-06,AluSz,Alu,SINE
chr6,40209287,40209308,MA1714.1,+,6e-06,L1PA14,L1,LINE
chr3,40585330,40585351,MA1714.1,+,6e-06,HAL1,L1,LINE
chr2,41362191,41362212,MA1714.1,+,6e-06,L1MA9,L1,LINE
chr1,44028327,44028348,MA1714.1,-,6e-06,AluSz,Alu,SINE
chr14,46689928,46689949,MA1714.1,-,6e-06,L1PA16,L1,LINE
chrX,50157190,50157211,MA1714.1,+,6e-06,L1MA7,L1,LINE
chr4,55488147,55488168,MA1714.1,-,6e-06,HAL1,L1,LINE
chr13,56916518,56916539,MA1714.1,-,6e-06,THE1D-int,ERVL-MaLR,LTR
chr19,57519716,57519737,MA1714.1,+,6e-06,AluJb,Alu,SINE
chr14,60905289,60905310,MA1714.1,-,6e-06,L2a,L2,LINE
chr8,61347756,61347777,MA1714.1,-,6e-06,L1MC5,L1,LINE
chr17,61397662,61397683,MA1714.1,-,6e-06,HAL1,L1,LINE
chrX,62621661,62621682,MA1714.1,-,6e-06,MSTB1-int,ERVL-MaLR,LTR
chr1,63195309,63195330,MA1714.1,-,6e-06,L1M7,L1,LINE
chr8,64227437,64227458,MA1714.1,-,6e-06,MamGypLTR1d,Gypsy,LTR
chr2,65910745,65910766,MA1714.1,+,6e-06,L1M6,L1,LINE
chr18,66860554,66860575,MA1714.1,-,6e-06,MLT2B3,ERVL,LTR
chr17,68284002,68284023,MA1714.1,+,6e-06,L1MA9,L1,LINE
chr7,69500302,69500323,MA1714.1,+,6e-06,MIRc,MIR,SINE
chr1,70741538,70741559,MA1714.1,+,6e-06,AluSz,Alu,SINE
chr13,72568536,72568557,MA1714.1,-,6e-06,MIR,MIR,SINE
chr6,77500112,77500133,MA1714.1,-,6e-06,MSTA-int,ERVL-MaLR,LTR
chrX,77569854,77569875,MA1714.1,+,6e-06,L1M1,L1,LINE
chr2,84828319,84828340,MA1714.1,+,6e-06,L1MC3,L1,LINE
chr15,87250164,87250185,MA1714.1,+,6e-06,L1ME5,L1,LINE
chr10,87910816,87910837,MA1714.1,-,6e-06,MIRb,MIR,SINE
chr14,97040018,97040039,MA1714.1,+,6e-06,MIRb,MIR,SINE
chr7,97810659,97810680,MA1714.1,-,6e-06,FRAM,Alu,SINE
chr10,97961384,97961405,MA1714.1,+,6e-06,Charlie1a,hAT-Charlie,DNA
chr8,103911018,103911039,MA1714.1,-,6e-06,MIRb,MIR,SINE
chr2,110802427,110802448,MA1714.1,+,6e-06,L1M5,L1,LINE
chr2,111084161,111084182,MA1714.1,-,6e-06,L1M5,L1,LINE
chr6,112984637,112984658,MA1714.1,+,6e-06,LTR86C,ERVL,LTR
chr3,117217943,117217964,MA1714.1,-,6e-06,Plat_L3,CR1,LINE
chrX,118247541,118247562,MA1714.1,+,6e-06,L1MB7,L1,LINE
chr2,120080370,120080391,MA1714.1,+,6e-06,L1MC4a,L1,LINE
chr12,123847390,123847411,MA1714.1,+,6e-06,AluJr,Alu,SINE
chr11,133352744,133352765,MA1714.1,+,6e-06,L1M5,L1,LINE
chr11,133762598,133762619,MA1714.1,+,6e-06,L2b,L2,LINE
chr8,135488768,135488789,MA1714.1,-,6e-06,MIRb,MIR,SINE
chr5,138734186,138734207,MA1714.1,+,6e-06,AluJo,Alu,SINE
chr4,149845818,149845839,MA1714.1,+,6e-06,LTR16D2,ERVL,LTR
chr7,149996893,149996914,MA1714.1,+,6e-06,L1MB2,L1,LINE
chr4,154526621,154526642,MA1714.1,-,6e-06,AluSg,Alu,SINE
chr7,155280179,155280200,MA1714.1,-,6e-06,L1M3,L1,LINE
chr4,168984872,168984893,MA1714.1,+,6e-06,L1MA4,L1,LINE
chr1,181207833,181207854,MA1714.1,+,6e-06,MIRb,MIR,SINE
chr1,204687254,204687275,MA1714.1,-,6e-06,MER82,TcMar-Tigger,DNA
chr1,207802490,207802511,MA1714.1,-,6e-06,CR1_Mam,CR1,LINE
chr2,234332797,234332818,MA1714.1,-,6e-06,L3,CR1,LINE
chrY,2873272,2873293,MA1714.1,+,6.04e-06,HERV3-int,ERV1,LTR
chr16,4051231,4051252,MA1714.1,-,6.04e-06,L1MD3,L1,LINE
chr12,4447476,4447497,MA1714.1,+,6.04e-06,L1MEc,L1,LINE
chrY,5615335,5615356,MA1714.1,-,6.04e-06,MLT1A0-int,ERVL-MaLR,LTR
chr17,7005742,7005763,MA1714.1,-,6.04e-06,MIRb,MIR,SINE
chr20,8803573,8803594,MA1714.1,+,6.04e-06,MER2,TcMar-Tigger,DNA
chr20,9758957,9758978,MA1714.1,-,6.04e-06,AluJr4,Alu,SINE
chr2,10040359,10040380,MA1714.1,-,6.04e-06,L2,L2,LINE
chr6,12734409,12734430,MA1714.1,-,6.04e-06,MIR,MIR,SINE
chr9,16368656,16368677,MA1714.1,-,6.04e-06,MIR,MIR,SINE
chr4,18492673,18492694,MA1714.1,+,6.04e-06,L1PA10,L1,LINE
chr7,19061426,19061447,MA1714.1,-,6.04e-06,ERVL-B4-int,ERVL,LTR
chr3,20524260,20524281,MA1714.1,+,6.04e-06,L1PA13,L1,LINE
chr2,20954680,20954701,MA1714.1,+,6.04e-06,L1MC4,L1,LINE
chr18,22249249,22249270,MA1714.1,-,6.04e-06,HAL1,L1,LINE
chrY,22853632,22853653,MA1714.1,-,6.04e-06,L1PA6,L1,LINE
chr21,23694920,23694941,MA1714.1,-,6.04e-06,L1MB1,L1,LINE
chr10,25296967,25296988,MA1714.1,+,6.04e-06,L3,CR1,LINE
chr9,26610069,26610090,MA1714.1,+,6.04e-06,L1MEg,L1,LINE
chr11,28560180,28560201,MA1714.1,-,6.04e-06,L1M5,L1,LINE
chr2,31242549,31242570,MA1714.1,+,6.04e-06,MIRc,MIR,SINE
chr21,33794643,33794664,MA1714.1,+,6.04e-06,L1MEd,L1,LINE
chr14,34840225,34840246,MA1714.1,-,6.04e-06,HERVIP10FH-int,ERV1,LTR
chr11,35595516,35595537,MA1714.1,-,6.04e-06,MER39B,ERV1,LTR
chr1,36991461,36991482,MA1714.1,-,6.04e-06,L3,CR1,LINE
chr11,37539132,37539153,MA1714.1,+,6.04e-06,L1MA2,L1,LINE
chr17,37715473,37715494,MA1714.1,-,6.04e-06,L1MD2,L1,LINE
chr15,37948328,37948349,MA1714.1,+,6.04e-06,L1MA9,L1,LINE
chr5,38541894,38541915,MA1714.1,+,6.04e-06,L3,CR1,LINE
chr19,39551156,39551177,MA1714.1,+,6.04e-06,MIR,MIR,SINE
chr13,40227621,40227642,MA1714.1,+,6.04e-06,L1MB7,L1,LINE
chr14,40865238,40865259,MA1714.1,+,6.04e-06,MIRb,MIR,SINE
chr17,44252412,44252433,MA1714.1,+,6.04e-06,Charlie1b,hAT-Charlie,DNA
chr14,45258578,45258599,MA1714.1,-,6.04e-06,MIR,MIR,SINE
chr19,47834557,47834578,MA1714.1,-,6.04e-06,MIR,MIR,SINE
chr18,48617052,48617073,MA1714.1,-,6.04e-06,HAL1,L1,LINE
chr17,49405524,49405545,MA1714.1,+,6.04e-06,L1P2,L1,LINE
chr13,49622903,49622924,MA1714.1,-,6.04e-06,L1PB1,L1,LINE
chr13,53577986,53578007,MA1714.1,+,6.04e-06,L2a,L2,LINE
chr5,54013856,54013877,MA1714.1,+,6.04e-06,L1MA9,L1,LINE
chr12,55799788,55799809,MA1714.1,-,6.04e-06,L1M4c,L1,LINE
chr13,58005772,58005793,MA1714.1,+,6.04e-06,L1PA16,L1,LINE
chr15,58613017,58613038,MA1714.1,+,6.04e-06,L1MB2,L1,LINE
chr15,60612725,60612746,MA1714.1,+,6.04e-06,MIRb,MIR,SINE
chr13,60993284,60993305,MA1714.1,-,6.04e-06,L1ME2,L1,LINE
chr15,61604923,61604944,MA1714.1,-,6.04e-06,L3,CR1,LINE
chr17,62816705,62816726,MA1714.1,+,6.04e-06,L1MC4a,L1,LINE
chr17,63660966,63660987,MA1714.1,-,6.04e-06,MLT1A,ERVL-MaLR,LTR
chr18,65281597,65281618,MA1714.1,+,6.04e-06,MLT1E2,ERVL-MaLR,LTR
chr13,65499529,65499550,MA1714.1,-,6.04e-06,MER52D,ERV1,LTR
chr2,68169230,68169251,MA1714.1,-,6.04e-06,MIRc,MIR,SINE
chr13,71327371,71327392,MA1714.1,-,6.04e-06,AluSz,Alu,SINE
chr9,73905013,73905034,MA1714.1,+,6.04e-06,L1ME3D,L1,LINE
chr1,74254029,74254050,MA1714.1,-,6.04e-06,MER70-int,ERVL,LTR
chr11,75096149,75096170,MA1714.1,+,6.04e-06,MIR,MIR,SINE
chr11,76119968,76119989,MA1714.1,-,6.04e-06,L3,CR1,LINE
chr10,77538755,77538776,MA1714.1,-,6.04e-06,MIRb,MIR,SINE
chr11,78545592,78545613,MA1714.1,-,6.04e-06,HAL1,L1,LINE
chr5,88919048,88919069,MA1714.1,+,6.04e-06,L1PA3,L1,LINE
chr7,89910423,89910444,MA1714.1,-,6.04e-06,MIR,MIR,SINE
chr12,90264499,90264520,MA1714.1,-,6.04e-06,L1MC4a,L1,LINE
chr11,92456088,92456109,MA1714.1,-,6.04e-06,THE1B-int,ERVL-MaLR,LTR
chr15,94297047,94297068,MA1714.1,+,6.04e-06,L1MC3,L1,LINE
chr4,95847168,95847189,MA1714.1,-,6.04e-06,HAL1-3A_ME,L1,LINE
chr2,97347008,97347029,MA1714.1,+,6.04e-06,AluJr,Alu,SINE
chr14,97366950,97366971,MA1714.1,-,6.04e-06,LTR16A,ERVL,LTR
chr3,98850695,98850716,MA1714.1,-,6.04e-06,MIRb,MIR,SINE
chr7,104125945,104125966,MA1714.1,-,6.04e-06,L1M5,L1,LINE
chr13,106227410,106227431,MA1714.1,+,6.04e-06,THE1C-int,ERVL-MaLR,LTR
chr3,106993524,106993545,MA1714.1,+,6.04e-06,HERV16-int,ERVL,LTR
chr11,107655409,107655430,MA1714.1,-,6.04e-06,AluJr,Alu,SINE
chr8,114861445,114861466,MA1714.1,-,6.04e-06,L1PA16,L1,LINE
chr4,115944992,115945013,MA1714.1,+,6.04e-06,MSTD-int,ERVL-MaLR,LTR
chr12,119415633,119415654,MA1714.1,-,6.04e-06,MIRb,MIR,SINE
chr11,122465769,122465790,MA1714.1,+,6.04e-06,MLT1A0,ERVL-MaLR,LTR
chr9,122966010,122966031,MA1714.1,-,6.04e-06,MIRb,MIR,SINE
chr5,126574909,126574930,MA1714.1,+,6.04e-06,L1MC4,L1,LINE
chr6,128145051,128145072,MA1714.1,+,6.04e-06,HAL1,L1,LINE
chr6,131385368,131385389,MA1714.1,-,6.04e-06,MIRc,MIR,SINE
chr6,133499967,133499988,MA1714.1,-,6.04e-06,L1ME3E,L1,LINE
chr4,133890059,133890080,MA1714.1,-,6.04e-06,MIRb,MIR,SINE
chr2,139759712,139759733,MA1714.1,-,6.04e-06,L3,CR1,LINE
chr8,145063638,145063659,MA1714.1,+,6.04e-06,L1MA2,L1,LINE
chr3,146995877,146995898,MA1714.1,+,6.04e-06,L1MA4A,L1,LINE
chr6,147366413,147366434,MA1714.1,+,6.04e-06,MLT1L,ERVL-MaLR,LTR
chr7,149056702,149056723,MA1714.1,-,6.04e-06,MER70B,ERVL,LTR
chr2,162135107,162135128,MA1714.1,-,6.04e-06,L1MB8,L1,LINE
chr4,168341855,168341876,MA1714.1,+,6.04e-06,HUERS-P3-int,ERV1,LTR
chr3,173452258,173452279,MA1714.1,-,6.04e-06,AluJr,Alu,SINE
chr1,178198281,178198302,MA1714.1,-,6.04e-06,L1MC4,L1,LINE
chr3,179029272,179029293,MA1714.1,-,6.04e-06,L1MDa,L1,LINE
chr3,188445024,188445045,MA1714.1,+,6.04e-06,MIR,MIR,SINE
chr1,212324522,212324543,MA1714.1,-,6.04e-06,MIRc,MIR,SINE
chr2,214772597,214772618,MA1714.1,+,6.04e-06,L1MA5,L1,LINE
chr1,224963613,224963634,MA1714.1,+,6.04e-06,L1ME4a,L1,LINE
chr2,229474753,229474774,MA1714.1,+,6.04e-06,L1MEg,L1,LINE
chr1,233675522,233675543,MA1714.1,+,6.04e-06,L1ME2,L1,LINE
chr10,219039,219060,MA1714.1,+,6.08e-06,L1MC1,L1,LINE
chr20,609641,609662,MA1714.1,-,6.08e-06,MIR,MIR,SINE
chrY,931386,931407,MA1714.1,-,6.08e-06,L1MB4,L1,LINE
chrX,981386,981407,MA1714.1,-,6.08e-06,L1MB4,L1,LINE
chr20,3339002,3339023,MA1714.1,-,6.08e-06,AluSx,Alu,SINE
chr12,4234905,4234926,MA1714.1,-,6.08e-06,L1M4,L1,LINE
chr7,5203101,5203122,MA1714.1,+,6.08e-06,L1MC1,L1,LINE
chr7,5844858,5844879,MA1714.1,-,6.08e-06,L1MC1,L1,LINE
chr19,7651650,7651671,MA1714.1,+,6.08e-06,AluSx,Alu,SINE
chr2,8352373,8352394,MA1714.1,-,6.08e-06,AluJb,Alu,SINE
chr17,15509765,15509786,MA1714.1,+,6.08e-06,AluSx,Alu,SINE
chrX,16895364,16895385,MA1714.1,+,6.08e-06,L1MC2,L1,LINE
chr4,18375232,18375253,MA1714.1,+,6.08e-06,L1PA16,L1,LINE
chr17,18660568,18660589,MA1714.1,-,6.08e-06,AluSx,Alu,SINE
chrX,19499503,19499524,MA1714.1,+,6.08e-06,L1M4,L1,LINE
chr5,20158043,20158064,MA1714.1,-,6.08e-06,L1MA4,L1,LINE
chr7,21429677,21429698,MA1714.1,+,6.08e-06,MER50,ERV1,LTR
chrY,23240182,23240203,MA1714.1,-,6.08e-06,BSR/Beta,Satellite,Satellite
chr4,23470981,23471002,MA1714.1,-,6.08e-06,HERVL-int,ERVL,LTR
chr16,24296103,24296124,MA1714.1,-,6.08e-06,L3,CR1,LINE
chr15,24873162,24873183,MA1714.1,-,6.08e-06,MST-int,ERVL-MaLR,LTR
chr3,25622419,25622440,MA1714.1,+,6.08e-06,MIRc,MIR,SINE
chr10,29209487,29209508,MA1714.1,+,6.08e-06,MIRb,MIR,SINE
chr8,29696597,29696618,MA1714.1,-,6.08e-06,AluSx,Alu,SINE
chr22,29911102,29911123,MA1714.1,-,6.08e-06,AluSx,Alu,SINE
chr1,33507773,33507794,MA1714.1,+,6.08e-06,AluSx1,Alu,SINE
chr18,33991109,33991130,MA1714.1,-,6.08e-06,L1MB7,L1,LINE
chr11,34239985,34240006,MA1714.1,-,6.08e-06,L1MC1,L1,LINE
chr10,36331883,36331904,MA1714.1,-,6.08e-06,L1MB8,L1,LINE
chr22,36789469,36789490,MA1714.1,+,6.08e-06,L1M5,L1,LINE
chr12,40444707,40444728,MA1714.1,+,6.08e-06,MIR,MIR,SINE
chr15,41693704,41693725,MA1714.1,-,6.08e-06,AluSz,Alu,SINE
chr4,41897208,41897229,MA1714.1,-,6.08e-06,AluSz,Alu,SINE
chr5,42604493,42604514,MA1714.1,-,6.08e-06,MER21A,ERVL,LTR
chr12,42658620,42658641,MA1714.1,-,6.08e-06,L1MD,L1,LINE
chr11,42683784,42683805,MA1714.1,-,6.08e-06,LTR78,ERV1,LTR
chrX,42837242,42837263,MA1714.1,-,6.08e-06,AluSq,Alu,SINE
chr19,43110178,43110199,MA1714.1,-,6.08e-06,AluSg,Alu,SINE
chr22,43338551,43338572,MA1714.1,-,6.08e-06,L1MB8,L1,LINE
chr15,43365283,43365304,MA1714.1,+,6.08e-06,AluSz6,Alu,SINE
chr22,43712477,43712498,MA1714.1,+,6.08e-06,MIRb,MIR,SINE
chr22,43729869,43729890,MA1714.1,+,6.08e-06,MIR,MIR,SINE
chr1,45422487,45422508,MA1714.1,+,6.08e-06,L1MC4,L1,LINE
chr1,53556880,53556901,MA1714.1,+,6.08e-06,MIR,MIR,SINE
chr3,54095566,54095587,MA1714.1,-,6.08e-06,AluSz,Alu,SINE
chr4,54934034,54934055,MA1714.1,+,6.08e-06,MIRb,MIR,SINE
chr4,56378868,56378889,MA1714.1,-,6.08e-06,L1MC1,L1,LINE
chr11,56455023,56455044,MA1714.1,+,6.08e-06,L1MC1,L1,LINE
chr13,56741498,56741519,MA1714.1,-,6.08e-06,MSTA-int,ERVL-MaLR,LTR
chr5,57766510,57766531,MA1714.1,-,6.08e-06,AluSg,Alu,SINE
chr14,57770658,57770679,MA1714.1,-,6.08e-06,MER97c,hAT-Tip100,DNA
chr6,57996997,57997018,MA1714.1,-,6.08e-06,SATR1,Satellite,Satellite
chr3,58575498,58575519,MA1714.1,-,6.08e-06,L1MC3,L1,LINE
chr17,58770180,58770201,MA1714.1,+,6.08e-06,AluJo,Alu,SINE
chr1,59136497,59136518,MA1714.1,+,6.08e-06,L3,CR1,LINE
chr1,60545488,60545509,MA1714.1,-,6.08e-06,L1MA5,L1,LINE
chr15,61316721,61316742,MA1714.1,-,6.08e-06,AluSx,Alu,SINE
chr16,61985092,61985113,MA1714.1,-,6.08e-06,MIR,MIR,SINE
chr7,64056012,64056033,MA1714.1,+,6.08e-06,AluSx,Alu,SINE
chr10,65810331,65810352,MA1714.1,-,6.08e-06,BLACKJACK,hAT-Blackjack,DNA
chr5,66695912,66695933,MA1714.1,-,6.08e-06,L1ME1,L1,LINE
chr1,67308807,67308828,MA1714.1,+,6.08e-06,AluJr4,Alu,SINE
chr5,68228120,68228141,MA1714.1,-,6.08e-06,HERVL18-int,ERVL,LTR
chrX,69369428,69369449,MA1714.1,+,6.08e-06,AluSx1,Alu,SINE
chr2,69523510,69523531,MA1714.1,+,6.08e-06,AluSx,Alu,SINE
chr8,71682286,71682307,MA1714.1,-,6.08e-06,L1PA7,L1,LINE
chr16,73130373,73130394,MA1714.1,-,6.08e-06,AluSz,Alu,SINE
chr2,73554151,73554172,MA1714.1,+,6.08e-06,HAL1b,L1,LINE
chr11,74543046,74543067,MA1714.1,+,6.08e-06,L1M4,L1,LINE
chr9,74893416,74893437,MA1714.1,+,6.08e-06,MIRb,MIR,SINE
chr1,75043874,75043895,MA1714.1,+,6.08e-06,MIRb,MIR,SINE
chr6,77355836,77355857,MA1714.1,-,6.08e-06,ERVL-E-int,ERVL,LTR
chrX,80089321,80089342,MA1714.1,+,6.08e-06,L1M3e,L1,LINE
chr15,80407489,80407510,MA1714.1,+,6.08e-06,MIR,MIR,SINE
chr8,81287696,81287717,MA1714.1,+,6.08e-06,AluSx,Alu,SINE
chr13,82515448,82515469,MA1714.1,-,6.08e-06,AluJo,Alu,SINE
chrX,83876682,83876703,MA1714.1,-,6.08e-06,L1MC2,L1,LINE
chr13,84014548,84014569,MA1714.1,-,6.08e-06,MLT1D-int,ERVL-MaLR,LTR
chr15,84929143,84929164,MA1714.1,+,6.08e-06,MIR,MIR,SINE
chr15,85097077,85097098,MA1714.1,-,6.08e-06,MIR,MIR,SINE
chr11,87673394,87673415,MA1714.1,+,6.08e-06,L1MA7,L1,LINE
chr8,87900803,87900824,MA1714.1,+,6.08e-06,MIR,MIR,SINE
chr13,90256906,90256927,MA1714.1,-,6.08e-06,HERVL-int,ERVL,LTR
chr14,93086814,93086835,MA1714.1,-,6.08e-06,MER51-int,ERV1,LTR
chr1,93877694,93877715,MA1714.1,-,6.08e-06,AluSc,Alu,SINE
chr5,93976081,93976102,MA1714.1,-,6.08e-06,L1MCc,L1,LINE
chr10,95046947,95046968,MA1714.1,+,6.08e-06,AluSx1,Alu,SINE
chr8,96250173,96250194,MA1714.1,-,6.08e-06,MER117,hAT-Charlie,DNA
chr9,98820268,98820289,MA1714.1,+,6.08e-06,L1MB7,L1,LINE
chr4,99740116,99740137,MA1714.1,+,6.08e-06,L1M4,L1,LINE
chr3,100095501,100095522,MA1714.1,-,6.08e-06,L1MB7,L1,LINE
chr2,101864515,101864536,MA1714.1,-,6.08e-06,AluSq2,Alu,SINE
chr2,102566894,102566915,MA1714.1,+,6.08e-06,L1MA8,L1,LINE
chr14,103602820,103602841,MA1714.1,-,6.08e-06,MLT1D,ERVL-MaLR,LTR
chr11,104349612,104349633,MA1714.1,+,6.08e-06,L1MEg,L1,LINE
chr10,106885239,106885260,MA1714.1,-,6.08e-06,MIR,MIR,SINE
chr2,109446701,109446722,MA1714.1,+,6.08e-06,L1MB3,L1,LINE
chr3,110312350,110312371,MA1714.1,+,6.08e-06,THE1C-int,ERVL-MaLR,LTR
chr5,112698586,112698607,MA1714.1,-,6.08e-06,L1MEd,L1,LINE
chr1,114622891,114622912,MA1714.1,-,6.08e-06,AluSq2,Alu,SINE
chr6,116792598,116792619,MA1714.1,-,6.08e-06,LTR40c,ERVL,LTR
chr6,117179556,117179577,MA1714.1,-,6.08e-06,L1ME3,L1,LINE
chr4,117257534,117257555,MA1714.1,-,6.08e-06,L1MA7,L1,LINE
chr3,117842108,117842129,MA1714.1,-,6.08e-06,L1ME1,L1,LINE
chr12,118290157,118290178,MA1714.1,+,6.08e-06,AluSx,Alu,SINE
chr7,121293912,121293933,MA1714.1,-,6.08e-06,L1M4b,L1,LINE
chr6,122276531,122276552,MA1714.1,-,6.08e-06,AluSz,Alu,SINE
chr4,122787719,122787740,MA1714.1,-,6.08e-06,L1MA5A,L1,LINE
chr7,125001849,125001870,MA1714.1,-,6.08e-06,AluJr4,Alu,SINE
chr10,126051060,126051081,MA1714.1,+,6.08e-06,L1M5,L1,LINE
chr10,126910743,126910764,MA1714.1,-,6.08e-06,MLT1A0,ERVL-MaLR,LTR
chr5,127581149,127581170,MA1714.1,-,6.08e-06,AluSx1,Alu,SINE
chr8,127935136,127935157,MA1714.1,-,6.08e-06,L1MC2,L1,LINE
chr5,129741320,129741341,MA1714.1,-,6.08e-06,L1ME2,L1,LINE
chr8,130624173,130624194,MA1714.1,-,6.08e-06,MIRb,MIR,SINE
chr10,133737778,133737799,MA1714.1,-,6.08e-06,L1MB7,L1,LINE
chr11,134175095,134175116,MA1714.1,-,6.08e-06,L1M7,L1,LINE
chr3,134507342,134507363,MA1714.1,+,6.08e-06,L1MA9,L1,LINE
chr8,134594936,134594957,MA1714.1,+,6.08e-06,AluSx1,Alu,SINE
chr5,135087721,135087742,MA1714.1,+,6.08e-06,L1MD,L1,LINE
chr7,139904028,139904049,MA1714.1,-,6.08e-06,L1MEc,L1,LINE
chr7,148299614,148299635,MA1714.1,+,6.08e-06,AluSz,Alu,SINE
chr7,149166713,149166734,MA1714.1,-,6.08e-06,AluSq2,Alu,SINE
chrX,149860824,149860845,MA1714.1,-,6.08e-06,MLT1L,ERVL-MaLR,LTR
chr4,149899623,149899644,MA1714.1,-,6.08e-06,MER45R,hAT-Tip100,DNA
chr5,154473034,154473055,MA1714.1,+,6.08e-06,MIRb,MIR,SINE
chr5,155092085,155092106,MA1714.1,-,6.08e-06,AluSx1,Alu,SINE
chr7,156938740,156938761,MA1714.1,-,6.08e-06,L1MC2,L1,LINE
chr2,157755770,157755791,MA1714.1,+,6.08e-06,HAL1,L1,LINE
chr6,158335118,158335139,MA1714.1,-,6.08e-06,L1ME1,L1,LINE
chr1,158628529,158628550,MA1714.1,+,6.08e-06,L1MEf,L1,LINE
chr1,161730524,161730545,MA1714.1,+,6.08e-06,L1MC5,L1,LINE
chr4,161792362,161792383,MA1714.1,+,6.08e-06,AluSc,Alu,SINE
chr4,161910567,161910588,MA1714.1,+,6.08e-06,ERVL-E-int,ERVL,LTR
chr3,166645488,166645509,MA1714.1,+,6.08e-06,MIRc,MIR,SINE
chr5,170800706,170800727,MA1714.1,+,6.08e-06,AluSx3,Alu,SINE
chr5,179355105,179355126,MA1714.1,-,6.08e-06,L1ME3A,L1,LINE
chr3,182915268,182915289,MA1714.1,+,6.08e-06,L1ME1,L1,LINE
chr3,183715115,183715136,MA1714.1,+,6.08e-06,MIRb,MIR,SINE
chr4,190182149,190182170,MA1714.1,-,6.08e-06,MSTA-int,ERVL-MaLR,LTR
chr2,232601095,232601116,MA1714.1,-,6.08e-06,AluSx,Alu,SINE
chr2,238917520,238917541,MA1714.1,-,6.08e-06,L1ME1,L1,LINE
chr17,4039048,4039069,MA1714.1,-,6.12e-06,L3,CR1,LINE
chr16,6865569,6865590,MA1714.1,-,6.12e-06,MIRb,MIR,SINE
chr9,10623983,10624004,MA1714.1,-,6.12e-06,MSTA-int,ERVL-MaLR,LTR
chr4,11384799,11384820,MA1714.1,-,6.12e-06,L1PA2,L1,LINE
chr5,13926644,13926665,MA1714.1,+,6.12e-06,LTR78,ERV1,LTR
chr16,14875761,14875782,MA1714.1,-,6.12e-06,AluJo,Alu,SINE
chr16,15440848,15440869,MA1714.1,+,6.12e-06,AluJo,Alu,SINE
chr10,15484969,15484990,MA1714.1,-,6.12e-06,L1PB4,L1,LINE
chr17,16375189,16375210,MA1714.1,+,6.12e-06,L1MB3,L1,LINE
chr16,16504413,16504434,MA1714.1,-,6.12e-06,AluJo,Alu,SINE
chr16,16867284,16867305,MA1714.1,-,6.12e-06,L1PA7,L1,LINE
chr7,18063581,18063602,MA1714.1,-,6.12e-06,L1MEe,L1,LINE
chr16,18395160,18395181,MA1714.1,+,6.12e-06,AluJo,Alu,SINE
chr1,19372380,19372401,MA1714.1,+,6.12e-06,L3,CR1,LINE
chr9,19679349,19679370,MA1714.1,+,6.12e-06,MIRb,MIR,SINE
chrY,19806382,19806403,MA1714.1,-,6.12e-06,L1PA4,L1,LINE
chr16,20304499,20304520,MA1714.1,+,6.12e-06,MIRb,MIR,SINE
chr6,20318598,20318619,MA1714.1,+,6.12e-06,MER91A,hAT-Tip100,DNA
chrY,20373376,20373397,MA1714.1,+,6.12e-06,L1PA4,L1,LINE
chr3,20612354,20612375,MA1714.1,-,6.12e-06,L1MC1,L1,LINE
chrY,22171805,22171826,MA1714.1,-,6.12e-06,HERV9-int,ERV1,LTR
chr9,23106475,23106496,MA1714.1,+,6.12e-06,L1PA4,L1,LINE
chrY,23172226,23172247,MA1714.1,-,6.12e-06,L1PA2,L1,LINE
chrY,23214080,23214101,MA1714.1,-,6.12e-06,L1PA3,L1,LINE
chrY,23227203,23227224,MA1714.1,+,6.12e-06,L1PA2,L1,LINE
chrY,23374647,23374668,MA1714.1,+,6.12e-06,MER61-int,ERV1,LTR
chr21,23422265,23422286,MA1714.1,+,6.12e-06,AluSx1,Alu,SINE
chrX,24147123,24147144,MA1714.1,+,6.12e-06,L1MC3,L1,LINE
chrY,24188768,24188789,MA1714.1,+,6.12e-06,L1PA5,L1,LINE
chrY,24689899,24689920,MA1714.1,-,6.12e-06,L1PA5,L1,LINE
chr8,24716891,24716912,MA1714.1,+,6.12e-06,L1M5,L1,LINE
chr1,25222249,25222270,MA1714.1,+,6.12e-06,AluJr,Alu,SINE
chr2,25669687,25669708,MA1714.1,-,6.12e-06,L1MEd,L1,LINE
chrY,25798058,25798079,MA1714.1,+,6.12e-06,L1PA5,L1,LINE
chr1,26399379,26399400,MA1714.1,-,6.12e-06,MIRb,MIR,SINE
chr18,26815433,26815454,MA1714.1,+,6.12e-06,L1MEd,L1,LINE
chr12,28106075,28106096,MA1714.1,+,6.12e-06,MIRb,MIR,SINE
chrY,28164292,28164313,MA1714.1,-,6.12e-06,L1PA5,L1,LINE
chr5,28886711,28886732,MA1714.1,+,6.12e-06,MSTA-int,ERVL-MaLR,LTR
chr9,30390877,30390898,MA1714.1,+,6.12e-06,L1PA15,L1,LINE
chr5,30498363,30498384,MA1714.1,-,6.12e-06,L1PA6,L1,LINE
chr9,31806133,31806154,MA1714.1,+,6.12e-06,L1MA4,L1,LINE
chr9,32216259,32216280,MA1714.1,-,6.12e-06,L1PA4,L1,LINE
chr8,33913995,33914016,MA1714.1,+,6.12e-06,L1PA4,L1,LINE
chr13,35561560,35561581,MA1714.1,-,6.12e-06,L1PA6,L1,LINE
chr14,40171218,40171239,MA1714.1,-,6.12e-06,L1PA3,L1,LINE
chr14,41155977,41155998,MA1714.1,+,6.12e-06,L1MC,L1,LINE
chrX,41610363,41610384,MA1714.1,-,6.12e-06,AluJo,Alu,SINE
chr15,43507762,43507783,MA1714.1,+,6.12e-06,MIRb,MIR,SINE
chr14,45388903,45388924,MA1714.1,+,6.12e-06,L1MC4a,L1,LINE
chr14,45611277,45611298,MA1714.1,-,6.12e-06,L1MC4a,L1,LINE
chr12,48230038,48230059,MA1714.1,+,6.12e-06,L3,CR1,LINE
chr5,49527638,49527659,MA1714.1,+,6.12e-06,L1P1,L1,LINE
chr1,50066729,50066750,MA1714.1,-,6.12e-06,L1P2,L1,LINE
chr15,50615120,50615141,MA1714.1,+,6.12e-06,AluJr,Alu,SINE
chr5,51397066,51397087,MA1714.1,-,6.12e-06,L1PA4,L1,LINE
chr11,51543954,51543975,MA1714.1,-,6.12e-06,L1PA4,L1,LINE
chrX,51731989,51732010,MA1714.1,+,6.12e-06,L1M6,L1,LINE
chrX,56874900,56874921,MA1714.1,+,6.12e-06,L1PA8,L1,LINE
chr11,58150333,58150354,MA1714.1,+,6.12e-06,L1MB5,L1,LINE
chr3,59084660,59084681,MA1714.1,-,6.12e-06,L1PA10,L1,LINE
chr1,59363090,59363111,MA1714.1,+,6.12e-06,MIR,MIR,SINE
chr5,60509119,60509140,MA1714.1,-,6.12e-06,LTR16A1,ERVL,LTR
chr13,62858246,62858267,MA1714.1,-,6.12e-06,MSTB-int,ERVL-MaLR,LTR
chr16,65126222,65126243,MA1714.1,-,6.12e-06,MIR3,MIR,SINE
chr14,67016965,67016986,MA1714.1,+,6.12e-06,Tigger1,TcMar-Tigger,DNA
chrX,69251008,69251029,MA1714.1,-,6.12e-06,MIRc,MIR,SINE
chr13,69473693,69473714,MA1714.1,-,6.12e-06,L1MEc,L1,LINE
chr11,69841602,69841623,MA1714.1,-,6.12e-06,L1MC3,L1,LINE
chr13,70615010,70615031,MA1714.1,-,6.12e-06,L1MD2,L1,LINE
chr15,71097528,71097549,MA1714.1,-,6.12e-06,MIR,MIR,SINE
chr12,71160506,71160527,MA1714.1,+,6.12e-06,L1PA3,L1,LINE
chr11,74412254,74412275,MA1714.1,-,6.12e-06,MIRb,MIR,SINE
chr2,76365261,76365282,MA1714.1,-,6.12e-06,L1PA7,L1,LINE
chr14,76558886,76558907,MA1714.1,+,6.12e-06,L1ME1,L1,LINE
chr15,79407868,79407889,MA1714.1,+,6.12e-06,MER63A,hAT-Blackjack,DNA
chrX,80460715,80460736,MA1714.1,-,6.12e-06,L1MA4,L1,LINE
chr10,83301270,83301291,MA1714.1,+,6.12e-06,L1PB1,L1,LINE
chr12,83695240,83695261,MA1714.1,+,6.12e-06,L1PA7,L1,LINE
chr4,86086262,86086283,MA1714.1,-,6.12e-06,L1PA7,L1,LINE
chr1,86335092,86335113,MA1714.1,+,6.12e-06,L1PA5,L1,LINE
chr11,87602088,87602109,MA1714.1,-,6.12e-06,MamRep1527,LTR,LTR
chr12,91147687,91147708,MA1714.1,-,6.12e-06,L1PA7,L1,LINE
chrX,96273910,96273931,MA1714.1,-,6.12e-06,L1MC2,L1,LINE
chr10,97124760,97124781,MA1714.1,+,6.12e-06,MIRb,MIR,SINE
chr12,98620306,98620327,MA1714.1,-,6.12e-06,MIRb,MIR,SINE
chr6,99878720,99878741,MA1714.1,+,6.12e-06,MLT1A0-int,ERVL-MaLR,LTR
chr1,101294327,101294348,MA1714.1,-,6.12e-06,L1MCa,L1,LINE
chr10,102208747,102208768,MA1714.1,+,6.12e-06,MLT1C,ERVL-MaLR,LTR
chr7,104680858,104680879,MA1714.1,+,6.12e-06,MIRb,MIR,SINE
chr12,104815373,104815394,MA1714.1,+,6.12e-06,MIR,MIR,SINE
chrX,105735485,105735506,MA1714.1,-,6.12e-06,L1PA7,L1,LINE
chrX,106013404,106013425,MA1714.1,-,6.12e-06,L1PA6,L1,LINE
chr10,110892877,110892898,MA1714.1,+,6.12e-06,L1PA6,L1,LINE
chr13,112232170,112232191,MA1714.1,-,6.12e-06,L1MB3,L1,LINE
chr11,114926989,114927010,MA1714.1,+,6.12e-06,MLT1B,ERVL-MaLR,LTR
chr4,116181428,116181449,MA1714.1,+,6.12e-06,MSTB-int,ERVL-MaLR,LTR
chr11,116427400,116427421,MA1714.1,+,6.12e-06,L1M4b,L1,LINE
chr7,118669701,118669722,MA1714.1,+,6.12e-06,L1MC1,L1,LINE
chr11,120431439,120431460,MA1714.1,+,6.12e-06,MIR,MIR,SINE
chr10,124744352,124744373,MA1714.1,-,6.12e-06,MIRb,MIR,SINE
chr3,125375347,125375368,MA1714.1,-,6.12e-06,ALR/Alpha,centr,Satellite
chr2,126248489,126248510,MA1714.1,-,6.12e-06,L1PB1,L1,LINE
chr2,127467444,127467465,MA1714.1,+,6.12e-06,L1MEe,L1,LINE
chr6,127551350,127551371,MA1714.1,+,6.12e-06,L1PA7,L1,LINE
chr11,127978672,127978693,MA1714.1,+,6.12e-06,L1PA6,L1,LINE
chr11,130883612,130883633,MA1714.1,+,6.12e-06,L1MDa,L1,LINE
chr7,131336895,131336916,MA1714.1,-,6.12e-06,MIRb,MIR,SINE
chr4,133549239,133549260,MA1714.1,+,6.12e-06,THE1D,ERVL-MaLR,LTR
chr8,133978330,133978351,MA1714.1,+,6.12e-06,L3,CR1,LINE
chr7,134753198,134753219,MA1714.1,+,6.12e-06,L1PA4,L1,LINE
chr2,138383675,138383696,MA1714.1,-,6.12e-06,MSTB1-int,ERVL-MaLR,LTR
chrX,147411410,147411431,MA1714.1,-,6.12e-06,L1PA4,L1,LINE
chrX,148970914,148970935,MA1714.1,-,6.12e-06,MSTA-int,ERVL-MaLR,LTR
chr6,149364343,149364364,MA1714.1,-,6.12e-06,AluJb,Alu,SINE
chr1,152308633,152308654,MA1714.1,-,6.12e-06,L1ME5,L1,LINE
chr3,152571025,152571046,MA1714.1,+,6.12e-06,L1MD2,L1,LINE
chr6,154908247,154908268,MA1714.1,-,6.12e-06,Charlie15a,hAT-Charlie,DNA
chr3,155024842,155024863,MA1714.1,-,6.12e-06,L1PB1,L1,LINE
chr4,156048583,156048604,MA1714.1,-,6.12e-06,L1MA4,L1,LINE
chr6,156634482,156634503,MA1714.1,-,6.12e-06,Charlie1a,hAT-Charlie,DNA
chr5,157508915,157508936,MA1714.1,-,6.12e-06,L1MC4a,L1,LINE
chr3,160198051,160198072,MA1714.1,-,6.12e-06,MIRb,MIR,SINE
chr3,163148592,163148613,MA1714.1,+,6.12e-06,L1PA3,L1,LINE
chr4,165451785,165451806,MA1714.1,+,6.12e-06,L2,L2,LINE
chr4,166099673,166099694,MA1714.1,+,6.12e-06,MLT2B5,ERVL,LTR
chr6,166856965,166856986,MA1714.1,-,6.12e-06,Tigger2b_Pri,TcMar-Tigger,DNA
chr1,169263396,169263417,MA1714.1,-,6.12e-06,MIRb,MIR,SINE
chr1,169627204,169627225,MA1714.1,+,6.12e-06,L1P3,L1,LINE
chr6,169816565,169816586,MA1714.1,+,6.12e-06,L1ME3,L1,LINE
chr3,184403429,184403450,MA1714.1,+,6.12e-06,MIRb,MIR,SINE
chr1,188587066,188587087,MA1714.1,-,6.12e-06,LTR40a,ERVL,LTR
chr1,188739700,188739721,MA1714.1,+,6.12e-06,L1PA10,L1,LINE
chr2,196132842,196132863,MA1714.1,-,6.12e-06,L1PA6,L1,LINE
chr2,207946263,207946284,MA1714.1,+,6.12e-06,MIR,MIR,SINE
chr1,208613198,208613219,MA1714.1,-,6.12e-06,L1PB3,L1,LINE
chr1_gl000192_random,251420,251441,MA1714.1,+,6.16e-06,L1PA16,L1,LINE
chr20,1630969,1630990,MA1714.1,+,6.16e-06,L1M4c,L1,LINE
chr5,2121921,2121942,MA1714.1,+,6.16e-06,AluJr4,Alu,SINE
chr6_qbl_hap6,3450634,3450655,MA1714.1,-,6.16e-06,MIR,MIR,SINE
chr6_mann_hap4,3532464,3532485,MA1714.1,-,6.16e-06,MIR,MIR,SINE
chr6_ssto_hap7,3537342,3537363,MA1714.1,-,6.16e-06,MIR,MIR,SINE
chr6_mcf_hap5,3569463,3569484,MA1714.1,-,6.16e-06,MIR,MIR,SINE
chr6_cox_hap2,3660286,3660307,MA1714.1,-,6.16e-06,MIR,MIR,SINE
chr16,6468596,6468617,MA1714.1,-,6.16e-06,AluJr,Alu,SINE
chr8,6494072,6494093,MA1714.1,-,6.16e-06,AluJr,Alu,SINE
chr9,8308141,8308162,MA1714.1,-,6.16e-06,L1MB3,L1,LINE
chr11,9954841,9954862,MA1714.1,+,6.16e-06,L1PA6,L1,LINE
chr19,10027921,10027942,MA1714.1,-,6.16e-06,AluJo,Alu,SINE
chr3,11968330,11968351,MA1714.1,-,6.16e-06,L1M4,L1,LINE
chrX,12259906,12259927,MA1714.1,+,6.16e-06,AluJr,Alu,SINE
chr5,12567934,12567955,MA1714.1,+,6.16e-06,ERV3-16A3_I-int,ERVL,LTR
chr22,17427581,17427602,MA1714.1,+,6.16e-06,L1MC3,L1,LINE
chr22,17681009,17681030,MA1714.1,+,6.16e-06,AluSz,Alu,SINE
chr2,19423336,19423357,MA1714.1,+,6.16e-06,MIR3,MIR,SINE
chr1,19463005,19463026,MA1714.1,+,6.16e-06,L1MEe,L1,LINE
chr8,19767228,19767249,MA1714.1,-,6.16e-06,L1PA7,L1,LINE
chr16,19933384,19933405,MA1714.1,-,6.16e-06,AluJr,Alu,SINE
chr21,22193668,22193689,MA1714.1,-,6.16e-06,L1MA4,L1,LINE
chr18,24990905,24990926,MA1714.1,+,6.16e-06,L3,CR1,LINE
chr5,25253779,25253800,MA1714.1,-,6.16e-06,Tigger13a,TcMar-Tigger,DNA
chrX,26651987,26652008,MA1714.1,-,6.16e-06,Charlie1a,hAT-Charlie,DNA
chr12,27053385,27053406,MA1714.1,+,6.16e-06,L1PA7,L1,LINE
chr11,29467823,29467844,MA1714.1,+,6.16e-06,THE1A-int,ERVL-MaLR,LTR
chr5,29619240,29619261,MA1714.1,+,6.16e-06,L1M4c,L1,LINE
chr6,32189613,32189634,MA1714.1,-,6.16e-06,MIR,MIR,SINE
chr3,34288543,34288564,MA1714.1,-,6.16e-06,HAL1,L1,LINE
chr7,36295936,36295957,MA1714.1,-,6.16e-06,L1PA7,L1,LINE
chr5,37145055,37145076,MA1714.1,+,6.16e-06,L1MEd,L1,LINE
chr21,37477320,37477341,MA1714.1,+,6.16e-06,HERVIP10FH-int,ERV1,LTR
chr5,38634709,38634730,MA1714.1,+,6.16e-06,MER21-int,ERVL,LTR
chr1,39276663,39276684,MA1714.1,-,6.16e-06,FRAM,Alu,SINE
chr19,40010230,40010251,MA1714.1,+,6.16e-06,AluJb,Alu,SINE
chr2,41130803,41130824,MA1714.1,+,6.16e-06,L1MEg,L1,LINE
chr4,41160524,41160545,MA1714.1,+,6.16e-06,MER5A,hAT-Charlie,DNA
chr4,41160524,41160545,MA1714.1,+,6.16e-06,MER5A,hAT-Charlie,DNA
chr2,41516557,41516578,MA1714.1,-,6.16e-06,THE1B-int,ERVL-MaLR,LTR
chr2,43320534,43320555,MA1714.1,-,6.16e-06,Tigger10,TcMar-Tigger,DNA
chr1,44192029,44192050,MA1714.1,-,6.16e-06,AluJr,Alu,SINE
chr1,44259679,44259700,MA1714.1,+,6.16e-06,AluJr,Alu,SINE
chr19,44828328,44828349,MA1714.1,-,6.16e-06,L1MCc,L1,LINE
chr21,45272362,45272383,MA1714.1,-,6.16e-06,MIRb,MIR,SINE
chr14,46447205,46447226,MA1714.1,-,6.16e-06,HERVL-int,ERVL,LTR
chr3,48241445,48241466,MA1714.1,+,6.16e-06,AluJo,Alu,SINE
chr15,48587180,48587201,MA1714.1,-,6.16e-06,AluJb,Alu,SINE
chr18,48919751,48919772,MA1714.1,-,6.16e-06,L1MC4,L1,LINE
chr11,49710391,49710412,MA1714.1,-,6.16e-06,AluJr,Alu,SINE
chr17,51657491,51657512,MA1714.1,+,6.16e-06,MLT1D,ERVL-MaLR,LTR
chr12,56701196,56701217,MA1714.1,+,6.16e-06,AluJo,Alu,SINE
chr5,57642554,57642575,MA1714.1,-,6.16e-06,THE1C,ERVL-MaLR,LTR
chr15,62963920,62963941,MA1714.1,-,6.16e-06,L1MC5,L1,LINE
chr10,63251885,63251906,MA1714.1,-,6.16e-06,Charlie1a,hAT-Charlie,DNA
chr7,67009822,67009843,MA1714.1,-,6.16e-06,MIR,MIR,SINE
chr3,67762025,67762046,MA1714.1,-,6.16e-06,AluJr,Alu,SINE
chr1,68402835,68402856,MA1714.1,-,6.16e-06,MLT2B5,ERVL,LTR
chr14,69186092,69186113,MA1714.1,-,6.16e-06,L1ME1,L1,LINE
chr8,70015775,70015796,MA1714.1,+,6.16e-06,L1MDa,L1,LINE
chr16,71041562,71041583,MA1714.1,+,6.16e-06,L1PA16,L1,LINE
chr4,72002458,72002479,MA1714.1,+,6.16e-06,MIR,MIR,SINE
chr13,72247748,72247769,MA1714.1,+,6.16e-06,L1PA2,L1,LINE
chr14,74505467,74505488,MA1714.1,+,6.16e-06,AluJb,Alu,SINE
chr18,74939728,74939749,MA1714.1,-,6.16e-06,HAL1,L1,LINE
chr12,76365151,76365172,MA1714.1,+,6.16e-06,THE1C,ERVL-MaLR,LTR
chr7,77289037,77289058,MA1714.1,-,6.16e-06,AluJr,Alu,SINE
chr18,77351759,77351780,MA1714.1,+,6.16e-06,L1MC1,L1,LINE
chr4,77909733,77909754,MA1714.1,-,6.16e-06,AluJo,Alu,SINE
chr2,78290451,78290472,MA1714.1,+,6.16e-06,L1MA4,L1,LINE
chr12,78741987,78742008,MA1714.1,+,6.16e-06,L1MA4,L1,LINE
chr14,79172848,79172869,MA1714.1,+,6.16e-06,MIR,MIR,SINE
chrX,79487798,79487819,MA1714.1,-,6.16e-06,L1P4a,L1,LINE
chrX,81067192,81067213,MA1714.1,-,6.16e-06,HERV30-int,ERV1,LTR
chr16,81420172,81420193,MA1714.1,+,6.16e-06,L3,CR1,LINE
chrX,81708912,81708933,MA1714.1,+,6.16e-06,L1PA13,L1,LINE
chr12,82727448,82727469,MA1714.1,-,6.16e-06,ERVL-E-int,ERVL,LTR
chr11,83081403,83081424,MA1714.1,-,6.16e-06,L1MEf,L1,LINE
chr3,83148237,83148258,MA1714.1,+,6.16e-06,THE1C,ERVL-MaLR,LTR
chr9,84684332,84684353,MA1714.1,-,6.16e-06,L1MC1,L1,LINE
chr9,85327339,85327360,MA1714.1,-,6.16e-06,ERVL-E-int,ERVL,LTR
chr5,87174719,87174740,MA1714.1,-,6.16e-06,MER117,hAT-Charlie,DNA
chr16,87244658,87244679,MA1714.1,+,6.16e-06,MIRb,MIR,SINE
chr11,88007475,88007496,MA1714.1,+,6.16e-06,L1ME1,L1,LINE
chr5,88882358,88882379,MA1714.1,-,6.16e-06,MLT1A0-int,ERVL-MaLR,LTR
chr7,92525542,92525563,MA1714.1,-,6.16e-06,L1PA7,L1,LINE
chrX,92723433,92723454,MA1714.1,+,6.16e-06,L1PA16,L1,LINE
chr10,92891927,92891948,MA1714.1,+,6.16e-06,Charlie1a,hAT-Charlie,DNA
chr13,93298415,93298436,MA1714.1,-,6.16e-06,L1ME1,L1,LINE
chr6,96016129,96016150,MA1714.1,-,6.16e-06,L1M5,L1,LINE
chr4,97145113,97145134,MA1714.1,+,6.16e-06,MIR,MIR,SINE
chr9,98107601,98107622,MA1714.1,-,6.16e-06,L1ME5,L1,LINE
chr8,98924165,98924186,MA1714.1,-,6.16e-06,MIR,MIR,SINE
chr8,100049259,100049280,MA1714.1,+,6.16e-06,MIR,MIR,SINE
chr15,100400937,100400958,MA1714.1,+,6.16e-06,L1ME1,L1,LINE
chr10,100586832,100586853,MA1714.1,+,6.16e-06,AluJr,Alu,SINE
chr5,101070645,101070666,MA1714.1,+,6.16e-06,L1MC4a,L1,LINE
chr11,101687995,101688016,MA1714.1,-,6.16e-06,THE1C,ERVL-MaLR,LTR
chr8,104651224,104651245,MA1714.1,-,6.16e-06,L1MD3,L1,LINE
chr9,106028954,106028975,MA1714.1,+,6.16e-06,L1ME2,L1,LINE
chrX,106158526,106158547,MA1714.1,+,6.16e-06,Charlie1b,hAT-Charlie,DNA
chr12,107012803,107012824,MA1714.1,-,6.16e-06,L1ME3,L1,LINE
chr3,107142764,107142785,MA1714.1,+,6.16e-06,L1MC1,L1,LINE
chr8,108523170,108523191,MA1714.1,+,6.16e-06,THE1B-int,ERVL-MaLR,LTR
chr2,109652413,109652434,MA1714.1,+,6.16e-06,L1MDa,L1,LINE
chr6,113183236,113183257,MA1714.1,+,6.16e-06,L1MCa,L1,LINE
chr7,116300510,116300531,MA1714.1,-,6.16e-06,L1PREC2,L1,LINE
chr4,120069329,120069350,MA1714.1,-,6.16e-06,L1MD1,L1,LINE
chrX,128093836,128093857,MA1714.1,-,6.16e-06,MSTA-int,ERVL-MaLR,LTR
chr10,132794256,132794277,MA1714.1,-,6.16e-06,L1MEf,L1,LINE
chr6,136267156,136267177,MA1714.1,-,6.16e-06,L1ME3C,L1,LINE
chr4,141202361,141202382,MA1714.1,-,6.16e-06,LTR79,ERVL,LTR
chr7,142669442,142669463,MA1714.1,+,6.16e-06,L1MC1,L1,LINE
chr3,145446844,145446865,MA1714.1,-,6.16e-06,AluJo,Alu,SINE
chr1,145476733,145476754,MA1714.1,+,6.16e-06,MIR3,MIR,SINE
chr3,152854501,152854522,MA1714.1,+,6.16e-06,AluSz6,Alu,SINE
chr6,154878650,154878671,MA1714.1,+,6.16e-06,AluJr,Alu,SINE
chr5,156241855,156241876,MA1714.1,+,6.16e-06,L1MEg,L1,LINE
chr5,164328422,164328443,MA1714.1,-,6.16e-06,L1MCb,L1,LINE
chr2,180962805,180962826,MA1714.1,-,6.16e-06,L1ME3A,L1,LINE
chr2,207261089,207261110,MA1714.1,+,6.16e-06,AluJb,Alu,SINE
chr2,218184438,218184459,MA1714.1,+,6.16e-06,AluJr,Alu,SINE
chr2,228814328,228814349,MA1714.1,+,6.16e-06,THE1D-int,ERVL-MaLR,LTR
chr20,577615,577636,MA1714.1,+,6.2e-06,MIR,MIR,SINE
chr9,1075696,1075717,MA1714.1,-,6.2e-06,AluSz,Alu,SINE
chr2,2424146,2424167,MA1714.1,+,6.2e-06,AluSq,Alu,SINE
chrX,4833752,4833773,MA1714.1,+,6.2e-06,AluSz,Alu,SINE
chr5,5098795,5098816,MA1714.1,-,6.2e-06,MLT1A0,ERVL-MaLR,LTR
chr16,6432211,6432232,MA1714.1,-,6.2e-06,MER58B,hAT-Charlie,DNA
chr2,7165002,7165023,MA1714.1,-,6.2e-06,MLT1B,ERVL-MaLR,LTR
chr17,7986971,7986992,MA1714.1,+,6.2e-06,AluSg,Alu,SINE
chr16,8266681,8266702,MA1714.1,+,6.2e-06,AluSz,Alu,SINE
chr7,8413701,8413722,MA1714.1,+,6.2e-06,THE1B-int,ERVL-MaLR,LTR
chrY,8723647,8723668,MA1714.1,+,6.2e-06,AluSz,Alu,SINE
chr19,10763110,10763131,MA1714.1,-,6.2e-06,AluSz6,Alu,SINE
chr16,11166007,11166028,MA1714.1,-,6.2e-06,AluJr,Alu,SINE
chr5,12353562,12353583,MA1714.1,-,6.2e-06,AluSx,Alu,SINE
chr12,13889888,13889909,MA1714.1,+,6.2e-06,AluSq2,Alu,SINE
chrY,14637141,14637162,MA1714.1,-,6.2e-06,AluSx1,Alu,SINE
chr5,15289291,15289312,MA1714.1,-,6.2e-06,MLT1A,ERVL-MaLR,LTR
chr6,15679515,15679536,MA1714.1,-,6.2e-06,AluSx1,Alu,SINE
chr9,16329445,16329466,MA1714.1,-,6.2e-06,MIRb,MIR,SINE
chr4,16741133,16741154,MA1714.1,+,6.2e-06,AluSz,Alu,SINE
chr18,19375469,19375490,MA1714.1,+,6.2e-06,L1MC4,L1,LINE
chr16,19715837,19715858,MA1714.1,+,6.2e-06,AluSz6,Alu,SINE
chr16,21111464,21111485,MA1714.1,-,6.2e-06,AluSx1,Alu,SINE
chr20,21112985,21113006,MA1714.1,-,6.2e-06,AluSz,Alu,SINE
chr20,21167177,21167198,MA1714.1,-,6.2e-06,Charlie22a,hAT-Charlie,DNA
chr11,21254271,21254292,MA1714.1,-,6.2e-06,AluSz,Alu,SINE
chr5,21663886,21663907,MA1714.1,-,6.2e-06,THE1B-int,ERVL-MaLR,LTR
chr18,22104497,22104518,MA1714.1,+,6.2e-06,AluSz,Alu,SINE
chr22,22671112,22671133,MA1714.1,-,6.2e-06,MSTA-int,ERVL-MaLR,LTR
chr8,25849774,25849795,MA1714.1,+,6.2e-06,AluSx1,Alu,SINE
chr7,26021519,26021540,MA1714.1,+,6.2e-06,MER33,hAT-Charlie,DNA
chr2,26021655,26021676,MA1714.1,+,6.2e-06,L1MC1,L1,LINE
chr7,26106461,26106482,MA1714.1,-,6.2e-06,MIR,MIR,SINE
chrX,26352000,26352021,MA1714.1,-,6.2e-06,MLT1H1,ERVL-MaLR,LTR
chr2,27618025,27618046,MA1714.1,+,6.2e-06,AluSz,Alu,SINE
chr11,28337230,28337251,MA1714.1,+,6.2e-06,THE1B-int,ERVL-MaLR,LTR
chr3,29616886,29616907,MA1714.1,-,6.2e-06,L1MA2,L1,LINE
chr22,29939304,29939325,MA1714.1,+,6.2e-06,AluSx1,Alu,SINE
chr8,29944849,29944870,MA1714.1,+,6.2e-06,AluJb,Alu,SINE
chr11,30811449,30811470,MA1714.1,+,6.2e-06,AluSz,Alu,SINE
chr14,31350345,31350366,MA1714.1,+,6.2e-06,AluSx,Alu,SINE
chr17,31601222,31601243,MA1714.1,+,6.2e-06,MIRb,MIR,SINE
chr4,31606981,31607002,MA1714.1,+,6.2e-06,LTR23-int,ERV1,LTR
chr17,31863955,31863976,MA1714.1,+,6.2e-06,AluJb,Alu,SINE
chr20,32519182,32519203,MA1714.1,+,6.2e-06,AluSx1,Alu,SINE
chr21,34201590,34201611,MA1714.1,+,6.2e-06,MLT1A0,ERVL-MaLR,LTR
chr20,35565146,35565167,MA1714.1,-,6.2e-06,AluSc,Alu,SINE
chr7,35731393,35731414,MA1714.1,-,6.2e-06,MamRep1161,TcMar,DNA
chr4,36053023,36053044,MA1714.1,+,6.2e-06,AluSx1,Alu,SINE
chr17,36817418,36817439,MA1714.1,-,6.2e-06,AluSg7,Alu,SINE
chr4,37788895,37788916,MA1714.1,+,6.2e-06,THE1B-int,ERVL-MaLR,LTR
chr20,38009084,38009105,MA1714.1,+,6.2e-06,AluSx1,Alu,SINE
chrX,38827439,38827460,MA1714.1,-,6.2e-06,MIRc,MIR,SINE
chr4,39441157,39441178,MA1714.1,-,6.2e-06,AluSx,Alu,SINE
chr2,39517802,39517823,MA1714.1,+,6.2e-06,L1MA5A,L1,LINE
chr3,40335473,40335494,MA1714.1,+,6.2e-06,MamRep38,hAT,DNA
chr14,40828710,40828731,MA1714.1,+,6.2e-06,THE1B-int,ERVL-MaLR,LTR
chr17,41463497,41463518,MA1714.1,-,6.2e-06,AluJb,Alu,SINE
chr4,41980861,41980882,MA1714.1,+,6.2e-06,AluSg,Alu,SINE
chr17,42729938,42729959,MA1714.1,+,6.2e-06,AluSz6,Alu,SINE
chr15,42815072,42815093,MA1714.1,-,6.2e-06,AluSz,Alu,SINE
chr20,43784416,43784437,MA1714.1,+,6.2e-06,THE1C-int,ERVL-MaLR,LTR
chr2,44592023,44592044,MA1714.1,-,6.2e-06,MLT1H2,ERVL-MaLR,LTR
chr15,44609108,44609129,MA1714.1,+,6.2e-06,AluSx3,Alu,SINE
chr1,45235488,45235509,MA1714.1,+,6.2e-06,AluSx,Alu,SINE
chr3,45464876,45464897,MA1714.1,-,6.2e-06,AluSz6,Alu,SINE
chr19,45548341,45548362,MA1714.1,-,6.2e-06,MLT1J,ERVL-MaLR,LTR
chr17,45842763,45842784,MA1714.1,-,6.2e-06,L1MDa,L1,LINE
chr6,47094145,47094166,MA1714.1,-,6.2e-06,L1MCa,L1,LINE
chr20,47177967,47177988,MA1714.1,+,6.2e-06,AluSx1,Alu,SINE
chr22,47364965,47364986,MA1714.1,-,6.2e-06,MER20B,hAT-Charlie,DNA
chr7,49118778,49118799,MA1714.1,-,6.2e-06,THE1B-int,ERVL-MaLR,LTR
chr17,49358141,49358162,MA1714.1,+,6.2e-06,AluSz,Alu,SINE
chr13,50361714,50361735,MA1714.1,-,6.2e-06,AluSz6,Alu,SINE
chr22,50507999,50508020,MA1714.1,+,6.2e-06,AluSx,Alu,SINE
chr12,50573844,50573865,MA1714.1,+,6.2e-06,AluSx,Alu,SINE
chr1,50665304,50665325,MA1714.1,+,6.2e-06,AluSx,Alu,SINE
chr15,50986039,50986060,MA1714.1,+,6.2e-06,AluSz6,Alu,SINE
chr7,51283949,51283970,MA1714.1,-,6.2e-06,AluSx,Alu,SINE
chr2,51410583,51410604,MA1714.1,+,6.2e-06,L1PB1,L1,LINE
chr3,51574981,51575002,MA1714.1,+,6.2e-06,AluSz6,Alu,SINE
chr8,51938094,51938115,MA1714.1,-,6.2e-06,L1MEc,L1,LINE
chr18,52214378,52214399,MA1714.1,+,6.2e-06,THE1C-int,ERVL-MaLR,LTR
chr14,52303647,52303668,MA1714.1,-,6.2e-06,AluSx1,Alu,SINE
chr16,52825647,52825668,MA1714.1,+,6.2e-06,THE1C-int,ERVL-MaLR,LTR
chr5,53754287,53754308,MA1714.1,+,6.2e-06,LTR33,ERVL,LTR
chr7,54303244,54303265,MA1714.1,+,6.2e-06,L1PB3,L1,LINE
chr8,55081194,55081215,MA1714.1,+,6.2e-06,L1PA15,L1,LINE
chr11,56366704,56366725,MA1714.1,+,6.2e-06,MER106A,hAT-Charlie,DNA
chr1,57075753,57075774,MA1714.1,-,6.2e-06,THE1B-int,ERVL-MaLR,LTR
chr19,57163396,57163417,MA1714.1,+,6.2e-06,AluSz6,Alu,SINE
chr18,59094513,59094534,MA1714.1,-,6.2e-06,MIR,MIR,SINE
chr11,60288637,60288658,MA1714.1,-,6.2e-06,THE1B-int,ERVL-MaLR,LTR
chr1,60900107,60900128,MA1714.1,-,6.2e-06,THE1B-int,ERVL-MaLR,LTR
chr3,61135477,61135498,MA1714.1,+,6.2e-06,AluJo,Alu,SINE
chr18,61587677,61587698,MA1714.1,-,6.2e-06,MLT1J,ERVL-MaLR,LTR
chrX,62397933,62397954,MA1714.1,+,6.2e-06,L1PB1,L1,LINE
chrX,62420341,62420362,MA1714.1,-,6.2e-06,L1PB1,L1,LINE
chr1,62539229,62539250,MA1714.1,+,6.2e-06,AluSz6,Alu,SINE
chr11,62561397,62561418,MA1714.1,+,6.2e-06,AluSg,Alu,SINE
chr5,62897981,62898002,MA1714.1,-,6.2e-06,L1MDb,L1,LINE
chr10,63960046,63960067,MA1714.1,+,6.2e-06,AluSx1,Alu,SINE
chr12,64921639,64921660,MA1714.1,+,6.2e-06,AluSz6,Alu,SINE
chr7,65898327,65898348,MA1714.1,-,6.2e-06,AluSx,Alu,SINE
chr7,65976340,65976361,MA1714.1,+,6.2e-06,AluSx,Alu,SINE
chr17,65992889,65992910,MA1714.1,-,6.2e-06,AluSz,Alu,SINE
chr11,66422857,66422878,MA1714.1,-,6.2e-06,AluJb,Alu,SINE
chr2,68983390,68983411,MA1714.1,+,6.2e-06,L1MB3,L1,LINE
chr11,71628131,71628152,MA1714.1,-,6.2e-06,AluSq2,Alu,SINE
chr17,72317429,72317450,MA1714.1,+,6.2e-06,AluSz6,Alu,SINE
chr3,72689141,72689162,MA1714.1,-,6.2e-06,MIR,MIR,SINE
chr11,72805180,72805201,MA1714.1,+,6.2e-06,AluSz,Alu,SINE
chr9,72845748,72845769,MA1714.1,+,6.2e-06,L1MEd,L1,LINE
chr18,72848396,72848417,MA1714.1,+,6.2e-06,AluSz,Alu,SINE
chrX,73080245,73080266,MA1714.1,-,6.2e-06,L1M2,L1,LINE
chr1,73690236,73690257,MA1714.1,+,6.2e-06,MER63A,hAT-Blackjack,DNA
chr5,74663774,74663795,MA1714.1,-,6.2e-06,AluSg,Alu,SINE
chr16,75216840,75216861,MA1714.1,+,6.2e-06,AluSq2,Alu,SINE
chr17,75335663,75335684,MA1714.1,-,6.2e-06,AluSx,Alu,SINE
chr13,75513224,75513245,MA1714.1,+,6.2e-06,AluJb,Alu,SINE
chr7,75741012,75741033,MA1714.1,-,6.2e-06,AluSc5,Alu,SINE
chr4,80025781,80025802,MA1714.1,-,6.2e-06,L1PA8,L1,LINE
chr15,83759549,83759570,MA1714.1,+,6.2e-06,MLT1L,ERVL-MaLR,LTR
chr12,83812599,83812620,MA1714.1,+,6.2e-06,THE1B-int,ERVL-MaLR,LTR
chr15,83820481,83820502,MA1714.1,-,6.2e-06,MIR3,MIR,SINE
chr4,84271512,84271533,MA1714.1,+,6.2e-06,L1MB2,L1,LINE
chr2,85488928,85488949,MA1714.1,+,6.2e-06,AluJr,Alu,SINE
chr4,85574135,85574156,MA1714.1,-,6.2e-06,AluJb,Alu,SINE
chr10,87583469,87583490,MA1714.1,+,6.2e-06,L1MEg,L1,LINE
chr7,87904478,87904499,MA1714.1,-,6.2e-06,AluSq2,Alu,SINE
chr9,94333116,94333137,MA1714.1,-,6.2e-06,L1M4,L1,LINE
chr5,95216155,95216176,MA1714.1,-,6.2e-06,MIRc,MIR,SINE
chr9,95392656,95392677,MA1714.1,+,6.2e-06,L1MB8,L1,LINE
chr3,95771567,95771588,MA1714.1,-,6.2e-06,THE1B-int,ERVL-MaLR,LTR
chrX,97350886,97350907,MA1714.1,-,6.2e-06,HAL1,L1,LINE
chr7,98584459,98584480,MA1714.1,-,6.2e-06,L1MB7,L1,LINE
chr10,98728443,98728464,MA1714.1,+,6.2e-06,AluJb,Alu,SINE
chr8,99773423,99773444,MA1714.1,-,6.2e-06,AluJb,Alu,SINE
chr14,104449472,104449493,MA1714.1,-,6.2e-06,AluSz,Alu,SINE
chr4,104897527,104897548,MA1714.1,+,6.2e-06,THE1A-int,ERVL-MaLR,LTR
chr2,105967752,105967773,MA1714.1,-,6.2e-06,L1MC3,L1,LINE
chr12,107915756,107915777,MA1714.1,-,6.2e-06,MLT1A,ERVL-MaLR,LTR
chrX,108245226,108245247,MA1714.1,+,6.2e-06,L1MC1,L1,LINE
chr11,110312603,110312624,MA1714.1,+,6.2e-06,THE1B-int,ERVL-MaLR,LTR
chr12,110825869,110825890,MA1714.1,-,6.2e-06,AluSz6,Alu,SINE
chr10,112936441,112936462,MA1714.1,-,6.2e-06,MIRb,MIR,SINE
chr3,112961690,112961711,MA1714.1,+,6.2e-06,Charlie7,hAT-Charlie,DNA
chr5,118271440,118271461,MA1714.1,+,6.2e-06,L1MEc,L1,LINE
chr7,118835299,118835320,MA1714.1,+,6.2e-06,AluSz,Alu,SINE
chr12,120334397,120334418,MA1714.1,-,6.2e-06,AluSx1,Alu,SINE
chr10,120876252,120876273,MA1714.1,-,6.2e-06,AluSx,Alu,SINE
chr9,121853979,121854000,MA1714.1,-,6.2e-06,MIR,MIR,SINE
chr12,122323179,122323200,MA1714.1,-,6.2e-06,AluSc,Alu,SINE
chr3,123611723,123611744,MA1714.1,-,6.2e-06,AluSc8,Alu,SINE
chr9,125575543,125575564,MA1714.1,+,6.2e-06,AluSz,Alu,SINE
chr7,128302313,128302334,MA1714.1,+,6.2e-06,THE1B-int,ERVL-MaLR,LTR
chr12,128555113,128555134,MA1714.1,-,6.2e-06,AluJb,Alu,SINE
chr4,130580208,130580229,MA1714.1,-,6.2e-06,THE1B-int,ERVL-MaLR,LTR
chr9,132197458,132197479,MA1714.1,-,6.2e-06,AluSc8,Alu,SINE
chr3,133089054,133089075,MA1714.1,-,6.2e-06,L1MC3,L1,LINE
chr5,138373751,138373772,MA1714.1,-,6.2e-06,MLT1A,ERVL-MaLR,LTR
chrX,138781096,138781117,MA1714.1,-,6.2e-06,MIRc,MIR,SINE
chr4,140877357,140877378,MA1714.1,+,6.2e-06,MIRc,MIR,SINE
chr3,143739209,143739230,MA1714.1,-,6.2e-06,THE1A-int,ERVL-MaLR,LTR
chrX,146123640,146123661,MA1714.1,+,6.2e-06,THE1D-int,ERVL-MaLR,LTR
chr6,150620724,150620745,MA1714.1,+,6.2e-06,AluJb,Alu,SINE
chr5,150627007,150627028,MA1714.1,-,6.2e-06,HERV4_I-int,ERV1,LTR
chr6,151493539,151493560,MA1714.1,-,6.2e-06,AluSx,Alu,SINE
chrX,153274962,153274983,MA1714.1,+,6.2e-06,AluSq2,Alu,SINE
chr6,154988040,154988061,MA1714.1,+,6.2e-06,AluJb,Alu,SINE
chr7,157180611,157180632,MA1714.1,-,6.2e-06,AluSx1,Alu,SINE
chr4,159677207,159677228,MA1714.1,-,6.2e-06,AluSz,Alu,SINE
chr2,162589744,162589765,MA1714.1,+,6.2e-06,THE1A-int,ERVL-MaLR,LTR
chr6,166585782,166585803,MA1714.1,-,6.2e-06,L1M6,L1,LINE
chr1,166897427,166897448,MA1714.1,-,6.2e-06,MIR,MIR,SINE
chr3,168495093,168495114,MA1714.1,+,6.2e-06,THE1B-int,ERVL-MaLR,LTR
chr1,173050679,173050700,MA1714.1,+,6.2e-06,L1PA15,L1,LINE
chr2,176028575,176028596,MA1714.1,+,6.2e-06,AluSx1,Alu,SINE
chr1,185043337,185043358,MA1714.1,-,6.2e-06,MER21C,ERVL,LTR
chr3,190134716,190134737,MA1714.1,-,6.2e-06,THE1D-int,ERVL-MaLR,LTR
chr2,199812333,199812354,MA1714.1,+,6.2e-06,HERVL-int,ERVL,LTR
chr2,204173245,204173266,MA1714.1,+,6.2e-06,THE1B-int,ERVL-MaLR,LTR
chr1,213351808,213351829,MA1714.1,+,6.2e-06,AluSx,Alu,SINE
chr1,234346684,234346705,MA1714.1,+,6.2e-06,THE1B-int,ERVL-MaLR,LTR
chr1,235680256,235680277,MA1714.1,-,6.2e-06,Helitron3Na_Mam,Helitron,RC
chr1,236399296,236399317,MA1714.1,-,6.2e-06,AluSx1,Alu,SINE
chr1,237409153,237409174,MA1714.1,-,6.2e-06,AluSg,Alu,SINE
chr1,238222262,238222283,MA1714.1,-,6.2e-06,THE1B-int,ERVL-MaLR,LTR
chr2,238614231,238614252,MA1714.1,+,6.2e-06,AluJb,Alu,SINE
chr1,239935522,239935543,MA1714.1,-,6.2e-06,AluSx,Alu,SINE
chr17,1315946,1315967,MA1714.1,+,6.24e-06,AluJb,Alu,SINE
chr11,2650110,2650131,MA1714.1,-,6.24e-06,L1MA9,L1,LINE
chr2,5260322,5260343,MA1714.1,+,6.24e-06,L1MEe,L1,LINE
chrY,6317821,6317842,MA1714.1,-,6.24e-06,SST1,centr,Satellite
chrY,6793488,6793509,MA1714.1,-,6.24e-06,AluSg,Alu,SINE
chr3,7406584,7406605,MA1714.1,-,6.24e-06,L1MEe,L1,LINE
chr8,8149752,8149773,MA1714.1,-,6.24e-06,AluSx1,Alu,SINE
chr6,10635797,10635818,MA1714.1,-,6.24e-06,AluSz6,Alu,SINE
chr3,12696426,12696447,MA1714.1,+,6.24e-06,FLAM_C,Alu,SINE
chrX,13297583,13297604,MA1714.1,+,6.24e-06,AluSz6,Alu,SINE
chr4,14810865,14810886,MA1714.1,+,6.24e-06,HAL1-3A_ME,L1,LINE
chr19,16166716,16166737,MA1714.1,-,6.24e-06,L1P4,L1,LINE
chr21,17724379,17724400,MA1714.1,+,6.24e-06,MER50B,ERV1,LTR
chr12,18075869,18075890,MA1714.1,+,6.24e-06,L1PB4,L1,LINE
chr12,18110922,18110943,MA1714.1,+,6.24e-06,L1MA9,L1,LINE
chr5,18296869,18296890,MA1714.1,-,6.24e-06,HERVL-int,ERVL,LTR
chr19,19193541,19193562,MA1714.1,-,6.24e-06,AluJb,Alu,SINE
chr1,19435002,19435023,MA1714.1,-,6.24e-06,Charlie1,hAT-Charlie,DNA
chr20,24072298,24072319,MA1714.1,+,6.24e-06,Zaphod,hAT-Tip100,DNA
chr9,26831519,26831540,MA1714.1,+,6.24e-06,L1M7,L1,LINE
chr9,29980434,29980455,MA1714.1,-,6.24e-06,L1ME3C,L1,LINE
chr18,30363289,30363310,MA1714.1,+,6.24e-06,MIRc,MIR,SINE
chr15,31415391,31415412,MA1714.1,+,6.24e-06,L1MC2,L1,LINE
chr21,32280440,32280461,MA1714.1,-,6.24e-06,L1MA7,L1,LINE
chr20,33232909,33232930,MA1714.1,+,6.24e-06,FLAM_A,Alu,SINE
chr11,33493911,33493932,MA1714.1,-,6.24e-06,AluJr4,Alu,SINE
chr4,37755243,37755264,MA1714.1,+,6.24e-06,MIRb,MIR,SINE
chr13,41960495,41960516,MA1714.1,-,6.24e-06,MER21C,ERVL,LTR
chr22,42035595,42035616,MA1714.1,-,6.24e-06,AluJo,Alu,SINE
chrX,44214442,44214463,MA1714.1,+,6.24e-06,L1MB7,L1,LINE
chr18,46198747,46198768,MA1714.1,-,6.24e-06,MER20B,hAT-Charlie,DNA
chr8,47149050,47149071,MA1714.1,+,6.24e-06,GSAT,centr,Satellite
chr14,53842886,53842907,MA1714.1,+,6.24e-06,L3,CR1,LINE
chr8,54534667,54534688,MA1714.1,+,6.24e-06,HERVK9-int,ERVK,LTR
chr1,58230245,58230266,MA1714.1,-,6.24e-06,L1MA5A,L1,LINE
chr10,58600093,58600114,MA1714.1,+,6.24e-06,L1MEg,L1,LINE
chrY,59295387,59295408,MA1714.1,-,6.24e-06,L1MC3,L1,LINE
chr17,59605966,59605987,MA1714.1,-,6.24e-06,Charlie1a,hAT-Charlie,DNA
chr3,59831758,59831779,MA1714.1,-,6.24e-06,L1MB3,L1,LINE
chr8,61457044,61457065,MA1714.1,-,6.24e-06,MIRc,MIR,SINE
chr17,65258426,65258447,MA1714.1,+,6.24e-06,L1PA13,L1,LINE
chr6,66852283,66852304,MA1714.1,-,6.24e-06,MER52-int,ERV1,LTR
chr18,67439373,67439394,MA1714.1,+,6.24e-06,FRAM,Alu,SINE
chr15,69701310,69701331,MA1714.1,-,6.24e-06,L1MC4a,L1,LINE
chr15,70171776,70171797,MA1714.1,-,6.24e-06,MIRc,MIR,SINE
chr10,72365419,72365440,MA1714.1,-,6.24e-06,L1MB7,L1,LINE
chr14,72573427,72573448,MA1714.1,-,6.24e-06,L1MC5,L1,LINE
chr10,73263962,73263983,MA1714.1,-,6.24e-06,L1MB2,L1,LINE
chr2,73825928,73825949,MA1714.1,-,6.24e-06,L3,CR1,LINE
chr4,75612194,75612215,MA1714.1,-,6.24e-06,L1MD1,L1,LINE
chr8,75635420,75635441,MA1714.1,-,6.24e-06,L3,CR1,LINE
chr16,78716404,78716425,MA1714.1,+,6.24e-06,AluJo,Alu,SINE
chr7,85646320,85646341,MA1714.1,+,6.24e-06,L1ME3F,L1,LINE
chrX,86112837,86112858,MA1714.1,+,6.24e-06,L1MB5,L1,LINE
chr9,91881979,91882000,MA1714.1,-,6.24e-06,L1PB2,L1,LINE
chr13,92433883,92433904,MA1714.1,-,6.24e-06,MIRb,MIR,SINE
chr1,95466521,95466542,MA1714.1,-,6.24e-06,MIRb,MIR,SINE
chr6,96781067,96781088,MA1714.1,-,6.24e-06,L1MD3,L1,LINE
chr15,98580661,98580682,MA1714.1,-,6.24e-06,Charlie2b,hAT-Charlie,DNA
chr7,98716253,98716274,MA1714.1,+,6.24e-06,L1MB7,L1,LINE
chr13,100663109,100663130,MA1714.1,+,6.24e-06,MER70C,ERVL,LTR
chr1,101941574,101941595,MA1714.1,+,6.24e-06,MER110-int,ERV1,LTR
chr8,103944794,103944815,MA1714.1,-,6.24e-06,AluJr,Alu,SINE
chr3,104831122,104831143,MA1714.1,+,6.24e-06,L1P3,L1,LINE
chrX,105284386,105284407,MA1714.1,+,6.24e-06,MIR,MIR,SINE
chr6,106796464,106796485,MA1714.1,+,6.24e-06,MIRc,MIR,SINE
chr4,106841420,106841441,MA1714.1,-,6.24e-06,L1MC4,L1,LINE
chr9,108900987,108901008,MA1714.1,-,6.24e-06,LTR16C,ERVL,LTR
chr9,109384929,109384950,MA1714.1,-,6.24e-06,MIR,MIR,SINE
chr2,110065267,110065288,MA1714.1,+,6.24e-06,MER1A,hAT-Charlie,DNA
chr9,112237462,112237483,MA1714.1,+,6.24e-06,L3,CR1,LINE
chr1,113081074,113081095,MA1714.1,-,6.24e-06,AluJb,Alu,SINE
chr12,117683483,117683504,MA1714.1,+,6.24e-06,AluSx3,Alu,SINE
chr8,118780814,118780835,MA1714.1,+,6.24e-06,MST-int,ERVL-MaLR,LTR
chr10,121423398,121423419,MA1714.1,+,6.24e-06,MER5A,hAT-Charlie,DNA
chr11,123061733,123061754,MA1714.1,+,6.24e-06,Charlie4z,hAT-Charlie,DNA
chr5,124441232,124441253,MA1714.1,-,6.24e-06,AluJr4,Alu,SINE
chr11,125604036,125604057,MA1714.1,+,6.24e-06,L1MB4,L1,LINE
chr12,129803510,129803531,MA1714.1,-,6.24e-06,L1PB4,L1,LINE
chr9,134730016,134730037,MA1714.1,+,6.24e-06,MLT1J,ERVL-MaLR,LTR
chr2,136336116,136336137,MA1714.1,+,6.24e-06,L1MC4a,L1,LINE
chr3,139307946,139307967,MA1714.1,+,6.24e-06,HAL1,L1,LINE
chr8,139513038,139513059,MA1714.1,+,6.24e-06,MIR,MIR,SINE
chr5,143313674,143313695,MA1714.1,+,6.24e-06,L1MA2,L1,LINE
chr5,145480684,145480705,MA1714.1,+,6.24e-06,AluJb,Alu,SINE
chr4,149952602,149952623,MA1714.1,-,6.24e-06,ERV3-16A3_I-int,ERVL,LTR
chr7,150430234,150430255,MA1714.1,-,6.24e-06,LTR86C,ERVL,LTR
chrX,155192381,155192402,MA1714.1,-,6.24e-06,L1MC3,L1,LINE
chr3,159093921,159093942,MA1714.1,+,6.24e-06,Tigger10,TcMar-Tigger,DNA
chr2,160587640,160587661,MA1714.1,-,6.24e-06,AluJb,Alu,SINE
chr1,167697348,167697369,MA1714.1,-,6.24e-06,AluSq,Alu,SINE
chr5,170734229,170734250,MA1714.1,-,6.24e-06,MIRc,MIR,SINE
chr4,174056259,174056280,MA1714.1,-,6.24e-06,MIR,MIR,SINE
chr5,176536283,176536304,MA1714.1,+,6.24e-06,L1ME5,L1,LINE
chr1,187052212,187052233,MA1714.1,-,6.24e-06,AluSx1,Alu,SINE
chr2,194507697,194507718,MA1714.1,-,6.24e-06,L1MA9,L1,LINE
chr2,221140049,221140070,MA1714.1,-,6.24e-06,MIR,MIR,SINE
chr2,239400792,239400813,MA1714.1,-,6.24e-06,L1MDa,L1,LINE
chr16,511883,511904,MA1714.1,-,6.28e-06,L1ME2z,L1,LINE
chr7,2583938,2583959,MA1714.1,-,6.28e-06,AluSx1,Alu,SINE
chr9,5265145,5265166,MA1714.1,-,6.28e-06,L1M2,L1,LINE
chr6,8716042,8716063,MA1714.1,+,6.28e-06,MIR3,MIR,SINE
chr1,9396109,9396130,MA1714.1,-,6.28e-06,MIRb,MIR,SINE
chr6,12109985,12110006,MA1714.1,-,6.28e-06,Tigger1,TcMar-Tigger,DNA
chr1,14282883,14282904,MA1714.1,-,6.28e-06,CR1_Mam,CR1,LINE
chrX,14407638,14407659,MA1714.1,-,6.28e-06,MIRb,MIR,SINE
chr2,14787236,14787257,MA1714.1,+,6.28e-06,MIRb,MIR,SINE
chr9,15523314,15523335,MA1714.1,-,6.28e-06,L1MD1,L1,LINE
chr16,16797370,16797391,MA1714.1,+,6.28e-06,MIR,MIR,SINE
chr1,17113411,17113432,MA1714.1,-,6.28e-06,AluY,Alu,SINE
chr16,18667010,18667031,MA1714.1,-,6.28e-06,MIRb,MIR,SINE
chr6,19393448,19393469,MA1714.1,-,6.28e-06,L1PA11,L1,LINE
chr9,19859401,19859422,MA1714.1,+,6.28e-06,L1PA15,L1,LINE
chr16,20832710,20832731,MA1714.1,-,6.28e-06,AluY,Alu,SINE
chr2,20944122,20944143,MA1714.1,-,6.28e-06,L1MC1,L1,LINE
chr7,24056761,24056782,MA1714.1,+,6.28e-06,L1M4c,L1,LINE
chr9,24086803,24086824,MA1714.1,+,6.28e-06,L1PA14,L1,LINE
chr6,28224093,28224114,MA1714.1,+,6.28e-06,AluJb,Alu,SINE
chr18,32535914,32535935,MA1714.1,+,6.28e-06,L1PA15,L1,LINE
chr7,33221593,33221614,MA1714.1,+,6.28e-06,AluY,Alu,SINE
chr1,33711290,33711311,MA1714.1,+,6.28e-06,AluJr4,Alu,SINE
chr2,34309233,34309254,MA1714.1,-,6.28e-06,L1MA8,L1,LINE
chrX,36028676,36028697,MA1714.1,-,6.28e-06,AluY,Alu,SINE
chr11,39192615,39192636,MA1714.1,+,6.28e-06,L1ME3B,L1,LINE
chr11,43962598,43962619,MA1714.1,+,6.28e-06,MIR,MIR,SINE
chr14,45757278,45757299,MA1714.1,-,6.28e-06,MIR,MIR,SINE
chr13,49030736,49030757,MA1714.1,-,6.28e-06,MER52A,ERV1,LTR
chrX,53038361,53038382,MA1714.1,+,6.28e-06,L1MB7,L1,LINE
chr8,53088266,53088287,MA1714.1,-,6.28e-06,MIRb,MIR,SINE
chr5,54617296,54617317,MA1714.1,-,6.28e-06,L1ME3A,L1,LINE
chr2,61202011,61202032,MA1714.1,+,6.28e-06,MER52D,ERV1,LTR
chr5,65312373,65312394,MA1714.1,-,6.28e-06,L1MA4,L1,LINE
chr16,65491520,65491541,MA1714.1,-,6.28e-06,MIR,MIR,SINE
chr18,66063002,66063023,MA1714.1,-,6.28e-06,AluY,Alu,SINE
chr1,66677289,66677310,MA1714.1,-,6.28e-06,MIRb,MIR,SINE
chr4,66761960,66761981,MA1714.1,-,6.28e-06,L1PB3,L1,LINE
chr18,67084487,67084508,MA1714.1,-,6.28e-06,L1MA4,L1,LINE
chr5,68748989,68749010,MA1714.1,+,6.28e-06,AluY,Alu,SINE
chr3,69223589,69223610,MA1714.1,+,6.28e-06,L1ME4a,L1,LINE
chrX,70308480,70308501,MA1714.1,-,6.28e-06,AluJb,Alu,SINE
chr17,71298687,71298708,MA1714.1,-,6.28e-06,AluJr,Alu,SINE
chr16,71974840,71974861,MA1714.1,-,6.28e-06,AluJb,Alu,SINE
chr13,72135559,72135580,MA1714.1,+,6.28e-06,MLT1C,ERVL-MaLR,LTR
chr13,72910245,72910266,MA1714.1,-,6.28e-06,MIRb,MIR,SINE
chr5,73202165,73202186,MA1714.1,-,6.28e-06,AluJb,Alu,SINE
chr5,75792323,75792344,MA1714.1,-,6.28e-06,MLT1F2,ERVL-MaLR,LTR
chr16,75836492,75836513,MA1714.1,-,6.28e-06,L1PREC2,L1,LINE
chr14,79333212,79333233,MA1714.1,-,6.28e-06,AluSx3,Alu,SINE
chr8,83026471,83026492,MA1714.1,-,6.28e-06,MLT1A1-int,ERVL-MaLR,LTR
chr14,86739030,86739051,MA1714.1,-,6.28e-06,THE1-int,ERVL-MaLR,LTR
chr16,87463788,87463809,MA1714.1,-,6.28e-06,L1MD,L1,LINE
chr4,87713723,87713744,MA1714.1,+,6.28e-06,L1PA6,L1,LINE
chr4,87772919,87772940,MA1714.1,+,6.28e-06,AluY,Alu,SINE
chr5,89866076,89866097,MA1714.1,-,6.28e-06,L1MB7,L1,LINE
chrX,93989696,93989717,MA1714.1,-,6.28e-06,L1M4c,L1,LINE
chr15,94918771,94918792,MA1714.1,-,6.28e-06,LTR89,ERVL,LTR
chr10,96149264,96149285,MA1714.1,+,6.28e-06,Harlequin-int,ERV1,LTR
chr2,103056242,103056263,MA1714.1,-,6.28e-06,L2,L2,LINE
chr4,103843150,103843171,MA1714.1,+,6.28e-06,L1PA6,L1,LINE
chrX,106521594,106521615,MA1714.1,+,6.28e-06,MSTA-int,ERVL-MaLR,LTR
chr9,106911008,106911029,MA1714.1,+,6.28e-06,L1MEb,L1,LINE
chr13,109197438,109197459,MA1714.1,-,6.28e-06,L1PA15,L1,LINE
chr7,109776281,109776302,MA1714.1,-,6.28e-06,L1PA5,L1,LINE
chr2,115007515,115007536,MA1714.1,+,6.28e-06,THE1C,ERVL-MaLR,LTR
chr5,117659221,117659242,MA1714.1,-,6.28e-06,THE1D-int,ERVL-MaLR,LTR
chr7,118804903,118804924,MA1714.1,-,6.28e-06,L1MA4A,L1,LINE
chrX,134901539,134901560,MA1714.1,+,6.28e-06,MLT1E2,ERVL-MaLR,LTR
chrX,134918620,134918641,MA1714.1,-,6.28e-06,MLT1E2,ERVL-MaLR,LTR
chr7,137185897,137185918,MA1714.1,-,6.28e-06,L1MA4,L1,LINE
chrX,139253855,139253876,MA1714.1,+,6.28e-06,THE1C,ERVL-MaLR,LTR
chr6,139386331,139386352,MA1714.1,-,6.28e-06,MLT2C1,ERVL,LTR
chrX,144490939,144490960,MA1714.1,+,6.28e-06,THE1B-int,ERVL-MaLR,LTR
chr2,147668975,147668996,MA1714.1,+,6.28e-06,L1MC4,L1,LINE
chr3,155653170,155653191,MA1714.1,-,6.28e-06,AluSx1,Alu,SINE
chr1,165080431,165080452,MA1714.1,+,6.28e-06,L1MC5,L1,LINE
chr5,167693967,167693988,MA1714.1,+,6.28e-06,AluY,Alu,SINE
chr4,185165888,185165909,MA1714.1,+,6.28e-06,MLT1M,ERVL-MaLR,LTR
chr2,214720530,214720551,MA1714.1,-,6.28e-06,THE1D,ERVL-MaLR,LTR
chr1,216083826,216083847,MA1714.1,+,6.28e-06,MIR,MIR,SINE
chr1,234931370,234931391,MA1714.1,+,6.28e-06,AluY,Alu,SINE
chr17,61716,61737,MA1714.1,-,6.32e-06,HAL1,L1,LINE
chr3,1404388,1404409,MA1714.1,+,6.32e-06,L1MEg,L1,LINE
chr11,2303612,2303633,MA1714.1,+,6.32e-06,L1MEc,L1,LINE
chrY,3040971,3040992,MA1714.1,-,6.32e-06,AluJr4,Alu,SINE
chr4,5608482,5608503,MA1714.1,+,6.32e-06,L1M4,L1,LINE
chr21,10932895,10932916,MA1714.1,+,6.32e-06,L1MA8,L1,LINE
chr4,11560773,11560794,MA1714.1,+,6.32e-06,L1PA3,L1,LINE
chr9,12014688,12014709,MA1714.1,+,6.32e-06,L1M4c,L1,LINE
chr11,12389201,12389222,MA1714.1,+,6.32e-06,L1PA6,L1,LINE
chr17,12995141,12995162,MA1714.1,+,6.32e-06,MER89,ERV1,LTR
chr16,13410609,13410630,MA1714.1,-,6.32e-06,MIRb,MIR,SINE
chr19,14905257,14905278,MA1714.1,-,6.32e-06,L2,L2,LINE
chr22,18401014,18401035,MA1714.1,+,6.32e-06,AluJo,Alu,SINE
chr21,18998342,18998363,MA1714.1,-,6.32e-06,L3,CR1,LINE
chr7,19048240,19048261,MA1714.1,-,6.32e-06,L1MEd,L1,LINE
chr8,19120897,19120918,MA1714.1,-,6.32e-06,L1PB1,L1,LINE
chr12,22849685,22849706,MA1714.1,-,6.32e-06,L1MC4,L1,LINE
chr8,26001515,26001536,MA1714.1,+,6.32e-06,AluSz6,Alu,SINE
chr11,26035007,26035028,MA1714.1,+,6.32e-06,L1MA10,L1,LINE
chr13,27047732,27047753,MA1714.1,-,6.32e-06,L1MB3,L1,LINE
chr12,28617160,28617181,MA1714.1,+,6.32e-06,L1MA2,L1,LINE
chr3,31429106,31429127,MA1714.1,-,6.32e-06,L1MEe,L1,LINE
chr17,34189561,34189582,MA1714.1,-,6.32e-06,MIRb,MIR,SINE
chr3,35651438,35651459,MA1714.1,-,6.32e-06,L1PA4,L1,LINE
chr7,37854545,37854566,MA1714.1,-,6.32e-06,L1MCa,L1,LINE
chr22,38284821,38284842,MA1714.1,-,6.32e-06,AluSz,Alu,SINE
chr21,40944753,40944774,MA1714.1,-,6.32e-06,ERV3-16A3_I-int,ERVL,LTR
chr3,42036178,42036199,MA1714.1,-,6.32e-06,L1MC3,L1,LINE
chr15,42616985,42617006,MA1714.1,+,6.32e-06,L1MB2,L1,LINE
chrX,44743791,44743812,MA1714.1,+,6.32e-06,MIRb,MIR,SINE
chr18,45537152,45537173,MA1714.1,-,6.32e-06,MER115,hAT-Tip100,DNA
chr13,47683720,47683741,MA1714.1,-,6.32e-06,HERV1_I-int,ERV1,LTR
chr7,48600185,48600206,MA1714.1,-,6.32e-06,L1MA3,L1,LINE
chr6,48924988,48925009,MA1714.1,+,6.32e-06,L1MB2,L1,LINE
chr15,53196301,53196322,MA1714.1,+,6.32e-06,L1PA2,L1,LINE
chr5,53212237,53212258,MA1714.1,+,6.32e-06,L1PA15,L1,LINE
chr8,54198750,54198771,MA1714.1,-,6.32e-06,L1MEg,L1,LINE
chr13,55916266,55916287,MA1714.1,-,6.32e-06,L1MA7,L1,LINE
chr14,60408664,60408685,MA1714.1,-,6.32e-06,L1MA6,L1,LINE
chr3,60625178,60625199,MA1714.1,+,6.32e-06,L1MEg,L1,LINE
chr1,61021821,61021842,MA1714.1,-,6.32e-06,L1MEg,L1,LINE
chr14,61550358,61550379,MA1714.1,+,6.32e-06,MLT1B,ERVL-MaLR,LTR
chrX,65095333,65095354,MA1714.1,-,6.32e-06,MER50,ERV1,LTR
chr8,65446569,65446590,MA1714.1,+,6.32e-06,LTR16A2,ERVL,LTR
chrX,66175835,66175856,MA1714.1,-,6.32e-06,L1MA4A,L1,LINE
chr13,66241079,66241100,MA1714.1,-,6.32e-06,L1MA9,L1,LINE
chrX,66928450,66928471,MA1714.1,-,6.32e-06,L1PA5,L1,LINE
chr3,68220396,68220417,MA1714.1,+,6.32e-06,MLT1D,ERVL-MaLR,LTR
chr6,68509818,68509839,MA1714.1,+,6.32e-06,L1MA3,L1,LINE
chr8,68672864,68672885,MA1714.1,-,6.32e-06,L1P2,L1,LINE
chr6,68749086,68749107,MA1714.1,-,6.32e-06,THE1D-int,ERVL-MaLR,LTR
chr11,68945904,68945925,MA1714.1,-,6.32e-06,AluSx,Alu,SINE
chr16,69617128,69617149,MA1714.1,-,6.32e-06,AluJr4,Alu,SINE
chr7,73813792,73813813,MA1714.1,+,6.32e-06,AluJr,Alu,SINE
chr18,74321493,74321514,MA1714.1,-,6.32e-06,L1PB1,L1,LINE
chr6,75555984,75556005,MA1714.1,-,6.32e-06,L1MB7,L1,LINE
chr10,75946376,75946397,MA1714.1,-,6.32e-06,L1ME2,L1,LINE
chr13,77191389,77191410,MA1714.1,-,6.32e-06,L1HS,L1,LINE
chr4,77570120,77570141,MA1714.1,+,6.32e-06,UCON9,UCON9,Unknown
chr3,80374750,80374771,MA1714.1,+,6.32e-06,MSTB-int,ERVL-MaLR,LTR
chr16,81401437,81401458,MA1714.1,-,6.32e-06,MIR,MIR,SINE
chr6,82401956,82401977,MA1714.1,-,6.32e-06,AluJb,Alu,SINE
chr7,85131694,85131715,MA1714.1,+,6.32e-06,L1MA2,L1,LINE
chr3,85173679,85173700,MA1714.1,+,6.32e-06,AluJr,Alu,SINE
chr11,85732142,85732163,MA1714.1,+,6.32e-06,AluJr,Alu,SINE
chr3,87244996,87245017,MA1714.1,+,6.32e-06,THE1D-int,ERVL-MaLR,LTR
chrX,88772045,88772066,MA1714.1,-,6.32e-06,AluJr4,Alu,SINE
chr5,88961138,88961159,MA1714.1,-,6.32e-06,L1MC4,L1,LINE
chr12,89156082,89156103,MA1714.1,-,6.32e-06,THE1D-int,ERVL-MaLR,LTR
chr16,89362770,89362791,MA1714.1,-,6.32e-06,L1MEd,L1,LINE
chr4,89432662,89432683,MA1714.1,+,6.32e-06,L1ME1,L1,LINE
chr5,93563973,93563994,MA1714.1,-,6.32e-06,HAL1,L1,LINE
chr15,96159953,96159974,MA1714.1,-,6.32e-06,MIRb,MIR,SINE
chr9,96991186,96991207,MA1714.1,-,6.32e-06,L1MB4,L1,LINE
chr11,98780681,98780702,MA1714.1,+,6.32e-06,MSTA-int,ERVL-MaLR,LTR
chr4,99711360,99711381,MA1714.1,+,6.32e-06,L1MA8,L1,LINE
chr12,101616883,101616904,MA1714.1,+,6.32e-06,HAL1,L1,LINE
chr6,101757354,101757375,MA1714.1,+,6.32e-06,L1M5,L1,LINE
chr9,103121909,103121930,MA1714.1,+,6.32e-06,L1PA16,L1,LINE
chr7,107158003,107158024,MA1714.1,+,6.32e-06,L1PA8,L1,LINE
chr7,109730370,109730391,MA1714.1,+,6.32e-06,L1M7,L1,LINE
chr3,110880673,110880694,MA1714.1,-,6.32e-06,ERVL-E-int,ERVL,LTR
chr8,112172242,112172263,MA1714.1,+,6.32e-06,MLT2C1,ERVL,LTR
chr13,114175307,114175328,MA1714.1,+,6.32e-06,MIR,MIR,SINE
chr5,120103245,120103266,MA1714.1,-,6.32e-06,LTR89,ERVL,LTR
chr9,121397513,121397534,MA1714.1,+,6.32e-06,MIRc,MIR,SINE
chr7,122482239,122482260,MA1714.1,-,6.32e-06,LTR33,ERVL,LTR
chr7,128072717,128072738,MA1714.1,+,6.32e-06,MIR,MIR,SINE
chr3,133271875,133271896,MA1714.1,+,6.32e-06,L1PA3,L1,LINE
chr11,133685209,133685230,MA1714.1,-,6.32e-06,MLT1J2-int,ERVL-MaLR,LTR
chr4,135156976,135156997,MA1714.1,-,6.32e-06,L1MC4,L1,LINE
chr5,135507149,135507170,MA1714.1,+,6.32e-06,MLT1A-int,ERVL-MaLR,LTR
chr5,146180253,146180274,MA1714.1,-,6.32e-06,MLT1M,ERVL-MaLR,LTR
chr6,148319303,148319324,MA1714.1,+,6.32e-06,L1MC4a,L1,LINE
chr2,148342457,148342478,MA1714.1,-,6.32e-06,L1PA7,L1,LINE
chr6,149473297,149473318,MA1714.1,+,6.32e-06,ERV3-16A3_I-int,ERVL,LTR
chr3,150856016,150856037,MA1714.1,-,6.32e-06,L1MC4,L1,LINE
chr3,155255230,155255251,MA1714.1,+,6.32e-06,L1PB1,L1,LINE
chr4,165568693,165568714,MA1714.1,+,6.32e-06,MIR,MIR,SINE
chr5,173894628,173894649,MA1714.1,+,6.32e-06,L1PA6,L1,LINE
chr4,186135462,186135483,MA1714.1,+,6.32e-06,AluJr,Alu,SINE
chr2,199722055,199722076,MA1714.1,+,6.32e-06,Charlie1,hAT-Charlie,DNA
chr1,208167745,208167766,MA1714.1,-,6.32e-06,L1MD3,L1,LINE
chr2,238170673,238170694,MA1714.1,+,6.32e-06,L1MC3,L1,LINE
chr9,998207,998228,MA1714.1,-,6.36e-06,MIR,MIR,SINE
chr6_apd_hap1,1235774,1235795,MA1714.1,+,6.36e-06,L1PB1,L1,LINE
chr6_qbl_hap6,1288839,1288860,MA1714.1,+,6.36e-06,L1PB1,L1,LINE
chr6_dbb_hap3,1289269,1289290,MA1714.1,+,6.36e-06,L1PB1,L1,LINE
chr6_mann_hap4,1294498,1294519,MA1714.1,+,6.36e-06,L1PB1,L1,LINE
chr6_ssto_hap7,1325252,1325273,MA1714.1,+,6.36e-06,L1PB1,L1,LINE
chr17,1363332,1363353,MA1714.1,-,6.36e-06,MIRb,MIR,SINE
chr6_mcf_hap5,1377788,1377809,MA1714.1,+,6.36e-06,L1PB1,L1,LINE
chr6_cox_hap2,1507640,1507661,MA1714.1,+,6.36e-06,L1PB1,L1,LINE
chr18,4675148,4675169,MA1714.1,+,6.36e-06,MIRc,MIR,SINE
chr2,5962769,5962790,MA1714.1,-,6.36e-06,L1MEc,L1,LINE
chr10,7723220,7723241,MA1714.1,-,6.36e-06,MIR,MIR,SINE
chr16,9290320,9290341,MA1714.1,-,6.36e-06,AluJo,Alu,SINE
chr9,9321794,9321815,MA1714.1,+,6.36e-06,MIR,MIR,SINE
chr19,9926821,9926842,MA1714.1,-,6.36e-06,THE1A-int,ERVL-MaLR,LTR
chr7,12332632,12332653,MA1714.1,+,6.36e-06,MER52-int,ERV1,LTR
chr18,14235524,14235545,MA1714.1,-,6.36e-06,MER4E1,ERV1,LTR
chr7,16920629,16920650,MA1714.1,+,6.36e-06,Charlie4z,hAT-Charlie,DNA
chr8,18404328,18404349,MA1714.1,-,6.36e-06,L1MA9,L1,LINE
chr1,18644325,18644346,MA1714.1,-,6.36e-06,MIR,MIR,SINE
chr3,19138665,19138686,MA1714.1,-,6.36e-06,L1PA7,L1,LINE
chr2,20940980,20941001,MA1714.1,-,6.36e-06,L1MC1,L1,LINE
chr14,21133817,21133838,MA1714.1,-,6.36e-06,THE1A-int,ERVL-MaLR,LTR
chr20,21364063,21364084,MA1714.1,-,6.36e-06,MIR,MIR,SINE
chr19,24060663,24060684,MA1714.1,+,6.36e-06,AluJb,Alu,SINE
chrX,26318035,26318056,MA1714.1,-,6.36e-06,L1MA7,L1,LINE
chr9,27423873,27423894,MA1714.1,-,6.36e-06,MIR,MIR,SINE
chr17,29990693,29990714,MA1714.1,+,6.36e-06,L1MEf,L1,LINE
chr6,29995906,29995927,MA1714.1,+,6.36e-06,L1PB1,L1,LINE
chr7,30462700,30462721,MA1714.1,-,6.36e-06,MIRb,MIR,SINE
chr8,34539893,34539914,MA1714.1,-,6.36e-06,MIRc,MIR,SINE
chr11,34734685,34734706,MA1714.1,+,6.36e-06,MSTA-int,ERVL-MaLR,LTR
chr11,35755855,35755876,MA1714.1,-,6.36e-06,MIRb,MIR,SINE
chr3,36098826,36098847,MA1714.1,+,6.36e-06,L1MEc,L1,LINE
chr4,36432105,36432126,MA1714.1,+,6.36e-06,L1PA14,L1,LINE
chrX,37163859,37163880,MA1714.1,-,6.36e-06,L1PREC2,L1,LINE
chr7,37822637,37822658,MA1714.1,-,6.36e-06,L1MA3,L1,LINE
chr22,38739527,38739548,MA1714.1,-,6.36e-06,MIR,MIR,SINE
chr19,39299024,39299045,MA1714.1,+,6.36e-06,AluSx,Alu,SINE
chr20,42960817,42960838,MA1714.1,-,6.36e-06,MIR,MIR,SINE
chr15,44134391,44134412,MA1714.1,+,6.36e-06,MIRb,MIR,SINE
chr18,44727685,44727706,MA1714.1,+,6.36e-06,MIR,MIR,SINE
chr1,46884092,46884113,MA1714.1,-,6.36e-06,MIR,MIR,SINE
chr17,48064513,48064534,MA1714.1,-,6.36e-06,MIRb,MIR,SINE
chr22,48653071,48653092,MA1714.1,+,6.36e-06,L2b,L2,LINE
chr13,49173059,49173080,MA1714.1,+,6.36e-06,LTR1B,ERV1,LTR
chr2,49412067,49412088,MA1714.1,-,6.36e-06,L1PA7,L1,LINE
chr17,51804584,51804605,MA1714.1,-,6.36e-06,THE1C-int,ERVL-MaLR,LTR
chr10,52766110,52766131,MA1714.1,+,6.36e-06,MIRb,MIR,SINE
chr1,54631376,54631397,MA1714.1,-,6.36e-06,THE1A-int,ERVL-MaLR,LTR
chr4,55014100,55014121,MA1714.1,+,6.36e-06,AluSq2,Alu,SINE
chr13,55202186,55202207,MA1714.1,-,6.36e-06,MLT2B5,ERVL,LTR
chr1,55860762,55860783,MA1714.1,+,6.36e-06,MER47A,TcMar-Tigger,DNA
chr15,56399811,56399832,MA1714.1,-,6.36e-06,MIR,MIR,SINE
chr2,57617414,57617435,MA1714.1,-,6.36e-06,LTR73,ERV1,LTR
chr14,57992130,57992151,MA1714.1,-,6.36e-06,L1PB1,L1,LINE
chr5,62490881,62490902,MA1714.1,+,6.36e-06,L1PB3,L1,LINE
chr4,63739258,63739279,MA1714.1,+,6.36e-06,L1MA2,L1,LINE
chr12,64517093,64517114,MA1714.1,+,6.36e-06,AluJr4,Alu,SINE
chr14,65128878,65128899,MA1714.1,-,6.36e-06,AluSc8,Alu,SINE
chr14,66520758,66520779,MA1714.1,-,6.36e-06,MLT1D,ERVL-MaLR,LTR
chr4,67299947,67299968,MA1714.1,-,6.36e-06,THE1B-int,ERVL-MaLR,LTR
chr15,70000294,70000315,MA1714.1,-,6.36e-06,THE1A-int,ERVL-MaLR,LTR
chr4,70091094,70091115,MA1714.1,-,6.36e-06,L1P4,L1,LINE
chr4,70132627,70132648,MA1714.1,+,6.36e-06,L1P4,L1,LINE
chr4,70241589,70241610,MA1714.1,+,6.36e-06,L1P4,L1,LINE
chr7,70677098,70677119,MA1714.1,+,6.36e-06,THE1A-int,ERVL-MaLR,LTR
chr2,71884952,71884973,MA1714.1,-,6.36e-06,THE1A-int,ERVL-MaLR,LTR
chr5,72095137,72095158,MA1714.1,-,6.36e-06,MIRb,MIR,SINE
chr8,72793152,72793173,MA1714.1,-,6.36e-06,L1PA13,L1,LINE
chr10,75047554,75047575,MA1714.1,+,6.36e-06,HAL1,L1,LINE
chr18,76933765,76933786,MA1714.1,-,6.36e-06,L1MD2,L1,LINE
chr5,77696029,77696050,MA1714.1,-,6.36e-06,L1MC1,L1,LINE
chr7,77731520,77731541,MA1714.1,+,6.36e-06,L1MA9,L1,LINE
chr14,81671825,81671846,MA1714.1,+,6.36e-06,MIRb,MIR,SINE
chr8,81858113,81858134,MA1714.1,+,6.36e-06,THE1A-int,ERVL-MaLR,LTR
chr13,83433339,83433360,MA1714.1,+,6.36e-06,L1MA8,L1,LINE
chr15,84222047,84222068,MA1714.1,-,6.36e-06,L1MEe,L1,LINE
chr1,84479716,84479737,MA1714.1,+,6.36e-06,L1PREC2,L1,LINE
chr5,86149333,86149354,MA1714.1,-,6.36e-06,L1PA14,L1,LINE
chr13,86958149,86958170,MA1714.1,-,6.36e-06,MLT1E3-int,ERVL-MaLR,LTR
chr4,87793799,87793820,MA1714.1,+,6.36e-06,HAL1,L1,LINE
chr7,87987023,87987044,MA1714.1,+,6.36e-06,MIR,MIR,SINE
chr10,88157955,88157976,MA1714.1,+,6.36e-06,AluSx,Alu,SINE
chr11,88200031,88200052,MA1714.1,-,6.36e-06,L1MA4,L1,LINE
chr3,89270068,89270089,MA1714.1,-,6.36e-06,MIR,MIR,SINE
chr4,93774351,93774372,MA1714.1,+,6.36e-06,MIRb,MIR,SINE
chr14,93774964,93774985,MA1714.1,+,6.36e-06,L1MB3,L1,LINE
chr12,93814828,93814849,MA1714.1,-,6.36e-06,MIR,MIR,SINE
chr12,94126547,94126568,MA1714.1,+,6.36e-06,MIRb,MIR,SINE
chr1,94427358,94427379,MA1714.1,-,6.36e-06,MIR,MIR,SINE
chr15,96381158,96381179,MA1714.1,-,6.36e-06,MIR,MIR,SINE
chr15,96419904,96419925,MA1714.1,-,6.36e-06,MIRb,MIR,SINE
chr11,96762743,96762764,MA1714.1,-,6.36e-06,MER33,hAT-Charlie,DNA
chr4,98842890,98842911,MA1714.1,+,6.36e-06,L1M3c,L1,LINE
chr1,99371147,99371168,MA1714.1,-,6.36e-06,L1M6,L1,LINE
chr8,100506909,100506930,MA1714.1,-,6.36e-06,L1M3,L1,LINE
chr10,100512756,100512777,MA1714.1,+,6.36e-06,L1MA8,L1,LINE
chr5,103126364,103126385,MA1714.1,-,6.36e-06,THE1B-int,ERVL-MaLR,LTR
chr7,103404675,103404696,MA1714.1,-,6.36e-06,MIRb,MIR,SINE
chr12,104232221,104232242,MA1714.1,-,6.36e-06,MIR,MIR,SINE
chr7,105325082,105325103,MA1714.1,-,6.36e-06,L3,CR1,LINE
chr9,105912457,105912478,MA1714.1,+,6.36e-06,THE1A-int,ERVL-MaLR,LTR
chr1,106562039,106562060,MA1714.1,+,6.36e-06,L1M1,L1,LINE
chr5,109502174,109502195,MA1714.1,-,6.36e-06,L1ME1,L1,LINE
chr7,112297915,112297936,MA1714.1,-,6.36e-06,L1PA7,L1,LINE
chr2,113442596,113442617,MA1714.1,+,6.36e-06,L1M3,L1,LINE
chr6,119247411,119247432,MA1714.1,-,6.36e-06,MER47A,TcMar-Tigger,DNA
chr7,119699470,119699491,MA1714.1,-,6.36e-06,HERV3-int,ERV1,LTR
chr1,119906063,119906084,MA1714.1,-,6.36e-06,THE1A-int,ERVL-MaLR,LTR
chr3,123745684,123745705,MA1714.1,-,6.36e-06,L1ME1,L1,LINE
chr7,124107638,124107659,MA1714.1,-,6.36e-06,L1PA4,L1,LINE
chrX,124479565,124479586,MA1714.1,-,6.36e-06,MSTB1-int,ERVL-MaLR,LTR
chr2,124681261,124681282,MA1714.1,-,6.36e-06,MSTB-int,ERVL-MaLR,LTR
chr9,127179492,127179513,MA1714.1,+,6.36e-06,L1MB7,L1,LINE
chr12,128682726,128682747,MA1714.1,+,6.36e-06,MLT1D,ERVL-MaLR,LTR
chr4,129390991,129391012,MA1714.1,-,6.36e-06,MIR,MIR,SINE
chr8,131463457,131463478,MA1714.1,+,6.36e-06,MIRb,MIR,SINE
chr3,132818176,132818197,MA1714.1,-,6.36e-06,THE1A-int,ERVL-MaLR,LTR
chr2,133201149,133201170,MA1714.1,+,6.36e-06,MER47A,TcMar-Tigger,DNA
chrX,136787981,136788002,MA1714.1,+,6.36e-06,L1MB8,L1,LINE
chr8,139468269,139468290,MA1714.1,+,6.36e-06,MIR,MIR,SINE
chr9,139953560,139953581,MA1714.1,-,6.36e-06,AluJo,Alu,SINE
chr3,139968424,139968445,MA1714.1,-,6.36e-06,MIRb,MIR,SINE
chr6,144321038,144321059,MA1714.1,-,6.36e-06,MIR,MIR,SINE
chr3,145543099,145543120,MA1714.1,-,6.36e-06,L1PREC2,L1,LINE
chr5,146099068,146099089,MA1714.1,+,6.36e-06,MIRb,MIR,SINE
chr4,147331216,147331237,MA1714.1,-,6.36e-06,MIRc,MIR,SINE
chr3,148529255,148529276,MA1714.1,+,6.36e-06,THE1A-int,ERVL-MaLR,LTR
chr7,148968533,148968554,MA1714.1,-,6.36e-06,L1MC4a,L1,LINE
chr5,149853471,149853492,MA1714.1,-,6.36e-06,MIRb,MIR,SINE
chr5,152260134,152260155,MA1714.1,+,6.36e-06,L1MC4,L1,LINE
chr2,189097578,189097599,MA1714.1,-,6.36e-06,MIRb,MIR,SINE
chr3,189958960,189958981,MA1714.1,+,6.36e-06,L1PB1,L1,LINE
chr3,191062603,191062624,MA1714.1,-,6.36e-06,AluSx3,Alu,SINE
chr2,204800549,204800570,MA1714.1,+,6.36e-06,MIR,MIR,SINE
chr2,234567931,234567952,MA1714.1,-,6.36e-06,Tigger2,TcMar-Tigger,DNA
chr6_qbl_hap6,2198582,2198603,MA1714.1,+,6.4e-06,MIR,MIR,SINE
chr6_dbb_hap3,2199725,2199746,MA1714.1,+,6.4e-06,MIR,MIR,SINE
chr6_mcf_hap5,2287550,2287571,MA1714.1,+,6.4e-06,MIR,MIR,SINE
chr6_cox_hap2,2417521,2417542,MA1714.1,+,6.4e-06,MIR,MIR,SINE
chr2,5000525,5000546,MA1714.1,-,6.4e-06,MSTA-int,ERVL-MaLR,LTR
chr8,8792015,8792036,MA1714.1,-,6.4e-06,AluSp,Alu,SINE
chr2,9958936,9958957,MA1714.1,+,6.4e-06,L1MC4a,L1,LINE
chr21,10581448,10581469,MA1714.1,+,6.4e-06,HAL1,L1,LINE
chr2,11477708,11477729,MA1714.1,+,6.4e-06,L1ME2z,L1,LINE
chr9,11629630,11629651,MA1714.1,+,6.4e-06,THE1D-int,ERVL-MaLR,LTR
chr2,13156821,13156842,MA1714.1,+,6.4e-06,L1MEg,L1,LINE
chr13,21308612,21308633,MA1714.1,+,6.4e-06,MIRb,MIR,SINE
chrY,21567010,21567031,MA1714.1,+,6.4e-06,L1PB1,L1,LINE
chrX,22413219,22413240,MA1714.1,+,6.4e-06,L1PB1,L1,LINE
chr2,26688262,26688283,MA1714.1,-,6.4e-06,MIR3,MIR,SINE
chr16,26804053,26804074,MA1714.1,-,6.4e-06,AluJb,Alu,SINE
chr15,27647599,27647620,MA1714.1,+,6.4e-06,L1MEg,L1,LINE
chr5,30608939,30608960,MA1714.1,+,6.4e-06,L1ME2,L1,LINE
chr8,30808091,30808112,MA1714.1,+,6.4e-06,HAL1,L1,LINE
chr6,30905610,30905631,MA1714.1,+,6.4e-06,MIR,MIR,SINE
chr5,31188013,31188034,MA1714.1,+,6.4e-06,MIR,MIR,SINE
chr17,33365657,33365678,MA1714.1,+,6.4e-06,L1ME3A,L1,LINE
chr17,33611743,33611764,MA1714.1,+,6.4e-06,ERVL-E-int,ERVL,LTR
chr14,35784276,35784297,MA1714.1,-,6.4e-06,MIR,MIR,SINE
chr14,35922230,35922251,MA1714.1,-,6.4e-06,L1PB1,L1,LINE
chr20,39476387,39476408,MA1714.1,+,6.4e-06,MIR,MIR,SINE
chr20,40212381,40212402,MA1714.1,+,6.4e-06,L1MEc,L1,LINE
chr13,41818118,41818139,MA1714.1,-,6.4e-06,L1MC4,L1,LINE
chr17,42070442,42070463,MA1714.1,+,6.4e-06,AluJb,Alu,SINE
chr3,44403322,44403343,MA1714.1,-,6.4e-06,MIRb,MIR,SINE
chr9,45458052,45458073,MA1714.1,-,6.4e-06,HAL1,L1,LINE
chrX,46945396,46945417,MA1714.1,-,6.4e-06,L1MC4,L1,LINE
chr12,51048379,51048400,MA1714.1,-,6.4e-06,AluJb,Alu,SINE
chr2,51371507,51371528,MA1714.1,-,6.4e-06,Zaphod,hAT-Tip100,DNA
chr15,52865267,52865288,MA1714.1,+,6.4e-06,Tigger1,TcMar-Tigger,DNA
chr2,53652419,53652440,MA1714.1,-,6.4e-06,L1PA15,L1,LINE
chr3,55383860,55383881,MA1714.1,+,6.4e-06,HAL1,L1,LINE
chr18,55563149,55563170,MA1714.1,+,6.4e-06,MLT1B,ERVL-MaLR,LTR
chr19,57585053,57585074,MA1714.1,-,6.4e-06,L1M5,L1,LINE
chr10,59038483,59038504,MA1714.1,+,6.4e-06,L1MA9,L1,LINE
chr13,62847785,62847806,MA1714.1,-,6.4e-06,L1MD2,L1,LINE
chr11,63732607,63732628,MA1714.1,-,6.4e-06,L1ME3A,L1,LINE
chr5,65421635,65421656,MA1714.1,+,6.4e-06,L1MEf,L1,LINE
chr10,67586644,67586665,MA1714.1,+,6.4e-06,LTR40a,ERVL,LTR
chr9,73286752,73286773,MA1714.1,-,6.4e-06,AluSz,Alu,SINE
chr2,73340992,73341013,MA1714.1,-,6.4e-06,MIRc,MIR,SINE
chr5,76024303,76024324,MA1714.1,-,6.4e-06,L1MA8,L1,LINE
chr9,76605081,76605102,MA1714.1,-,6.4e-06,THE1D-int,ERVL-MaLR,LTR
chr14,79774299,79774320,MA1714.1,-,6.4e-06,MLT1B,ERVL-MaLR,LTR
chr1,80886086,80886107,MA1714.1,+,6.4e-06,L1MEg,L1,LINE
chr7,82332918,82332939,MA1714.1,+,6.4e-06,L1MEg,L1,LINE
chr13,91063267,91063288,MA1714.1,+,6.4e-06,L1MEc,L1,LINE
chr9,98177482,98177503,MA1714.1,-,6.4e-06,MLT1-int,ERVL-MaLR,LTR
chr14,106510142,106510163,MA1714.1,+,6.4e-06,LTR8,ERV1,LTR
chr13,108987117,108987138,MA1714.1,+,6.4e-06,L1PB1,L1,LINE
chr4,110677331,110677352,MA1714.1,+,6.4e-06,L1ME5,L1,LINE
chr3,110948299,110948320,MA1714.1,+,6.4e-06,MSTB-int,ERVL-MaLR,LTR
chr6,115593621,115593642,MA1714.1,+,6.4e-06,THE1C-int,ERVL-MaLR,LTR
chr6,117236014,117236035,MA1714.1,-,6.4e-06,MIR,MIR,SINE
chr2,117410695,117410716,MA1714.1,+,6.4e-06,L1M1,L1,LINE
chr6,117706610,117706631,MA1714.1,+,6.4e-06,AluSz,Alu,SINE
chr10,120471723,120471744,MA1714.1,-,6.4e-06,MER52A,ERV1,LTR
chr5,121560877,121560898,MA1714.1,+,6.4e-06,L1MA9,L1,LINE
chr3,123664758,123664779,MA1714.1,+,6.4e-06,MIRb,MIR,SINE
chr2,127786033,127786054,MA1714.1,+,6.4e-06,L1MC5,L1,LINE
chr3,129140979,129141000,MA1714.1,+,6.4e-06,MIR,MIR,SINE
chr8,130014929,130014950,MA1714.1,+,6.4e-06,MIRb,MIR,SINE
chr4,132880911,132880932,MA1714.1,+,6.4e-06,HAL1,L1,LINE
chrX,133717625,133717646,MA1714.1,+,6.4e-06,MIRb,MIR,SINE
chr6,137460834,137460855,MA1714.1,+,6.4e-06,L1MA9,L1,LINE
chr5,139159703,139159724,MA1714.1,-,6.4e-06,L1ME2z,L1,LINE
chr2,139205970,139205991,MA1714.1,+,6.4e-06,LTR33,ERVL,LTR
chr5,139666840,139666861,MA1714.1,+,6.4e-06,L1MC4a,L1,LINE
chr3,140108808,140108829,MA1714.1,-,6.4e-06,L1MEf,L1,LINE
chr3,140569195,140569216,MA1714.1,-,6.4e-06,MamGypLTR3,Gypsy,LTR
chrX,146458018,146458039,MA1714.1,-,6.4e-06,L1PA16,L1,LINE
chr4,147199897,147199918,MA1714.1,-,6.4e-06,MIR3,MIR,SINE
chr5,148023415,148023436,MA1714.1,+,6.4e-06,L3,CR1,LINE
chr5,151464293,151464314,MA1714.1,+,6.4e-06,MIRc,MIR,SINE
chr4,152356410,152356431,MA1714.1,-,6.4e-06,L1MA4,L1,LINE
chr1,154135727,154135748,MA1714.1,-,6.4e-06,MER3,hAT-Charlie,DNA
chr4,168176170,168176191,MA1714.1,-,6.4e-06,L1M3,L1,LINE
chr4,175962485,175962506,MA1714.1,+,6.4e-06,L1MB3,L1,LINE
chr4,188087143,188087164,MA1714.1,+,6.4e-06,L1MB3,L1,LINE
chr3,192985605,192985626,MA1714.1,-,6.4e-06,L1MC1,L1,LINE
chr7,7231953,7231974,MA1714.1,-,6.44e-06,L1PB1,L1,LINE
chr10,7477207,7477228,MA1714.1,-,6.44e-06,AluSz6,Alu,SINE
chrY,7668931,7668952,MA1714.1,-,6.44e-06,L1MEg,L1,LINE
chrX,8834129,8834150,MA1714.1,-,6.44e-06,AluJr4,Alu,SINE
chr11,9839329,9839350,MA1714.1,+,6.44e-06,AluJb,Alu,SINE
chr1,12048829,12048850,MA1714.1,-,6.44e-06,AluSx,Alu,SINE
chr16,13016755,13016776,MA1714.1,+,6.44e-06,L2a,L2,LINE
chr9,13534850,13534871,MA1714.1,-,6.44e-06,L1PA15,L1,LINE
chr8,14660293,14660314,MA1714.1,+,6.44e-06,MER83C,ERV1,LTR
chr1,18793565,18793586,MA1714.1,+,6.44e-06,MIRb,MIR,SINE
chr8,18879858,18879879,MA1714.1,-,6.44e-06,LTR78,ERV1,LTR
chr10,19606045,19606066,MA1714.1,-,6.44e-06,MLT1A0,ERVL-MaLR,LTR
chr2,19697919,19697940,MA1714.1,-,6.44e-06,L1MEc,L1,LINE
chr11,19818061,19818082,MA1714.1,-,6.44e-06,MIRb,MIR,SINE
chr12,19829619,19829640,MA1714.1,-,6.44e-06,L1PB1,L1,LINE
chr13,20634098,20634119,MA1714.1,+,6.44e-06,AluJb,Alu,SINE
chr14,21094971,21094992,MA1714.1,-,6.44e-06,AluJo,Alu,SINE
chr11,21164940,21164961,MA1714.1,+,6.44e-06,LTR85a,Gypsy,LTR
chr16,21291625,21291646,MA1714.1,+,6.44e-06,AluSx1,Alu,SINE
chr1,21385091,21385112,MA1714.1,-,6.44e-06,AluJb,Alu,SINE
chr3,23225276,23225297,MA1714.1,-,6.44e-06,LTR16A2,ERVL,LTR
chr19,23651486,23651507,MA1714.1,-,6.44e-06,HAL1-3A_ME,L1,LINE
chr15,23824575,23824596,MA1714.1,-,6.44e-06,MIRb,MIR,SINE
chr16,25403712,25403733,MA1714.1,+,6.44e-06,AluSz,Alu,SINE
chr6,26418776,26418797,MA1714.1,-,6.44e-06,THE1C-int,ERVL-MaLR,LTR
chr21,29925338,29925359,MA1714.1,+,6.44e-06,L1M5,L1,LINE
chr18,30289439,30289460,MA1714.1,-,6.44e-06,AluJr,Alu,SINE
chr19,31024394,31024415,MA1714.1,+,6.44e-06,AluJr,Alu,SINE
chr18,31653903,31653924,MA1714.1,+,6.44e-06,HAL1,L1,LINE
chr9,33744183,33744204,MA1714.1,+,6.44e-06,L1PB1,L1,LINE
chr4,33849908,33849929,MA1714.1,+,6.44e-06,L1P4,L1,LINE
chr22,34469170,34469191,MA1714.1,+,6.44e-06,L2b,L2,LINE
chrX,36289906,36289927,MA1714.1,+,6.44e-06,HSMAR2,TcMar-Mariner,DNA
chrX,37819364,37819385,MA1714.1,-,6.44e-06,MSTD-int,ERVL-MaLR,LTR
chr22,37923724,37923745,MA1714.1,+,6.44e-06,MIR,MIR,SINE
chr22,38190778,38190799,MA1714.1,-,6.44e-06,AluSx,Alu,SINE
chr7,38939964,38939985,MA1714.1,+,6.44e-06,L1PB4,L1,LINE
chr1,41806130,41806151,MA1714.1,-,6.44e-06,L1MC4a,L1,LINE
chr1,43491541,43491562,MA1714.1,-,6.44e-06,MIRb,MIR,SINE
chr5,43926796,43926817,MA1714.1,-,6.44e-06,L1MEc,L1,LINE
chr1,44277363,44277384,MA1714.1,-,6.44e-06,LTR78,ERV1,LTR
chr3,45771415,45771436,MA1714.1,-,6.44e-06,L1MB4,L1,LINE
chr22,45857088,45857109,MA1714.1,+,6.44e-06,AluSx,Alu,SINE
chr13,46497784,46497805,MA1714.1,+,6.44e-06,MIRb,MIR,SINE
chr12,49530703,49530724,MA1714.1,-,6.44e-06,AluSz,Alu,SINE
chr16,49824734,49824755,MA1714.1,+,6.44e-06,MIR,MIR,SINE
chr6,56442162,56442183,MA1714.1,+,6.44e-06,Charlie7a,hAT-Charlie,DNA
chr19,58299299,58299320,MA1714.1,+,6.44e-06,AluSx1,Alu,SINE
chr2,58600470,58600491,MA1714.1,-,6.44e-06,L1MC5,L1,LINE
chr20,59022775,59022796,MA1714.1,+,6.44e-06,MLT1F1-int,ERVL-MaLR,LTR
chr18,60486637,60486658,MA1714.1,+,6.44e-06,L1MEc,L1,LINE
chr11,60506037,60506058,MA1714.1,+,6.44e-06,L1PA13,L1,LINE
chr2,62169746,62169767,MA1714.1,-,6.44e-06,AluSz,Alu,SINE
chr4,63832800,63832821,MA1714.1,+,6.44e-06,AluJb,Alu,SINE
chr5,65508016,65508037,MA1714.1,-,6.44e-06,L1MEf,L1,LINE
chr8,65601407,65601428,MA1714.1,+,6.44e-06,AluJo,Alu,SINE
chr5,67935459,67935480,MA1714.1,-,6.44e-06,L1MC1,L1,LINE
chr15,68440838,68440859,MA1714.1,-,6.44e-06,AluSg4,Alu,SINE
chrX,69660648,69660669,MA1714.1,+,6.44e-06,AluJb,Alu,SINE
chr13,70129564,70129585,MA1714.1,-,6.44e-06,L1MEe,L1,LINE
chr7,71065927,71065948,MA1714.1,-,6.44e-06,L1PB1,L1,LINE
chr11,72135897,72135918,MA1714.1,+,6.44e-06,AluY,Alu,SINE
chr8,74118215,74118236,MA1714.1,-,6.44e-06,AluJb,Alu,SINE
chr4,76610652,76610673,MA1714.1,+,6.44e-06,AluSx,Alu,SINE
chr6,77499902,77499923,MA1714.1,-,6.44e-06,MSTA-int,ERVL-MaLR,LTR
chr5,77724958,77724979,MA1714.1,-,6.44e-06,L1MB8,L1,LINE
chr4,78547048,78547069,MA1714.1,+,6.44e-06,HERV16-int,ERVL,LTR
chr9,80425375,80425396,MA1714.1,+,6.44e-06,MIRb,MIR,SINE
chr6,81356543,81356564,MA1714.1,+,6.44e-06,L1PB1,L1,LINE
chr16,84829536,84829557,MA1714.1,-,6.44e-06,AluSz,Alu,SINE
chr7,85917851,85917872,MA1714.1,+,6.44e-06,L1PB1,L1,LINE
chr3,88747459,88747480,MA1714.1,+,6.44e-06,L1MEc,L1,LINE
chr1,89000619,89000640,MA1714.1,-,6.44e-06,MER45B,hAT-Tip100,DNA
chr9,89354917,89354938,MA1714.1,+,6.44e-06,AluJo,Alu,SINE
chr10,89935906,89935927,MA1714.1,-,6.44e-06,L1MA5,L1,LINE
chr12,92679513,92679534,MA1714.1,+,6.44e-06,MLT1D,ERVL-MaLR,LTR
chr12,94946799,94946820,MA1714.1,-,6.44e-06,AluSx,Alu,SINE
chr11,95008460,95008481,MA1714.1,-,6.44e-06,MLT1I,ERVL-MaLR,LTR
chrX,97897689,97897710,MA1714.1,-,6.44e-06,L1PA16,L1,LINE
chr9,100165767,100165788,MA1714.1,-,6.44e-06,L1M4c,L1,LINE
chr7,106583626,106583647,MA1714.1,-,6.44e-06,AluSx1,Alu,SINE
chrX,107178589,107178610,MA1714.1,-,6.44e-06,MIRb,MIR,SINE
chr3,108599495,108599516,MA1714.1,+,6.44e-06,L1MD1,L1,LINE
chr9,110322526,110322547,MA1714.1,+,6.44e-06,AluJb,Alu,SINE
chr9,113515636,113515657,MA1714.1,+,6.44e-06,AluSx,Alu,SINE
chr5,114297929,114297950,MA1714.1,-,6.44e-06,THE1B-int,ERVL-MaLR,LTR
chr8,117770610,117770631,MA1714.1,+,6.44e-06,L1MDa,L1,LINE
chr3,121423052,121423073,MA1714.1,+,6.44e-06,L1MEf,L1,LINE
chr4,129789428,129789449,MA1714.1,+,6.44e-06,MIRb,MIR,SINE
chr11,132411307,132411328,MA1714.1,+,6.44e-06,MIRb,MIR,SINE
chr3,133965741,133965762,MA1714.1,+,6.44e-06,HAL1,L1,LINE
chr11,134002135,134002156,MA1714.1,+,6.44e-06,L1M4c,L1,LINE
chr8,138882885,138882906,MA1714.1,+,6.44e-06,AluSg7,Alu,SINE
chr6,144964857,144964878,MA1714.1,+,6.44e-06,AluSq2,Alu,SINE
chr7,151197132,151197153,MA1714.1,-,6.44e-06,AluJo,Alu,SINE
chr5,154219132,154219153,MA1714.1,+,6.44e-06,AluJb,Alu,SINE
chr4,165000265,165000286,MA1714.1,-,6.44e-06,L1M5,L1,LINE
chr6,166306886,166306907,MA1714.1,-,6.44e-06,MIRb,MIR,SINE
chr6,170848900,170848921,MA1714.1,+,6.44e-06,L1M5,L1,LINE
chr2,174188264,174188285,MA1714.1,-,6.44e-06,L1MEf,L1,LINE
chr2,177565563,177565584,MA1714.1,-,6.44e-06,L1MEf,L1,LINE
chr4,186073705,186073726,MA1714.1,+,6.44e-06,L1PA16,L1,LINE
chr1,210080816,210080837,MA1714.1,-,6.44e-06,L1M4b,L1,LINE
chr1,224390634,224390655,MA1714.1,-,6.44e-06,AluSx,Alu,SINE
chr1,226731008,226731029,MA1714.1,-,6.44e-06,AluJo,Alu,SINE
chr1,236014663,236014684,MA1714.1,+,6.44e-06,L1PB1,L1,LINE
chr1,240319474,240319495,MA1714.1,+,6.44e-06,AluJb,Alu,SINE
chr3,703717,703738,MA1714.1,+,6.48e-06,MER103C,hAT-Charlie,DNA
chr17,866841,866862,MA1714.1,+,6.48e-06,AluJr,Alu,SINE
chr19,968970,968991,MA1714.1,+,6.48e-06,AluJr,Alu,SINE
chrX,2791546,2791567,MA1714.1,-,6.48e-06,L1MA9,L1,LINE
chr20,3955367,3955388,MA1714.1,+,6.48e-06,L1MD1,L1,LINE
chr12,4563632,4563653,MA1714.1,+,6.48e-06,L1MCa,L1,LINE
chr9,5286445,5286466,MA1714.1,+,6.48e-06,L1MB4,L1,LINE
chr19,5334419,5334440,MA1714.1,-,6.48e-06,MIR,MIR,SINE
chr11,6370580,6370601,MA1714.1,-,6.48e-06,MLT1C,ERVL-MaLR,LTR
chr7,9580414,9580435,MA1714.1,+,6.48e-06,MSTA-int,ERVL-MaLR,LTR
chr11,10300540,10300561,MA1714.1,+,6.48e-06,FRAM,Alu,SINE
chr16,11159902,11159923,MA1714.1,+,6.48e-06,MIR,MIR,SINE
chr18,11173992,11174013,MA1714.1,+,6.48e-06,L1MB7,L1,LINE
chr3,11325098,11325119,MA1714.1,-,6.48e-06,MIRb,MIR,SINE
chr17,11331422,11331443,MA1714.1,-,6.48e-06,MIR,MIR,SINE
chrX,12883458,12883479,MA1714.1,-,6.48e-06,L1M5,L1,LINE
chr8,15891394,15891415,MA1714.1,+,6.48e-06,L1PA4,L1,LINE
chr12,17557879,17557900,MA1714.1,+,6.48e-06,THE1B-int,ERVL-MaLR,LTR
chr2,18305652,18305673,MA1714.1,-,6.48e-06,MIRb,MIR,SINE
chr18,19915224,19915245,MA1714.1,+,6.48e-06,L1MA8,L1,LINE
chrX,20370772,20370793,MA1714.1,-,6.48e-06,L3,CR1,LINE
chrY,21395894,21395915,MA1714.1,+,6.48e-06,HUERS-P2-int,ERV1,LTR
chr2,21560498,21560519,MA1714.1,+,6.48e-06,L1PA4,L1,LINE
chr8,23095746,23095767,MA1714.1,-,6.48e-06,THE1C-int,ERVL-MaLR,LTR
chr6,23718750,23718771,MA1714.1,-,6.48e-06,L1ME2,L1,LINE
chr18,26971186,26971207,MA1714.1,+,6.48e-06,THE1B-int,ERVL-MaLR,LTR
chr5,29669829,29669850,MA1714.1,+,6.48e-06,THE1C-int,ERVL-MaLR,LTR
chr12,30433274,30433295,MA1714.1,+,6.48e-06,THE1A-int,ERVL-MaLR,LTR
chr9,34069726,34069747,MA1714.1,+,6.48e-06,MIR,MIR,SINE
chr22,34093064,34093085,MA1714.1,+,6.48e-06,LTR67B,ERVL,LTR
chrX,36277158,36277179,MA1714.1,+,6.48e-06,MIRb,MIR,SINE
chr9,36883148,36883169,MA1714.1,-,6.48e-06,MIR3,MIR,SINE
chr20,37950457,37950478,MA1714.1,+,6.48e-06,Tigger5,TcMar-Tigger,DNA
chr4,38227150,38227171,MA1714.1,-,6.48e-06,MLT1A0-int,ERVL-MaLR,LTR
chr2,38393695,38393716,MA1714.1,+,6.48e-06,MER5A,hAT-Charlie,DNA
chr3,39024529,39024550,MA1714.1,+,6.48e-06,MER102a,hAT-Charlie,DNA
chr18,40532303,40532324,MA1714.1,+,6.48e-06,L1MA10,L1,LINE
chr4,40686973,40686994,MA1714.1,+,6.48e-06,MER112,hAT-Charlie,DNA
chr11,42389802,42389823,MA1714.1,+,6.48e-06,THE1B-int,ERVL-MaLR,LTR
chr8,43204324,43204345,MA1714.1,-,6.48e-06,L1PA4,L1,LINE
chr3,44847790,44847811,MA1714.1,+,6.48e-06,MIRb,MIR,SINE
chr20,44862833,44862854,MA1714.1,+,6.48e-06,MIRc,MIR,SINE
chr4,45882021,45882042,MA1714.1,+,6.48e-06,L1ME3C,L1,LINE
chrX,45976157,45976178,MA1714.1,-,6.48e-06,L1PA13,L1,LINE
chr3,47355424,47355445,MA1714.1,+,6.48e-06,MIRb,MIR,SINE
chr8,47496486,47496507,MA1714.1,+,6.48e-06,HERVK11-int,ERVK,LTR
chr1,49418615,49418636,MA1714.1,+,6.48e-06,MER30,hAT-Charlie,DNA
chr17,50119133,50119154,MA1714.1,-,6.48e-06,L1MA9,L1,LINE
chr18,50363536,50363557,MA1714.1,-,6.48e-06,THE1C-int,ERVL-MaLR,LTR
chr2,50914590,50914611,MA1714.1,-,6.48e-06,Tigger15a,TcMar-Tigger,DNA
chr14,51582126,51582147,MA1714.1,-,6.48e-06,MIRb,MIR,SINE
chr6,53682456,53682477,MA1714.1,-,6.48e-06,L1MA7,L1,LINE
chr16,55105868,55105889,MA1714.1,-,6.48e-06,THE1B-int,ERVL-MaLR,LTR
chr18,56225148,56225169,MA1714.1,+,6.48e-06,FRAM,Alu,SINE
chr14,56364172,56364193,MA1714.1,-,6.48e-06,MIRc,MIR,SINE
chr6,57602280,57602301,MA1714.1,-,6.48e-06,L1PA4,L1,LINE
chr4,58045616,58045637,MA1714.1,-,6.48e-06,MIRc,MIR,SINE
chr13,59149212,59149233,MA1714.1,-,6.48e-06,MSTA-int,ERVL-MaLR,LTR
chr4,59299598,59299619,MA1714.1,+,6.48e-06,L1ME2,L1,LINE
chr12,59570908,59570929,MA1714.1,-,6.48e-06,THE1B-int,ERVL-MaLR,LTR
chr13,61555554,61555575,MA1714.1,-,6.48e-06,THE1B-int,ERVL-MaLR,LTR
chr5,63105343,63105364,MA1714.1,-,6.48e-06,L1PREC2,L1,LINE
chr7,66362134,66362155,MA1714.1,-,6.48e-06,L1MB8,L1,LINE
chrX,67787353,67787374,MA1714.1,-,6.48e-06,THE1B-int,ERVL-MaLR,LTR
chr15,71324755,71324776,MA1714.1,-,6.48e-06,L1PA7,L1,LINE
chr1,73582401,73582422,MA1714.1,+,6.48e-06,ERVL-E-int,ERVL,LTR
chr10,74108950,74108971,MA1714.1,+,6.48e-06,MIRb,MIR,SINE
chr4,74172678,74172699,MA1714.1,+,6.48e-06,MamRep605,MamRep605,Unknown
chr8,74901067,74901088,MA1714.1,-,6.48e-06,L1MC5,L1,LINE
chr6,77447862,77447883,MA1714.1,-,6.48e-06,L1MC5,L1,LINE
chr14,78965382,78965403,MA1714.1,+,6.48e-06,MIR,MIR,SINE
chr8,79132643,79132664,MA1714.1,-,6.48e-06,THE1B-int,ERVL-MaLR,LTR
chr3,82644228,82644249,MA1714.1,-,6.48e-06,THE1B-int,ERVL-MaLR,LTR
chr10,83038675,83038696,MA1714.1,+,6.48e-06,L1MB8,L1,LINE
chr13,85753033,85753054,MA1714.1,-,6.48e-06,THE1B-int,ERVL-MaLR,LTR
chr11,86262263,86262284,MA1714.1,-,6.48e-06,MIRc,MIR,SINE
chrX,86337602,86337623,MA1714.1,+,6.48e-06,L1PA13,L1,LINE
chr4,86345340,86345361,MA1714.1,-,6.48e-06,L1PA17,L1,LINE
chr13,86490668,86490689,MA1714.1,-,6.48e-06,L1PA4,L1,LINE
chr12,87082551,87082572,MA1714.1,-,6.48e-06,L1PA8,L1,LINE
chrX,90384162,90384183,MA1714.1,-,6.48e-06,THE1A-int,ERVL-MaLR,LTR
chr4,94599640,94599661,MA1714.1,+,6.48e-06,L1PA3,L1,LINE
chrX,94952352,94952373,MA1714.1,+,6.48e-06,THE1D-int,ERVL-MaLR,LTR
chr11,96261642,96261663,MA1714.1,+,6.48e-06,L1PA13,L1,LINE
chr6,97463681,97463702,MA1714.1,+,6.48e-06,THE1D-int,ERVL-MaLR,LTR
chr5,98164248,98164269,MA1714.1,+,6.48e-06,L1PA13,L1,LINE
chr5,99919616,99919637,MA1714.1,-,6.48e-06,Tigger2,TcMar-Tigger,DNA
chr12,102535693,102535714,MA1714.1,-,6.48e-06,L1PA5,L1,LINE
chr9,109532701,109532722,MA1714.1,+,6.48e-06,MER33,hAT-Charlie,DNA
chr11,110352477,110352498,MA1714.1,-,6.48e-06,LTR85a,Gypsy,LTR
chrX,112633064,112633085,MA1714.1,-,6.48e-06,L1PA15,L1,LINE
chr12,112833080,112833101,MA1714.1,+,6.48e-06,L1PA8,L1,LINE
chr5,112909657,112909678,MA1714.1,-,6.48e-06,L1PA11,L1,LINE
chr4,114906434,114906455,MA1714.1,+,6.48e-06,THE1B-int,ERVL-MaLR,LTR
chr12,115812748,115812769,MA1714.1,+,6.48e-06,MIRb,MIR,SINE
chr10,116690024,116690045,MA1714.1,-,6.48e-06,L3,CR1,LINE
chr3,119880146,119880167,MA1714.1,-,6.48e-06,MIR,MIR,SINE
chr7,121368932,121368953,MA1714.1,-,6.48e-06,THE1D-int,ERVL-MaLR,LTR
chr7,121678193,121678214,MA1714.1,-,6.48e-06,THE1C,ERVL-MaLR,LTR
chr5,122647936,122647957,MA1714.1,-,6.48e-06,L1PA10,L1,LINE
chr7,123513292,123513313,MA1714.1,-,6.48e-06,MIRc,MIR,SINE
chr8,132484112,132484133,MA1714.1,+,6.48e-06,THE1D-int,ERVL-MaLR,LTR
chr5,133188617,133188638,MA1714.1,+,6.48e-06,L1P2,L1,LINE
chr9,137411134,137411155,MA1714.1,-,6.48e-06,MIR,MIR,SINE
chr2,142690925,142690946,MA1714.1,+,6.48e-06,L1MEg,L1,LINE
chr1,144697219,144697240,MA1714.1,+,6.48e-06,MLT1F2,ERVL-MaLR,LTR
chrX,153418278,153418299,MA1714.1,-,6.48e-06,Charlie4a,hAT-Charlie,DNA
chrX,153455408,153455429,MA1714.1,-,6.48e-06,Charlie4a,hAT-Charlie,DNA
chrX,153492526,153492547,MA1714.1,-,6.48e-06,Charlie4a,hAT-Charlie,DNA
chr2,154523324,154523345,MA1714.1,+,6.48e-06,L1PA14,L1,LINE
chr2,156895946,156895967,MA1714.1,+,6.48e-06,L1PA12,L1,LINE
chr2,157793959,157793980,MA1714.1,+,6.48e-06,HAL1-3A_ME,L1,LINE
chr4,158432551,158432572,MA1714.1,+,6.48e-06,LTR33B,ERVL,LTR
chr3,159068532,159068553,MA1714.1,-,6.48e-06,L1MA9,L1,LINE
chr3,160542003,160542024,MA1714.1,+,6.48e-06,MLT1A0,ERVL-MaLR,LTR
chr6,161541264,161541285,MA1714.1,-,6.48e-06,L1M4,L1,LINE
chr5,161664028,161664049,MA1714.1,-,6.48e-06,THE1C-int,ERVL-MaLR,LTR
chr1,162007664,162007685,MA1714.1,-,6.48e-06,MIR,MIR,SINE
chr2,163489454,163489475,MA1714.1,+,6.48e-06,L1M5,L1,LINE
chr2,166251119,166251140,MA1714.1,-,6.48e-06,L1MEe,L1,LINE
chr5,173016649,173016670,MA1714.1,-,6.48e-06,L1MC3,L1,LINE
chr3,180743166,180743187,MA1714.1,-,6.48e-06,L1MB7,L1,LINE
chr3,188741286,188741307,MA1714.1,-,6.48e-06,L1PA3,L1,LINE
chr2,192423940,192423961,MA1714.1,+,6.48e-06,MIRb,MIR,SINE
chr2,195518739,195518760,MA1714.1,+,6.48e-06,L1MC4a,L1,LINE
chr1,195939500,195939521,MA1714.1,+,6.48e-06,MER70-int,ERVL,LTR
chr1,203630531,203630552,MA1714.1,+,6.48e-06,MIRb,MIR,SINE
chr2,207818778,207818799,MA1714.1,-,6.48e-06,THE1B-int,ERVL-MaLR,LTR
chr1,209225838,209225859,MA1714.1,+,6.48e-06,L1PA13,L1,LINE
chr2,211214700,211214721,MA1714.1,-,6.48e-06,L1PA8,L1,LINE
chr1,219270226,219270247,MA1714.1,+,6.48e-06,THE1B-int,ERVL-MaLR,LTR
chr2,232157926,232157947,MA1714.1,-,6.48e-06,MamGypLTR1d,Gypsy,LTR
chr5,16738,16759,MA1714.1,+,6.52e-06,L1MC3,L1,LINE
chrUn_gl000222,124062,124083,MA1714.1,-,6.52e-06,L1MC3,L1,LINE
chr9,3804256,3804277,MA1714.1,-,6.52e-06,L1ME3D,L1,LINE
chr3,5097663,5097684,MA1714.1,+,6.52e-06,MER20B,hAT-Charlie,DNA
chr8,5555586,5555607,MA1714.1,-,6.52e-06,L1MC3,L1,LINE
chr1,5616806,5616827,MA1714.1,-,6.52e-06,MIRb,MIR,SINE
chr8,9980127,9980148,MA1714.1,-,6.52e-06,L1PREC2,L1,LINE
chr11,10368389,10368410,MA1714.1,-,6.52e-06,AluJo,Alu,SINE
chr2,13689177,13689198,MA1714.1,+,6.52e-06,L1MC3,L1,LINE
chr14,21295632,21295653,MA1714.1,-,6.52e-06,HERVIP10FH-int,ERV1,LTR
chr10,21987133,21987154,MA1714.1,-,6.52e-06,L1MA4A,L1,LINE
chr3,22010625,22010646,MA1714.1,+,6.52e-06,L1MA3,L1,LINE
chr21,22685430,22685451,MA1714.1,-,6.52e-06,L1MEf,L1,LINE
chr11,23931845,23931866,MA1714.1,+,6.52e-06,L1ME3,L1,LINE
chr10,24728739,24728760,MA1714.1,-,6.52e-06,MLT1D,ERVL-MaLR,LTR
chr3,25613269,25613290,MA1714.1,+,6.52e-06,MIRb,MIR,SINE
chr14,26757208,26757229,MA1714.1,-,6.52e-06,L1PA15,L1,LINE
chr10,27480449,27480470,MA1714.1,+,6.52e-06,L1MC1,L1,LINE
chr7,29212859,29212880,MA1714.1,+,6.52e-06,L1MEd,L1,LINE
chr1,29669863,29669884,MA1714.1,+,6.52e-06,LTR16C,ERVL,LTR
chr10,30593842,30593863,MA1714.1,+,6.52e-06,L1MEg,L1,LINE
chr15,31950267,31950288,MA1714.1,+,6.52e-06,MIRb,MIR,SINE
chr14,35215079,35215100,MA1714.1,-,6.52e-06,L1MDa,L1,LINE
chr9,35250752,35250773,MA1714.1,-,6.52e-06,L1MB8,L1,LINE
chr6,35961026,35961047,MA1714.1,-,6.52e-06,AluJr4,Alu,SINE
chr19,36811559,36811580,MA1714.1,+,6.52e-06,AluY,Alu,SINE
chr4,37119559,37119580,MA1714.1,+,6.52e-06,MIR,MIR,SINE
chr6,37731996,37732017,MA1714.1,+,6.52e-06,MIR,MIR,SINE
chr17,42080159,42080180,MA1714.1,+,6.52e-06,MIR,MIR,SINE
chr2,42921327,42921348,MA1714.1,-,6.52e-06,L1M1,L1,LINE
chr21,45634847,45634868,MA1714.1,+,6.52e-06,AluSz6,Alu,SINE
chr18,47954373,47954394,MA1714.1,-,6.52e-06,MIR,MIR,SINE
chr21,48106295,48106316,MA1714.1,-,6.52e-06,L1MC3,L1,LINE
chr1,49362785,49362806,MA1714.1,-,6.52e-06,L1MB3,L1,LINE
chr6,50443825,50443846,MA1714.1,+,6.52e-06,AluJr4,Alu,SINE
chr22,51232685,51232706,MA1714.1,-,6.52e-06,L1MC3,L1,LINE
chr10,52640116,52640137,MA1714.1,+,6.52e-06,MIR,MIR,SINE
chr18,53715622,53715643,MA1714.1,+,6.52e-06,L1MEe,L1,LINE
chr14,54501979,54502000,MA1714.1,-,6.52e-06,L1MCc,L1,LINE
chr18,55556388,55556409,MA1714.1,-,6.52e-06,LTR27B,ERV1,LTR
chr7,56615791,56615812,MA1714.1,+,6.52e-06,L1MA6,L1,LINE
chr19,59105948,59105969,MA1714.1,-,6.52e-06,L1MC3,L1,LINE
chr15,59683435,59683456,MA1714.1,-,6.52e-06,MER115,hAT-Tip100,DNA
chr1,61172532,61172553,MA1714.1,+,6.52e-06,L1MA3,L1,LINE
chr17,61628483,61628504,MA1714.1,-,6.52e-06,MIRb,MIR,SINE
chr2,62541429,62541450,MA1714.1,-,6.52e-06,MIRc,MIR,SINE
chr4,64080844,64080865,MA1714.1,-,6.52e-06,L1PA11,L1,LINE
chr5,65744855,65744876,MA1714.1,-,6.52e-06,L1PA4,L1,LINE
chr15,67282079,67282100,MA1714.1,+,6.52e-06,L1M1,L1,LINE
chr15,70287268,70287289,MA1714.1,-,6.52e-06,LTR40a,ERVL,LTR
chr6,71302670,71302691,MA1714.1,+,6.52e-06,MSTC-int,ERVL-MaLR,LTR
chr8,71880672,71880693,MA1714.1,-,6.52e-06,L1PA11,L1,LINE
chr3,75678704,75678725,MA1714.1,+,6.52e-06,L1MC3,L1,LINE
chr14,76001141,76001162,MA1714.1,+,6.52e-06,L1ME4a,L1,LINE
chr1,78464416,78464437,MA1714.1,+,6.52e-06,AluJb,Alu,SINE
chr17,81183312,81183333,MA1714.1,-,6.52e-06,L1MC3,L1,LINE
chr15,81210510,81210531,MA1714.1,+,6.52e-06,AluJb,Alu,SINE
chr14,85413042,85413063,MA1714.1,+,6.52e-06,L1ME4a,L1,LINE
chr5,86333618,86333639,MA1714.1,-,6.52e-06,L1PA6,L1,LINE
chr14,88332722,88332743,MA1714.1,-,6.52e-06,ERV3-16A3_I-int,ERVL,LTR
chr14,88439780,88439801,MA1714.1,+,6.52e-06,L1M7,L1,LINE
chr10,92268561,92268582,MA1714.1,-,6.52e-06,MSTB-int,ERVL-MaLR,LTR
chr13,92481654,92481675,MA1714.1,+,6.52e-06,L1MC4,L1,LINE
chr11,93294820,93294841,MA1714.1,+,6.52e-06,MIRb,MIR,SINE
chrX,95930933,95930954,MA1714.1,+,6.52e-06,AluJo,Alu,SINE
chrX,97130855,97130876,MA1714.1,-,6.52e-06,MER97c,hAT-Tip100,DNA
chr2,100001083,100001104,MA1714.1,+,6.52e-06,Tigger1,TcMar-Tigger,DNA
chr2,100726190,100726211,MA1714.1,-,6.52e-06,MIR,MIR,SINE
chr15,102277942,102277963,MA1714.1,+,6.52e-06,MLT1F2,ERVL-MaLR,LTR
chrX,104904090,104904111,MA1714.1,+,6.52e-06,L1M1,L1,LINE
chr8,106318641,106318662,MA1714.1,+,6.52e-06,HAL1,L1,LINE
chr10,107909786,107909807,MA1714.1,+,6.52e-06,MLT1C,ERVL-MaLR,LTR
chr6,112111784,112111805,MA1714.1,-,6.52e-06,Charlie19a,hAT-Charlie,DNA
chr5,112431318,112431339,MA1714.1,-,6.52e-06,AluJr,Alu,SINE
chr2,114374190,114374211,MA1714.1,+,6.52e-06,L1MC3,L1,LINE
chr4,114658629,114658650,MA1714.1,+,6.52e-06,L1MB3,L1,LINE
chr5,115052967,115052988,MA1714.1,-,6.52e-06,MLT1F2,ERVL-MaLR,LTR
chr9,125221545,125221566,MA1714.1,-,6.52e-06,L1MA5,L1,LINE
chr4,125708112,125708133,MA1714.1,-,6.52e-06,Tigger7,TcMar-Tigger,DNA
chr12,129830002,129830023,MA1714.1,+,6.52e-06,PRIMA41-int,ERV1,LTR
chr7,131796454,131796475,MA1714.1,-,6.52e-06,AluJr4,Alu,SINE
chr10,135511202,135511223,MA1714.1,-,6.52e-06,L1MC3,L1,LINE
chr8,135662114,135662135,MA1714.1,+,6.52e-06,THE1D,ERVL-MaLR,LTR
chr6,137504924,137504945,MA1714.1,-,6.52e-06,MER41-int,ERV1,LTR
chr4,140333407,140333428,MA1714.1,-,6.52e-06,L1MB3,L1,LINE
chr2,168184553,168184574,MA1714.1,-,6.52e-06,L1MA4A,L1,LINE
chr2,173795293,173795314,MA1714.1,-,6.52e-06,Plat_L3,CR1,LINE
chr3,180110427,180110448,MA1714.1,+,6.52e-06,L2c,L2,LINE
chr1,188831459,188831480,MA1714.1,-,6.52e-06,L1M3c,L1,LINE
chr1,212789203,212789224,MA1714.1,-,6.52e-06,AluJb,Alu,SINE
chr2,218449376,218449397,MA1714.1,-,6.52e-06,MIRb,MIR,SINE
chr2,220804208,220804229,MA1714.1,+,6.52e-06,MLT1A1-int,ERVL-MaLR,LTR
chr2,221628578,221628599,MA1714.1,-,6.52e-06,MIR,MIR,SINE
chr1,223435721,223435742,MA1714.1,+,6.52e-06,Tigger15a,TcMar-Tigger,DNA
chr2,235466945,235466966,MA1714.1,-,6.52e-06,L1ME1,L1,LINE
chr1,249227189,249227210,MA1714.1,-,6.52e-06,L1MC3,L1,LINE
chr8,3140104,3140125,MA1714.1,-,6.57e-06,Charlie18a,hAT-Charlie,DNA
chr1,9128582,9128603,MA1714.1,-,6.57e-06,AluSq2,Alu,SINE
chr16,14150170,14150191,MA1714.1,-,6.57e-06,L1MC4a,L1,LINE
chr18,14350936,14350957,MA1714.1,+,6.57e-06,AluJr,Alu,SINE
chr8,14353603,14353624,MA1714.1,-,6.57e-06,AluJr,Alu,SINE
chr19,15071768,15071789,MA1714.1,-,6.57e-06,AluJb,Alu,SINE
chr21,15207028,15207049,MA1714.1,-,6.57e-06,AluJr,Alu,SINE
chr1,15535594,15535615,MA1714.1,-,6.57e-06,AluJb,Alu,SINE
chr3,16373834,16373855,MA1714.1,-,6.57e-06,HAL1,L1,LINE
chr1,18468482,18468503,MA1714.1,+,6.57e-06,AluJr,Alu,SINE
chr22,19271439,19271460,MA1714.1,+,6.57e-06,AluSz,Alu,SINE
chr13,19303805,19303826,MA1714.1,-,6.57e-06,AluJr,Alu,SINE
chr14,20254787,20254808,MA1714.1,+,6.57e-06,L1ME2,L1,LINE
chr12,22030805,22030826,MA1714.1,-,6.57e-06,L2c,L2,LINE
chr15,24633774,24633795,MA1714.1,+,6.57e-06,L1MCa,L1,LINE
chr3,25033862,25033883,MA1714.1,-,6.57e-06,L1M5,L1,LINE
chr1,26521659,26521680,MA1714.1,-,6.57e-06,L1MC4a,L1,LINE
chr2,26836427,26836448,MA1714.1,-,6.57e-06,MIRc,MIR,SINE
chr1,27795076,27795097,MA1714.1,+,6.57e-06,AluSq2,Alu,SINE
chr19,29705417,29705438,MA1714.1,+,6.57e-06,MIR,MIR,SINE
chr14,30331220,30331241,MA1714.1,-,6.57e-06,L1MA2,L1,LINE
chr2,30428853,30428874,MA1714.1,-,6.57e-06,AluSz6,Alu,SINE
chr17,31246691,31246712,MA1714.1,+,6.57e-06,MER51-int,ERV1,LTR
chr11,31628878,31628899,MA1714.1,-,6.57e-06,MLT1A1,ERVL-MaLR,LTR
chr14,33283606,33283627,MA1714.1,-,6.57e-06,L1MB5,L1,LINE
chr20,36594187,36594208,MA1714.1,-,6.57e-06,AluSq,Alu,SINE
chr4,42162797,42162818,MA1714.1,-,6.57e-06,MLT1K,ERVL-MaLR,LTR
chr9,42482760,42482781,MA1714.1,+,6.57e-06,AluJr,Alu,SINE
chr9,43019130,43019151,MA1714.1,-,6.57e-06,AluJr,Alu,SINE
chr3,43308027,43308048,MA1714.1,-,6.57e-06,MIR,MIR,SINE
chr9,44007081,44007102,MA1714.1,-,6.57e-06,AluJr,Alu,SINE
chr20,44848388,44848409,MA1714.1,-,6.57e-06,MIR,MIR,SINE
chr12,45261081,45261102,MA1714.1,+,6.57e-06,L1MA8,L1,LINE
chr2,47514950,47514971,MA1714.1,+,6.57e-06,L1MB3,L1,LINE
chr14,48602154,48602175,MA1714.1,+,6.57e-06,L1ME2z,L1,LINE
chr19,49327674,49327695,MA1714.1,+,6.57e-06,FRAM,Alu,SINE
chr20,50692430,50692451,MA1714.1,-,6.57e-06,AluJr,Alu,SINE
chr16,50864705,50864726,MA1714.1,-,6.57e-06,HERV16-int,ERVL,LTR
chr13,52474386,52474407,MA1714.1,+,6.57e-06,L1MB7,L1,LINE
chr7,52533730,52533751,MA1714.1,+,6.57e-06,HERV16-int,ERVL,LTR
chr20,57411411,57411432,MA1714.1,-,6.57e-06,L3,CR1,LINE
chr14,58444578,58444599,MA1714.1,+,6.57e-06,ERV3-16A3_I-int,ERVL,LTR
chr18,60893178,60893199,MA1714.1,-,6.57e-06,LTR1D,ERV1,LTR
chr7,61853186,61853207,MA1714.1,-,6.57e-06,ALR/Alpha,centr,Satellite
chr14,62674136,62674157,MA1714.1,-,6.57e-06,MSTD-int,ERVL-MaLR,LTR
chr16,63939279,63939300,MA1714.1,-,6.57e-06,L1M3e,L1,LINE
chr14,65539828,65539849,MA1714.1,-,6.57e-06,MIR,MIR,SINE
chr9,66354519,66354540,MA1714.1,-,6.57e-06,AluJr,Alu,SINE
chr9,69490202,69490223,MA1714.1,+,6.57e-06,AluJr,Alu,SINE
chr16,69643236,69643257,MA1714.1,-,6.57e-06,MER5B,hAT-Charlie,DNA
chrX,70020109,70020130,MA1714.1,+,6.57e-06,L1PA14,L1,LINE
chr8,70346809,70346830,MA1714.1,+,6.57e-06,L1MA10,L1,LINE
chr3,72408906,72408927,MA1714.1,+,6.57e-06,HAL1,L1,LINE
chr13,72790044,72790065,MA1714.1,-,6.57e-06,L1MEg,L1,LINE
chr8,73700583,73700604,MA1714.1,-,6.57e-06,MLT1B,ERVL-MaLR,LTR
chr12,75925150,75925171,MA1714.1,+,6.57e-06,L1PA16,L1,LINE
chr11,76127827,76127848,MA1714.1,+,6.57e-06,ERVL-E-int,ERVL,LTR
chr5,78648402,78648423,MA1714.1,-,6.57e-06,AluSc,Alu,SINE
chr15,80236236,80236257,MA1714.1,+,6.57e-06,L1MC4a,L1,LINE
chr13,82963410,82963431,MA1714.1,-,6.57e-06,L1MB1,L1,LINE
chr2,83683499,83683520,MA1714.1,+,6.57e-06,MLT1D-int,ERVL-MaLR,LTR
chr2,95412347,95412368,MA1714.1,-,6.57e-06,AluJr,Alu,SINE
chr13,95556209,95556230,MA1714.1,-,6.57e-06,L1MCa,L1,LINE
chr9,97959103,97959124,MA1714.1,-,6.57e-06,L1MEg,L1,LINE
chr4,100086127,100086148,MA1714.1,-,6.57e-06,L1MA3,L1,LINE
chr13,100457171,100457192,MA1714.1,-,6.57e-06,L1MB3,L1,LINE
chr5,100918590,100918611,MA1714.1,-,6.57e-06,MER30,hAT-Charlie,DNA
chr1,101240164,101240185,MA1714.1,+,6.57e-06,L1MA5,L1,LINE
chr13,105103551,105103572,MA1714.1,+,6.57e-06,L1MA9,L1,LINE
chr8,105916351,105916372,MA1714.1,-,6.57e-06,L1MA4,L1,LINE
chrX,107206908,107206929,MA1714.1,-,6.57e-06,MSTB-int,ERVL-MaLR,LTR
chr12,108055631,108055652,MA1714.1,+,6.57e-06,MIRc,MIR,SINE
chr1,110733697,110733718,MA1714.1,-,6.57e-06,MIRb,MIR,SINE
chr10,117745567,117745588,MA1714.1,+,6.57e-06,MLT1E2,ERVL-MaLR,LTR
chr5,121203889,121203910,MA1714.1,-,6.57e-06,L1MC,L1,LINE
chr7,121853326,121853347,MA1714.1,+,6.57e-06,ERVL-E-int,ERVL,LTR
chr2,123003243,123003264,MA1714.1,-,6.57e-06,LTR85b,Gypsy,LTR
chr12,125743068,125743089,MA1714.1,-,6.57e-06,MLT1G3,ERVL-MaLR,LTR
chr10,133927748,133927769,MA1714.1,-,6.57e-06,AluJr,Alu,SINE
chrX,134301631,134301652,MA1714.1,+,6.57e-06,L1MA6,L1,LINE
chrX,134324880,134324901,MA1714.1,+,6.57e-06,L1MA6,L1,LINE
chr2,134551678,134551699,MA1714.1,-,6.57e-06,L1MC3,L1,LINE
chr6,148054733,148054754,MA1714.1,-,6.57e-06,LFSINE_Vert,SINE,SINE
chr6,148177433,148177454,MA1714.1,+,6.57e-06,L1ME1,L1,LINE
chr2,157691277,157691298,MA1714.1,-,6.57e-06,LTR40A1,ERVL,LTR
chr6,160395377,160395398,MA1714.1,-,6.57e-06,L1M5,L1,LINE
chr6,164702447,164702468,MA1714.1,-,6.57e-06,L1ME3E,L1,LINE
chr4,188600197,188600218,MA1714.1,+,6.57e-06,MIRb,MIR,SINE
chr2,205157374,205157395,MA1714.1,+,6.57e-06,MLT1J,ERVL-MaLR,LTR
chr1,245932445,245932466,MA1714.1,+,6.57e-06,L1MC5,L1,LINE
chr3,184064,184085,MA1714.1,-,6.61e-06,L1MC4,L1,LINE
chr20,676850,676871,MA1714.1,-,6.61e-06,AluY,Alu,SINE
chr18,2452818,2452839,MA1714.1,-,6.61e-06,AluJr,Alu,SINE
chr11,3495079,3495100,MA1714.1,-,6.61e-06,LTR2C,ERV1,LTR
chr16,3940834,3940855,MA1714.1,-,6.61e-06,AluSx,Alu,SINE
chrY,5826989,5827010,MA1714.1,+,6.61e-06,L1MA1,L1,LINE
chr3,6052266,6052287,MA1714.1,+,6.61e-06,HERVL-int,ERVL,LTR
chr18,6637679,6637700,MA1714.1,-,6.61e-06,AluSx3,Alu,SINE
chr4,6646089,6646110,MA1714.1,-,6.61e-06,AluSz6,Alu,SINE
chr9,11055659,11055680,MA1714.1,+,6.61e-06,THE1A-int,ERVL-MaLR,LTR
chr20,12209175,12209196,MA1714.1,-,6.61e-06,L3,CR1,LINE
chr3,12691790,12691811,MA1714.1,+,6.61e-06,AluJb,Alu,SINE
chr5,15052980,15053001,MA1714.1,-,6.61e-06,L1MA5,L1,LINE
chr22,17586030,17586051,MA1714.1,-,6.61e-06,MIR,MIR,SINE
chr19,17675254,17675275,MA1714.1,-,6.61e-06,AluSx1,Alu,SINE
chrX,17864999,17865020,MA1714.1,+,6.61e-06,THE1B,ERVL-MaLR,LTR
chr11,18278006,18278027,MA1714.1,+,6.61e-06,AluY,Alu,SINE
chr2,20139865,20139886,MA1714.1,+,6.61e-06,AluJb,Alu,SINE
chr20,21766133,21766154,MA1714.1,-,6.61e-06,AluY,Alu,SINE
chr22,22347675,22347696,MA1714.1,+,6.61e-06,AluJr,Alu,SINE
chrX,22377763,22377784,MA1714.1,-,6.61e-06,L1MEe,L1,LINE
chr9,22758347,22758368,MA1714.1,-,6.61e-06,L1M4c,L1,LINE
chr21,23416354,23416375,MA1714.1,-,6.61e-06,L1MC3,L1,LINE
chr9,23502039,23502060,MA1714.1,-,6.61e-06,L1M4,L1,LINE
chrX,23985314,23985335,MA1714.1,-,6.61e-06,THE1B-int,ERVL-MaLR,LTR
chr11,24650349,24650370,MA1714.1,-,6.61e-06,AluSz,Alu,SINE
chr18,25172058,25172079,MA1714.1,+,6.61e-06,AluSx,Alu,SINE
chr6,25550433,25550454,MA1714.1,+,6.61e-06,MIRc,MIR,SINE
chr17,26557863,26557884,MA1714.1,-,6.61e-06,LTR2C,ERV1,LTR
chr17,26566188,26566209,MA1714.1,-,6.61e-06,LTR2C,ERV1,LTR
chr14,27151974,27151995,MA1714.1,-,6.61e-06,L1PA13,L1,LINE
chr10,27265172,27265193,MA1714.1,-,6.61e-06,AluSx1,Alu,SINE
chrX,27481932,27481953,MA1714.1,+,6.61e-06,AluSq2,Alu,SINE
chr21,30226436,30226457,MA1714.1,-,6.61e-06,HERVL-int,ERVL,LTR
chr20,30746975,30746996,MA1714.1,+,6.61e-06,MIRb,MIR,SINE
chr18,31871744,31871765,MA1714.1,+,6.61e-06,MIR,MIR,SINE
chr20,33826730,33826751,MA1714.1,-,6.61e-06,AluJb,Alu,SINE
chr10,33894413,33894434,MA1714.1,-,6.61e-06,L1MEg,L1,LINE
chr10,36465215,36465236,MA1714.1,+,6.61e-06,L1MB4,L1,LINE
chr20,36903900,36903921,MA1714.1,+,6.61e-06,L1MC3,L1,LINE
chr15,36969788,36969809,MA1714.1,-,6.61e-06,L3,CR1,LINE
chr3,37065340,37065361,MA1714.1,-,6.61e-06,MER21A,ERVL,LTR
chr7,39104412,39104433,MA1714.1,+,6.61e-06,L1M6,L1,LINE
chr8,40060975,40060996,MA1714.1,-,6.61e-06,AluJr,Alu,SINE
chr14,40113431,40113452,MA1714.1,+,6.61e-06,L1MB7,L1,LINE
chr8,43641551,43641572,MA1714.1,+,6.61e-06,ALR/Alpha,centr,Satellite
chrX,43702159,43702180,MA1714.1,+,6.61e-06,L1MA7,L1,LINE
chr12,45275419,45275440,MA1714.1,+,6.61e-06,L1MEf,L1,LINE
chr11,48528490,48528511,MA1714.1,+,6.61e-06,THE1D,ERVL-MaLR,LTR
chr17,48654010,48654031,MA1714.1,-,6.61e-06,MIRb,MIR,SINE
chr8,49528493,49528514,MA1714.1,+,6.61e-06,L1PB2,L1,LINE
chr11,49766964,49766985,MA1714.1,-,6.61e-06,THE1B-int,ERVL-MaLR,LTR
chr11,51441771,51441792,MA1714.1,-,6.61e-06,THE1D,ERVL-MaLR,LTR
chr15,51518349,51518370,MA1714.1,+,6.61e-06,MLT1D,ERVL-MaLR,LTR
chr19,53220253,53220274,MA1714.1,+,6.61e-06,AluSz,Alu,SINE
chr15,53418900,53418921,MA1714.1,-,6.61e-06,L1ME4a,L1,LINE
chr5,53459278,53459299,MA1714.1,-,6.61e-06,L1MEc,L1,LINE
chr20,53681922,53681943,MA1714.1,-,6.61e-06,L1PA10,L1,LINE
chr3,54902964,54902985,MA1714.1,-,6.61e-06,MIRb,MIR,SINE
chr15,59108921,59108942,MA1714.1,+,6.61e-06,L1ME3B,L1,LINE
chr17,61338090,61338111,MA1714.1,+,6.61e-06,AluSz,Alu,SINE
chr12,63820214,63820235,MA1714.1,-,6.61e-06,THE1B,ERVL-MaLR,LTR
chr3,64570415,64570436,MA1714.1,-,6.61e-06,L1MC4,L1,LINE
chr2,68723115,68723136,MA1714.1,-,6.61e-06,MSTA-int,ERVL-MaLR,LTR
chr7,71837893,71837914,MA1714.1,+,6.61e-06,L1MEf,L1,LINE
chr3,71884326,71884347,MA1714.1,+,6.61e-06,AluSp,Alu,SINE
chr18,72023545,72023566,MA1714.1,-,6.61e-06,L1PB4,L1,LINE
chrX,72239939,72239960,MA1714.1,-,6.61e-06,L1MA7,L1,LINE
chr11,72315579,72315600,MA1714.1,-,6.61e-06,MIR,MIR,SINE
chr16,78196985,78197006,MA1714.1,-,6.61e-06,L1MEg,L1,LINE
chr8,81697739,81697760,MA1714.1,-,6.61e-06,L1MC3,L1,LINE
chr9,82233037,82233058,MA1714.1,-,6.61e-06,MLT1J,ERVL-MaLR,LTR
chrX,82286486,82286507,MA1714.1,-,6.61e-06,AluSz,Alu,SINE
chrX,82655543,82655564,MA1714.1,+,6.61e-06,L1PA17,L1,LINE
chr3,84762513,84762534,MA1714.1,+,6.61e-06,L1PB1,L1,LINE
chr9,85326557,85326578,MA1714.1,-,6.61e-06,ERVL-E-int,ERVL,LTR
chr7,85455424,85455445,MA1714.1,+,6.61e-06,MLT1E2,ERVL-MaLR,LTR
chrX,86659643,86659664,MA1714.1,+,6.61e-06,MER50B,ERV1,LTR
chr16,87041864,87041885,MA1714.1,+,6.61e-06,MIRb,MIR,SINE
chr11,88616878,88616899,MA1714.1,+,6.61e-06,THE1B-int,ERVL-MaLR,LTR
chr15,89051003,89051024,MA1714.1,+,6.61e-06,MLT1L,ERVL-MaLR,LTR
chr13,89219095,89219116,MA1714.1,+,6.61e-06,HAL1-3A_ME,L1,LINE
chrX,92097210,92097231,MA1714.1,+,6.61e-06,L1MA1,L1,LINE
chr6,92538822,92538843,MA1714.1,+,6.61e-06,L3,CR1,LINE
chr3,96120581,96120602,MA1714.1,-,6.61e-06,MLT1D,ERVL-MaLR,LTR
chr12,102577792,102577813,MA1714.1,+,6.61e-06,AluSz,Alu,SINE
chr3,107986851,107986872,MA1714.1,-,6.61e-06,MLT1I-int,ERVL-MaLR,LTR
chr4,109830201,109830222,MA1714.1,-,6.61e-06,LTR8A,ERV1,LTR
chrX,113447111,113447132,MA1714.1,+,6.61e-06,L1MEc,L1,LINE
chr3,113585435,113585456,MA1714.1,-,6.61e-06,L1M4b,L1,LINE
chr7,114105524,114105545,MA1714.1,+,6.61e-06,L3,CR1,LINE
chr12,114872058,114872079,MA1714.1,+,6.61e-06,L1ME3F,L1,LINE
chr3,116091267,116091288,MA1714.1,+,6.61e-06,L1MB3,L1,LINE
chr7,119837783,119837804,MA1714.1,+,6.61e-06,AluJr,Alu,SINE
chr12,121642251,121642272,MA1714.1,-,6.61e-06,L1MB7,L1,LINE
chr3,122814634,122814655,MA1714.1,+,6.61e-06,MIRc,MIR,SINE
chr3,124005580,124005601,MA1714.1,-,6.61e-06,L1MEg,L1,LINE
chrX,126202681,126202702,MA1714.1,-,6.61e-06,L1MA2,L1,LINE
chr12,128620102,128620123,MA1714.1,+,6.61e-06,MER1B,hAT-Charlie,DNA
chrX,130425634,130425655,MA1714.1,+,6.61e-06,MER63A,hAT-Blackjack,DNA
chr7,131597827,131597848,MA1714.1,+,6.61e-06,L1ME1,L1,LINE
chr8,132402509,132402530,MA1714.1,-,6.61e-06,L1PB4,L1,LINE
chr7,132946610,132946631,MA1714.1,-,6.61e-06,L1MEc,L1,LINE
chr4,133144474,133144495,MA1714.1,+,6.61e-06,MSTA-int,ERVL-MaLR,LTR
chr6,133534557,133534578,MA1714.1,+,6.61e-06,L1MB3,L1,LINE
chr5,136056391,136056412,MA1714.1,+,6.61e-06,MLT1E,ERVL-MaLR,LTR
chrX,142633129,142633150,MA1714.1,-,6.61e-06,MSTA-int,ERVL-MaLR,LTR
chr4,146189280,146189301,MA1714.1,-,6.61e-06,AluJo,Alu,SINE
chr6,151729851,151729872,MA1714.1,+,6.61e-06,MLT1D,ERVL-MaLR,LTR
chr4,154688402,154688423,MA1714.1,+,6.61e-06,L1PB1,L1,LINE
chr2,156111869,156111890,MA1714.1,-,6.61e-06,L1MA2,L1,LINE
chr5,165363785,165363806,MA1714.1,+,6.61e-06,AluSz,Alu,SINE
chr6,167329535,167329556,MA1714.1,+,6.61e-06,MER101-int,ERV1,LTR
chr5,180269195,180269216,MA1714.1,+,6.61e-06,L1MEg,L1,LINE
chr3,190010220,190010241,MA1714.1,-,6.61e-06,THE1C-int,ERVL-MaLR,LTR
chr1,215009338,215009359,MA1714.1,-,6.61e-06,LTR78B,ERV1,LTR
chr1,229740756,229740777,MA1714.1,-,6.61e-06,AluSx,Alu,SINE
chr2,232265578,232265599,MA1714.1,+,6.61e-06,LTR2C,ERV1,LTR
chr2,233170589,233170610,MA1714.1,+,6.61e-06,AluSx,Alu,SINE
chr2,238491669,238491690,MA1714.1,+,6.61e-06,AluSz,Alu,SINE
chr1,239369553,239369574,MA1714.1,+,6.61e-06,MSTB1-int,ERVL-MaLR,LTR
chr9,1315802,1315823,MA1714.1,+,6.65e-06,L1MEg,L1,LINE
chr18,1801269,1801290,MA1714.1,+,6.65e-06,MIR,MIR,SINE
chr17,2503628,2503649,MA1714.1,+,6.65e-06,AluSq2,Alu,SINE
chr20,3956396,3956417,MA1714.1,+,6.65e-06,MLT1C,ERVL-MaLR,LTR
chr10,6656631,6656652,MA1714.1,-,6.65e-06,L1PB1,L1,LINE
chr19,7791700,7791721,MA1714.1,+,6.65e-06,MLT1D,ERVL-MaLR,LTR
chr3,9284397,9284418,MA1714.1,-,6.65e-06,AluJo,Alu,SINE
chr17,9285598,9285619,MA1714.1,+,6.65e-06,L1ME2,L1,LINE
chr16,9787582,9787603,MA1714.1,-,6.65e-06,L1ME1,L1,LINE
chr20,9894800,9894821,MA1714.1,-,6.65e-06,L1PB1,L1,LINE
chr3,11256580,11256601,MA1714.1,+,6.65e-06,MER117,hAT-Charlie,DNA
chr1,15257067,15257088,MA1714.1,-,6.65e-06,MIRb,MIR,SINE
chr16,15307790,15307811,MA1714.1,-,6.65e-06,MIR,MIR,SINE
chr11,15574822,15574843,MA1714.1,-,6.65e-06,L1M5,L1,LINE
chr5,17773840,17773861,MA1714.1,-,6.65e-06,L1MD,L1,LINE
chr7,17883795,17883816,MA1714.1,+,6.65e-06,L1M4c,L1,LINE
chr16,18219410,18219431,MA1714.1,-,6.65e-06,MIR,MIR,SINE
chr7,23096037,23096058,MA1714.1,+,6.65e-06,L1MC2,L1,LINE
chr19,23117046,23117067,MA1714.1,-,6.65e-06,BSR/Beta,Satellite,Satellite
chr2,24074875,24074896,MA1714.1,+,6.65e-06,L1MEc,L1,LINE
chr10,25187553,25187574,MA1714.1,-,6.65e-06,MLT1K,ERVL-MaLR,LTR
chr14,25429733,25429754,MA1714.1,-,6.65e-06,Charlie7a,hAT-Charlie,DNA
chr13,25432504,25432525,MA1714.1,-,6.65e-06,MIRb,MIR,SINE
chr8,26801339,26801360,MA1714.1,-,6.65e-06,L1PB1,L1,LINE
chr9,31121701,31121722,MA1714.1,-,6.65e-06,THE1A-int,ERVL-MaLR,LTR
chr21,32130291,32130312,MA1714.1,-,6.65e-06,LTR86A2,ERVL,LTR
chr22,33103610,33103631,MA1714.1,+,6.65e-06,MIRb,MIR,SINE
chr16,35130762,35130783,MA1714.1,+,6.65e-06,L1MEg,L1,LINE
chr13,35653215,35653236,MA1714.1,+,6.65e-06,L1M6,L1,LINE
chr6,38325141,38325162,MA1714.1,-,6.65e-06,HAL1,L1,LINE
chr14,41659652,41659673,MA1714.1,+,6.65e-06,L1MA3,L1,LINE
chr10,44302310,44302331,MA1714.1,-,6.65e-06,AluJr,Alu,SINE
chr12,44944506,44944527,MA1714.1,+,6.65e-06,L1MA10,L1,LINE
chr7,46811955,46811976,MA1714.1,+,6.65e-06,L1ME3B,L1,LINE
chr19,46950429,46950450,MA1714.1,-,6.65e-06,MIR,MIR,SINE
chr18,48652242,48652263,MA1714.1,-,6.65e-06,LTR1B,ERV1,LTR
chr12,49000336,49000357,MA1714.1,-,6.65e-06,MSTA-int,ERVL-MaLR,LTR
chr6,49132032,49132053,MA1714.1,+,6.65e-06,L1PB1,L1,LINE
chr20,49773968,49773989,MA1714.1,+,6.65e-06,MIRc,MIR,SINE
chr1,49962328,49962349,MA1714.1,-,6.65e-06,L1MA8,L1,LINE
chr18,52002879,52002900,MA1714.1,+,6.65e-06,L1ME1,L1,LINE
chr8,53639819,53639840,MA1714.1,+,6.65e-06,L1M4,L1,LINE
chr10,55323788,55323809,MA1714.1,+,6.65e-06,THE1B-int,ERVL-MaLR,LTR
chr16,56175658,56175679,MA1714.1,-,6.65e-06,L1MEd,L1,LINE
chr1,59726442,59726463,MA1714.1,+,6.65e-06,LTR33,ERVL,LTR
chr12,60759086,60759107,MA1714.1,+,6.65e-06,L1MEd,L1,LINE
chr10,61087567,61087588,MA1714.1,-,6.65e-06,L2a,L2,LINE
chr13,61227690,61227711,MA1714.1,+,6.65e-06,ERVL-E-int,ERVL,LTR
chr5,62773182,62773203,MA1714.1,-,6.65e-06,AluSc5,Alu,SINE
chrX,64134900,64134921,MA1714.1,+,6.65e-06,MLT1G1,ERVL-MaLR,LTR
chr8,64343213,64343234,MA1714.1,+,6.65e-06,L1PB1,L1,LINE
chr7,66184923,66184944,MA1714.1,+,6.65e-06,L1M4,L1,LINE
chr1,66959369,66959390,MA1714.1,+,6.65e-06,LTR78,ERV1,LTR
chr7,67154776,67154797,MA1714.1,+,6.65e-06,L1PB1,L1,LINE
chr11,69374433,69374454,MA1714.1,-,6.65e-06,L1MB5,L1,LINE
chr14,69983074,69983095,MA1714.1,-,6.65e-06,L1ME4a,L1,LINE
chr5,72271681,72271702,MA1714.1,-,6.65e-06,L1MC1,L1,LINE
chr7,73369566,73369587,MA1714.1,+,6.65e-06,L1M5,L1,LINE
chrX,75134994,75135015,MA1714.1,-,6.65e-06,L1MB8,L1,LINE
chr8,76820326,76820347,MA1714.1,+,6.65e-06,MER21B,ERVL,LTR
chr16,78315611,78315632,MA1714.1,-,6.65e-06,MER58B,hAT-Charlie,DNA
chr1,79091192,79091213,MA1714.1,-,6.65e-06,L1MEg,L1,LINE
chr11,79102087,79102108,MA1714.1,+,6.65e-06,MIR,MIR,SINE
chr10,80002793,80002814,MA1714.1,+,6.65e-06,THE1A-int,ERVL-MaLR,LTR
chr14,80946878,80946899,MA1714.1,-,6.65e-06,THE1A-int,ERVL-MaLR,LTR
chr15,81015334,81015355,MA1714.1,+,6.65e-06,MER8,TcMar-Tigger,DNA
chr16,82480642,82480663,MA1714.1,+,6.65e-06,L1PB1,L1,LINE
chr4,83085685,83085706,MA1714.1,+,6.65e-06,L1PB1,L1,LINE
chr10,85288115,85288136,MA1714.1,+,6.65e-06,L1MA4A,L1,LINE
chr15,85636181,85636202,MA1714.1,-,6.65e-06,AluJo,Alu,SINE
chr7,87113501,87113522,MA1714.1,+,6.65e-06,L1MA2,L1,LINE
chr5,90267229,90267250,MA1714.1,+,6.65e-06,L1PA5,L1,LINE
chr15,94231304,94231325,MA1714.1,+,6.65e-06,L1PA16,L1,LINE
chr12,95051853,95051874,MA1714.1,-,6.65e-06,MLT1H,ERVL-MaLR,LTR
chr9,95124789,95124810,MA1714.1,-,6.65e-06,L1MC4,L1,LINE
chr13,96796387,96796408,MA1714.1,+,6.65e-06,MIRb,MIR,SINE
chr14,97376027,97376048,MA1714.1,+,6.65e-06,Kanga1d,TcMar-Tc2,DNA
chr5,97827216,97827237,MA1714.1,+,6.65e-06,ERV3-16A3_I-int,ERVL,LTR
chr3,98668559,98668580,MA1714.1,-,6.65e-06,L1PBa,L1,LINE
chr2,99711671,99711692,MA1714.1,+,6.65e-06,L1PB1,L1,LINE
chrX,99738365,99738386,MA1714.1,+,6.65e-06,MIR,MIR,SINE
chr2,103154106,103154127,MA1714.1,+,6.65e-06,MIR,MIR,SINE
chr13,103215549,103215570,MA1714.1,-,6.65e-06,Charlie1a,hAT-Charlie,DNA
chr4,104966382,104966403,MA1714.1,+,6.65e-06,ERVL-E-int,ERVL,LTR
chr5,105126179,105126200,MA1714.1,+,6.65e-06,AluJb,Alu,SINE
chr7,105936735,105936756,MA1714.1,-,6.65e-06,MLT1J,ERVL-MaLR,LTR
chr9,107884534,107884555,MA1714.1,-,6.65e-06,MLT1H2,ERVL-MaLR,LTR
chr3,108151429,108151450,MA1714.1,+,6.65e-06,THE1B-int,ERVL-MaLR,LTR
chr3,109847336,109847357,MA1714.1,-,6.65e-06,L1MCc,L1,LINE
chr6,110152733,110152754,MA1714.1,+,6.65e-06,THE1A-int,ERVL-MaLR,LTR
chr3,111429261,111429282,MA1714.1,-,6.65e-06,MIR,MIR,SINE
chr3,112905392,112905413,MA1714.1,+,6.65e-06,ERV3-16A3_I-int,ERVL,LTR
chr3,119256927,119256948,MA1714.1,-,6.65e-06,MIR,MIR,SINE
chr9,120461745,120461766,MA1714.1,-,6.65e-06,MER103C,hAT-Charlie,DNA
chr11,120630811,120630832,MA1714.1,-,6.65e-06,L1MA9,L1,LINE
chr1,120930658,120930679,MA1714.1,+,6.65e-06,MLT1E1A,ERVL-MaLR,LTR
chr12,122796315,122796336,MA1714.1,-,6.65e-06,MIRc,MIR,SINE
chr3,123182564,123182585,MA1714.1,-,6.65e-06,ERVL-E-int,ERVL,LTR
chr6,124175745,124175766,MA1714.1,-,6.65e-06,MIRb,MIR,SINE
chr3,135573288,135573309,MA1714.1,-,6.65e-06,L1PB1,L1,LINE
chr6,135870695,135870716,MA1714.1,-,6.65e-06,L1MC4a,L1,LINE
chr2,147904376,147904397,MA1714.1,-,6.65e-06,L1PA7,L1,LINE
chr1,149374611,149374632,MA1714.1,-,6.65e-06,MLT1E1A,ERVL-MaLR,LTR
chr1,149759535,149759556,MA1714.1,-,6.65e-06,MLT1E1A,ERVL-MaLR,LTR
chr2,153913947,153913968,MA1714.1,-,6.65e-06,L1PBa,L1,LINE
chr3,154980070,154980091,MA1714.1,-,6.65e-06,MLT2B3,ERVL,LTR
chr2,155149055,155149076,MA1714.1,-,6.65e-06,MIR,MIR,SINE
chr2,155657734,155657755,MA1714.1,+,6.65e-06,MIR,MIR,SINE
chr3,155778779,155778800,MA1714.1,-,6.65e-06,L1ME1,L1,LINE
chr3,164978655,164978676,MA1714.1,-,6.65e-06,HAL1,L1,LINE
chr1,166726779,166726800,MA1714.1,-,6.65e-06,L1MB3,L1,LINE
chr5,166795911,166795932,MA1714.1,-,6.65e-06,L1MDa,L1,LINE
chr2,190236724,190236745,MA1714.1,+,6.65e-06,MSTB-int,ERVL-MaLR,LTR
chr2,195634237,195634258,MA1714.1,-,6.65e-06,L1PB1,L1,LINE
chr2,234604201,234604222,MA1714.1,-,6.65e-06,L1MA4,L1,LINE
chr2,240668076,240668097,MA1714.1,+,6.65e-06,L1MC5,L1,LINE
chr1,244501700,244501721,MA1714.1,-,6.65e-06,L1PB1,L1,LINE
chr18,220181,220202,MA1714.1,-,6.69e-06,L1MEe,L1,LINE
chrY,3124495,3124516,MA1714.1,-,6.69e-06,THE1C-int,ERVL-MaLR,LTR
chr20,5233474,5233495,MA1714.1,-,6.69e-06,AluJr4,Alu,SINE
chr17,6967069,6967090,MA1714.1,+,6.69e-06,MamGypLTR2c,Gypsy,LTR
chr1,7263770,7263791,MA1714.1,-,6.69e-06,L1MB7,L1,LINE
chr10,7371713,7371734,MA1714.1,-,6.69e-06,MLT1G,ERVL-MaLR,LTR
chr11,8101457,8101478,MA1714.1,+,6.69e-06,MIR,MIR,SINE
chrX,10599374,10599395,MA1714.1,-,6.69e-06,MIR,MIR,SINE
chr18,13172079,13172100,MA1714.1,+,6.69e-06,L1PB1,L1,LINE
chr11,15442302,15442323,MA1714.1,+,6.69e-06,L1M5,L1,LINE
chrX,15990417,15990438,MA1714.1,-,6.69e-06,MER34B-int,ERV1,LTR
chr1,18084249,18084270,MA1714.1,+,6.69e-06,ERVL-E-int,ERVL,LTR
chr10,19059035,19059056,MA1714.1,-,6.69e-06,L1MB3,L1,LINE
chr21,24638020,24638041,MA1714.1,+,6.69e-06,MER1B,hAT-Charlie,DNA
chr12,24804306,24804327,MA1714.1,-,6.69e-06,L1PA7,L1,LINE
chr22,28021907,28021928,MA1714.1,-,6.69e-06,AluJr4,Alu,SINE
chr1,30977239,30977260,MA1714.1,+,6.69e-06,MLT1A1-int,ERVL-MaLR,LTR
chr7,31442219,31442240,MA1714.1,+,6.69e-06,MER1B,hAT-Charlie,DNA
chr5,36882818,36882839,MA1714.1,-,6.69e-06,MIRb,MIR,SINE
chr9,37192337,37192358,MA1714.1,-,6.69e-06,L3,CR1,LINE
chr3,38506208,38506229,MA1714.1,+,6.69e-06,L1MEg,L1,LINE
chr22,41229334,41229355,MA1714.1,+,6.69e-06,AluY,Alu,SINE
chr19,42390249,42390270,MA1714.1,+,6.69e-06,MIR,MIR,SINE
chr5,42673639,42673660,MA1714.1,+,6.69e-06,L1PA16,L1,LINE
chr18,44291265,44291286,MA1714.1,-,6.69e-06,MIRb,MIR,SINE
chr1,46235341,46235362,MA1714.1,-,6.69e-06,MLT1F2,ERVL-MaLR,LTR
chr22,47622485,47622506,MA1714.1,-,6.69e-06,L1MC4,L1,LINE
chr1,49670337,49670358,MA1714.1,-,6.69e-06,MIRb,MIR,SINE
chrX,50348803,50348824,MA1714.1,+,6.69e-06,MIRb,MIR,SINE
chr17,52541683,52541704,MA1714.1,-,6.69e-06,L1P2,L1,LINE
chr10,53069833,53069854,MA1714.1,+,6.69e-06,L1PB4,L1,LINE
chr20,53716324,53716345,MA1714.1,+,6.69e-06,MLT1D,ERVL-MaLR,LTR
chrX,54127757,54127778,MA1714.1,-,6.69e-06,MSTC-int,ERVL-MaLR,LTR
chr5,55157406,55157427,MA1714.1,+,6.69e-06,MER1B,hAT-Charlie,DNA
chr4,55699944,55699965,MA1714.1,+,6.69e-06,L1MEg,L1,LINE
chr11,58101681,58101702,MA1714.1,-,6.69e-06,L1MB8,L1,LINE
chr6,58705772,58705793,MA1714.1,+,6.69e-06,L1MEd,L1,LINE
chr11,58964462,58964483,MA1714.1,+,6.69e-06,MER1A,hAT-Charlie,DNA
chr2,62181531,62181552,MA1714.1,-,6.69e-06,LTR24C,ERV1,LTR
chr15,62639520,62639541,MA1714.1,+,6.69e-06,AluSz,Alu,SINE
chr10,63528325,63528346,MA1714.1,-,6.69e-06,MIR,MIR,SINE
chr6,64372095,64372116,MA1714.1,+,6.69e-06,MER1B,hAT-Charlie,DNA
chr1,64540704,64540725,MA1714.1,-,6.69e-06,MIRb,MIR,SINE
chr12,66906937,66906958,MA1714.1,-,6.69e-06,L1M5,L1,LINE
chr7,68778149,68778170,MA1714.1,-,6.69e-06,MER1B,hAT-Charlie,DNA
chr12,70796402,70796423,MA1714.1,+,6.69e-06,AluJb,Alu,SINE
chr12,71656938,71656959,MA1714.1,-,6.69e-06,MLT1J,ERVL-MaLR,LTR
chr17,71713259,71713280,MA1714.1,+,6.69e-06,L1ME4a,L1,LINE
chrX,73334703,73334724,MA1714.1,+,6.69e-06,L1MA9,L1,LINE
chrX,73895408,73895429,MA1714.1,-,6.69e-06,L1ME3A,L1,LINE
chr14,74215642,74215663,MA1714.1,+,6.69e-06,L1M4c,L1,LINE
chr10,74612317,74612338,MA1714.1,+,6.69e-06,L1ME1,L1,LINE
chr15,77284814,77284835,MA1714.1,+,6.69e-06,MLT1L,ERVL-MaLR,LTR
chr9,77833179,77833200,MA1714.1,-,6.69e-06,L1MB5,L1,LINE
chr14,77989775,77989796,MA1714.1,+,6.69e-06,L1MEc,L1,LINE
chr3,78122174,78122195,MA1714.1,+,6.69e-06,L2b,L2,LINE
chr14,78230643,78230664,MA1714.1,+,6.69e-06,MIR,MIR,SINE
chrX,78876392,78876413,MA1714.1,+,6.69e-06,MER1A,hAT-Charlie,DNA
chr15,79280550,79280571,MA1714.1,+,6.69e-06,MIRb,MIR,SINE
chr4,80171037,80171058,MA1714.1,+,6.69e-06,L1PA10,L1,LINE
chr5,83211040,83211061,MA1714.1,+,6.69e-06,AluJo,Alu,SINE
chr2,83288109,83288130,MA1714.1,+,6.69e-06,L1M5,L1,LINE
chr3,84489463,84489484,MA1714.1,-,6.69e-06,MER1B,hAT-Charlie,DNA
chr16,84503066,84503087,MA1714.1,+,6.69e-06,AluJb,Alu,SINE
chr16,84545375,84545396,MA1714.1,-,6.69e-06,L1MC3,L1,LINE
chr15,86035930,86035951,MA1714.1,-,6.69e-06,L1MC4,L1,LINE
chr4,88775167,88775188,MA1714.1,-,6.69e-06,L3,CR1,LINE
chrX,88855350,88855371,MA1714.1,-,6.69e-06,THE1C-int,ERVL-MaLR,LTR
chr13,90527499,90527520,MA1714.1,-,6.69e-06,MIRb,MIR,SINE
chr12,91297237,91297258,MA1714.1,-,6.69e-06,ERV3-16A3_I-int,ERVL,LTR
chr13,91666003,91666024,MA1714.1,-,6.69e-06,L1MEe,L1,LINE
chr8,93780666,93780687,MA1714.1,-,6.69e-06,HERVL-int,ERVL,LTR
chr4,94262026,94262047,MA1714.1,-,6.69e-06,HAL1,L1,LINE
chr11,94634697,94634718,MA1714.1,-,6.69e-06,L1PA16,L1,LINE
chr13,97346409,97346430,MA1714.1,-,6.69e-06,L1PA13,L1,LINE
chr14,97388639,97388660,MA1714.1,-,6.69e-06,MER119,hAT-Charlie,DNA
chr5,98912062,98912083,MA1714.1,+,6.69e-06,MSTA-int,ERVL-MaLR,LTR
chr5,99071579,99071600,MA1714.1,-,6.69e-06,MSTA-int,ERVL-MaLR,LTR
chr6,100984728,100984749,MA1714.1,+,6.69e-06,L1MC4a,L1,LINE
chr10,101006037,101006058,MA1714.1,-,6.69e-06,L2c,L2,LINE
chr7,101356699,101356720,MA1714.1,-,6.69e-06,AluJo,Alu,SINE
chr6,104483128,104483149,MA1714.1,+,6.69e-06,L1MA9,L1,LINE
chr10,106086591,106086612,MA1714.1,+,6.69e-06,MLT1D,ERVL-MaLR,LTR
chr7,108205979,108206000,MA1714.1,+,6.69e-06,AluSx1,Alu,SINE
chr1,108741077,108741098,MA1714.1,+,6.69e-06,L1ME4a,L1,LINE
chr11,110164879,110164900,MA1714.1,+,6.69e-06,AluSz6,Alu,SINE
chr10,114689836,114689857,MA1714.1,+,6.69e-06,L1MEc,L1,LINE
chr12,117118442,117118463,MA1714.1,+,6.69e-06,L1MA10,L1,LINE
chr12,119899046,119899067,MA1714.1,-,6.69e-06,MIR,MIR,SINE
chrX,121156987,121157008,MA1714.1,-,6.69e-06,L1MB4,L1,LINE
chr4,122440743,122440764,MA1714.1,-,6.69e-06,LTR88a,Gypsy,LTR
chr2,125860527,125860548,MA1714.1,-,6.69e-06,L1MC3,L1,LINE
chr3,128833315,128833336,MA1714.1,+,6.69e-06,MIRc,MIR,SINE
chr7,131030776,131030797,MA1714.1,+,6.69e-06,Charlie2b,hAT-Charlie,DNA
chrX,131075033,131075054,MA1714.1,+,6.69e-06,L1PA13,L1,LINE
chr8,131630973,131630994,MA1714.1,-,6.69e-06,L1PA14,L1,LINE
chr4,136820430,136820451,MA1714.1,+,6.69e-06,MSTB1-int,ERVL-MaLR,LTR
chr6,152038748,152038769,MA1714.1,+,6.69e-06,L1ME4a,L1,LINE
chrX,153935162,153935183,MA1714.1,+,6.69e-06,AluJr,Alu,SINE
chr7,155163317,155163338,MA1714.1,+,6.69e-06,AluJr,Alu,SINE
chr3,157745641,157745662,MA1714.1,-,6.69e-06,L1MA9,L1,LINE
chr6,163892741,163892762,MA1714.1,+,6.69e-06,L1MEg,L1,LINE
chr4,170706906,170706927,MA1714.1,+,6.69e-06,SATR1,Satellite,Satellite
chr5,172076225,172076246,MA1714.1,+,6.69e-06,L3,CR1,LINE
chr3,177459060,177459081,MA1714.1,+,6.69e-06,Arthur1,hAT-Tip100,DNA
chr1,186494625,186494646,MA1714.1,-,6.69e-06,L1MEe,L1,LINE
chr2,189137727,189137748,MA1714.1,+,6.69e-06,L1MEg,L1,LINE
chr1,193078861,193078882,MA1714.1,+,6.69e-06,MLT2B4,ERVL,LTR
chr1,196619257,196619278,MA1714.1,+,6.69e-06,LTR1B,ERV1,LTR
chr2,197468642,197468663,MA1714.1,+,6.69e-06,AluSc,Alu,SINE
chr1,204350377,204350398,MA1714.1,-,6.69e-06,FRAM,Alu,SINE
chr1,213871303,213871324,MA1714.1,-,6.69e-06,L1M7,L1,LINE
chr2,235669250,235669271,MA1714.1,-,6.69e-06,L1M7,L1,LINE
chr2,207724,207745,MA1714.1,+,6.73e-06,L1M7,L1,LINE
chr20,1581793,1581814,MA1714.1,+,6.73e-06,HERV16-int,ERVL,LTR
chr2,2757416,2757437,MA1714.1,+,6.73e-06,THE1C-int,ERVL-MaLR,LTR
chr8,3449889,3449910,MA1714.1,-,6.73e-06,L4,RTE,LINE
chr16,5461808,5461829,MA1714.1,+,6.73e-06,AluJb,Alu,SINE
chr16,6449231,6449252,MA1714.1,-,6.73e-06,THE1C-int,ERVL-MaLR,LTR
chr1,7481651,7481672,MA1714.1,+,6.73e-06,MIR,MIR,SINE
chr18,9033017,9033038,MA1714.1,+,6.73e-06,MLT1A1-int,ERVL-MaLR,LTR
chr11,13746330,13746351,MA1714.1,-,6.73e-06,MER33,hAT-Charlie,DNA
chrX,13887399,13887420,MA1714.1,+,6.73e-06,L1MB7,L1,LINE
chr10,15399361,15399382,MA1714.1,+,6.73e-06,L1ME2z,L1,LINE
chr6,17186871,17186892,MA1714.1,-,6.73e-06,L1MEe,L1,LINE
chr1,17544689,17544710,MA1714.1,+,6.73e-06,MER63C,hAT-Blackjack,DNA
chr5,18166009,18166030,MA1714.1,-,6.73e-06,THE1B-int,ERVL-MaLR,LTR
chr10,18847236,18847257,MA1714.1,+,6.73e-06,(GAATG)n,Satellite,Satellite
chr10,19591914,19591935,MA1714.1,+,6.73e-06,L1MEg,L1,LINE
chrX,20581459,20581480,MA1714.1,-,6.73e-06,L1MEg,L1,LINE
chrX,21049072,21049093,MA1714.1,-,6.73e-06,THE1B-int,ERVL-MaLR,LTR
chr11,21548389,21548410,MA1714.1,-,6.73e-06,THE1B-int,ERVL-MaLR,LTR
chr20,21548680,21548701,MA1714.1,+,6.73e-06,MIRb,MIR,SINE
chr1,22785839,22785860,MA1714.1,-,6.73e-06,L1M5,L1,LINE
chr5,23119327,23119348,MA1714.1,+,6.73e-06,AluSz,Alu,SINE
chr6,28429779,28429800,MA1714.1,+,6.73e-06,HAL1,L1,LINE
chr3,32565090,32565111,MA1714.1,+,6.73e-06,L1MCa,L1,LINE
chr11,40024078,40024099,MA1714.1,-,6.73e-06,L1MB7,L1,LINE
chr9,40634914,40634935,MA1714.1,+,6.73e-06,AluSc,Alu,SINE
chr9,41434948,41434969,MA1714.1,+,6.73e-06,AluSc8,Alu,SINE
chr22,42203490,42203511,MA1714.1,+,6.73e-06,AluJb,Alu,SINE
chr18,42721155,42721176,MA1714.1,-,6.73e-06,L1MEf,L1,LINE
chr15,44351042,44351063,MA1714.1,+,6.73e-06,CR1_Mam,CR1,LINE
chr2,46037794,46037815,MA1714.1,-,6.73e-06,AluJb,Alu,SINE
chr13,48255208,48255229,MA1714.1,+,6.73e-06,L1M5,L1,LINE
chr19,49763539,49763560,MA1714.1,+,6.73e-06,L1MB5,L1,LINE
chr12,52641660,52641681,MA1714.1,-,6.73e-06,MIRb,MIR,SINE
chr8,52972186,52972207,MA1714.1,+,6.73e-06,MIR,MIR,SINE
chr13,55027079,55027100,MA1714.1,-,6.73e-06,THE1C-int,ERVL-MaLR,LTR
chr6,55101794,55101815,MA1714.1,-,6.73e-06,L1MEg,L1,LINE
chr10,55811084,55811105,MA1714.1,+,6.73e-06,THE1C-int,ERVL-MaLR,LTR
chr13,57667839,57667860,MA1714.1,+,6.73e-06,MSTD-int,ERVL-MaLR,LTR
chr11,58373301,58373322,MA1714.1,-,6.73e-06,L1MB5,L1,LINE
chr4,61745642,61745663,MA1714.1,+,6.73e-06,L1MB7,L1,LINE
chr10,62537503,62537524,MA1714.1,+,6.73e-06,FLAM_A,Alu,SINE
chr8,63505939,63505960,MA1714.1,+,6.73e-06,L1MEc,L1,LINE
chr9,65575378,65575399,MA1714.1,-,6.73e-06,AluSc8,Alu,SINE
chr17,65630596,65630617,MA1714.1,+,6.73e-06,AluSz6,Alu,SINE
chr5,65729622,65729643,MA1714.1,+,6.73e-06,L1MEf,L1,LINE
chr8,66690229,66690250,MA1714.1,-,6.73e-06,L1MEg,L1,LINE
chrX,69217524,69217545,MA1714.1,+,6.73e-06,THE1A-int,ERVL-MaLR,LTR
chr14,70602469,70602490,MA1714.1,+,6.73e-06,L1MA4,L1,LINE
chr7,71627982,71628003,MA1714.1,+,6.73e-06,L1MEf,L1,LINE
chr9,72342885,72342906,MA1714.1,-,6.73e-06,L1MB7,L1,LINE
chr17,72367367,72367388,MA1714.1,-,6.73e-06,AluSx,Alu,SINE
chr9,72640690,72640711,MA1714.1,-,6.73e-06,THE1C-int,ERVL-MaLR,LTR
chr2,73283191,73283212,MA1714.1,+,6.73e-06,AluSz6,Alu,SINE
chr1,74347726,74347747,MA1714.1,+,6.73e-06,MIRb,MIR,SINE
chr4,74620119,74620140,MA1714.1,+,6.73e-06,L1MC3,L1,LINE
chrX,75692211,75692232,MA1714.1,+,6.73e-06,L1PA7,L1,LINE
chr5,82122663,82122684,MA1714.1,+,6.73e-06,L1ME5,L1,LINE
chr2,82898018,82898039,MA1714.1,-,6.73e-06,L1M5,L1,LINE
chr8,83193302,83193323,MA1714.1,+,6.73e-06,L1MEe,L1,LINE
chr12,87101888,87101909,MA1714.1,+,6.73e-06,THE1B-int,ERVL-MaLR,LTR
chr13,87316429,87316450,MA1714.1,-,6.73e-06,MSTA-int,ERVL-MaLR,LTR
chr8,89253185,89253206,MA1714.1,-,6.73e-06,L1M5,L1,LINE
chr8,89388538,89388559,MA1714.1,+,6.73e-06,AluJb,Alu,SINE
chr10,89670668,89670689,MA1714.1,-,6.73e-06,L1MB3,L1,LINE
chr14,90719919,90719940,MA1714.1,+,6.73e-06,AluSx1,Alu,SINE
chr15,92503105,92503126,MA1714.1,-,6.73e-06,L1MB7,L1,LINE
chr14,92873109,92873130,MA1714.1,-,6.73e-06,MSTA-int,ERVL-MaLR,LTR
chr9,94204741,94204762,MA1714.1,-,6.73e-06,MER52A,ERV1,LTR
chr14,94551715,94551736,MA1714.1,+,6.73e-06,MIR,MIR,SINE
chr3,94791041,94791062,MA1714.1,+,6.73e-06,L1MB1,L1,LINE
chr7,95954929,95954950,MA1714.1,-,6.73e-06,AluJb,Alu,SINE
chr7,96342292,96342313,MA1714.1,+,6.73e-06,THE1B-int,ERVL-MaLR,LTR
chrX,98030878,98030899,MA1714.1,+,6.73e-06,THE1C-int,ERVL-MaLR,LTR
chr3,99002546,99002567,MA1714.1,-,6.73e-06,L1MEf,L1,LINE
chr9,99906694,99906715,MA1714.1,-,6.73e-06,MSTA,ERVL-MaLR,LTR
chr13,104701668,104701689,MA1714.1,+,6.73e-06,AluSz,Alu,SINE
chr11,106503903,106503924,MA1714.1,+,6.73e-06,MLT1H2-int,ERVL-MaLR,LTR
chrX,108161112,108161133,MA1714.1,+,6.73e-06,L2c,L2,LINE
chr8,109351705,109351726,MA1714.1,-,6.73e-06,THE1D-int,ERVL-MaLR,LTR
chr12,111289102,111289123,MA1714.1,-,6.73e-06,MLT1K,ERVL-MaLR,LTR
chr3,119670954,119670975,MA1714.1,+,6.73e-06,L1MEf,L1,LINE
chr11,119905109,119905130,MA1714.1,-,6.73e-06,MIR3,MIR,SINE
chr11,120694151,120694172,MA1714.1,-,6.73e-06,MIRc,MIR,SINE
chr7,123145732,123145753,MA1714.1,-,6.73e-06,MSTA-int,ERVL-MaLR,LTR
chr6,126034696,126034717,MA1714.1,+,6.73e-06,LTR33,ERVL,LTR
chr6,131133075,131133096,MA1714.1,-,6.73e-06,Arthur1,hAT-Tip100,DNA
chr12,133500372,133500393,MA1714.1,-,6.73e-06,L1MEc,L1,LINE
chr3,135680275,135680296,MA1714.1,-,6.73e-06,L1M3f,L1,LINE
chr6,136047174,136047195,MA1714.1,+,6.73e-06,THE1B-int,ERVL-MaLR,LTR
chr7,138507852,138507873,MA1714.1,-,6.73e-06,AluJb,Alu,SINE
chr4,140047384,140047405,MA1714.1,+,6.73e-06,HAL1,L1,LINE
chr6,141542572,141542593,MA1714.1,-,6.73e-06,THE1D-int,ERVL-MaLR,LTR
chrX,141603002,141603023,MA1714.1,-,6.73e-06,THE1B-int,ERVL-MaLR,LTR
chr5,141896731,141896752,MA1714.1,+,6.73e-06,MSTA-int,ERVL-MaLR,LTR
chr4,143295276,143295297,MA1714.1,-,6.73e-06,MIR,MIR,SINE
chrX,145302872,145302893,MA1714.1,-,6.73e-06,THE1C-int,ERVL-MaLR,LTR
chrX,149998775,149998796,MA1714.1,+,6.73e-06,AluJr,Alu,SINE
chr1,153478173,153478194,MA1714.1,-,6.73e-06,MLT1K,ERVL-MaLR,LTR
chr3,155576248,155576269,MA1714.1,-,6.73e-06,L1M6,L1,LINE
chr1,163500248,163500269,MA1714.1,-,6.73e-06,HAL1-3A_ME,L1,LINE
chr3,163782284,163782305,MA1714.1,+,6.73e-06,THE1C-int,ERVL-MaLR,LTR
chr6,167395670,167395691,MA1714.1,-,6.73e-06,L1M7,L1,LINE
chr2,171889938,171889959,MA1714.1,+,6.73e-06,L1MA3,L1,LINE
chr2,172280443,172280464,MA1714.1,+,6.73e-06,THE1C-int,ERVL-MaLR,LTR
chr4,175468556,175468577,MA1714.1,+,6.73e-06,THE1B-int,ERVL-MaLR,LTR
chr5,176839344,176839365,MA1714.1,+,6.73e-06,AluJb,Alu,SINE
chr1,189062124,189062145,MA1714.1,-,6.73e-06,L1PA5,L1,LINE
chr1,208684898,208684919,MA1714.1,-,6.73e-06,MIRb,MIR,SINE
chr2,216595865,216595886,MA1714.1,+,6.73e-06,L1MEe,L1,LINE
chr2,230649998,230650019,MA1714.1,+,6.73e-06,L1ME1,L1,LINE
chr2,234895536,234895557,MA1714.1,+,6.73e-06,L1ME4a,L1,LINE
chrUn_gl000217,23682,23703,MA1714.1,-,6.78e-06,AluJb,Alu,SINE
chr8_gl000197_random,33149,33170,MA1714.1,-,6.78e-06,MIR,MIR,SINE
chr5,451226,451247,MA1714.1,-,6.78e-06,L1M4c,L1,LINE
chr4,2022708,2022729,MA1714.1,-,6.78e-06,AluSz,Alu,SINE
chr9,3789197,3789218,MA1714.1,+,6.78e-06,THE1B-int,ERVL-MaLR,LTR
chr20,5319040,5319061,MA1714.1,+,6.78e-06,L1MB3,L1,LINE
chr4,6950069,6950090,MA1714.1,-,6.78e-06,L1ME3,L1,LINE
chr21,9570150,9570171,MA1714.1,+,6.78e-06,AluJb,Alu,SINE
chr8,10402084,10402105,MA1714.1,-,6.78e-06,L1MA5A,L1,LINE
chr12,12254455,12254476,MA1714.1,+,6.78e-06,L1MEc,L1,LINE
chrY,13602173,13602194,MA1714.1,+,6.78e-06,AluJb,Alu,SINE
chr10,17347169,17347190,MA1714.1,+,6.78e-06,SATR1,Satellite,Satellite
chr22,17358175,17358196,MA1714.1,+,6.78e-06,AluJb,Alu,SINE
chr22,18245714,18245735,MA1714.1,-,6.78e-06,AluSx,Alu,SINE
chr19,20219569,20219590,MA1714.1,-,6.78e-06,AluSx4,Alu,SINE
chr8,21634546,21634567,MA1714.1,-,6.78e-06,MIR,MIR,SINE
chr5,21868619,21868640,MA1714.1,+,6.78e-06,MSTD-int,ERVL-MaLR,LTR
chr22,24049914,24049935,MA1714.1,+,6.78e-06,L1M3,L1,LINE
chr17,25609201,25609222,MA1714.1,+,6.78e-06,MIRb,MIR,SINE
chr16,26139385,26139406,MA1714.1,-,6.78e-06,HAL1-3A_ME,L1,LINE
chr16,26599539,26599560,MA1714.1,-,6.78e-06,L1ME4a,L1,LINE
chr17,27640973,27640994,MA1714.1,+,6.78e-06,AluJr,Alu,SINE
chr7,29138751,29138772,MA1714.1,+,6.78e-06,MIR,MIR,SINE
chr4,29269076,29269097,MA1714.1,+,6.78e-06,MER57A-int,ERV1,LTR
chr21,32384538,32384559,MA1714.1,+,6.78e-06,L1MEg,L1,LINE
chr6,35688643,35688664,MA1714.1,-,6.78e-06,MIRb,MIR,SINE
chr18,38889267,38889288,MA1714.1,+,6.78e-06,MER34C2,ERV1,LTR
chr10,39056015,39056036,MA1714.1,+,6.78e-06,AluJb,Alu,SINE
chr17,39665588,39665609,MA1714.1,-,6.78e-06,MIR,MIR,SINE
chr18,41676211,41676232,MA1714.1,-,6.78e-06,L1PA16,L1,LINE
chr10,42705015,42705036,MA1714.1,-,6.78e-06,AluJb,Alu,SINE
chr5,44311547,44311568,MA1714.1,+,6.78e-06,MIR,MIR,SINE
chr17,48725665,48725686,MA1714.1,+,6.78e-06,HAL1,L1,LINE
chr2,49383670,49383691,MA1714.1,-,6.78e-06,L1ME3F,L1,LINE
chr8,49930101,49930122,MA1714.1,-,6.78e-06,L1PA8A,L1,LINE
chr6,50071643,50071664,MA1714.1,+,6.78e-06,LTR78,ERV1,LTR
chr1,50459882,50459903,MA1714.1,+,6.78e-06,L1MC5,L1,LINE
chr17,50704149,50704170,MA1714.1,-,6.78e-06,L1MD2,L1,LINE
chr16,51619438,51619459,MA1714.1,+,6.78e-06,Charlie2b,hAT-Charlie,DNA
chr8,52477174,52477195,MA1714.1,+,6.78e-06,L1MC4,L1,LINE
chr11,55401212,55401233,MA1714.1,+,6.78e-06,L1MEc,L1,LINE
chr17,56660359,56660380,MA1714.1,-,6.78e-06,AluJb,Alu,SINE
chr11,63002537,63002558,MA1714.1,-,6.78e-06,L1P1,L1,LINE
chr6,63591116,63591137,MA1714.1,+,6.78e-06,SATR1,Satellite,Satellite
chr12,65598044,65598065,MA1714.1,-,6.78e-06,L1PA11,L1,LINE
chr3,68119585,68119606,MA1714.1,-,6.78e-06,THE1B-int,ERVL-MaLR,LTR
chr15,70128100,70128121,MA1714.1,+,6.78e-06,MIRb,MIR,SINE
chr1,70925687,70925708,MA1714.1,+,6.78e-06,MST-int,ERVL-MaLR,LTR
chr14,71894077,71894098,MA1714.1,-,6.78e-06,L1MB3,L1,LINE
chr18,72016948,72016969,MA1714.1,+,6.78e-06,MER1B,hAT-Charlie,DNA
chr11,72417529,72417550,MA1714.1,+,6.78e-06,L2b,L2,LINE
chr13,73802355,73802376,MA1714.1,-,6.78e-06,MLT1J-int,ERVL-MaLR,LTR
chr18,76926799,76926820,MA1714.1,-,6.78e-06,MER52A,ERV1,LTR
chr7,76957328,76957349,MA1714.1,-,6.78e-06,MIRb,MIR,SINE
chr5,81480074,81480095,MA1714.1,+,6.78e-06,MIR,MIR,SINE
chr14,82857343,82857364,MA1714.1,+,6.78e-06,MIR,MIR,SINE
chr1,83141129,83141150,MA1714.1,-,6.78e-06,MIRb,MIR,SINE
chr10,85558461,85558482,MA1714.1,-,6.78e-06,L1PA15,L1,LINE
chr10,89569485,89569506,MA1714.1,-,6.78e-06,AluSq2,Alu,SINE
chr4,90029673,90029694,MA1714.1,+,6.78e-06,LTR18A,ERVL,LTR
chr14,91687618,91687639,MA1714.1,+,6.78e-06,L2c,L2,LINE
chr2,92195535,92195556,MA1714.1,+,6.78e-06,AluJb,Alu,SINE
chr3,94959529,94959550,MA1714.1,-,6.78e-06,LTR1B,ERV1,LTR
chr12,97588113,97588134,MA1714.1,-,6.78e-06,MER34C_,ERV1,LTR
chrX,103255378,103255399,MA1714.1,-,6.78e-06,LTR49-int,ERV1,LTR
chr4,103907723,103907744,MA1714.1,-,6.78e-06,L1MC1,L1,LINE
chr5,104298750,104298771,MA1714.1,-,6.78e-06,L1PA16,L1,LINE
chr8,108582030,108582051,MA1714.1,+,6.78e-06,SATR1,Satellite,Satellite
chr11,109027091,109027112,MA1714.1,-,6.78e-06,L1MEf,L1,LINE
chr12,110104255,110104276,MA1714.1,+,6.78e-06,MLT1K,ERVL-MaLR,LTR
chr8,110851916,110851937,MA1714.1,-,6.78e-06,L2a,L2,LINE
chr6,111897612,111897633,MA1714.1,+,6.78e-06,LTR67B,ERVL,LTR
chr6,113641702,113641723,MA1714.1,+,6.78e-06,THE1B,ERVL-MaLR,LTR
chr5,113836792,113836813,MA1714.1,-,6.78e-06,MIRb,MIR,SINE
chr1,113988332,113988353,MA1714.1,+,6.78e-06,L1M4c,L1,LINE
chrX,114178592,114178613,MA1714.1,-,6.78e-06,L1MEg,L1,LINE
chr9,119220450,119220471,MA1714.1,+,6.78e-06,L1MA3,L1,LINE
chr3,119475451,119475472,MA1714.1,+,6.78e-06,L1MEe,L1,LINE
chr9,120674270,120674291,MA1714.1,+,6.78e-06,L1MB3,L1,LINE
chr8,121278551,121278572,MA1714.1,-,6.78e-06,L3,CR1,LINE
chr9,121670786,121670807,MA1714.1,+,6.78e-06,MIRc,MIR,SINE
chr4,121848659,121848680,MA1714.1,+,6.78e-06,MSTD-int,ERVL-MaLR,LTR
chr10,124166995,124167016,MA1714.1,-,6.78e-06,MIR,MIR,SINE
chrX,124356477,124356498,MA1714.1,+,6.78e-06,L3,CR1,LINE
chr6,128937520,128937541,MA1714.1,-,6.78e-06,L1MB4,L1,LINE
chr12,130545166,130545187,MA1714.1,+,6.78e-06,MLT1C,ERVL-MaLR,LTR
chr3,141296954,141296975,MA1714.1,-,6.78e-06,MIR,MIR,SINE
chrX,145218906,145218927,MA1714.1,-,6.78e-06,MER68,ERVL,LTR
chr2,156953976,156953997,MA1714.1,-,6.78e-06,MER117,hAT-Charlie,DNA
chr4,166788975,166788996,MA1714.1,-,6.78e-06,MIRc,MIR,SINE
chr2,167136263,167136284,MA1714.1,-,6.78e-06,MIRc,MIR,SINE
chr3,168415330,168415351,MA1714.1,+,6.78e-06,MIR,MIR,SINE
chr4,169858149,169858170,MA1714.1,+,6.78e-06,L1PA7,L1,LINE
chr4,173430044,173430065,MA1714.1,-,6.78e-06,L1PB1,L1,LINE
chr3,176085998,176086019,MA1714.1,-,6.78e-06,L1ME3,L1,LINE
chr2,186563676,186563697,MA1714.1,+,6.78e-06,ERVL-B4-int,ERVL,LTR
chr3,193176657,193176678,MA1714.1,-,6.78e-06,MIRb,MIR,SINE
chr2,194900341,194900362,MA1714.1,-,6.78e-06,MIR,MIR,SINE
chr1,207709928,207709949,MA1714.1,+,6.78e-06,Tigger1,TcMar-Tigger,DNA
chr1,207728483,207728504,MA1714.1,+,6.78e-06,Tigger1,TcMar-Tigger,DNA
chr1,207745578,207745599,MA1714.1,+,6.78e-06,Tigger1,TcMar-Tigger,DNA
chr1,207877826,207877847,MA1714.1,+,6.78e-06,Tigger1,TcMar-Tigger,DNA
chr2,228870685,228870706,MA1714.1,-,6.78e-06,L1PA5,L1,LINE
chr2,239292659,239292680,MA1714.1,-,6.78e-06,L1MEf,L1,LINE
chr8,1257318,1257339,MA1714.1,+,6.82e-06,L1M4c,L1,LINE
chr4,1268797,1268818,MA1714.1,-,6.82e-06,L1M4c,L1,LINE
chr8,3355634,3355655,MA1714.1,-,6.82e-06,L1M2,L1,LINE
chr17,6008133,6008154,MA1714.1,+,6.82e-06,MIRc,MIR,SINE
chr1,7951510,7951531,MA1714.1,+,6.82e-06,AluSx1,Alu,SINE
chr6,8127631,8127652,MA1714.1,+,6.82e-06,AluJb,Alu,SINE
chrY,9423667,9423688,MA1714.1,+,6.82e-06,L1MEc,L1,LINE
chr7,10356064,10356085,MA1714.1,+,6.82e-06,L1MEf,L1,LINE
chr7,11087337,11087358,MA1714.1,+,6.82e-06,AluSx1,Alu,SINE
chr3,11823988,11824009,MA1714.1,+,6.82e-06,AluJb,Alu,SINE
chr10,14485454,14485475,MA1714.1,+,6.82e-06,L1MD,L1,LINE
chr6,15787645,15787666,MA1714.1,+,6.82e-06,L1MA7,L1,LINE
chr5,18534792,18534813,MA1714.1,+,6.82e-06,AluSx,Alu,SINE
chr16,20351661,20351682,MA1714.1,+,6.82e-06,AluJb,Alu,SINE
chr14,21010576,21010597,MA1714.1,-,6.82e-06,LTR88a,Gypsy,LTR
chrX,21497151,21497172,MA1714.1,-,6.82e-06,L1PB4,L1,LINE
chrX,21700620,21700641,MA1714.1,+,6.82e-06,L1MEg2,L1,LINE
chr21,22250689,22250710,MA1714.1,-,6.82e-06,L1MC2,L1,LINE
chr7,23667871,23667892,MA1714.1,+,6.82e-06,L1MDa,L1,LINE
chr2,26802769,26802790,MA1714.1,-,6.82e-06,MIRb,MIR,SINE
chr22,27304021,27304042,MA1714.1,-,6.82e-06,MER2,TcMar-Tigger,DNA
chr16,28296843,28296864,MA1714.1,+,6.82e-06,AluSx3,Alu,SINE
chr20,33936485,33936506,MA1714.1,-,6.82e-06,AluJb,Alu,SINE
chr19,35513278,35513299,MA1714.1,-,6.82e-06,L2b,L2,LINE
chr6,37687220,37687241,MA1714.1,-,6.82e-06,AluJo,Alu,SINE
chr7,40170646,40170667,MA1714.1,-,6.82e-06,MIR,MIR,SINE
chr19,40961572,40961593,MA1714.1,+,6.82e-06,AluSx1,Alu,SINE
chr17,41100306,41100327,MA1714.1,+,6.82e-06,L1MC4a,L1,LINE
chr12,43354785,43354806,MA1714.1,-,6.82e-06,AluSz,Alu,SINE
chr19,46210234,46210255,MA1714.1,+,6.82e-06,AluJo,Alu,SINE
chr12,47558756,47558777,MA1714.1,-,6.82e-06,MSTB2-int,ERVL-MaLR,LTR
chr3,53896283,53896304,MA1714.1,+,6.82e-06,Tigger2,TcMar-Tigger,DNA
chr6,54333345,54333366,MA1714.1,+,6.82e-06,L1PA13,L1,LINE
chr20,54888261,54888282,MA1714.1,+,6.82e-06,L1MB5,L1,LINE
chr17,57063588,57063609,MA1714.1,-,6.82e-06,AluSx1,Alu,SINE
chr18,58009561,58009582,MA1714.1,+,6.82e-06,Tigger1,TcMar-Tigger,DNA
chr16,58236865,58236886,MA1714.1,+,6.82e-06,AluSq2,Alu,SINE
chr19,58284209,58284230,MA1714.1,-,6.82e-06,MER21B,ERVL,LTR
chr20,59693462,59693483,MA1714.1,-,6.82e-06,MER63B,hAT-Blackjack,DNA
chr2,61886112,61886133,MA1714.1,-,6.82e-06,Charlie2a,hAT-Charlie,DNA
chr8,61999720,61999741,MA1714.1,+,6.82e-06,LTR78,ERV1,LTR
chr3,64470081,64470102,MA1714.1,+,6.82e-06,MIRb,MIR,SINE
chr16,64637775,64637796,MA1714.1,+,6.82e-06,L1MDa,L1,LINE
chr6,66215661,66215682,MA1714.1,-,6.82e-06,L1MCa,L1,LINE
chr17,68723794,68723815,MA1714.1,-,6.82e-06,MIRb,MIR,SINE
chr8,69516947,69516968,MA1714.1,+,6.82e-06,L1MC1,L1,LINE
chr12,71126412,71126433,MA1714.1,-,6.82e-06,AluSg,Alu,SINE
chr2,71752705,71752726,MA1714.1,+,6.82e-06,MIRb,MIR,SINE
chr4,72841194,72841215,MA1714.1,-,6.82e-06,ERV3-16A3_I-int,ERVL,LTR
chr8,76663884,76663905,MA1714.1,-,6.82e-06,AluSx1,Alu,SINE
chrX,77551591,77551612,MA1714.1,-,6.82e-06,L1MA2,L1,LINE
chr16,78066400,78066421,MA1714.1,+,6.82e-06,AluJb,Alu,SINE
chr5,78386882,78386903,MA1714.1,+,6.82e-06,MIR,MIR,SINE
chr16,80540149,80540170,MA1714.1,-,6.82e-06,AluJb,Alu,SINE
chr7,81249205,81249226,MA1714.1,-,6.82e-06,L3,CR1,LINE
chr16,81556560,81556581,MA1714.1,-,6.82e-06,AluJb,Alu,SINE
chr14,82607412,82607433,MA1714.1,+,6.82e-06,MSTA-int,ERVL-MaLR,LTR
chr3,87384659,87384680,MA1714.1,+,6.82e-06,MLT1E2,ERVL-MaLR,LTR
chr4,88077591,88077612,MA1714.1,+,6.82e-06,AluJo,Alu,SINE
chr5,90726423,90726444,MA1714.1,+,6.82e-06,AluY,Alu,SINE
chr7,90810307,90810328,MA1714.1,-,6.82e-06,L1MC5,L1,LINE
chr5,91759183,91759204,MA1714.1,-,6.82e-06,MER57-int,ERV1,LTR
chr5,91845973,91845994,MA1714.1,-,6.82e-06,MSTB-int,ERVL-MaLR,LTR
chr5,92515250,92515271,MA1714.1,+,6.82e-06,Charlie1,hAT-Charlie,DNA
chr13,94124546,94124567,MA1714.1,-,6.82e-06,MER52A,ERV1,LTR
chr8,94278063,94278084,MA1714.1,-,6.82e-06,AluJo,Alu,SINE
chr6,98325699,98325720,MA1714.1,-,6.82e-06,AluJb,Alu,SINE
chr14,101779366,101779387,MA1714.1,+,6.82e-06,L1MC2,L1,LINE
chr5,102561403,102561424,MA1714.1,+,6.82e-06,L1PA17,L1,LINE
chr14,103328801,103328822,MA1714.1,-,6.82e-06,L1MB5,L1,LINE
chr10,108080885,108080906,MA1714.1,+,6.82e-06,MER52A,ERV1,LTR
chr6,108337039,108337060,MA1714.1,-,6.82e-06,THE1A-int,ERVL-MaLR,LTR
chr5,108587292,108587313,MA1714.1,+,6.82e-06,MIR,MIR,SINE
chrX,113795616,113795637,MA1714.1,+,6.82e-06,L1M4c,L1,LINE
chrX,114088045,114088066,MA1714.1,-,6.82e-06,L1M5,L1,LINE
chr1,116665210,116665231,MA1714.1,-,6.82e-06,AluJb,Alu,SINE
chrX,116900116,116900137,MA1714.1,-,6.82e-06,AluSx1,Alu,SINE
chr3,121806650,121806671,MA1714.1,+,6.82e-06,L3,CR1,LINE
chr12,123657242,123657263,MA1714.1,-,6.82e-06,MER58B,hAT-Charlie,DNA
chr2,124961391,124961412,MA1714.1,-,6.82e-06,THE1B-int,ERVL-MaLR,LTR
chr10,127054235,127054256,MA1714.1,+,6.82e-06,L1M4,L1,LINE
chr5,128749982,128750003,MA1714.1,+,6.82e-06,L1MA7,L1,LINE
chr5,130737218,130737239,MA1714.1,+,6.82e-06,AluSx4,Alu,SINE
chr3,132450479,132450500,MA1714.1,+,6.82e-06,PRIMA4-int,ERV1,LTR
chr8,135370558,135370579,MA1714.1,-,6.82e-06,ERVL-E-int,ERVL,LTR
chr5,138170151,138170172,MA1714.1,-,6.82e-06,MIR,MIR,SINE
chr3,143679821,143679842,MA1714.1,+,6.82e-06,AluJr,Alu,SINE
chr7,147237847,147237868,MA1714.1,+,6.82e-06,AluSc5,Alu,SINE
chr7,149075315,149075336,MA1714.1,-,6.82e-06,L1MEc,L1,LINE
chr2,152961273,152961294,MA1714.1,+,6.82e-06,L1MC3,L1,LINE
chr3,155502629,155502650,MA1714.1,+,6.82e-06,L1MB3,L1,LINE
chr5,156027313,156027334,MA1714.1,-,6.82e-06,L1MA6,L1,LINE
chr6,156137993,156138014,MA1714.1,-,6.82e-06,MSTD-int,ERVL-MaLR,LTR
chr4,158199627,158199648,MA1714.1,+,6.82e-06,L1MC1,L1,LINE
chr1,159445565,159445586,MA1714.1,+,6.82e-06,ERV3-16A3_I-int,ERVL,LTR
chr5,162981296,162981317,MA1714.1,-,6.82e-06,HAL1,L1,LINE
chr1,163398992,163399013,MA1714.1,-,6.82e-06,MER74A,ERVL,LTR
chr6,165335436,165335457,MA1714.1,+,6.82e-06,L1ME3E,L1,LINE
chr5,166015239,166015260,MA1714.1,+,6.82e-06,AluSx,Alu,SINE
chr1,166785952,166785973,MA1714.1,-,6.82e-06,MER52C,ERV1,LTR
chr2,168475176,168475197,MA1714.1,-,6.82e-06,L1MC4,L1,LINE
chr2,170267187,170267208,MA1714.1,+,6.82e-06,MER65D,ERV1,LTR
chr4,170793871,170793892,MA1714.1,-,6.82e-06,MIR,MIR,SINE
chr2,186197055,186197076,MA1714.1,-,6.82e-06,L1MA4,L1,LINE
chr4,188137750,188137771,MA1714.1,+,6.82e-06,L1MC4,L1,LINE
chr1,190156317,190156338,MA1714.1,-,6.82e-06,L1MD1,L1,LINE
chr1,211764013,211764034,MA1714.1,-,6.82e-06,L1MC4,L1,LINE
chr2,231705533,231705554,MA1714.1,-,6.82e-06,AluJo,Alu,SINE
chr1,235845095,235845116,MA1714.1,-,6.82e-06,L1MEd,L1,LINE
chr1,245947838,245947859,MA1714.1,-,6.82e-06,MLT1G,ERVL-MaLR,LTR
chr11,2785250,2785271,MA1714.1,-,6.86e-06,L1MEg,L1,LINE
chr12,3060012,3060033,MA1714.1,-,6.86e-06,MLT1B,ERVL-MaLR,LTR
chr10,4722699,4722720,MA1714.1,+,6.86e-06,MIR,MIR,SINE
chr4,5645782,5645803,MA1714.1,-,6.86e-06,L1MC5,L1,LINE
chr20,8652903,8652924,MA1714.1,+,6.86e-06,MIR,MIR,SINE
chrX,10082116,10082137,MA1714.1,-,6.86e-06,Charlie1b,hAT-Charlie,DNA
chrY,15008837,15008858,MA1714.1,+,6.86e-06,HUERS-P3-int,ERV1,LTR
chr21,17432271,17432292,MA1714.1,-,6.86e-06,MER52A,ERV1,LTR
chr1,18038398,18038419,MA1714.1,+,6.86e-06,MLT1K,ERVL-MaLR,LTR
chr7,19573012,19573033,MA1714.1,+,6.86e-06,L1PA15,L1,LINE
chr1,20315380,20315401,MA1714.1,-,6.86e-06,L1MC1,L1,LINE
chr14,21372849,21372870,MA1714.1,+,6.86e-06,L1M1,L1,LINE
chr7,24161578,24161599,MA1714.1,-,6.86e-06,L1MC4,L1,LINE
chr21,25376708,25376729,MA1714.1,-,6.86e-06,THE1B-int,ERVL-MaLR,LTR
chr15,25377280,25377301,MA1714.1,+,6.86e-06,L1MEf,L1,LINE
chr14,25689429,25689450,MA1714.1,-,6.86e-06,L1MB7,L1,LINE
chr2,26997546,26997567,MA1714.1,+,6.86e-06,MIR3,MIR,SINE
chr7,27062468,27062489,MA1714.1,-,6.86e-06,L1MC5,L1,LINE
chr3,32967678,32967699,MA1714.1,-,6.86e-06,L1MEe,L1,LINE
chr17,33511610,33511631,MA1714.1,-,6.86e-06,MIR,MIR,SINE
chr12,33758575,33758596,MA1714.1,+,6.86e-06,L1ME1,L1,LINE
chr8,34219216,34219237,MA1714.1,-,6.86e-06,L1M3f,L1,LINE
chr3,35351934,35351955,MA1714.1,+,6.86e-06,LTR24,ERV1,LTR
chr10,36558301,36558322,MA1714.1,-,6.86e-06,MLT1H2,ERVL-MaLR,LTR
chr19,37171719,37171740,MA1714.1,-,6.86e-06,MLT1D,ERVL-MaLR,LTR
chr1,39329416,39329437,MA1714.1,+,6.86e-06,MIRc,MIR,SINE
chr15,40823398,40823419,MA1714.1,+,6.86e-06,L1PB4,L1,LINE
chr18,41485840,41485861,MA1714.1,-,6.86e-06,LTR24,ERV1,LTR
chr17,42300842,42300863,MA1714.1,+,6.86e-06,MIRc,MIR,SINE
chr2,45020005,45020026,MA1714.1,+,6.86e-06,HAL1,L1,LINE
chr7,45134726,45134747,MA1714.1,+,6.86e-06,L1MB8,L1,LINE
chr22,48806174,48806195,MA1714.1,-,6.86e-06,L1MC3,L1,LINE
chr12,49789685,49789706,MA1714.1,-,6.86e-06,L1MB1,L1,LINE
chr12,51259257,51259278,MA1714.1,+,6.86e-06,L1ME1,L1,LINE
chr16,54225144,54225165,MA1714.1,-,6.86e-06,MIRb,MIR,SINE
chr15,56311479,56311500,MA1714.1,+,6.86e-06,MLT2A2,ERVL,LTR
chr20,59314987,59315008,MA1714.1,-,6.86e-06,L1MB7,L1,LINE
chr16,62360448,62360469,MA1714.1,+,6.86e-06,MIRb,MIR,SINE
chr2,62768540,62768561,MA1714.1,+,6.86e-06,L1MEe,L1,LINE
chr12,63711863,63711884,MA1714.1,-,6.86e-06,MER52-int,ERV1,LTR
chr14,66610105,66610126,MA1714.1,+,6.86e-06,L1PA8A,L1,LINE
chr6,66875882,66875903,MA1714.1,-,6.86e-06,HERVIP10F-int,ERV1,LTR
chr5,67804289,67804310,MA1714.1,-,6.86e-06,MLT1J2,ERVL-MaLR,LTR
chr9,71514813,71514834,MA1714.1,-,6.86e-06,L1PA15,L1,LINE
chr6,71702639,71702660,MA1714.1,+,6.86e-06,MIRb,MIR,SINE
chr16,72313377,72313398,MA1714.1,-,6.86e-06,MIRc,MIR,SINE
chr9,73817747,73817768,MA1714.1,+,6.86e-06,MIR,MIR,SINE
chr18,75076798,75076819,MA1714.1,+,6.86e-06,L3,CR1,LINE
chr1,75775974,75775995,MA1714.1,-,6.86e-06,MLT1L,ERVL-MaLR,LTR
chr4,82130749,82130770,MA1714.1,+,6.86e-06,MIRb,MIR,SINE
chr3,85281936,85281957,MA1714.1,+,6.86e-06,L1MC2,L1,LINE
chr1,85738476,85738497,MA1714.1,+,6.86e-06,MIRb,MIR,SINE
chrX,86634223,86634244,MA1714.1,+,6.86e-06,L1M1,L1,LINE
chr4,88859493,88859514,MA1714.1,-,6.86e-06,ERVL-E-int,ERVL,LTR
chr7,90634359,90634380,MA1714.1,-,6.86e-06,LTR41B,ERVL,LTR
chr10,93877621,93877642,MA1714.1,-,6.86e-06,MIR,MIR,SINE
chr6,98595089,98595110,MA1714.1,+,6.86e-06,L1MA9,L1,LINE
chr10,99536619,99536640,MA1714.1,+,6.86e-06,Charlie1a,hAT-Charlie,DNA
chr13,101700935,101700956,MA1714.1,+,6.86e-06,L1MB4,L1,LINE
chr6,107495475,107495496,MA1714.1,+,6.86e-06,L3,CR1,LINE
chr12,109255220,109255241,MA1714.1,-,6.86e-06,AluJo,Alu,SINE
chr6,113117579,113117600,MA1714.1,-,6.86e-06,MamGypLTR2c,Gypsy,LTR
chr10,116646614,116646635,MA1714.1,-,6.86e-06,AluYa5,Alu,SINE
chr9,121076126,121076147,MA1714.1,-,6.86e-06,L1ME1,L1,LINE
chr11,124067845,124067866,MA1714.1,-,6.86e-06,L1M5,L1,LINE
chr7,125916067,125916088,MA1714.1,-,6.86e-06,THE1D-int,ERVL-MaLR,LTR
chr12,129424916,129424937,MA1714.1,-,6.86e-06,MIRb,MIR,SINE
chr8,131390437,131390458,MA1714.1,+,6.86e-06,MIR,MIR,SINE
chr2,133172856,133172877,MA1714.1,-,6.86e-06,L1MA9,L1,LINE
chr4,135050215,135050236,MA1714.1,+,6.86e-06,L1PB1,L1,LINE
chr7,135180342,135180363,MA1714.1,+,6.86e-06,AluJb,Alu,SINE
chr2,137506900,137506921,MA1714.1,+,6.86e-06,MIR,MIR,SINE
chr4,142583221,142583242,MA1714.1,-,6.86e-06,L1MEe,L1,LINE
chr1,152401286,152401307,MA1714.1,-,6.86e-06,MIR,MIR,SINE
chr6,152980033,152980054,MA1714.1,-,6.86e-06,ERVL-B4-int,ERVL,LTR
chr1,170199764,170199785,MA1714.1,-,6.86e-06,MIR,MIR,SINE
chr4,177263624,177263645,MA1714.1,-,6.86e-06,MER52A,ERV1,LTR
chr1,180708672,180708693,MA1714.1,-,6.86e-06,L1MEf,L1,LINE
chr1,194323122,194323143,MA1714.1,-,6.86e-06,L1MDa,L1,LINE
chr1,208473434,208473455,MA1714.1,+,6.86e-06,MIR,MIR,SINE
chr2,212360983,212361004,MA1714.1,+,6.86e-06,L2a,L2,LINE
chr1,224649498,224649519,MA1714.1,-,6.86e-06,L1MB8,L1,LINE
chr1,225379086,225379107,MA1714.1,-,6.86e-06,L1MB5,L1,LINE
chrUn_gl000218,13756,13777,MA1714.1,+,6.91e-06,SATR1,Satellite,Satellite
chr8,2498105,2498126,MA1714.1,+,6.91e-06,MIRb,MIR,SINE
chr2,6198731,6198752,MA1714.1,-,6.91e-06,L1MA9,L1,LINE
chr18,7722153,7722174,MA1714.1,-,6.91e-06,L1MC2,L1,LINE
chr17,8121957,8121978,MA1714.1,+,6.91e-06,ERVL-B4-int,ERVL,LTR
chr11,10104100,10104121,MA1714.1,+,6.91e-06,L1M2,L1,LINE
chr3,12758856,12758877,MA1714.1,-,6.91e-06,AluJr,Alu,SINE
chr12,13862482,13862503,MA1714.1,+,6.91e-06,L1MDa,L1,LINE
chr3,15351740,15351761,MA1714.1,+,6.91e-06,MLT1K,ERVL-MaLR,LTR
chrY,15936347,15936368,MA1714.1,+,6.91e-06,AluYc,Alu,SINE
chr4,17339258,17339279,MA1714.1,+,6.91e-06,L2b,L2,LINE
chr6,18349704,18349725,MA1714.1,-,6.91e-06,MER21C,ERVL,LTR
chr9,19247422,19247443,MA1714.1,-,6.91e-06,AluJr4,Alu,SINE
chr15,20772866,20772887,MA1714.1,+,6.91e-06,MIRb,MIR,SINE
chr15,22710512,22710533,MA1714.1,-,6.91e-06,MIRb,MIR,SINE
chr15,23440264,23440285,MA1714.1,+,6.91e-06,MIRb,MIR,SINE
chr19,23746447,23746468,MA1714.1,+,6.91e-06,BSR/Beta,Satellite,Satellite
chr4,25093208,25093229,MA1714.1,-,6.91e-06,MLT1H,ERVL-MaLR,LTR
chr5,25484902,25484923,MA1714.1,-,6.91e-06,L1MEf,L1,LINE
chr17,26040207,26040228,MA1714.1,+,6.91e-06,HERV9-int,ERV1,LTR
chr15,26340591,26340612,MA1714.1,-,6.91e-06,MER57-int,ERV1,LTR
chr15,28628974,28628995,MA1714.1,+,6.91e-06,MIRb,MIR,SINE
chr15,28952150,28952171,MA1714.1,-,6.91e-06,MIRb,MIR,SINE
chr7,29018493,29018514,MA1714.1,+,6.91e-06,ERVL-E-int,ERVL,LTR
chr15,30380616,30380637,MA1714.1,+,6.91e-06,MIRb,MIR,SINE
chr15,30432718,30432739,MA1714.1,+,6.91e-06,MIRb,MIR,SINE
chr15,30700996,30701017,MA1714.1,-,6.91e-06,MIRb,MIR,SINE
chr15,30849627,30849648,MA1714.1,+,6.91e-06,MIRb,MIR,SINE
chr15,30901682,30901703,MA1714.1,+,6.91e-06,MIRb,MIR,SINE
chr16,31159314,31159335,MA1714.1,-,6.91e-06,MIR,MIR,SINE
chr15,32690009,32690030,MA1714.1,-,6.91e-06,MIRb,MIR,SINE
chr15,32742364,32742385,MA1714.1,-,6.91e-06,MIRb,MIR,SINE
chr15,32891101,32891122,MA1714.1,+,6.91e-06,MIRb,MIR,SINE
chr11,33675274,33675295,MA1714.1,-,6.91e-06,L1MEd,L1,LINE
chr1,33710800,33710821,MA1714.1,-,6.91e-06,MIRb,MIR,SINE
chrX,33971359,33971380,MA1714.1,-,6.91e-06,THE1B-int,ERVL-MaLR,LTR
chr15,34676508,34676529,MA1714.1,-,6.91e-06,MIRb,MIR,SINE
chr15,34822729,34822750,MA1714.1,-,6.91e-06,MIRb,MIR,SINE
chr17,37671110,37671131,MA1714.1,-,6.91e-06,L1ME1,L1,LINE
chr6,38734145,38734166,MA1714.1,+,6.91e-06,L1MA9,L1,LINE
chr4,41612633,41612654,MA1714.1,-,6.91e-06,MIR,MIR,SINE
chr7,42719789,42719810,MA1714.1,+,6.91e-06,L1MA5A,L1,LINE
chr14,43877160,43877181,MA1714.1,+,6.91e-06,L1ME1,L1,LINE
chr17,49315452,49315473,MA1714.1,+,6.91e-06,L1ME1,L1,LINE
chr10,50441804,50441825,MA1714.1,+,6.91e-06,L1MC4,L1,LINE
chr17,50745957,50745978,MA1714.1,-,6.91e-06,THE1D-int,ERVL-MaLR,LTR
chr19,51232964,51232985,MA1714.1,+,6.91e-06,AluJo,Alu,SINE
chr6,51349593,51349614,MA1714.1,-,6.91e-06,L1PA6,L1,LINE
chr3,51777533,51777554,MA1714.1,+,6.91e-06,HERV9-int,ERV1,LTR
chr8,55008914,55008935,MA1714.1,+,6.91e-06,AluSx,Alu,SINE
chr16,56608717,56608738,MA1714.1,-,6.91e-06,HAL1,L1,LINE
chr3,56645433,56645454,MA1714.1,-,6.91e-06,L1PBa1,L1,LINE
chr17,59226011,59226032,MA1714.1,-,6.91e-06,MIRb,MIR,SINE
chr17,61341437,61341458,MA1714.1,-,6.91e-06,MLT1H2,ERVL-MaLR,LTR
chr4,64196611,64196632,MA1714.1,-,6.91e-06,ALR/Alpha,centr,Satellite
chr8,64770203,64770224,MA1714.1,+,6.91e-06,MER135,DNA,DNA
chr1,65889980,65890001,MA1714.1,+,6.91e-06,L3,CR1,LINE
chrX,66471751,66471772,MA1714.1,+,6.91e-06,L1PA7,L1,LINE
chr4,67409649,67409670,MA1714.1,+,6.91e-06,L1MA1,L1,LINE
chr12,69348909,69348930,MA1714.1,+,6.91e-06,MER52A,ERV1,LTR
chr18,74937996,74938017,MA1714.1,-,6.91e-06,L1M5,L1,LINE
chr3,76462351,76462372,MA1714.1,-,6.91e-06,THE1A-int,ERVL-MaLR,LTR
chr8,77781320,77781341,MA1714.1,-,6.91e-06,MIRb,MIR,SINE
chr8,79425204,79425225,MA1714.1,+,6.91e-06,L1MC3,L1,LINE
chr15,82109853,82109874,MA1714.1,+,6.91e-06,MIR3,MIR,SINE
chr3,86156455,86156476,MA1714.1,+,6.91e-06,LTR34,ERV1,LTR
chr11,89264956,89264977,MA1714.1,+,6.91e-06,THE1D-int,ERVL-MaLR,LTR
chr6,89902246,89902267,MA1714.1,-,6.91e-06,LTR78,ERV1,LTR
chr1,91830757,91830778,MA1714.1,+,6.91e-06,L1MA9,L1,LINE
chr14,98673175,98673196,MA1714.1,+,6.91e-06,MIRb,MIR,SINE
chr5,99804411,99804432,MA1714.1,+,6.91e-06,L1M4c,L1,LINE
chr12,104231053,104231074,MA1714.1,-,6.91e-06,THE1A-int,ERVL-MaLR,LTR
chr10,105558756,105558777,MA1714.1,-,6.91e-06,MIR,MIR,SINE
chr8,106161928,106161949,MA1714.1,+,6.91e-06,THE1B,ERVL-MaLR,LTR
chr1,107629011,107629032,MA1714.1,-,6.91e-06,L1MB3,L1,LINE
chr13,111740061,111740082,MA1714.1,-,6.91e-06,L1ME1,L1,LINE
chrX,112563227,112563248,MA1714.1,+,6.91e-06,L1MB1,L1,LINE
chr11,116297710,116297731,MA1714.1,+,6.91e-06,MIR,MIR,SINE
chr5,118718339,118718360,MA1714.1,-,6.91e-06,MIR,MIR,SINE
chr6,119859512,119859533,MA1714.1,-,6.91e-06,L1MEf,L1,LINE
chr8,120330181,120330202,MA1714.1,-,6.91e-06,LTR85c,Gypsy,LTR
chr10,120698225,120698246,MA1714.1,+,6.91e-06,L1MB8,L1,LINE
chr12,121066847,121066868,MA1714.1,-,6.91e-06,LTR33,ERVL,LTR
chr10,121818828,121818849,MA1714.1,-,6.91e-06,AluSx1,Alu,SINE
chr6,125183802,125183823,MA1714.1,-,6.91e-06,THE1A-int,ERVL-MaLR,LTR
chr3,126024222,126024243,MA1714.1,-,6.91e-06,MLT1L,ERVL-MaLR,LTR
chrX,126505049,126505070,MA1714.1,-,6.91e-06,THE1A-int,ERVL-MaLR,LTR
chrX,127235861,127235882,MA1714.1,-,6.91e-06,THE1A-int,ERVL-MaLR,LTR
chr10,127465828,127465849,MA1714.1,+,6.91e-06,AluJb,Alu,SINE
chr12,128096092,128096113,MA1714.1,+,6.91e-06,HERV9-int,ERV1,LTR
chr12,131816069,131816090,MA1714.1,-,6.91e-06,L2b,L2,LINE
chr5,133660619,133660640,MA1714.1,+,6.91e-06,L1MC2,L1,LINE
chrX,134434006,134434027,MA1714.1,-,6.91e-06,L1MB8,L1,LINE
chr3,140653310,140653331,MA1714.1,+,6.91e-06,L1PA7,L1,LINE
chr5,142664760,142664781,MA1714.1,+,6.91e-06,L1MEc,L1,LINE
chr5,143187639,143187660,MA1714.1,+,6.91e-06,L1ME5,L1,LINE
chr4,145228404,145228425,MA1714.1,-,6.91e-06,L1PB1,L1,LINE
chr5,152030380,152030401,MA1714.1,+,6.91e-06,MIRb,MIR,SINE
chr5,157989433,157989454,MA1714.1,-,6.91e-06,MIRb,MIR,SINE
chr6,158561257,158561278,MA1714.1,+,6.91e-06,MER21B,ERVL,LTR
chr1,164368493,164368514,MA1714.1,+,6.91e-06,L1ME2,L1,LINE
chr2,175411997,175412018,MA1714.1,+,6.91e-06,LTR78,ERV1,LTR
chr3,197039646,197039667,MA1714.1,-,6.91e-06,L1MA9,L1,LINE
chr2,198177920,198177941,MA1714.1,+,6.91e-06,ERVL-E-int,ERVL,LTR
chr1,212907351,212907372,MA1714.1,-,6.91e-06,HAL1,L1,LINE
chr1,236206150,236206171,MA1714.1,+,6.91e-06,MER21C,ERVL,LTR
chr17,1594024,1594045,MA1714.1,-,6.95e-06,L1MB7,L1,LINE
chr1,1994367,1994388,MA1714.1,-,6.95e-06,L1MB3,L1,LINE
chr1,2176527,2176548,MA1714.1,-,6.95e-06,L1MB3,L1,LINE
chr9,2431705,2431726,MA1714.1,-,6.95e-06,L1PA7,L1,LINE
chr12,2838725,2838746,MA1714.1,+,6.95e-06,AluSc,Alu,SINE
chrX,3182526,3182547,MA1714.1,-,6.95e-06,AluSz,Alu,SINE
chr10,3246845,3246866,MA1714.1,-,6.95e-06,AluSg7,Alu,SINE
chr2,3516159,3516180,MA1714.1,+,6.95e-06,MSTA-int,ERVL-MaLR,LTR
chr20,3538049,3538070,MA1714.1,+,6.95e-06,HAL1b,L1,LINE
chr8,4743474,4743495,MA1714.1,-,6.95e-06,L1MB7,L1,LINE
chr10,4855579,4855600,MA1714.1,-,6.95e-06,AluSz6,Alu,SINE
chr5,5936229,5936250,MA1714.1,-,6.95e-06,AluSx3,Alu,SINE
chrY,6513960,6513981,MA1714.1,-,6.95e-06,L1MC3,L1,LINE
chr12,6921489,6921510,MA1714.1,+,6.95e-06,AluSz6,Alu,SINE
chr16,7625208,7625229,MA1714.1,-,6.95e-06,AluSg,Alu,SINE
chrY,8001885,8001906,MA1714.1,+,6.95e-06,AluY,Alu,SINE
chr17,12023376,12023397,MA1714.1,+,6.95e-06,L1PREC2,L1,LINE
chr16,12303118,12303139,MA1714.1,-,6.95e-06,AluSz6,Alu,SINE
chr2,13389609,13389630,MA1714.1,-,6.95e-06,L1ME1,L1,LINE
chr10,15259708,15259729,MA1714.1,-,6.95e-06,AluSg4,Alu,SINE
chr3,15551843,15551864,MA1714.1,-,6.95e-06,MIR,MIR,SINE
chr19,15692415,15692436,MA1714.1,-,6.95e-06,AluJb,Alu,SINE
chr1,15709686,15709707,MA1714.1,+,6.95e-06,MIRb,MIR,SINE
chrY,15762869,15762890,MA1714.1,-,6.95e-06,L1PA7,L1,LINE
chr6,17319455,17319476,MA1714.1,-,6.95e-06,LTR21B,ERV1,LTR
chr6,17327544,17327565,MA1714.1,-,6.95e-06,LTR21B,ERV1,LTR
chrX,17710970,17710991,MA1714.1,+,6.95e-06,MIR,MIR,SINE
chr6,18031829,18031850,MA1714.1,-,6.95e-06,AluSq,Alu,SINE
chrX,19300400,19300421,MA1714.1,-,6.95e-06,AluSz6,Alu,SINE
chr11,19819376,19819397,MA1714.1,+,6.95e-06,MIR,MIR,SINE
chr14,21407797,21407818,MA1714.1,-,6.95e-06,AluSx,Alu,SINE
chr13,21533921,21533942,MA1714.1,+,6.95e-06,AluSx,Alu,SINE
chr20,22524674,22524695,MA1714.1,+,6.95e-06,AluJb,Alu,SINE
chr19,22798640,22798661,MA1714.1,-,6.95e-06,LTR21B,ERV1,LTR
chr21,23984292,23984313,MA1714.1,+,6.95e-06,AluSc,Alu,SINE
chr8,24941452,24941473,MA1714.1,+,6.95e-06,AluSq2,Alu,SINE
chr17,25550091,25550112,MA1714.1,+,6.95e-06,L1M5,L1,LINE
chr15,26457483,26457504,MA1714.1,+,6.95e-06,L1MC4,L1,LINE
chr7,26483819,26483840,MA1714.1,-,6.95e-06,AluSz6,Alu,SINE
chr21,26755215,26755236,MA1714.1,-,6.95e-06,ERVL-E-int,ERVL,LTR
chr6,27070857,27070878,MA1714.1,-,6.95e-06,L1ME3B,L1,LINE
chr6,28206882,28206903,MA1714.1,-,6.95e-06,L1ME3F,L1,LINE
chr4,28474693,28474714,MA1714.1,+,6.95e-06,THE1D-int,ERVL-MaLR,LTR
chr10,29019734,29019755,MA1714.1,-,6.95e-06,AluSx,Alu,SINE
chr10,30412735,30412756,MA1714.1,-,6.95e-06,AluSx,Alu,SINE
chr12,31810650,31810671,MA1714.1,+,6.95e-06,AluSg,Alu,SINE
chr20,34699018,34699039,MA1714.1,-,6.95e-06,MIRb,MIR,SINE
chr2,35634513,35634534,MA1714.1,-,6.95e-06,MIR,MIR,SINE
chr2,38211105,38211126,MA1714.1,+,6.95e-06,MER58A,hAT-Charlie,DNA
chr6,38379637,38379658,MA1714.1,+,6.95e-06,AluSz6,Alu,SINE
chr1,40646002,40646023,MA1714.1,-,6.95e-06,AluSx1,Alu,SINE
chr1,41389712,41389733,MA1714.1,-,6.95e-06,MIR,MIR,SINE
chr6,41823177,41823198,MA1714.1,+,6.95e-06,AluSx,Alu,SINE
chr3,41952379,41952400,MA1714.1,+,6.95e-06,AluJr4,Alu,SINE
chr14,43067560,43067581,MA1714.1,+,6.95e-06,AluSz,Alu,SINE
chr15,44846499,44846520,MA1714.1,+,6.95e-06,AluSz6,Alu,SINE
chr21,45293739,45293760,MA1714.1,-,6.95e-06,L1MEd,L1,LINE
chrX,45470709,45470730,MA1714.1,-,6.95e-06,L1MC,L1,LINE
chr20,46106122,46106143,MA1714.1,+,6.95e-06,AluSx4,Alu,SINE
chr14,46862798,46862819,MA1714.1,-,6.95e-06,L1MC4,L1,LINE
chr18,47863483,47863504,MA1714.1,-,6.95e-06,MER83A-int,ERV1,LTR
chr5,52647275,52647296,MA1714.1,+,6.95e-06,LTR16A2,ERVL,LTR
chrX,53518360,53518381,MA1714.1,-,6.95e-06,ERVL-E-int,ERVL,LTR
chr12,53558365,53558386,MA1714.1,+,6.95e-06,L1PA16,L1,LINE
chr4,55060359,55060380,MA1714.1,-,6.95e-06,LTR54,ERV1,LTR
chr5,55350987,55351008,MA1714.1,-,6.95e-06,AluSq2,Alu,SINE
chr4,56002276,56002297,MA1714.1,-,6.95e-06,MLT1K,ERVL-MaLR,LTR
chr4,56523410,56523431,MA1714.1,-,6.95e-06,AluSx1,Alu,SINE
chr3,58029389,58029410,MA1714.1,-,6.95e-06,MLT1K,ERVL-MaLR,LTR
chr13,60530417,60530438,MA1714.1,+,6.95e-06,THE1B-int,ERVL-MaLR,LTR
chr1,62118746,62118767,MA1714.1,+,6.95e-06,AluSz6,Alu,SINE
chr16,62797146,62797167,MA1714.1,-,6.95e-06,LTR16E2,ERVL,LTR
chr5,63727082,63727103,MA1714.1,+,6.95e-06,L1MA4,L1,LINE
chr15,65865870,65865891,MA1714.1,+,6.95e-06,AluSz6,Alu,SINE
chr9,66527262,66527283,MA1714.1,+,6.95e-06,L1MD2,L1,LINE
chr3,71789808,71789829,MA1714.1,+,6.95e-06,AluJb,Alu,SINE
chr6,73297782,73297803,MA1714.1,-,6.95e-06,L1MEe,L1,LINE
chr18,74192069,74192090,MA1714.1,+,6.95e-06,MER33,hAT-Charlie,DNA
chr5,76066905,76066926,MA1714.1,+,6.95e-06,L1PA16,L1,LINE
chr11,77729677,77729698,MA1714.1,+,6.95e-06,AluSz,Alu,SINE
chr16,78030779,78030800,MA1714.1,-,6.95e-06,AluSz,Alu,SINE
chr10,78050252,78050273,MA1714.1,-,6.95e-06,AluSx,Alu,SINE
chr2,78273015,78273036,MA1714.1,+,6.95e-06,THE1B-int,ERVL-MaLR,LTR
chr12,78325998,78326019,MA1714.1,-,6.95e-06,HAL1,L1,LINE
chr13,78340457,78340478,MA1714.1,-,6.95e-06,MSTB-int,ERVL-MaLR,LTR
chr11,83833287,83833308,MA1714.1,+,6.95e-06,AluSx,Alu,SINE
chr10,85582040,85582061,MA1714.1,+,6.95e-06,AluSg4,Alu,SINE
chr4,89392194,89392215,MA1714.1,-,6.95e-06,AluJb,Alu,SINE
chrX,89774382,89774403,MA1714.1,+,6.95e-06,L1MA1,L1,LINE
chr13,89836214,89836235,MA1714.1,-,6.95e-06,THE1C-int,ERVL-MaLR,LTR
chr9,90089455,90089476,MA1714.1,-,6.95e-06,AluSx1,Alu,SINE
chr1,92870200,92870221,MA1714.1,+,6.95e-06,AluSz6,Alu,SINE
chr9,94189612,94189633,MA1714.1,+,6.95e-06,Charlie15a,hAT-Charlie,DNA
chr4,95549265,95549286,MA1714.1,-,6.95e-06,MIR,MIR,SINE
chr5,96471447,96471468,MA1714.1,+,6.95e-06,AluSx1,Alu,SINE
chr13,99277500,99277521,MA1714.1,+,6.95e-06,AluSz,Alu,SINE
chr6,100173469,100173490,MA1714.1,-,6.95e-06,L1MA1,L1,LINE
chr9,101497012,101497033,MA1714.1,+,6.95e-06,MIRb,MIR,SINE
chr14,101631507,101631528,MA1714.1,-,6.95e-06,L1MC3,L1,LINE
chr2,102119504,102119525,MA1714.1,-,6.95e-06,AluSx,Alu,SINE
chr11,102387969,102387990,MA1714.1,-,6.95e-06,AluSz6,Alu,SINE
chr2,103667066,103667087,MA1714.1,-,6.95e-06,L1MA2,L1,LINE
chr4,105733461,105733482,MA1714.1,-,6.95e-06,THE1B,ERVL-MaLR,LTR
chr5,105952778,105952799,MA1714.1,+,6.95e-06,MER58A,hAT-Charlie,DNA
chr11,107470392,107470413,MA1714.1,+,6.95e-06,AluSz,Alu,SINE
chr10,109522209,109522230,MA1714.1,+,6.95e-06,L1MA6,L1,LINE
chr1,109998634,109998655,MA1714.1,-,6.95e-06,MER41-int,ERV1,LTR
chr6,110773110,110773131,MA1714.1,-,6.95e-06,L1ME3B,L1,LINE
chr12,111855171,111855192,MA1714.1,-,6.95e-06,L1M2,L1,LINE
chr7,112156386,112156407,MA1714.1,-,6.95e-06,AluSx1,Alu,SINE
chr10,112797507,112797528,MA1714.1,+,6.95e-06,L1MC4,L1,LINE
chr4,114006020,114006041,MA1714.1,-,6.95e-06,MIRb,MIR,SINE
chr1,116151244,116151265,MA1714.1,-,6.95e-06,LTR16E2,ERVL,LTR
chr1,116649183,116649204,MA1714.1,-,6.95e-06,AluSx1,Alu,SINE
chr3,117704643,117704664,MA1714.1,-,6.95e-06,L1PREC2,L1,LINE
chr8,125724173,125724194,MA1714.1,+,6.95e-06,AluSz6,Alu,SINE
chr11,126177152,126177173,MA1714.1,+,6.95e-06,AluSx,Alu,SINE
chr12,126416114,126416135,MA1714.1,+,6.95e-06,THE1B,ERVL-MaLR,LTR
chr9,127514472,127514493,MA1714.1,+,6.95e-06,AluSz,Alu,SINE
chr8,128389460,128389481,MA1714.1,+,6.95e-06,MLT1C,ERVL-MaLR,LTR
chr4,130156668,130156689,MA1714.1,+,6.95e-06,THE1B,ERVL-MaLR,LTR
chr7,131332902,131332923,MA1714.1,+,6.95e-06,MIR,MIR,SINE
chr12,133017564,133017585,MA1714.1,+,6.95e-06,AluSx1,Alu,SINE
chr11,134443813,134443834,MA1714.1,-,6.95e-06,MER58A,hAT-Charlie,DNA
chrX,134687165,134687186,MA1714.1,+,6.95e-06,L1ME3A,L1,LINE
chr5,138507793,138507814,MA1714.1,+,6.95e-06,L1M4c,L1,LINE
chr3,143811523,143811544,MA1714.1,-,6.95e-06,L1M5,L1,LINE
chr1,159315894,159315915,MA1714.1,-,6.95e-06,L1ME3D,L1,LINE
chr6,164416942,164416963,MA1714.1,-,6.95e-06,AluSz6,Alu,SINE
chr2,170766676,170766697,MA1714.1,-,6.95e-06,L2a,L2,LINE
chr1,173679785,173679806,MA1714.1,-,6.95e-06,MER50,ERV1,LTR
chr5,178100548,178100569,MA1714.1,+,6.95e-06,AluSx1,Alu,SINE
chr2,193498561,193498582,MA1714.1,-,6.95e-06,AluSq2,Alu,SINE
chr1,195881182,195881203,MA1714.1,-,6.95e-06,MLT1J,ERVL-MaLR,LTR
chr2,207019725,207019746,MA1714.1,-,6.95e-06,AluSx,Alu,SINE
chr2,216628501,216628522,MA1714.1,-,6.95e-06,THE1B,ERVL-MaLR,LTR
chr1,220006094,220006115,MA1714.1,-,6.95e-06,L1MC3,L1,LINE
chr1,226560300,226560321,MA1714.1,+,6.95e-06,AluSx,Alu,SINE
chr1,235552714,235552735,MA1714.1,-,6.95e-06,AluSq2,Alu,SINE
chr1,245184809,245184830,MA1714.1,-,6.95e-06,AluSx1,Alu,SINE
chr7,3912969,3912990,MA1714.1,-,7e-06,L1MCa,L1,LINE
chr5,4605838,4605859,MA1714.1,-,7e-06,L1MDa,L1,LINE
chr17,5171515,5171536,MA1714.1,+,7e-06,L1MB7,L1,LINE
chr17,7793845,7793866,MA1714.1,+,7e-06,MIR,MIR,SINE
chr4,8060963,8060984,MA1714.1,+,7e-06,MER34C_,ERV1,LTR
chrX,9423787,9423808,MA1714.1,-,7e-06,AluJo,Alu,SINE
chr19,9886288,9886309,MA1714.1,+,7e-06,L1M5,L1,LINE
chr5,12028277,12028298,MA1714.1,-,7e-06,THE1D-int,ERVL-MaLR,LTR
chr17,12815452,12815473,MA1714.1,+,7e-06,HAL1,L1,LINE
chr20,14581835,14581856,MA1714.1,-,7e-06,MER1B,hAT-Charlie,DNA
chr4,14754431,14754452,MA1714.1,-,7e-06,THE1C-int,ERVL-MaLR,LTR
chr8,16203873,16203894,MA1714.1,-,7e-06,L1MB4,L1,LINE
chr1,17849960,17849981,MA1714.1,-,7e-06,MIRb,MIR,SINE
chr3,17949647,17949668,MA1714.1,-,7e-06,MIRb,MIR,SINE
chr1,18662866,18662887,MA1714.1,-,7e-06,MIR,MIR,SINE
chr11,19314771,19314792,MA1714.1,-,7e-06,L1PA15,L1,LINE
chr8,19454505,19454526,MA1714.1,-,7e-06,L1MB2,L1,LINE
chr12,21705019,21705040,MA1714.1,+,7e-06,MIRb,MIR,SINE
chr19,22208312,22208333,MA1714.1,-,7e-06,MLT2A1,ERVL,LTR
chr20,23074026,23074047,MA1714.1,+,7e-06,MIRb,MIR,SINE
chr11,24801018,24801039,MA1714.1,+,7e-06,MIRb,MIR,SINE
chr6,25911881,25911902,MA1714.1,-,7e-06,L1ME3A,L1,LINE
chr4,26304369,26304390,MA1714.1,+,7e-06,MIRb,MIR,SINE
chr10,27108180,27108201,MA1714.1,+,7e-06,L1ME1,L1,LINE
chr2,27177819,27177840,MA1714.1,+,7e-06,AluSz,Alu,SINE
chr11,28466855,28466876,MA1714.1,-,7e-06,L1MC4,L1,LINE
chr22,28998561,28998582,MA1714.1,+,7e-06,L1MC4,L1,LINE
chrX,29031433,29031454,MA1714.1,+,7e-06,L1PA11,L1,LINE
chr9,30312354,30312375,MA1714.1,-,7e-06,MSTA-int,ERVL-MaLR,LTR
chr10,30547392,30547413,MA1714.1,-,7e-06,L1MB4,L1,LINE
chr19,30669118,30669139,MA1714.1,+,7e-06,MLT1I-int,ERVL-MaLR,LTR
chr11,30812751,30812772,MA1714.1,-,7e-06,AluSc8,Alu,SINE
chr17,31818924,31818945,MA1714.1,-,7e-06,L3,CR1,LINE
chr5,31927182,31927203,MA1714.1,+,7e-06,L1PA16,L1,LINE
chr20,35101056,35101077,MA1714.1,-,7e-06,MIR3,MIR,SINE
chr18,35972886,35972907,MA1714.1,+,7e-06,L1P3,L1,LINE
chr6,36477934,36477955,MA1714.1,-,7e-06,MER52A,ERV1,LTR
chr11,36735855,36735876,MA1714.1,+,7e-06,L2,L2,LINE
chr1,38222421,38222442,MA1714.1,-,7e-06,L3,CR1,LINE
chr13,39025544,39025565,MA1714.1,-,7e-06,L1ME1,L1,LINE
chr17,39354990,39355011,MA1714.1,+,7e-06,L1PB1,L1,LINE
chrX,40318508,40318529,MA1714.1,-,7e-06,AluJb,Alu,SINE
chr1,40490476,40490497,MA1714.1,-,7e-06,L1M5,L1,LINE
chr21,40912531,40912552,MA1714.1,-,7e-06,THE1A-int,ERVL-MaLR,LTR
chr13,42829656,42829677,MA1714.1,+,7e-06,L3,CR1,LINE
chr6,45742321,45742342,MA1714.1,+,7e-06,Plat_L3,CR1,LINE
chr15,47626896,47626917,MA1714.1,+,7e-06,MER4B-int,ERV1,LTR
chr8,48995955,48995976,MA1714.1,+,7e-06,L1MB8,L1,LINE
chr20,49691500,49691521,MA1714.1,+,7e-06,L2b,L2,LINE
chr20,49920453,49920474,MA1714.1,-,7e-06,LTR28,ERV1,LTR
chr19,50426947,50426968,MA1714.1,-,7e-06,MIR,MIR,SINE
chr13,50611961,50611982,MA1714.1,-,7e-06,L3,CR1,LINE
chr3,51599389,51599410,MA1714.1,+,7e-06,AluJb,Alu,SINE
chr19,52021479,52021500,MA1714.1,-,7e-06,L1MEe,L1,LINE
chr1,52920252,52920273,MA1714.1,+,7e-06,L1MC1,L1,LINE
chr17,53326511,53326532,MA1714.1,-,7e-06,MIRb,MIR,SINE
chr20,53648325,53648346,MA1714.1,-,7e-06,MER66-int,ERV1,LTR
chr1,56061005,56061026,MA1714.1,-,7e-06,L1ME1,L1,LINE
chr5,56263859,56263880,MA1714.1,+,7e-06,MLT2B3,ERVL,LTR
chr15,56916285,56916306,MA1714.1,-,7e-06,MLT1I-int,ERVL-MaLR,LTR
chr11,58226250,58226271,MA1714.1,+,7e-06,L1MA8,L1,LINE
chr17,60623089,60623110,MA1714.1,-,7e-06,AluJb,Alu,SINE
chr4,62010515,62010536,MA1714.1,+,7e-06,MIR,MIR,SINE
chr6,63818756,63818777,MA1714.1,-,7e-06,L1MA3,L1,LINE
chr14,66660284,66660305,MA1714.1,-,7e-06,L1MEd,L1,LINE
chr4,71340199,71340220,MA1714.1,+,7e-06,AluJb,Alu,SINE
chr5,71978281,71978302,MA1714.1,+,7e-06,L1MC1,L1,LINE
chr12,74752312,74752333,MA1714.1,+,7e-06,L1MC3,L1,LINE
chr5,76215465,76215486,MA1714.1,-,7e-06,AluJo,Alu,SINE
chr5,77820532,77820553,MA1714.1,+,7e-06,AluSz6,Alu,SINE
chr3,79911395,79911416,MA1714.1,+,7e-06,THE1D-int,ERVL-MaLR,LTR
chr6,81332316,81332337,MA1714.1,+,7e-06,L1M1,L1,LINE
chrX,81633651,81633672,MA1714.1,-,7e-06,MSTA-int,ERVL-MaLR,LTR
chr10,82928111,82928132,MA1714.1,-,7e-06,L1MB7,L1,LINE
chr9,82953418,82953439,MA1714.1,+,7e-06,L1MA3,L1,LINE
chr6,83470523,83470544,MA1714.1,+,7e-06,HAL1,L1,LINE
chr3,86958928,86958949,MA1714.1,-,7e-06,MER121,TcMar,DNA
chr3,88299787,88299808,MA1714.1,+,7e-06,LTR85a,Gypsy,LTR
chr14,89223555,89223576,MA1714.1,+,7e-06,L1MB7,L1,LINE
chr6,89705016,89705037,MA1714.1,-,7e-06,L1MEe,L1,LINE
chr13,91029514,91029535,MA1714.1,-,7e-06,MLT1B,ERVL-MaLR,LTR
chr4,92370770,92370791,MA1714.1,-,7e-06,L1MEc,L1,LINE
chr9,92768297,92768318,MA1714.1,-,7e-06,L1M4,L1,LINE
chr6,93669392,93669413,MA1714.1,-,7e-06,THE1B-int,ERVL-MaLR,LTR
chr14,94898702,94898723,MA1714.1,-,7e-06,L1MC1,L1,LINE
chr6,94983210,94983231,MA1714.1,+,7e-06,HAL1,L1,LINE
chr6,102524559,102524580,MA1714.1,+,7e-06,AluSx,Alu,SINE
chr12,103510905,103510926,MA1714.1,-,7e-06,L1MA5A,L1,LINE
chrX,104517886,104517907,MA1714.1,-,7e-06,MIRb,MIR,SINE
chrX,104547541,104547562,MA1714.1,-,7e-06,L1M1,L1,LINE
chrX,107329999,107330020,MA1714.1,+,7e-06,L1ME4a,L1,LINE
chr2,108866711,108866732,MA1714.1,+,7e-06,L1ME1,L1,LINE
chr2,111536239,111536260,MA1714.1,+,7e-06,MIRb,MIR,SINE
chr4,114581582,114581603,MA1714.1,-,7e-06,AluJo,Alu,SINE
chr2,115075194,115075215,MA1714.1,-,7e-06,L1M1,L1,LINE
chr10,117447461,117447482,MA1714.1,-,7e-06,L1MA4A,L1,LINE
chr7,117558848,117558869,MA1714.1,-,7e-06,MLT2B3,ERVL,LTR
chr7,123861441,123861462,MA1714.1,+,7e-06,THE1D-int,ERVL-MaLR,LTR
chr9,127833644,127833665,MA1714.1,+,7e-06,AluJb,Alu,SINE
chr7,128241488,128241509,MA1714.1,-,7e-06,AluJb,Alu,SINE
chr10,129802329,129802350,MA1714.1,+,7e-06,MIR,MIR,SINE
chrX,138940804,138940825,MA1714.1,-,7e-06,MIR,MIR,SINE
chr8,141955656,141955677,MA1714.1,+,7e-06,AluJr4,Alu,SINE
chr4,144752544,144752565,MA1714.1,+,7e-06,THE1D-int,ERVL-MaLR,LTR
chr7,151013114,151013135,MA1714.1,-,7e-06,AluSz6,Alu,SINE
chr2,158475343,158475364,MA1714.1,+,7e-06,L1MEf,L1,LINE
chr2,170466956,170466977,MA1714.1,-,7e-06,L1MC4a,L1,LINE
chr2,183719133,183719154,MA1714.1,+,7e-06,L1MEf,L1,LINE
chr4,185175138,185175159,MA1714.1,+,7e-06,LTR12C,ERV1,LTR
chr3,194231289,194231310,MA1714.1,+,7e-06,FAM,Alu,SINE
chr3,194622187,194622208,MA1714.1,-,7e-06,L1PB2,L1,LINE
chr1,208053315,208053336,MA1714.1,-,7e-06,L1MC4,L1,LINE
chr1,219451397,219451418,MA1714.1,-,7e-06,MIRc,MIR,SINE
chr12,1571401,1571422,MA1714.1,+,7.04e-06,L1ME2,L1,LINE
chr3,1915906,1915927,MA1714.1,+,7.04e-06,L1ME2,L1,LINE
chr4,2026979,2027000,MA1714.1,+,7.04e-06,MER52A,ERV1,LTR
chrY,4135504,4135525,MA1714.1,-,7.04e-06,L1MA9,L1,LINE
chr16,4763441,4763462,MA1714.1,+,7.04e-06,L1ME4a,L1,LINE
chr10,6563461,6563482,MA1714.1,+,7.04e-06,MIR,MIR,SINE
chr19,9496319,9496340,MA1714.1,+,7.04e-06,L1MEf,L1,LINE
chr10,9706828,9706849,MA1714.1,-,7.04e-06,L1MC2,L1,LINE
chr20,10889825,10889846,MA1714.1,+,7.04e-06,MLT1J2,ERVL-MaLR,LTR
chr11,12041274,12041295,MA1714.1,-,7.04e-06,LTR88b,Gypsy,LTR
chr4,14439069,14439090,MA1714.1,+,7.04e-06,MIRb,MIR,SINE
chrY,14595790,14595811,MA1714.1,-,7.04e-06,L1MB5,L1,LINE
chr5,16915409,16915430,MA1714.1,+,7.04e-06,MIRb,MIR,SINE
chr17,17328702,17328723,MA1714.1,+,7.04e-06,MER52A,ERV1,LTR
chr1,17591074,17591095,MA1714.1,-,7.04e-06,L1ME3B,L1,LINE
chr5,20140861,20140882,MA1714.1,-,7.04e-06,L1MC3,L1,LINE
chr22,24521000,24521021,MA1714.1,+,7.04e-06,L1MB3,L1,LINE
chr4,24792674,24792695,MA1714.1,-,7.04e-06,MLT1L,ERVL-MaLR,LTR
chr17,27260983,27261004,MA1714.1,+,7.04e-06,AluJb,Alu,SINE
chr13,27490527,27490548,MA1714.1,-,7.04e-06,L1MC3,L1,LINE
chr18,28213641,28213662,MA1714.1,-,7.04e-06,LTR28,ERV1,LTR
chr13,28758194,28758215,MA1714.1,-,7.04e-06,Helitron3Na_Mam,Helitron,RC
chr21,29878293,29878314,MA1714.1,-,7.04e-06,MSTA-int,ERVL-MaLR,LTR
chr22,31379240,31379261,MA1714.1,-,7.04e-06,AluJb,Alu,SINE
chr13,31753161,31753182,MA1714.1,-,7.04e-06,AluSx1,Alu,SINE
chr15,32354760,32354781,MA1714.1,-,7.04e-06,HAL1,L1,LINE
chr10,32410660,32410681,MA1714.1,-,7.04e-06,MER52A,ERV1,LTR
chr20,36943521,36943542,MA1714.1,-,7.04e-06,MIR,MIR,SINE
chr1,37486156,37486177,MA1714.1,-,7.04e-06,Charlie22a,hAT-Charlie,DNA
chr1,37512942,37512963,MA1714.1,-,7.04e-06,MIRb,MIR,SINE
chr15,37875415,37875436,MA1714.1,+,7.04e-06,MER52A,ERV1,LTR
chr7,39012180,39012201,MA1714.1,-,7.04e-06,Charlie1b,hAT-Charlie,DNA
chr3,44429212,44429233,MA1714.1,+,7.04e-06,MER52A,ERV1,LTR
chr16,51633230,51633251,MA1714.1,-,7.04e-06,MIRb,MIR,SINE
chr4,53819770,53819791,MA1714.1,+,7.04e-06,MIRc,MIR,SINE
chr15,54751781,54751802,MA1714.1,-,7.04e-06,L1PB1,L1,LINE
chr12,56785084,56785105,MA1714.1,+,7.04e-06,L1MEc,L1,LINE
chr8,58415598,58415619,MA1714.1,-,7.04e-06,L1MDa,L1,LINE
chr14,59365060,59365081,MA1714.1,-,7.04e-06,MIR,MIR,SINE
chr13,61742590,61742611,MA1714.1,-,7.04e-06,HAL1b,L1,LINE
chr8,62223546,62223567,MA1714.1,+,7.04e-06,MIRb,MIR,SINE
chr14,64808178,64808199,MA1714.1,+,7.04e-06,MLT1D,ERVL-MaLR,LTR
chr1,69875719,69875740,MA1714.1,+,7.04e-06,MER52A,ERV1,LTR
chr11,72844762,72844783,MA1714.1,+,7.04e-06,AluSg7,Alu,SINE
chr3,74800155,74800176,MA1714.1,-,7.04e-06,MER52A,ERV1,LTR
chr11,74825329,74825350,MA1714.1,+,7.04e-06,AluJb,Alu,SINE
chr9,76881307,76881328,MA1714.1,-,7.04e-06,MLT1L,ERVL-MaLR,LTR
chr6,77134389,77134410,MA1714.1,-,7.04e-06,LTR88b,Gypsy,LTR
chr5,77237560,77237581,MA1714.1,+,7.04e-06,L1MC3,L1,LINE
chr14,77816391,77816412,MA1714.1,-,7.04e-06,L1MEd,L1,LINE
chrX,78792681,78792702,MA1714.1,+,7.04e-06,THE1B-int,ERVL-MaLR,LTR
chr8,81998633,81998654,MA1714.1,-,7.04e-06,L3b,CR1,LINE
chr3,83469544,83469565,MA1714.1,+,7.04e-06,L1MC3,L1,LINE
chr12,84757508,84757529,MA1714.1,+,7.04e-06,MER52D,ERV1,LTR
chr1,85337709,85337730,MA1714.1,-,7.04e-06,L1MC3,L1,LINE
chr1,86035761,86035782,MA1714.1,-,7.04e-06,MIRb,MIR,SINE
chr7,86776128,86776149,MA1714.1,-,7.04e-06,MER52A,ERV1,LTR
chr15,87572798,87572819,MA1714.1,-,7.04e-06,MIRb,MIR,SINE
chr3,88563037,88563058,MA1714.1,+,7.04e-06,MLT1H1-int,ERVL-MaLR,LTR
chr11,89333173,89333194,MA1714.1,-,7.04e-06,L1MC3,L1,LINE
chr9,89381691,89381712,MA1714.1,-,7.04e-06,MIRb,MIR,SINE
chr7,89409131,89409152,MA1714.1,+,7.04e-06,LTR1D,ERV1,LTR
chrX,89940299,89940320,MA1714.1,-,7.04e-06,L1MA9,L1,LINE
chr10,91710612,91710633,MA1714.1,-,7.04e-06,MER52A,ERV1,LTR
chr7,94802800,94802821,MA1714.1,+,7.04e-06,L1ME1,L1,LINE
chr3,98169496,98169517,MA1714.1,-,7.04e-06,Tigger1,TcMar-Tigger,DNA
chr13,100718769,100718790,MA1714.1,+,7.04e-06,L1MB7,L1,LINE
chr6,100758979,100759000,MA1714.1,+,7.04e-06,L1M5,L1,LINE
chr2,102280424,102280445,MA1714.1,+,7.04e-06,AluJo,Alu,SINE
chr5,105305029,105305050,MA1714.1,-,7.04e-06,L1MC1,L1,LINE
chr7,106027721,106027742,MA1714.1,+,7.04e-06,MER52A,ERV1,LTR
chr1,106692493,106692514,MA1714.1,+,7.04e-06,THE1B-int,ERVL-MaLR,LTR
chr10,108784478,108784499,MA1714.1,-,7.04e-06,L1MC5,L1,LINE
chr2,108895261,108895282,MA1714.1,+,7.04e-06,L1MB7,L1,LINE
chr11,110305844,110305865,MA1714.1,-,7.04e-06,AluJr,Alu,SINE
chr8,110695007,110695028,MA1714.1,+,7.04e-06,THE1C-int,ERVL-MaLR,LTR
chrX,111190913,111190934,MA1714.1,+,7.04e-06,MIR,MIR,SINE
chr1,113044353,113044374,MA1714.1,+,7.04e-06,Charlie1a,hAT-Charlie,DNA
chr1,115305915,115305936,MA1714.1,+,7.04e-06,THE1C-int,ERVL-MaLR,LTR
chrX,120762935,120762956,MA1714.1,+,7.04e-06,L1MA3,L1,LINE
chr3,123557987,123558008,MA1714.1,+,7.04e-06,L1MEc,L1,LINE
chr10,124026669,124026690,MA1714.1,-,7.04e-06,AluSp,Alu,SINE
chr11,124280944,124280965,MA1714.1,+,7.04e-06,HAL1,L1,LINE
chr6,125775394,125775415,MA1714.1,+,7.04e-06,MER52A,ERV1,LTR
chr3,127219816,127219837,MA1714.1,+,7.04e-06,L1MEg,L1,LINE
chrX,127390268,127390289,MA1714.1,-,7.04e-06,THE1B-int,ERVL-MaLR,LTR
chr5,130163406,130163427,MA1714.1,-,7.04e-06,THE1C-int,ERVL-MaLR,LTR
chr4,133341125,133341146,MA1714.1,-,7.04e-06,L1ME1,L1,LINE
chr6,133351833,133351854,MA1714.1,-,7.04e-06,L1M5,L1,LINE
chr5,134392584,134392605,MA1714.1,-,7.04e-06,MIR,MIR,SINE
chr9,137608016,137608037,MA1714.1,-,7.04e-06,MIRb,MIR,SINE
chr2,141429213,141429234,MA1714.1,-,7.04e-06,MLT1D,ERVL-MaLR,LTR
chr4,142457107,142457128,MA1714.1,-,7.04e-06,AluJr4,Alu,SINE
chr6,142533646,142533667,MA1714.1,+,7.04e-06,L1MC1,L1,LINE
chr8,142698781,142698802,MA1714.1,-,7.04e-06,MLT1J,ERVL-MaLR,LTR
chr2,143078875,143078896,MA1714.1,+,7.04e-06,MER50,ERV1,LTR
chr7,143775889,143775910,MA1714.1,-,7.04e-06,L1ME3A,L1,LINE
chr5,145100428,145100449,MA1714.1,-,7.04e-06,Charlie1b,hAT-Charlie,DNA
chr5,151075380,151075401,MA1714.1,+,7.04e-06,MIRb,MIR,SINE
chr2,152865808,152865829,MA1714.1,+,7.04e-06,L1MC3,L1,LINE
chr5,154645206,154645227,MA1714.1,-,7.04e-06,LTR89,ERVL,LTR
chr2,154708416,154708437,MA1714.1,+,7.04e-06,L1ME3,L1,LINE
chr4,154985638,154985659,MA1714.1,+,7.04e-06,MSTA-int,ERVL-MaLR,LTR
chr5,160395131,160395152,MA1714.1,+,7.04e-06,MIRc,MIR,SINE
chr3,162502989,162503010,MA1714.1,-,7.04e-06,THE1C-int,ERVL-MaLR,LTR
chr5,164447765,164447786,MA1714.1,-,7.04e-06,L1PB1,L1,LINE
chr4,164870212,164870233,MA1714.1,-,7.04e-06,MER52A,ERV1,LTR
chr4,166373264,166373285,MA1714.1,+,7.04e-06,L1MA4,L1,LINE
chr4,166598272,166598293,MA1714.1,+,7.04e-06,MLT1C,ERVL-MaLR,LTR
chr1,174911763,174911784,MA1714.1,+,7.04e-06,MIR,MIR,SINE
chr2,178052527,178052548,MA1714.1,-,7.04e-06,LTR16D,ERVL,LTR
chr5,178521899,178521920,MA1714.1,-,7.04e-06,L1MA4,L1,LINE
chr1,181434611,181434632,MA1714.1,-,7.04e-06,L1ME3C,L1,LINE
chr1,185668764,185668785,MA1714.1,+,7.04e-06,L1MA9,L1,LINE
chr3,191392895,191392916,MA1714.1,-,7.04e-06,L1ME1,L1,LINE
chr2,199420715,199420736,MA1714.1,-,7.04e-06,MIR,MIR,SINE
chr1,211333890,211333911,MA1714.1,-,7.04e-06,L1PA12,L1,LINE
chr2,218442025,218442046,MA1714.1,+,7.04e-06,L1MC3,L1,LINE
chr1,220323621,220323642,MA1714.1,-,7.04e-06,MIR,MIR,SINE
chr2,238853699,238853720,MA1714.1,+,7.04e-06,MER52A,ERV1,LTR
chr2,240493748,240493769,MA1714.1,-,7.04e-06,L1MB3,L1,LINE
chr1,241812976,241812997,MA1714.1,-,7.04e-06,L1MC5,L1,LINE
chrUn_gl000228,68778,68799,MA1714.1,-,7.08e-06,L1M3d,L1,LINE
chr10,1879229,1879250,MA1714.1,-,7.08e-06,L1MA8,L1,LINE
chr16,2302843,2302864,MA1714.1,+,7.08e-06,AluJb,Alu,SINE
chr7,2784550,2784571,MA1714.1,+,7.08e-06,L1PA4,L1,LINE
chr10,3196590,3196611,MA1714.1,-,7.08e-06,L1ME1,L1,LINE
chr9,3652578,3652599,MA1714.1,-,7.08e-06,L1MA4A,L1,LINE
chr16,5385948,5385969,MA1714.1,-,7.08e-06,MIRb,MIR,SINE
chr6,5711677,5711698,MA1714.1,+,7.08e-06,L1MC3,L1,LINE
chr17,7180841,7180862,MA1714.1,+,7.08e-06,L1M5,L1,LINE
chrX,7582555,7582576,MA1714.1,+,7.08e-06,MER20,hAT-Charlie,DNA
chr12,8423815,8423836,MA1714.1,+,7.08e-06,AluJr,Alu,SINE
chr19,11790598,11790619,MA1714.1,-,7.08e-06,MER21A,ERVL,LTR
chr7,13182704,13182725,MA1714.1,+,7.08e-06,L1ME4a,L1,LINE
chr2,13212948,13212969,MA1714.1,-,7.08e-06,THE1C,ERVL-MaLR,LTR
chrY,16851054,16851075,MA1714.1,-,7.08e-06,AluJr,Alu,SINE
chrY,16870583,16870604,MA1714.1,-,7.08e-06,AluJb,Alu,SINE
chrY,18989298,18989319,MA1714.1,+,7.08e-06,HERVK9-int,ERVK,LTR
chr13,19484542,19484563,MA1714.1,-,7.08e-06,L1M1,L1,LINE
chr1,19855016,19855037,MA1714.1,-,7.08e-06,MIRb,MIR,SINE
chr7,20050365,20050386,MA1714.1,-,7.08e-06,MIRb,MIR,SINE
chr2,20622797,20622818,MA1714.1,-,7.08e-06,LTR50,ERVL,LTR
chrY,22536905,22536926,MA1714.1,+,7.08e-06,L1MC4,L1,LINE
chr15,22950003,22950024,MA1714.1,-,7.08e-06,L1MB8,L1,LINE
chr20,23452723,23452744,MA1714.1,+,7.08e-06,HERVK9-int,ERVK,LTR
chr12,26804180,26804201,MA1714.1,-,7.08e-06,L1MC4,L1,LINE
chr10,27384795,27384816,MA1714.1,-,7.08e-06,LTR78,ERV1,LTR
chr10,27736026,27736047,MA1714.1,-,7.08e-06,AluJo,Alu,SINE
chr15,27980268,27980289,MA1714.1,+,7.08e-06,L1M1,L1,LINE
chr11,29050993,29051014,MA1714.1,+,7.08e-06,L1MEc,L1,LINE
chr2,35423169,35423190,MA1714.1,+,7.08e-06,THE1B-int,ERVL-MaLR,LTR
chr2,35599888,35599909,MA1714.1,+,7.08e-06,L1MEc,L1,LINE
chr15,36212194,36212215,MA1714.1,+,7.08e-06,L3b,CR1,LINE
chr12,40547105,40547126,MA1714.1,-,7.08e-06,L1MB3,L1,LINE
chr11,41372302,41372323,MA1714.1,+,7.08e-06,L1P4e,L1,LINE
chr22,41901646,41901667,MA1714.1,+,7.08e-06,MIR,MIR,SINE
chr3,42183240,42183261,MA1714.1,-,7.08e-06,MLT1C,ERVL-MaLR,LTR
chr17,42553365,42553386,MA1714.1,+,7.08e-06,AluJr,Alu,SINE
chrX,44150834,44150855,MA1714.1,+,7.08e-06,MIRb,MIR,SINE
chrX,45582640,45582661,MA1714.1,-,7.08e-06,L1MB8,L1,LINE
chr3,45848526,45848547,MA1714.1,+,7.08e-06,AluJr,Alu,SINE
chr7,46177899,46177920,MA1714.1,-,7.08e-06,L1ME2,L1,LINE
chr18,49696869,49696890,MA1714.1,+,7.08e-06,MLT1C,ERVL-MaLR,LTR
chr1,51640743,51640764,MA1714.1,-,7.08e-06,L1MEc,L1,LINE
chr8,55798352,55798373,MA1714.1,-,7.08e-06,L1MA9,L1,LINE
chr8,56304958,56304979,MA1714.1,+,7.08e-06,L1MC4a,L1,LINE
chr11,57127401,57127422,MA1714.1,-,7.08e-06,MIRb,MIR,SINE
chrX,57397655,57397676,MA1714.1,-,7.08e-06,L1PA16,L1,LINE
chr11,57930328,57930349,MA1714.1,+,7.08e-06,MIRc,MIR,SINE
chr8,63695303,63695324,MA1714.1,+,7.08e-06,L1MA4A,L1,LINE
chr2,64023686,64023707,MA1714.1,+,7.08e-06,L1M1,L1,LINE
chrX,64682994,64683015,MA1714.1,+,7.08e-06,L1PA16,L1,LINE
chr11,65435590,65435611,MA1714.1,-,7.08e-06,AluJo,Alu,SINE
chr15,65875855,65875876,MA1714.1,+,7.08e-06,L1MB5,L1,LINE
chr7,66597653,66597674,MA1714.1,-,7.08e-06,L1ME3C,L1,LINE
chr6,66995084,66995105,MA1714.1,+,7.08e-06,THE1C-int,ERVL-MaLR,LTR
chr2,68299501,68299522,MA1714.1,-,7.08e-06,AluJo,Alu,SINE
chr1,68932167,68932188,MA1714.1,+,7.08e-06,AluJo,Alu,SINE
chr18,70565167,70565188,MA1714.1,+,7.08e-06,ERV3-16A3_I-int,ERVL,LTR
chr11,71471505,71471526,MA1714.1,-,7.08e-06,AluJr,Alu,SINE
chr5,72061168,72061189,MA1714.1,+,7.08e-06,L1MC5,L1,LINE
chr4,72312219,72312240,MA1714.1,+,7.08e-06,MIRc,MIR,SINE
chrX,72513013,72513034,MA1714.1,+,7.08e-06,L1PB1,L1,LINE
chr1,72675913,72675934,MA1714.1,+,7.08e-06,Charlie1,hAT-Charlie,DNA
chr4,72975005,72975026,MA1714.1,-,7.08e-06,L1MB1,L1,LINE
chr6,74822995,74823016,MA1714.1,+,7.08e-06,Tigger1,TcMar-Tigger,DNA
chr18,75363353,75363374,MA1714.1,+,7.08e-06,MIRb,MIR,SINE
chr3,79672411,79672432,MA1714.1,+,7.08e-06,L1PA8A,L1,LINE
chr16,80254978,80254999,MA1714.1,+,7.08e-06,L1PA4,L1,LINE
chr17,80875638,80875659,MA1714.1,-,7.08e-06,L1MEg,L1,LINE
chr9,81178286,81178307,MA1714.1,-,7.08e-06,MamGypLTR3,Gypsy,LTR
chr1,85338784,85338805,MA1714.1,+,7.08e-06,L1MC3,L1,LINE
chr4,91144257,91144278,MA1714.1,-,7.08e-06,L1MD2,L1,LINE
chr8,93951590,93951611,MA1714.1,+,7.08e-06,L1M3b,L1,LINE
chr1,94914383,94914404,MA1714.1,+,7.08e-06,HERVK9-int,ERVK,LTR
chr8,98599228,98599249,MA1714.1,+,7.08e-06,MER96B,hAT,DNA
chr15,98728721,98728742,MA1714.1,-,7.08e-06,L1MC3,L1,LINE
chr2,99505087,99505108,MA1714.1,+,7.08e-06,L1M4,L1,LINE
chr9,99898446,99898467,MA1714.1,-,7.08e-06,MST-int,ERVL-MaLR,LTR
chr8,100638719,100638740,MA1714.1,+,7.08e-06,L1MB8,L1,LINE
chr6,100749296,100749317,MA1714.1,+,7.08e-06,L1ME4a,L1,LINE
chr11,101498213,101498234,MA1714.1,-,7.08e-06,LTR33,ERVL,LTR
chr8,101919535,101919556,MA1714.1,-,7.08e-06,MER52A,ERV1,LTR
chr6,102576046,102576067,MA1714.1,-,7.08e-06,MLT1E1,ERVL-MaLR,LTR
chr3,103676819,103676840,MA1714.1,+,7.08e-06,AluY,Alu,SINE
chr1,106474451,106474472,MA1714.1,+,7.08e-06,THE1B-int,ERVL-MaLR,LTR
chr10,115267387,115267408,MA1714.1,-,7.08e-06,L1MB7,L1,LINE
chr12,115488083,115488104,MA1714.1,-,7.08e-06,AluJo,Alu,SINE
chr12,116299704,116299725,MA1714.1,+,7.08e-06,MLT1C,ERVL-MaLR,LTR
chr5,117523005,117523026,MA1714.1,-,7.08e-06,L1MC2,L1,LINE
chr3,121752287,121752308,MA1714.1,-,7.08e-06,L1ME3A,L1,LINE
chr2,121889230,121889251,MA1714.1,-,7.08e-06,MIRb,MIR,SINE
chr4,127717119,127717140,MA1714.1,-,7.08e-06,L1MA9,L1,LINE
chr3,129848713,129848734,MA1714.1,+,7.08e-06,AluJr,Alu,SINE
chrX,134714532,134714553,MA1714.1,-,7.08e-06,MLT1D,ERVL-MaLR,LTR
chr10,135476495,135476516,MA1714.1,-,7.08e-06,L1M3d,L1,LINE
chr8,137293704,137293725,MA1714.1,+,7.08e-06,MIRc,MIR,SINE
chr5,140499466,140499487,MA1714.1,+,7.08e-06,MIR,MIR,SINE
chr5,140917270,140917291,MA1714.1,+,7.08e-06,L1MB5,L1,LINE
chr4,142268257,142268278,MA1714.1,+,7.08e-06,HAL1,L1,LINE
chr3,142788681,142788702,MA1714.1,-,7.08e-06,L1MC5,L1,LINE
chr3,151335419,151335440,MA1714.1,+,7.08e-06,MSTC-int,ERVL-MaLR,LTR
chrX,151864409,151864430,MA1714.1,+,7.08e-06,L1MC3,L1,LINE
chrX,151941037,151941058,MA1714.1,-,7.08e-06,L1MC3,L1,LINE
chr1,167619365,167619386,MA1714.1,+,7.08e-06,MIRc,MIR,SINE
chr5,168499406,168499427,MA1714.1,+,7.08e-06,MIRc,MIR,SINE
chr4,171306812,171306833,MA1714.1,-,7.08e-06,L1M1,L1,LINE
chr2,180411131,180411152,MA1714.1,-,7.08e-06,L1MA3,L1,LINE
chr3,186739574,186739595,MA1714.1,+,7.08e-06,MER21A,ERVL,LTR
chr4,190984944,190984965,MA1714.1,-,7.08e-06,L1M3d,L1,LINE
chr1,191664266,191664287,MA1714.1,-,7.08e-06,THE1B-int,ERVL-MaLR,LTR
chr3,193359160,193359181,MA1714.1,-,7.08e-06,L1MEg,L1,LINE
chr2,197426890,197426911,MA1714.1,+,7.08e-06,L3,CR1,LINE
chr2,225764601,225764622,MA1714.1,+,7.08e-06,MIR3,MIR,SINE
chr2,232781886,232781907,MA1714.1,+,7.08e-06,L1M4c,L1,LINE
chr4_ctg9_hap1,341716,341737,MA1714.1,-,7.13e-06,L1P4,L1,LINE
chr17,1380345,1380366,MA1714.1,-,7.13e-06,AluSx1,Alu,SINE
chr5,2793538,2793559,MA1714.1,-,7.13e-06,L1MEc,L1,LINE
chr6_dbb_hap3,3932524,3932545,MA1714.1,-,7.13e-06,MSTC-int,ERVL-MaLR,LTR
chr6,3982590,3982611,MA1714.1,+,7.13e-06,L1PREC2,L1,LINE
chr6_mcf_hap5,3987159,3987180,MA1714.1,-,7.13e-06,MSTC-int,ERVL-MaLR,LTR
chr2,6671379,6671400,MA1714.1,-,7.13e-06,HAL1,L1,LINE
chr17,8874271,8874292,MA1714.1,+,7.13e-06,L1MC4a,L1,LINE
chr7,12138646,12138667,MA1714.1,-,7.13e-06,L1PA15,L1,LINE
chr12,15449962,15449983,MA1714.1,+,7.13e-06,L1MA3,L1,LINE
chr8,16786405,16786426,MA1714.1,+,7.13e-06,L1PREC2,L1,LINE
chr12,17868703,17868724,MA1714.1,-,7.13e-06,L1MA4,L1,LINE
chr11,17901072,17901093,MA1714.1,-,7.13e-06,L1MA8,L1,LINE
chr3,18196756,18196777,MA1714.1,-,7.13e-06,L1MEc,L1,LINE
chr11,19083526,19083547,MA1714.1,-,7.13e-06,L1MEe,L1,LINE
chr14,20406400,20406421,MA1714.1,+,7.13e-06,MIRb,MIR,SINE
chr4,21455958,21455979,MA1714.1,+,7.13e-06,MER5A,hAT-Charlie,DNA
chr19,22622879,22622900,MA1714.1,-,7.13e-06,AluSx1,Alu,SINE
chr16,24018478,24018499,MA1714.1,+,7.13e-06,MIR,MIR,SINE
chr12,24823057,24823078,MA1714.1,+,7.13e-06,L1MC5,L1,LINE
chr9,27198858,27198879,MA1714.1,-,7.13e-06,AluJr,Alu,SINE
chr16,29959670,29959691,MA1714.1,-,7.13e-06,AluJb,Alu,SINE
chr13,29966875,29966896,MA1714.1,+,7.13e-06,L1MB3,L1,LINE
chr13,30941787,30941808,MA1714.1,+,7.13e-06,AluSx,Alu,SINE
chr17,31609564,31609585,MA1714.1,-,7.13e-06,AluSx1,Alu,SINE
chr18,32531419,32531440,MA1714.1,-,7.13e-06,Charlie1a,hAT-Charlie,DNA
chr7,32548299,32548320,MA1714.1,-,7.13e-06,L1ME3A,L1,LINE
chr3,34097428,34097449,MA1714.1,-,7.13e-06,L1M5,L1,LINE
chr16,34453945,34453966,MA1714.1,+,7.13e-06,L1PB4,L1,LINE
chr19,38579059,38579080,MA1714.1,-,7.13e-06,MIRb,MIR,SINE
chr20,42148352,42148373,MA1714.1,-,7.13e-06,FAM,Alu,SINE
chr13,44136256,44136277,MA1714.1,+,7.13e-06,L1M1,L1,LINE
chrX,45136858,45136879,MA1714.1,-,7.13e-06,L1PA14,L1,LINE
chr12,45996886,45996907,MA1714.1,-,7.13e-06,L3,CR1,LINE
chr3,48170963,48170984,MA1714.1,+,7.13e-06,AluSx1,Alu,SINE
chr2,48285000,48285021,MA1714.1,-,7.13e-06,L1PA5,L1,LINE
chr1,49116307,49116328,MA1714.1,+,7.13e-06,MIRc,MIR,SINE
chr7,49389384,49389405,MA1714.1,-,7.13e-06,L1MB4,L1,LINE
chr6,50024836,50024857,MA1714.1,-,7.13e-06,MLT1J1,ERVL-MaLR,LTR
chr13,50059122,50059143,MA1714.1,+,7.13e-06,MIRb,MIR,SINE
chr7,51109779,51109800,MA1714.1,+,7.13e-06,L1M5,L1,LINE
chr15,51951475,51951496,MA1714.1,-,7.13e-06,L1M4,L1,LINE
chr8,53393697,53393718,MA1714.1,-,7.13e-06,MER5A,hAT-Charlie,DNA
chr7,53704186,53704207,MA1714.1,+,7.13e-06,MSTA-int,ERVL-MaLR,LTR
chr3,54213772,54213793,MA1714.1,+,7.13e-06,MLT1A0,ERVL-MaLR,LTR
chr13,56362401,56362422,MA1714.1,-,7.13e-06,L1PB,L1,LINE
chr5,59864949,59864970,MA1714.1,-,7.13e-06,MSTA-int,ERVL-MaLR,LTR
chr1,60550977,60550998,MA1714.1,-,7.13e-06,MER20B,hAT-Charlie,DNA
chr14,61232989,61233010,MA1714.1,+,7.13e-06,AluSg7,Alu,SINE
chr8,64849035,64849056,MA1714.1,+,7.13e-06,L1MB5,L1,LINE
chr3,72556561,72556582,MA1714.1,-,7.13e-06,L3,CR1,LINE
chr13,72634762,72634783,MA1714.1,+,7.13e-06,L1M1,L1,LINE
chr6,74417311,74417332,MA1714.1,+,7.13e-06,MIR,MIR,SINE
chr4,76631202,76631223,MA1714.1,-,7.13e-06,MIR,MIR,SINE
chr12,77040008,77040029,MA1714.1,+,7.13e-06,MER52A,ERV1,LTR
chr1,78880041,78880062,MA1714.1,+,7.13e-06,L1PREC2,L1,LINE
chr3,80657651,80657672,MA1714.1,-,7.13e-06,L3,CR1,LINE
chr11,83356070,83356091,MA1714.1,-,7.13e-06,L2,L2,LINE
chrX,84988493,84988514,MA1714.1,-,7.13e-06,L1PA3,L1,LINE
chr4,85532771,85532792,MA1714.1,-,7.13e-06,MamRep1161,TcMar,DNA
chr1,86518252,86518273,MA1714.1,+,7.13e-06,L1MB3,L1,LINE
chr12,86905403,86905424,MA1714.1,+,7.13e-06,L1MB1,L1,LINE
chr5,86939906,86939927,MA1714.1,+,7.13e-06,MER2,TcMar-Tigger,DNA
chr8,88445328,88445349,MA1714.1,-,7.13e-06,L1MEg1,L1,LINE
chr15,92006918,92006939,MA1714.1,+,7.13e-06,MSTA,ERVL-MaLR,LTR
chr1,92260106,92260127,MA1714.1,-,7.13e-06,L1MB8,L1,LINE
chr4,94613550,94613571,MA1714.1,+,7.13e-06,MIR,MIR,SINE
chrX,95605328,95605349,MA1714.1,-,7.13e-06,L1PA5,L1,LINE
chr15,95651047,95651068,MA1714.1,-,7.13e-06,L1MC3,L1,LINE
chr4,96035052,96035073,MA1714.1,+,7.13e-06,MIRc,MIR,SINE
chr7,99146764,99146785,MA1714.1,+,7.13e-06,Charlie7,hAT-Charlie,DNA
chr4,102599841,102599862,MA1714.1,-,7.13e-06,L1ME3E,L1,LINE
chrX,102704281,102704302,MA1714.1,-,7.13e-06,L1PB2,L1,LINE
chr9,103183478,103183499,MA1714.1,-,7.13e-06,MIR,MIR,SINE
chr8,104271075,104271096,MA1714.1,-,7.13e-06,MIR,MIR,SINE
chr7,108607680,108607701,MA1714.1,-,7.13e-06,HAL1-3A_ME,L1,LINE
chr5,110935744,110935765,MA1714.1,-,7.13e-06,L1PA15,L1,LINE
chr3,111892208,111892229,MA1714.1,-,7.13e-06,L1PA15,L1,LINE
chr7,112364592,112364613,MA1714.1,-,7.13e-06,L1MEf,L1,LINE
chr6,113435423,113435444,MA1714.1,+,7.13e-06,L1PA15,L1,LINE
chr11,114816266,114816287,MA1714.1,+,7.13e-06,MIR,MIR,SINE
chr12,118518713,118518734,MA1714.1,+,7.13e-06,L1MB5,L1,LINE
chr9,124271329,124271350,MA1714.1,+,7.13e-06,LTR40b,ERVL,LTR
chr5,124483555,124483576,MA1714.1,+,7.13e-06,MIR,MIR,SINE
chr3,127584761,127584782,MA1714.1,-,7.13e-06,HAL1b,L1,LINE
chr8,132793823,132793844,MA1714.1,-,7.13e-06,MIR,MIR,SINE
chr5,135108313,135108334,MA1714.1,+,7.13e-06,SATR1,Satellite,Satellite
chr3,136246398,136246419,MA1714.1,-,7.13e-06,L1PA5,L1,LINE
chr6,142978423,142978444,MA1714.1,+,7.13e-06,MIRb,MIR,SINE
chr6,146741131,146741152,MA1714.1,+,7.13e-06,L1MEg2,L1,LINE
chr6,150319524,150319545,MA1714.1,+,7.13e-06,AluJr,Alu,SINE
chr3,153950495,153950516,MA1714.1,-,7.13e-06,MIR,MIR,SINE
chrX,154755827,154755848,MA1714.1,+,7.13e-06,MSTA-int,ERVL-MaLR,LTR
chr1,155228045,155228066,MA1714.1,-,7.13e-06,AluY,Alu,SINE
chr5,158592855,158592876,MA1714.1,-,7.13e-06,L1ME3F,L1,LINE
chr4,158752789,158752810,MA1714.1,+,7.13e-06,MamRep605,MamRep605,Unknown
chr4,158969622,158969643,MA1714.1,+,7.13e-06,L1M5,L1,LINE
chr5,167573291,167573312,MA1714.1,+,7.13e-06,MER106B,hAT-Charlie,DNA
chr6,170009717,170009738,MA1714.1,-,7.13e-06,THE1A-int,ERVL-MaLR,LTR
chr5,170115104,170115125,MA1714.1,-,7.13e-06,MIR,MIR,SINE
chr3,172599988,172600009,MA1714.1,+,7.13e-06,MLT1A0,ERVL-MaLR,LTR
chr3,176191814,176191835,MA1714.1,-,7.13e-06,L1PB,L1,LINE
chr3,187061050,187061071,MA1714.1,+,7.13e-06,HAL1,L1,LINE
chr4,190865205,190865226,MA1714.1,-,7.13e-06,L1MEc,L1,LINE
chr1,193745363,193745384,MA1714.1,-,7.13e-06,THE1B-int,ERVL-MaLR,LTR
chr2,221308211,221308232,MA1714.1,-,7.13e-06,HAL1,L1,LINE
chr7,739705,739726,MA1714.1,+,7.17e-06,L1ME1,L1,LINE
chr6_qbl_hap6,1953266,1953287,MA1714.1,+,7.17e-06,AluSz,Alu,SINE
chr6_dbb_hap3,1953995,1954016,MA1714.1,+,7.17e-06,AluSz,Alu,SINE
chr6_apd_hap1,1971979,1972000,MA1714.1,+,7.17e-06,AluSz,Alu,SINE
chr6_mann_hap4,2008429,2008450,MA1714.1,+,7.17e-06,AluSz,Alu,SINE
chr6_mcf_hap5,2042218,2042239,MA1714.1,+,7.17e-06,AluSz,Alu,SINE
chr6_cox_hap2,2172406,2172427,MA1714.1,+,7.17e-06,AluSz,Alu,SINE
chr9,3885980,3886001,MA1714.1,+,7.17e-06,MIRb,MIR,SINE
chr8,9171704,9171725,MA1714.1,+,7.17e-06,MIRb,MIR,SINE
chr17,9629755,9629776,MA1714.1,-,7.17e-06,MLT1A0,ERVL-MaLR,LTR
chr18,10289182,10289203,MA1714.1,-,7.17e-06,HAL1,L1,LINE
chr8,10411143,10411164,MA1714.1,+,7.17e-06,L1MA8,L1,LINE
chr11,16727237,16727258,MA1714.1,+,7.17e-06,L1M4c,L1,LINE
chr3,17177337,17177358,MA1714.1,+,7.17e-06,MIRb,MIR,SINE
chrY,22066082,22066103,MA1714.1,-,7.17e-06,L1PREC2,L1,LINE
chr11,22639887,22639908,MA1714.1,-,7.17e-06,L1MA1,L1,LINE
chr18,23649982,23650003,MA1714.1,+,7.17e-06,L1PB4,L1,LINE
chr21,28550569,28550590,MA1714.1,-,7.17e-06,Charlie1a,hAT-Charlie,DNA
chr10,28797899,28797920,MA1714.1,-,7.17e-06,Charlie1b,hAT-Charlie,DNA
chrX,29929429,29929450,MA1714.1,+,7.17e-06,L1MB7,L1,LINE
chr6,30660333,30660354,MA1714.1,+,7.17e-06,AluSz,Alu,SINE
chr15,31054873,31054894,MA1714.1,+,7.17e-06,L1ME1,L1,LINE
chr10,31509027,31509048,MA1714.1,+,7.17e-06,L1MEd,L1,LINE
chr15,31935251,31935272,MA1714.1,-,7.17e-06,L1MEc,L1,LINE
chr3,32099665,32099686,MA1714.1,+,7.17e-06,L1ME2z,L1,LINE
chr17,32293433,32293454,MA1714.1,+,7.17e-06,MIRb,MIR,SINE
chr19,32704883,32704904,MA1714.1,+,7.17e-06,L1MD1,L1,LINE
chr20,33720216,33720237,MA1714.1,+,7.17e-06,AluSz6,Alu,SINE
chr3,35893433,35893454,MA1714.1,+,7.17e-06,L1MB1,L1,LINE
chr9,38193895,38193916,MA1714.1,+,7.17e-06,MLT1D,ERVL-MaLR,LTR
chr2,47170277,47170298,MA1714.1,-,7.17e-06,AluJb,Alu,SINE
chr14,47372133,47372154,MA1714.1,+,7.17e-06,MER61B,ERV1,LTR
chr15,49427107,49427128,MA1714.1,-,7.17e-06,MER6B,TcMar-Tigger,DNA
chr13,49746733,49746754,MA1714.1,-,7.17e-06,MLT1D,ERVL-MaLR,LTR
chr1,50493275,50493296,MA1714.1,+,7.17e-06,L1MC,L1,LINE
chr11,50629323,50629344,MA1714.1,-,7.17e-06,ALR/Alpha,centr,Satellite
chr13,51205133,51205154,MA1714.1,-,7.17e-06,ORSL,hAT-Tip100,DNA
chr13,53863957,53863978,MA1714.1,-,7.17e-06,L1MC5,L1,LINE
chr1,56157504,56157525,MA1714.1,-,7.17e-06,MIRb,MIR,SINE
chr12,59293186,59293207,MA1714.1,-,7.17e-06,HAL1,L1,LINE
chr18,60708866,60708887,MA1714.1,+,7.17e-06,HAL1,L1,LINE
chr17,62519475,62519496,MA1714.1,-,7.17e-06,MIR,MIR,SINE
chr12,65975272,65975293,MA1714.1,+,7.17e-06,L1PB1,L1,LINE
chr15,66923985,66924006,MA1714.1,-,7.17e-06,MIRb,MIR,SINE
chr4,70718820,70718841,MA1714.1,+,7.17e-06,LTR80B,ERVL,LTR
chr17,71430841,71430862,MA1714.1,-,7.17e-06,AluJb,Alu,SINE
chr5,72305443,72305464,MA1714.1,-,7.17e-06,AluJb,Alu,SINE
chr17,73854477,73854498,MA1714.1,-,7.17e-06,AluJo,Alu,SINE
chrX,76430449,76430470,MA1714.1,-,7.17e-06,L1PA7,L1,LINE
chr8,77830307,77830328,MA1714.1,+,7.17e-06,L1ME2,L1,LINE
chr2,78304126,78304147,MA1714.1,-,7.17e-06,AluJo,Alu,SINE
chr2,84993932,84993953,MA1714.1,+,7.17e-06,L1MEg,L1,LINE
chrX,86510267,86510288,MA1714.1,+,7.17e-06,L1PA7,L1,LINE
chr6,88019760,88019781,MA1714.1,+,7.17e-06,L1ME3A,L1,LINE
chr14,90627533,90627554,MA1714.1,+,7.17e-06,L1MB4,L1,LINE
chr9,91232429,91232450,MA1714.1,-,7.17e-06,L1M3b,L1,LINE
chr6,92188350,92188371,MA1714.1,+,7.17e-06,LTR78,ERV1,LTR
chr10,95214494,95214515,MA1714.1,+,7.17e-06,AluJr,Alu,SINE
chr3,95834272,95834293,MA1714.1,+,7.17e-06,MLT1G-int,ERVL-MaLR,LTR
chr9,96281288,96281309,MA1714.1,+,7.17e-06,MER30,hAT-Charlie,DNA
chr7,104275877,104275898,MA1714.1,+,7.17e-06,HAL1,L1,LINE
chr1,105126512,105126533,MA1714.1,-,7.17e-06,THE1D-int,ERVL-MaLR,LTR
chr9,107971879,107971900,MA1714.1,-,7.17e-06,L1PB3,L1,LINE
chr6,113384572,113384593,MA1714.1,-,7.17e-06,L1MA2,L1,LINE
chr11,114102715,114102736,MA1714.1,-,7.17e-06,MIR3,MIR,SINE
chr3,116746684,116746705,MA1714.1,+,7.17e-06,MER41-int,ERV1,LTR
chrX,117158724,117158745,MA1714.1,+,7.17e-06,L1ME3,L1,LINE
chr12,117442056,117442077,MA1714.1,-,7.17e-06,L1MEe,L1,LINE
chr1,117444846,117444867,MA1714.1,+,7.17e-06,LTR16E1,ERVL,LTR
chr5,126583478,126583499,MA1714.1,+,7.17e-06,L1ME4a,L1,LINE
chr12,127505111,127505132,MA1714.1,-,7.17e-06,L1MC4,L1,LINE
chr2,130147543,130147564,MA1714.1,+,7.17e-06,AluJr,Alu,SINE
chr12,132115874,132115895,MA1714.1,+,7.17e-06,L2b,L2,LINE
chr8,133907073,133907094,MA1714.1,-,7.17e-06,MIR,MIR,SINE
chr3,137498518,137498539,MA1714.1,+,7.17e-06,MIR,MIR,SINE
chr6,142421024,142421045,MA1714.1,+,7.17e-06,L1MC1,L1,LINE
chr3,149891893,149891914,MA1714.1,+,7.17e-06,MIR3,MIR,SINE
chr7,152948726,152948747,MA1714.1,+,7.17e-06,LTR86B2,ERVL,LTR
chr5,153205669,153205690,MA1714.1,-,7.17e-06,MIRb,MIR,SINE
chr5,159961703,159961724,MA1714.1,-,7.17e-06,LTR37B,ERV1,LTR
chr1,166103155,166103176,MA1714.1,-,7.17e-06,MIRb,MIR,SINE
chr1,168060917,168060938,MA1714.1,+,7.17e-06,HAL1,L1,LINE
chr4,171694520,171694541,MA1714.1,-,7.17e-06,Tigger2,TcMar-Tigger,DNA
chr3,171708390,171708411,MA1714.1,-,7.17e-06,MLT1C,ERVL-MaLR,LTR
chr3,183567407,183567428,MA1714.1,+,7.17e-06,L1MB4,L1,LINE
chr3,184645524,184645545,MA1714.1,-,7.17e-06,L1MB3,L1,LINE
chr2,196348291,196348312,MA1714.1,+,7.17e-06,AluJo,Alu,SINE
chr2,197458662,197458683,MA1714.1,+,7.17e-06,MIRc,MIR,SINE
chr2,232185826,232185847,MA1714.1,+,7.17e-06,MIRb,MIR,SINE
chr1,241539327,241539348,MA1714.1,+,7.17e-06,L1MB7,L1,LINE
chr17,1345251,1345272,MA1714.1,-,7.22e-06,AluJb,Alu,SINE
chr12,2735048,2735069,MA1714.1,+,7.22e-06,AluJo,Alu,SINE
chr17,3345564,3345585,MA1714.1,-,7.22e-06,MIRb,MIR,SINE
chr4,4150419,4150440,MA1714.1,+,7.22e-06,SATR1,Satellite,Satellite
chr3,5879513,5879534,MA1714.1,-,7.22e-06,L1MA3,L1,LINE
chr7,6888400,6888421,MA1714.1,+,7.22e-06,SATR1,Satellite,Satellite
chr19,8558753,8558774,MA1714.1,-,7.22e-06,AluSz,Alu,SINE
chr2,9257261,9257282,MA1714.1,-,7.22e-06,AluJr,Alu,SINE
chr21,10497201,10497222,MA1714.1,+,7.22e-06,MLT1A,ERVL-MaLR,LTR
chr12,12399517,12399538,MA1714.1,+,7.22e-06,AluJo,Alu,SINE
chr3,13714611,13714632,MA1714.1,+,7.22e-06,MLT1J,ERVL-MaLR,LTR
chr16,14258531,14258552,MA1714.1,-,7.22e-06,MIRb,MIR,SINE
chr10,16045062,16045083,MA1714.1,+,7.22e-06,L1MEc,L1,LINE
chr2,16364268,16364289,MA1714.1,-,7.22e-06,L1ME4a,L1,LINE
chr17,19846758,19846779,MA1714.1,+,7.22e-06,MER21B,ERVL,LTR
chr5,20639751,20639772,MA1714.1,+,7.22e-06,L1MA4A,L1,LINE
chr14,20714837,20714858,MA1714.1,+,7.22e-06,L1MB7,L1,LINE
chr5,21065912,21065933,MA1714.1,+,7.22e-06,L1MEd,L1,LINE
chrX,21701601,21701622,MA1714.1,+,7.22e-06,L1MC5,L1,LINE
chr6,22627811,22627832,MA1714.1,-,7.22e-06,L1MEf,L1,LINE
chr18,23342845,23342866,MA1714.1,-,7.22e-06,L1MEc,L1,LINE
chr12,25085072,25085093,MA1714.1,+,7.22e-06,HAL1,L1,LINE
chr4,25322946,25322967,MA1714.1,-,7.22e-06,AluJb,Alu,SINE
chr14,25541324,25541345,MA1714.1,-,7.22e-06,MamRep1161,TcMar,DNA
chr20,26137270,26137291,MA1714.1,-,7.22e-06,L1P4,L1,LINE
chr3,26544622,26544643,MA1714.1,+,7.22e-06,MLT1A0,ERVL-MaLR,LTR
chr22,26805091,26805112,MA1714.1,-,7.22e-06,AluJb,Alu,SINE
chr15,27404815,27404836,MA1714.1,-,7.22e-06,HAL1,L1,LINE
chr1,28492694,28492715,MA1714.1,+,7.22e-06,L1MB2,L1,LINE
chr11,28959784,28959805,MA1714.1,-,7.22e-06,MLT1H1,ERVL-MaLR,LTR
chr1,29196175,29196196,MA1714.1,-,7.22e-06,MIRc,MIR,SINE
chr15,29693719,29693740,MA1714.1,+,7.22e-06,L1MC4a,L1,LINE
chr11,29850319,29850340,MA1714.1,+,7.22e-06,L1PA10,L1,LINE
chr14,29921281,29921302,MA1714.1,+,7.22e-06,LTR79,ERVL,LTR
chr20,30828750,30828771,MA1714.1,-,7.22e-06,AluJb,Alu,SINE
chr2,31536904,31536925,MA1714.1,-,7.22e-06,L1MC1,L1,LINE
chr13,32210987,32211008,MA1714.1,-,7.22e-06,L1PA5,L1,LINE
chr9,33388926,33388947,MA1714.1,-,7.22e-06,AluJb,Alu,SINE
chr3,33415784,33415805,MA1714.1,+,7.22e-06,MIRc,MIR,SINE
chr2,35196696,35196717,MA1714.1,+,7.22e-06,AluJo,Alu,SINE
chr22,36094519,36094540,MA1714.1,+,7.22e-06,SATR1,Satellite,Satellite
chr1,36414616,36414637,MA1714.1,-,7.22e-06,AluSp,Alu,SINE
chr9,37795987,37796008,MA1714.1,-,7.22e-06,HAL1,L1,LINE
chr22,38437580,38437601,MA1714.1,-,7.22e-06,MIR,MIR,SINE
chr6,39552534,39552555,MA1714.1,+,7.22e-06,MIR,MIR,SINE
chr9,42150385,42150406,MA1714.1,+,7.22e-06,MLT1A,ERVL-MaLR,LTR
chr7,42619530,42619551,MA1714.1,-,7.22e-06,L1MEf,L1,LINE
chr21,42642415,42642436,MA1714.1,-,7.22e-06,AluJo,Alu,SINE
chr9,42871779,42871800,MA1714.1,+,7.22e-06,AluJb,Alu,SINE
chr20,45532832,45532853,MA1714.1,+,7.22e-06,MIRb,MIR,SINE
chr9,45542303,45542324,MA1714.1,-,7.22e-06,MLT1A,ERVL-MaLR,LTR
chr19,45832443,45832464,MA1714.1,-,7.22e-06,AluJr,Alu,SINE
chr9,45928550,45928571,MA1714.1,-,7.22e-06,MLT1A,ERVL-MaLR,LTR
chr16,49418512,49418533,MA1714.1,+,7.22e-06,L1M4c,L1,LINE
chr20,49949641,49949662,MA1714.1,+,7.22e-06,MIR,MIR,SINE
chr14,52239627,52239648,MA1714.1,+,7.22e-06,SATR1,Satellite,Satellite
chr5,52450517,52450538,MA1714.1,-,7.22e-06,ERV3-16A3_I-int,ERVL,LTR
chr16,53196768,53196789,MA1714.1,-,7.22e-06,AluJr,Alu,SINE
chr18,57575355,57575376,MA1714.1,-,7.22e-06,AluSz6,Alu,SINE
chr20,60217906,60217927,MA1714.1,-,7.22e-06,MLT1D,ERVL-MaLR,LTR
chr5,65127764,65127785,MA1714.1,+,7.22e-06,AluJo,Alu,SINE
chr13,65807783,65807804,MA1714.1,-,7.22e-06,L1MA8,L1,LINE
chr9,67044784,67044805,MA1714.1,+,7.22e-06,AluJb,Alu,SINE
chr9,67275610,67275631,MA1714.1,-,7.22e-06,AluJb,Alu,SINE
chr11,67752412,67752433,MA1714.1,+,7.22e-06,SATR1,Satellite,Satellite
chrX,68163241,68163262,MA1714.1,-,7.22e-06,MIR,MIR,SINE
chr9,68198201,68198222,MA1714.1,+,7.22e-06,MLT1A,ERVL-MaLR,LTR
chr5,68317048,68317069,MA1714.1,-,7.22e-06,L1MB7,L1,LINE
chr16,68968017,68968038,MA1714.1,-,7.22e-06,AluJr4,Alu,SINE
chr9,69637545,69637566,MA1714.1,-,7.22e-06,AluJb,Alu,SINE
chr12,70465607,70465628,MA1714.1,-,7.22e-06,AluJo,Alu,SINE
chr11,71320784,71320805,MA1714.1,+,7.22e-06,SATR1,Satellite,Satellite
chr3,75661915,75661936,MA1714.1,+,7.22e-06,SATR1,Satellite,Satellite
chr7,75808098,75808119,MA1714.1,+,7.22e-06,AluJo,Alu,SINE
chr18,76377184,76377205,MA1714.1,+,7.22e-06,L1MB7,L1,LINE
chr10,76579697,76579718,MA1714.1,+,7.22e-06,Charlie18a,hAT-Charlie,DNA
chr18,77972638,77972659,MA1714.1,+,7.22e-06,L1M4,L1,LINE
chr9,80401560,80401581,MA1714.1,+,7.22e-06,L1ME3B,L1,LINE
chr8,80885759,80885780,MA1714.1,-,7.22e-06,AluJr,Alu,SINE
chr17,80977069,80977090,MA1714.1,+,7.22e-06,ERVL-B4-int,ERVL,LTR
chr13,81662370,81662391,MA1714.1,+,7.22e-06,L1MA9,L1,LINE
chrX,81770534,81770555,MA1714.1,-,7.22e-06,L1M4c,L1,LINE
chr8,84562170,84562191,MA1714.1,-,7.22e-06,MER70B,ERVL,LTR
chr4,85798558,85798579,MA1714.1,-,7.22e-06,AluJr,Alu,SINE
chr6,85907809,85907830,MA1714.1,+,7.22e-06,L1MA7,L1,LINE
chr12,87557565,87557586,MA1714.1,+,7.22e-06,AluJb,Alu,SINE
chr2,88665732,88665753,MA1714.1,+,7.22e-06,AluJr,Alu,SINE
chr8,90621197,90621218,MA1714.1,-,7.22e-06,Plat_L3,CR1,LINE
chr9,93523806,93523827,MA1714.1,+,7.22e-06,SATR1,Satellite,Satellite
chr11,93626209,93626230,MA1714.1,-,7.22e-06,L1ME3B,L1,LINE
chr9,95741234,95741255,MA1714.1,-,7.22e-06,L1M3,L1,LINE
chr14,97479026,97479047,MA1714.1,-,7.22e-06,AluJb,Alu,SINE
chr7,97587024,97587045,MA1714.1,+,7.22e-06,SATR1,Satellite,Satellite
chr13,97842808,97842829,MA1714.1,+,7.22e-06,MIRc,MIR,SINE
chr15,97950876,97950897,MA1714.1,-,7.22e-06,L1MC3,L1,LINE
chr2,99662337,99662358,MA1714.1,+,7.22e-06,L1PA7,L1,LINE
chrX,100545109,100545130,MA1714.1,+,7.22e-06,AluSx,Alu,SINE
chr5,100852862,100852883,MA1714.1,-,7.22e-06,MLT1L,ERVL-MaLR,LTR
chr5,101288935,101288956,MA1714.1,-,7.22e-06,PABL_B-int,ERV1,LTR
chr2,103961388,103961409,MA1714.1,+,7.22e-06,MER6B,TcMar-Tigger,DNA
chr9,106079316,106079337,MA1714.1,+,7.22e-06,AluJb,Alu,SINE
chr14,106868269,106868290,MA1714.1,-,7.22e-06,MER4-int,ERV1,LTR
chr5,109811350,109811371,MA1714.1,+,7.22e-06,L1MEc,L1,LINE
chr7,111983608,111983629,MA1714.1,+,7.22e-06,L1MC4,L1,LINE
chr4,113052930,113052951,MA1714.1,-,7.22e-06,AluSx,Alu,SINE
chr11,114897980,114898001,MA1714.1,+,7.22e-06,L1MB3,L1,LINE
chr9,116423485,116423506,MA1714.1,-,7.22e-06,MIR,MIR,SINE
chr5,119007142,119007163,MA1714.1,+,7.22e-06,MSTA-int,ERVL-MaLR,LTR
chr7,120430431,120430452,MA1714.1,+,7.22e-06,MIR,MIR,SINE
chr4,121764770,121764791,MA1714.1,+,7.22e-06,AluJr,Alu,SINE
chr6,125556164,125556185,MA1714.1,+,7.22e-06,AluJb,Alu,SINE
chr2,132512447,132512468,MA1714.1,+,7.22e-06,GSATII,centr,Satellite
chr8,133020015,133020036,MA1714.1,+,7.22e-06,L1ME2,L1,LINE
chr7,135226050,135226071,MA1714.1,+,7.22e-06,L1MA4,L1,LINE
chr7,137715327,137715348,MA1714.1,-,7.22e-06,HERV35I-int,ERV1,LTR
chr7,138275093,138275114,MA1714.1,-,7.22e-06,AluJb,Alu,SINE
chr4,146570344,146570365,MA1714.1,+,7.22e-06,AluJo,Alu,SINE
chr5,149381191,149381212,MA1714.1,-,7.22e-06,MIRc,MIR,SINE
chr3,150287962,150287983,MA1714.1,+,7.22e-06,L1M5,L1,LINE
chr1,153091045,153091066,MA1714.1,+,7.22e-06,L1M4c,L1,LINE
chr3,154175642,154175663,MA1714.1,-,7.22e-06,AluJo,Alu,SINE
chr1,156985014,156985035,MA1714.1,+,7.22e-06,MIR,MIR,SINE
chr6,166684987,166685008,MA1714.1,-,7.22e-06,HERVL32-int,ERVL,LTR
chr1,177050030,177050051,MA1714.1,+,7.22e-06,MIRb,MIR,SINE
chr5,180195296,180195317,MA1714.1,-,7.22e-06,L1MA2,L1,LINE
chr4,188388268,188388289,MA1714.1,-,7.22e-06,MLT2B2,ERVL,LTR
chr4,188563473,188563494,MA1714.1,+,7.22e-06,L1MA9,L1,LINE
chr2,203599399,203599420,MA1714.1,+,7.22e-06,MIR,MIR,SINE
chr2,209704388,209704409,MA1714.1,-,7.22e-06,MLT1A,ERVL-MaLR,LTR
chr9,5467170,5467191,MA1714.1,-,7.27e-06,MIRb,MIR,SINE
chr2,12026327,12026348,MA1714.1,-,7.27e-06,L1PA4,L1,LINE
chr4,12464310,12464331,MA1714.1,+,7.27e-06,L1PA4,L1,LINE
chr20,13152430,13152451,MA1714.1,+,7.27e-06,HAL1,L1,LINE
chr19,13364908,13364929,MA1714.1,-,7.27e-06,MIRb,MIR,SINE
chr11,13420838,13420859,MA1714.1,-,7.27e-06,L1PA4,L1,LINE
chr9,13549541,13549562,MA1714.1,+,7.27e-06,L1MEd,L1,LINE
chrX,16439830,16439851,MA1714.1,+,7.27e-06,MIRc,MIR,SINE
chr21,18179286,18179307,MA1714.1,+,7.27e-06,ERV3-16A3_I-int,ERVL,LTR
chr16,19318608,19318629,MA1714.1,+,7.27e-06,MIRb,MIR,SINE
chr12,19754387,19754408,MA1714.1,+,7.27e-06,MLT1A0-int,ERVL-MaLR,LTR
chr2,20356689,20356710,MA1714.1,-,7.27e-06,MLT1J1,ERVL-MaLR,LTR
chr19,22264440,22264461,MA1714.1,-,7.27e-06,AluJb,Alu,SINE
chrY,23018688,23018709,MA1714.1,-,7.27e-06,L1P1,L1,LINE
chrY,23381573,23381594,MA1714.1,+,7.27e-06,L1M1,L1,LINE
chr15,24242454,24242475,MA1714.1,-,7.27e-06,ERVL-B4-int,ERVL,LTR
chr1,25015768,25015789,MA1714.1,+,7.27e-06,MIR,MIR,SINE
chr5,25654724,25654745,MA1714.1,-,7.27e-06,L1PA6,L1,LINE
chr3,28309973,28309994,MA1714.1,-,7.27e-06,MER68,ERVL,LTR
chr11,31867408,31867429,MA1714.1,+,7.27e-06,L1MA8,L1,LINE
chr8,33814250,33814271,MA1714.1,-,7.27e-06,L1PREC2,L1,LINE
chr9,34199660,34199681,MA1714.1,-,7.27e-06,AluJb,Alu,SINE
chr3,34403344,34403365,MA1714.1,-,7.27e-06,MIRb,MIR,SINE
chr15,35682787,35682808,MA1714.1,-,7.27e-06,L1PA4,L1,LINE
chr8,37154361,37154382,MA1714.1,-,7.27e-06,MIR,MIR,SINE
chr6,37981892,37981913,MA1714.1,+,7.27e-06,L1MC4,L1,LINE
chr22,40306301,40306322,MA1714.1,-,7.27e-06,Plat_L3,CR1,LINE
chr19,41345296,41345317,MA1714.1,-,7.27e-06,L1MA3,L1,LINE
chr19,41375920,41375941,MA1714.1,-,7.27e-06,L1MA3,L1,LINE
chr7,45315191,45315212,MA1714.1,-,7.27e-06,L1MEc,L1,LINE
chr3,46218978,46218999,MA1714.1,-,7.27e-06,L1PA4,L1,LINE
chr3,47746331,47746352,MA1714.1,+,7.27e-06,AluJo,Alu,SINE
chr13,48166984,48167005,MA1714.1,-,7.27e-06,MLT1A1-int,ERVL-MaLR,LTR
chr17,49208545,49208566,MA1714.1,-,7.27e-06,L2,L2,LINE
chr11,49503530,49503551,MA1714.1,-,7.27e-06,L1MA9,L1,LINE
chr17,51027538,51027559,MA1714.1,-,7.27e-06,L1M5,L1,LINE
chr4,54333905,54333926,MA1714.1,+,7.27e-06,L1PA4,L1,LINE
chr11,56194235,56194256,MA1714.1,+,7.27e-06,LTR33,ERVL,LTR
chr8,56477677,56477698,MA1714.1,-,7.27e-06,L1MCa,L1,LINE
chrX,57836198,57836219,MA1714.1,-,7.27e-06,L1PA4,L1,LINE
chr5,58144546,58144567,MA1714.1,-,7.27e-06,MIRc,MIR,SINE
chr14,61986973,61986994,MA1714.1,-,7.27e-06,L1ME4a,L1,LINE
chrX,66121422,66121443,MA1714.1,-,7.27e-06,MIRb,MIR,SINE
chr14,66668571,66668592,MA1714.1,+,7.27e-06,L1PA4,L1,LINE
chr11,66680824,66680845,MA1714.1,-,7.27e-06,FordPrefect_a,hAT-Tip100,DNA
chr18,66956493,66956514,MA1714.1,+,7.27e-06,L1MC3,L1,LINE
chr4,67160805,67160826,MA1714.1,-,7.27e-06,L1PA14,L1,LINE
chr9,68219491,68219512,MA1714.1,-,7.27e-06,L1MC4a,L1,LINE
chrX,72318518,72318539,MA1714.1,-,7.27e-06,L1PA4,L1,LINE
chr6,72493417,72493438,MA1714.1,-,7.27e-06,MSTA-int,ERVL-MaLR,LTR
chr5,72825725,72825746,MA1714.1,+,7.27e-06,LTR59,ERV1,LTR
chrX,72836660,72836681,MA1714.1,-,7.27e-06,THE1B-int,ERVL-MaLR,LTR
chr7,73934627,73934648,MA1714.1,+,7.27e-06,MIRb,MIR,SINE
chr18,74044097,74044118,MA1714.1,+,7.27e-06,L1MA5,L1,LINE
chrX,74468291,74468312,MA1714.1,+,7.27e-06,L1PA4,L1,LINE
chr18,74529036,74529057,MA1714.1,+,7.27e-06,L1MEg,L1,LINE
chr15,76900102,76900123,MA1714.1,-,7.27e-06,L1PA4,L1,LINE
chr3,80657272,80657293,MA1714.1,+,7.27e-06,HAL1-3A_ME,L1,LINE
chr8,81265958,81265979,MA1714.1,-,7.27e-06,L1MC5,L1,LINE
chr8,83177790,83177811,MA1714.1,-,7.27e-06,L1MCa,L1,LINE
chr7,84033607,84033628,MA1714.1,+,7.27e-06,L1PA4,L1,LINE
chr5,85102084,85102105,MA1714.1,+,7.27e-06,AluJr,Alu,SINE
chr7,85325497,85325518,MA1714.1,+,7.27e-06,Arthur1,hAT-Tip100,DNA
chr6,88724491,88724512,MA1714.1,-,7.27e-06,L1PREC2,L1,LINE
chrX,90092605,90092626,MA1714.1,+,7.27e-06,L1PA4,L1,LINE
chr4,91820922,91820943,MA1714.1,-,7.27e-06,L1PA17,L1,LINE
chr8,95546877,95546898,MA1714.1,-,7.27e-06,HAL1-3A_ME,L1,LINE
chrX,98490993,98491014,MA1714.1,+,7.27e-06,L1PA4,L1,LINE
chr1,101658863,101658884,MA1714.1,+,7.27e-06,AluJr,Alu,SINE
chr6,101991613,101991634,MA1714.1,+,7.27e-06,MIR,MIR,SINE
chr7,104204499,104204520,MA1714.1,-,7.27e-06,MIRb,MIR,SINE
chr4,105487903,105487924,MA1714.1,-,7.27e-06,L1PA7,L1,LINE
chr4,109327086,109327107,MA1714.1,-,7.27e-06,MSTB-int,ERVL-MaLR,LTR
chr5,110011617,110011638,MA1714.1,-,7.27e-06,L1MA9,L1,LINE
chr10,110748718,110748739,MA1714.1,-,7.27e-06,MLT1H-int,ERVL-MaLR,LTR
chr5,111226513,111226534,MA1714.1,-,7.27e-06,MSTA-int,ERVL-MaLR,LTR
chr7,114812559,114812580,MA1714.1,-,7.27e-06,L1PA3,L1,LINE
chr5,115002546,115002567,MA1714.1,+,7.27e-06,L1MA2,L1,LINE
chr2,117604027,117604048,MA1714.1,+,7.27e-06,AluJo,Alu,SINE
chr9,119304182,119304203,MA1714.1,-,7.27e-06,L1MD1,L1,LINE
chr12,119448070,119448091,MA1714.1,-,7.27e-06,AluSx1,Alu,SINE
chr7,120093017,120093038,MA1714.1,+,7.27e-06,L1PA13,L1,LINE
chr7,121688373,121688394,MA1714.1,+,7.27e-06,L1ME3E,L1,LINE
chr4,121966045,121966066,MA1714.1,+,7.27e-06,AluJb,Alu,SINE
chr6,124733071,124733092,MA1714.1,-,7.27e-06,L1PA4,L1,LINE
chr6,125514166,125514187,MA1714.1,-,7.27e-06,MIRb,MIR,SINE
chr9,127670436,127670457,MA1714.1,+,7.27e-06,L1ME5,L1,LINE
chr5,130120549,130120570,MA1714.1,+,7.27e-06,L1PA4,L1,LINE
chrX,131289891,131289912,MA1714.1,+,7.27e-06,L1ME2,L1,LINE
chr4,132820299,132820320,MA1714.1,-,7.27e-06,L1MC4a,L1,LINE
chr12,133093484,133093505,MA1714.1,+,7.27e-06,MIR,MIR,SINE
chr2,134801708,134801729,MA1714.1,+,7.27e-06,L1PA4,L1,LINE
chr4,134879094,134879115,MA1714.1,-,7.27e-06,THE1C-int,ERVL-MaLR,LTR
chr5,135626226,135626247,MA1714.1,+,7.27e-06,L1PA4,L1,LINE
chr6,137144620,137144641,MA1714.1,+,7.27e-06,FRAM,Alu,SINE
chr2,137832900,137832921,MA1714.1,-,7.27e-06,L1PA4,L1,LINE
chr8,144759185,144759206,MA1714.1,+,7.27e-06,Harlequin-int,ERV1,LTR
chr7,145456140,145456161,MA1714.1,-,7.27e-06,L1MB1,L1,LINE
chrX,147285204,147285225,MA1714.1,+,7.27e-06,LTR81AB,Gypsy,LTR
chr7,153567480,153567501,MA1714.1,-,7.27e-06,L1PA4,L1,LINE
chr7,157245852,157245873,MA1714.1,-,7.27e-06,L1PA4,L1,LINE
chr1,163179447,163179468,MA1714.1,-,7.27e-06,L1ME3B,L1,LINE
chr2,164763315,164763336,MA1714.1,+,7.27e-06,L1MB7,L1,LINE
chr3,167828195,167828216,MA1714.1,-,7.27e-06,ERVL-B4-int,ERVL,LTR
chr4,180511416,180511437,MA1714.1,-,7.27e-06,L1MA7,L1,LINE
chr4,187724699,187724720,MA1714.1,-,7.27e-06,L1MC5,L1,LINE
chr1,191559732,191559753,MA1714.1,-,7.27e-06,MER106A,hAT-Charlie,DNA
chr2,207359619,207359640,MA1714.1,+,7.27e-06,L1PA4,L1,LINE
chr1,229979071,229979092,MA1714.1,-,7.27e-06,L1MEe,L1,LINE
chr2,233796425,233796446,MA1714.1,+,7.27e-06,MLT1-int,ERVL-MaLR,LTR
chr2,236804878,236804899,MA1714.1,-,7.27e-06,L1MB2,L1,LINE
chr2,239173464,239173485,MA1714.1,-,7.27e-06,AluJr,Alu,SINE
chr1,246268373,246268394,MA1714.1,-,7.27e-06,MER31A,ERV1,LTR
chr19_gl000209_random,74707,74728,MA1714.1,+,7.31e-06,HAL1-3A_ME,L1,LINE
chr18,2477911,2477932,MA1714.1,-,7.31e-06,L1MCa,L1,LINE
chr1,4535783,4535804,MA1714.1,+,7.31e-06,MIR,MIR,SINE
chr11,7824429,7824450,MA1714.1,+,7.31e-06,L1PREC2,L1,LINE
chr2,11867567,11867588,MA1714.1,-,7.31e-06,L1MC4,L1,LINE
chr16,14348913,14348934,MA1714.1,+,7.31e-06,L1ME1,L1,LINE
chr16,15844615,15844636,MA1714.1,-,7.31e-06,L2a,L2,LINE
chr1,16444494,16444515,MA1714.1,+,7.31e-06,MIR,MIR,SINE
chr4,17277839,17277860,MA1714.1,+,7.31e-06,MIR,MIR,SINE
chr17,18939595,18939616,MA1714.1,-,7.31e-06,MIR,MIR,SINE
chr17,19041555,19041576,MA1714.1,+,7.31e-06,MIR,MIR,SINE
chr13,20173265,20173286,MA1714.1,-,7.31e-06,AluJo,Alu,SINE
chr21,21424376,21424397,MA1714.1,-,7.31e-06,L1MEf,L1,LINE
chr11,22550734,22550755,MA1714.1,-,7.31e-06,L1PA3,L1,LINE
chr5,23915757,23915778,MA1714.1,+,7.31e-06,L1PA15,L1,LINE
chr19,24451408,24451429,MA1714.1,-,7.31e-06,L1PA4,L1,LINE
chr21,25283629,25283650,MA1714.1,-,7.31e-06,L1MC,L1,LINE
chr18,27109044,27109065,MA1714.1,+,7.31e-06,LTR88a,Gypsy,LTR
chr4,30552908,30552929,MA1714.1,+,7.31e-06,THE1A-int,ERVL-MaLR,LTR
chr1,30748715,30748736,MA1714.1,-,7.31e-06,MIRb,MIR,SINE
chr22,32126093,32126114,MA1714.1,+,7.31e-06,AluSx,Alu,SINE
chr3,32261646,32261667,MA1714.1,-,7.31e-06,MIRc,MIR,SINE
chr9,32873955,32873976,MA1714.1,+,7.31e-06,LTR50,ERVL,LTR
chr22,33100135,33100156,MA1714.1,-,7.31e-06,L1PREC2,L1,LINE
chr14,33595443,33595464,MA1714.1,+,7.31e-06,Charlie22a,hAT-Charlie,DNA
chr6,34170115,34170136,MA1714.1,-,7.31e-06,MER52C,ERV1,LTR
chr17,37015695,37015716,MA1714.1,-,7.31e-06,Charlie1b,hAT-Charlie,DNA
chrX,37158067,37158088,MA1714.1,-,7.31e-06,AluJb,Alu,SINE
chr1,37619707,37619728,MA1714.1,+,7.31e-06,L2b,L2,LINE
chr22,42719794,42719815,MA1714.1,+,7.31e-06,MIRb,MIR,SINE
chr19,45089205,45089226,MA1714.1,-,7.31e-06,MER66C,ERV1,LTR
chr19,47631809,47631830,MA1714.1,-,7.31e-06,AluJr,Alu,SINE
chr10,49963133,49963154,MA1714.1,-,7.31e-06,L1ME1,L1,LINE
chr10,52772158,52772179,MA1714.1,-,7.31e-06,L3,CR1,LINE
chr13,52783441,52783462,MA1714.1,-,7.31e-06,AluJr4,Alu,SINE
chr8,55956111,55956132,MA1714.1,+,7.31e-06,L1M2c,L1,LINE
chr16,56742610,56742631,MA1714.1,-,7.31e-06,MER83B,ERV1,LTR
chr11,56986088,56986109,MA1714.1,+,7.31e-06,L1PB1,L1,LINE
chr13,57269147,57269168,MA1714.1,+,7.31e-06,HERVL74-int,ERVL,LTR
chr15,58395790,58395811,MA1714.1,-,7.31e-06,L1MB7,L1,LINE
chr11,58658004,58658025,MA1714.1,+,7.31e-06,L1PA16,L1,LINE
chr11,60798122,60798143,MA1714.1,-,7.31e-06,L1MC3,L1,LINE
chr13,62099185,62099206,MA1714.1,-,7.31e-06,HUERS-P2-int,ERV1,LTR
chr7,63442705,63442726,MA1714.1,+,7.31e-06,L1M1,L1,LINE
chr8,63452677,63452698,MA1714.1,-,7.31e-06,HAL1,L1,LINE
chr3,64158243,64158264,MA1714.1,+,7.31e-06,MIR,MIR,SINE
chr18,64497879,64497900,MA1714.1,-,7.31e-06,MSTA-int,ERVL-MaLR,LTR
chrX,64968225,64968246,MA1714.1,-,7.31e-06,L1PB1,L1,LINE
chr10,69411122,69411143,MA1714.1,-,7.31e-06,L3,CR1,LINE
chr17,71048176,71048197,MA1714.1,+,7.31e-06,MIRb,MIR,SINE
chr3,73266628,73266649,MA1714.1,+,7.31e-06,MER117,hAT-Charlie,DNA
chr8,75678479,75678500,MA1714.1,+,7.31e-06,L1PREC2,L1,LINE
chr1,82937799,82937820,MA1714.1,-,7.31e-06,L1MC3,L1,LINE
chrX,83260158,83260179,MA1714.1,+,7.31e-06,PRIMA4-int,ERV1,LTR
chr10,83621599,83621620,MA1714.1,-,7.31e-06,L1MB7,L1,LINE
chr5,83969965,83969986,MA1714.1,+,7.31e-06,MER21-int,ERVL,LTR
chr15,84399791,84399812,MA1714.1,-,7.31e-06,L1MA9,L1,LINE
chr14,85474924,85474945,MA1714.1,-,7.31e-06,MER50,ERV1,LTR
chr15,86983806,86983827,MA1714.1,-,7.31e-06,MIRb,MIR,SINE
chr9,87064546,87064567,MA1714.1,+,7.31e-06,MER21C,ERVL,LTR
chr13,87432986,87433007,MA1714.1,-,7.31e-06,L1PA10,L1,LINE
chrX,88761436,88761457,MA1714.1,-,7.31e-06,THE1C-int,ERVL-MaLR,LTR
chr10,89777475,89777496,MA1714.1,-,7.31e-06,L1M5,L1,LINE
chr7,90677764,90677785,MA1714.1,-,7.31e-06,L1MC,L1,LINE
chr14,92534264,92534285,MA1714.1,-,7.31e-06,L1MDa,L1,LINE
chr5,95002734,95002755,MA1714.1,-,7.31e-06,MIR,MIR,SINE
chr4,95383528,95383549,MA1714.1,-,7.31e-06,L1MC4a,L1,LINE
chr11,97839081,97839102,MA1714.1,-,7.31e-06,HUERS-P3-int,ERV1,LTR
chr11,98053850,98053871,MA1714.1,-,7.31e-06,L1MEg2,L1,LINE
chrX,101026023,101026044,MA1714.1,-,7.31e-06,L1MA1,L1,LINE
chr6,101132162,101132183,MA1714.1,+,7.31e-06,MIRc,MIR,SINE
chr3,101736242,101736263,MA1714.1,-,7.31e-06,L1MCc,L1,LINE
chr14,102080832,102080853,MA1714.1,+,7.31e-06,L1MC3,L1,LINE
chr15,102087786,102087807,MA1714.1,+,7.31e-06,L1MEg,L1,LINE
chr6,103539345,103539366,MA1714.1,+,7.31e-06,L1PREC2,L1,LINE
chr5,104416977,104416998,MA1714.1,+,7.31e-06,L1PA16,L1,LINE
chr7,104799819,104799840,MA1714.1,+,7.31e-06,AluSx1,Alu,SINE
chr12,107323267,107323288,MA1714.1,-,7.31e-06,L1MC4a,L1,LINE
chr6,110105546,110105567,MA1714.1,-,7.31e-06,L3,CR1,LINE
chr6,117919460,117919481,MA1714.1,+,7.31e-06,AluJo,Alu,SINE
chr12,121052781,121052802,MA1714.1,-,7.31e-06,L1ME2,L1,LINE
chr3,122760585,122760606,MA1714.1,+,7.31e-06,LTR78,ERV1,LTR
chr9,122991765,122991786,MA1714.1,+,7.31e-06,MIRb,MIR,SINE
chr4,123117359,123117380,MA1714.1,-,7.31e-06,MIR,MIR,SINE
chr5,124145146,124145167,MA1714.1,-,7.31e-06,MIR,MIR,SINE
chr10,124224901,124224922,MA1714.1,-,7.31e-06,MIR,MIR,SINE
chr11,126152636,126152657,MA1714.1,+,7.31e-06,MIRb,MIR,SINE
chr12,129898859,129898880,MA1714.1,+,7.31e-06,L2c,L2,LINE
chr9,130385097,130385118,MA1714.1,-,7.31e-06,AluJo,Alu,SINE
chr12,130803198,130803219,MA1714.1,+,7.31e-06,AluSg,Alu,SINE
chrX,132686769,132686790,MA1714.1,+,7.31e-06,Plat_L3,CR1,LINE
chr3,132993957,132993978,MA1714.1,+,7.31e-06,MIR3,MIR,SINE
chr2,133393563,133393584,MA1714.1,+,7.31e-06,MLT1A,ERVL-MaLR,LTR
chr10,134025758,134025779,MA1714.1,+,7.31e-06,L1MB7,L1,LINE
chr2,135461167,135461188,MA1714.1,+,7.31e-06,HAL1,L1,LINE
chr4,137361860,137361881,MA1714.1,+,7.31e-06,MamRep605,MamRep605,Unknown
chr5,141285207,141285228,MA1714.1,+,7.31e-06,L1MB2,L1,LINE
chr6,142833812,142833833,MA1714.1,-,7.31e-06,L1PB1,L1,LINE
chr4,150209074,150209095,MA1714.1,+,7.31e-06,L1MD3,L1,LINE
chr6,159024179,159024200,MA1714.1,-,7.31e-06,L1ME1,L1,LINE
chr6,160137355,160137376,MA1714.1,-,7.31e-06,MLT1L,ERVL-MaLR,LTR
chr6,162302732,162302753,MA1714.1,-,7.31e-06,MIRc,MIR,SINE
chr5,163700093,163700114,MA1714.1,-,7.31e-06,AluJb,Alu,SINE
chr1,168028961,168028982,MA1714.1,-,7.31e-06,AluJo,Alu,SINE
chr1,169830395,169830416,MA1714.1,+,7.31e-06,MLT1H1,ERVL-MaLR,LTR
chr2,172241260,172241281,MA1714.1,+,7.31e-06,AluJo,Alu,SINE
chr1,173183936,173183957,MA1714.1,-,7.31e-06,MIRb,MIR,SINE
chr5,175357172,175357193,MA1714.1,+,7.31e-06,L1MC2,L1,LINE
chr1,175698000,175698021,MA1714.1,-,7.31e-06,MIR,MIR,SINE
chr5,177340623,177340644,MA1714.1,-,7.31e-06,L1MC2,L1,LINE
chr2,178910257,178910278,MA1714.1,+,7.31e-06,MIR,MIR,SINE
chr4,181651709,181651730,MA1714.1,+,7.31e-06,THE1B,ERVL-MaLR,LTR
chr2,181784863,181784884,MA1714.1,+,7.31e-06,L1ME1,L1,LINE
chr4,187053999,187054020,MA1714.1,-,7.31e-06,MER4C,ERV1,LTR
chr3,189111825,189111846,MA1714.1,-,7.31e-06,MIR,MIR,SINE
chr3,189908162,189908183,MA1714.1,+,7.31e-06,Charlie1b,hAT-Charlie,DNA
chr3,191916969,191916990,MA1714.1,+,7.31e-06,MIR3,MIR,SINE
chr1,214628798,214628819,MA1714.1,-,7.31e-06,MIR,MIR,SINE
chr2,215521308,215521329,MA1714.1,+,7.31e-06,L1MEc,L1,LINE
chr1,226896457,226896478,MA1714.1,+,7.31e-06,MLT1L,ERVL-MaLR,LTR
chr12,606657,606678,MA1714.1,-,7.36e-06,L1MB5,L1,LINE
chr11,1646475,1646496,MA1714.1,+,7.36e-06,HAL1b,L1,LINE
chr7,2449649,2449670,MA1714.1,-,7.36e-06,AluSz6,Alu,SINE
chrX,5497793,5497814,MA1714.1,+,7.36e-06,L1MEg,L1,LINE
chr11,6254717,6254738,MA1714.1,+,7.36e-06,L1MA10,L1,LINE
chr7,7763868,7763889,MA1714.1,+,7.36e-06,HERVL-int,ERVL,LTR
chr12,9956373,9956394,MA1714.1,-,7.36e-06,L1MC1,L1,LINE
chr11,10242736,10242757,MA1714.1,-,7.36e-06,AluSz,Alu,SINE
chr21,10498365,10498386,MA1714.1,+,7.36e-06,L1P4,L1,LINE
chr2,13818005,13818026,MA1714.1,+,7.36e-06,HERVIP10F-int,ERV1,LTR
chr19,14595518,14595539,MA1714.1,+,7.36e-06,AluSx3,Alu,SINE
chr19,15834839,15834860,MA1714.1,-,7.36e-06,L1MB5,L1,LINE
chr3,16288811,16288832,MA1714.1,-,7.36e-06,MIRb,MIR,SINE
chr21,16536739,16536760,MA1714.1,-,7.36e-06,L1MA9,L1,LINE
chr21,18789119,18789140,MA1714.1,-,7.36e-06,MIRb,MIR,SINE
chr6,18836624,18836645,MA1714.1,+,7.36e-06,AluSz6,Alu,SINE
chr22,19073085,19073106,MA1714.1,-,7.36e-06,LTR33B,ERVL,LTR
chr7,20013985,20014006,MA1714.1,-,7.36e-06,L1MC1,L1,LINE
chr18,20829564,20829585,MA1714.1,-,7.36e-06,MIRc,MIR,SINE
chr13,20879877,20879898,MA1714.1,+,7.36e-06,L1MC5,L1,LINE
chr2,23597020,23597041,MA1714.1,-,7.36e-06,L3,CR1,LINE
chr12,23722048,23722069,MA1714.1,+,7.36e-06,AluJb,Alu,SINE
chr11,24128259,24128280,MA1714.1,+,7.36e-06,THE1D-int,ERVL-MaLR,LTR
chr18,27072933,27072954,MA1714.1,-,7.36e-06,MLT1A1,ERVL-MaLR,LTR
chr15,27753961,27753982,MA1714.1,-,7.36e-06,AluY,Alu,SINE
chr9,27816335,27816356,MA1714.1,+,7.36e-06,L1MA4A,L1,LINE
chr18,29638766,29638787,MA1714.1,-,7.36e-06,L1MA3,L1,LINE
chr17,31298656,31298677,MA1714.1,+,7.36e-06,HERVP71A-int,ERV1,LTR
chr21,32270042,32270063,MA1714.1,+,7.36e-06,L1ME3B,L1,LINE
chr17,33752413,33752434,MA1714.1,-,7.36e-06,L1MA8,L1,LINE
chr16,34807088,34807109,MA1714.1,-,7.36e-06,MIRb,MIR,SINE
chr20,35163391,35163412,MA1714.1,+,7.36e-06,L1MB7,L1,LINE
chrX,36761451,36761472,MA1714.1,-,7.36e-06,MSTA-int,ERVL-MaLR,LTR
chr6,37464473,37464494,MA1714.1,-,7.36e-06,MIRb,MIR,SINE
chr20,37519978,37519999,MA1714.1,+,7.36e-06,MIR,MIR,SINE
chr4,37537595,37537616,MA1714.1,+,7.36e-06,MIRb,MIR,SINE
chr12,38542594,38542615,MA1714.1,-,7.36e-06,L1MC4,L1,LINE
chr4,39068788,39068809,MA1714.1,-,7.36e-06,L1MC3,L1,LINE
chr20,41604625,41604646,MA1714.1,-,7.36e-06,MIRb,MIR,SINE
chr11,42632051,42632072,MA1714.1,+,7.36e-06,MLT2B3,ERVL,LTR
chr17,43048686,43048707,MA1714.1,+,7.36e-06,MIRb,MIR,SINE
chr1,43566820,43566841,MA1714.1,-,7.36e-06,MER52A,ERV1,LTR
chr21,43627288,43627309,MA1714.1,-,7.36e-06,L1MDa,L1,LINE
chr1,48178588,48178609,MA1714.1,-,7.36e-06,MIRc,MIR,SINE
chr7,49516955,49516976,MA1714.1,-,7.36e-06,L1PA15,L1,LINE
chrX,54202943,54202964,MA1714.1,+,7.36e-06,MIRb,MIR,SINE
chr1,54369972,54369993,MA1714.1,+,7.36e-06,MIR3,MIR,SINE
chr13,54407678,54407699,MA1714.1,-,7.36e-06,L1ME2,L1,LINE
chr14,55181385,55181406,MA1714.1,+,7.36e-06,MIRb,MIR,SINE
chr1,56375533,56375554,MA1714.1,+,7.36e-06,L1MA3,L1,LINE
chrX,56635468,56635489,MA1714.1,-,7.36e-06,MSTA-int,ERVL-MaLR,LTR
chr7,57291566,57291587,MA1714.1,+,7.36e-06,L1M5,L1,LINE
chr8,63745010,63745031,MA1714.1,+,7.36e-06,L1PA16,L1,LINE
chr8,66340287,66340308,MA1714.1,+,7.36e-06,L1PA4,L1,LINE
chr14,66773532,66773553,MA1714.1,+,7.36e-06,MIRb,MIR,SINE
chr8,67882437,67882458,MA1714.1,-,7.36e-06,AluJb,Alu,SINE
chr15,68885433,68885454,MA1714.1,-,7.36e-06,MSTD,ERVL-MaLR,LTR
chr8,71809296,71809317,MA1714.1,-,7.36e-06,L1MA3,L1,LINE
chr5,72623874,72623895,MA1714.1,+,7.36e-06,MIRb,MIR,SINE
chr8,72779484,72779505,MA1714.1,+,7.36e-06,L2b,L2,LINE
chr10,73738374,73738395,MA1714.1,-,7.36e-06,MIR,MIR,SINE
chr4,75698893,75698914,MA1714.1,-,7.36e-06,AluSx1,Alu,SINE
chr6,77305420,77305441,MA1714.1,+,7.36e-06,L1PB1,L1,LINE
chr12,79615133,79615154,MA1714.1,-,7.36e-06,L1MA8,L1,LINE
chr2,81039989,81040010,MA1714.1,+,7.36e-06,L1MA4A,L1,LINE
chr14,81929707,81929728,MA1714.1,-,7.36e-06,MER106A,hAT-Charlie,DNA
chr10,82325103,82325124,MA1714.1,-,7.36e-06,L1MA3,L1,LINE
chr6,84816434,84816455,MA1714.1,-,7.36e-06,ERVL-int,ERVL,LTR
chr4,85334626,85334647,MA1714.1,+,7.36e-06,AluSz6,Alu,SINE
chr12,88221861,88221882,MA1714.1,-,7.36e-06,MER34C2,ERV1,LTR
chr10,88347948,88347969,MA1714.1,+,7.36e-06,AluSz,Alu,SINE
chr10,89582352,89582373,MA1714.1,+,7.36e-06,L1MA3,L1,LINE
chr15,91957361,91957382,MA1714.1,-,7.36e-06,L1MA3,L1,LINE
chrX,92834876,92834897,MA1714.1,+,7.36e-06,MER52D,ERV1,LTR
chrX,94472886,94472907,MA1714.1,+,7.36e-06,L1MA2,L1,LINE
chr8,98412865,98412886,MA1714.1,-,7.36e-06,L1MA3,L1,LINE
chr3,101138694,101138715,MA1714.1,-,7.36e-06,MIR,MIR,SINE
chr2,102355376,102355397,MA1714.1,+,7.36e-06,MIR,MIR,SINE
chr4,105556492,105556513,MA1714.1,+,7.36e-06,AluJr4,Alu,SINE
chr6,105558051,105558072,MA1714.1,+,7.36e-06,MIRb,MIR,SINE
chr3,106718814,106718835,MA1714.1,+,7.36e-06,MIR,MIR,SINE
chr11,108917428,108917449,MA1714.1,+,7.36e-06,MIRb,MIR,SINE
chr12,109024998,109025019,MA1714.1,-,7.36e-06,MER106A,hAT-Charlie,DNA
chr6,111278778,111278799,MA1714.1,-,7.36e-06,MIRb,MIR,SINE
chr5,112080678,112080699,MA1714.1,+,7.36e-06,MIRb,MIR,SINE
chr5,112584612,112584633,MA1714.1,-,7.36e-06,AluSg,Alu,SINE
chr4,113452936,113452957,MA1714.1,+,7.36e-06,AluJr,Alu,SINE
chr7,114712052,114712073,MA1714.1,+,7.36e-06,L1MA3,L1,LINE
chr5,119456988,119457009,MA1714.1,-,7.36e-06,L2c,L2,LINE
chr8,121307999,121308020,MA1714.1,-,7.36e-06,MIR,MIR,SINE
chr2,122261732,122261753,MA1714.1,+,7.36e-06,AluSq,Alu,SINE
chr12,126154227,126154248,MA1714.1,-,7.36e-06,L1MB8,L1,LINE
chr9,126268498,126268519,MA1714.1,+,7.36e-06,MIR,MIR,SINE
chr3,127383804,127383825,MA1714.1,-,7.36e-06,L1MC4,L1,LINE
chr11,130473518,130473539,MA1714.1,+,7.36e-06,MIR,MIR,SINE
chr7,130842273,130842294,MA1714.1,+,7.36e-06,MIRb,MIR,SINE
chr6,134095474,134095495,MA1714.1,+,7.36e-06,MLT1H1-int,ERVL-MaLR,LTR
chrX,137448777,137448798,MA1714.1,+,7.36e-06,L1PREC2,L1,LINE
chr2,138148423,138148444,MA1714.1,-,7.36e-06,L1MA4A,L1,LINE
chr6,141358349,141358370,MA1714.1,-,7.36e-06,L1MA4,L1,LINE
chr5,142360878,142360899,MA1714.1,+,7.36e-06,MIR,MIR,SINE
chr7,142426902,142426923,MA1714.1,-,7.36e-06,L1MB1,L1,LINE
chrX,145052655,145052676,MA1714.1,+,7.36e-06,HERVIP10FH-int,ERV1,LTR
chr5,145827622,145827643,MA1714.1,-,7.36e-06,MIRb,MIR,SINE
chr2,148521154,148521175,MA1714.1,-,7.36e-06,L1M5,L1,LINE
chr7,155444128,155444149,MA1714.1,-,7.36e-06,HAL1,L1,LINE
chr4,156078302,156078323,MA1714.1,+,7.36e-06,MSTB-int,ERVL-MaLR,LTR
chr3,158965379,158965400,MA1714.1,-,7.36e-06,MER39,ERV1,LTR
chr4,159543881,159543902,MA1714.1,+,7.36e-06,L1MA9,L1,LINE
chr3,160716951,160716972,MA1714.1,-,7.36e-06,MIR,MIR,SINE
chr3,163318878,163318899,MA1714.1,+,7.36e-06,L1MA2,L1,LINE
chr6,164070745,164070766,MA1714.1,-,7.36e-06,AluSx,Alu,SINE
chr2,169044028,169044049,MA1714.1,+,7.36e-06,MIR,MIR,SINE
chr4,169235910,169235931,MA1714.1,+,7.36e-06,HAL1,L1,LINE
chr1,170601572,170601593,MA1714.1,-,7.36e-06,L1MCb,L1,LINE
chr5,171530847,171530868,MA1714.1,-,7.36e-06,MIR,MIR,SINE
chr1,178775115,178775136,MA1714.1,-,7.36e-06,HAL1,L1,LINE
chr1,180024444,180024465,MA1714.1,+,7.36e-06,MIRb,MIR,SINE
chr2,184166346,184166367,MA1714.1,-,7.36e-06,L1MA3,L1,LINE
chr3,188295562,188295583,MA1714.1,-,7.36e-06,HAL1-3A_ME,L1,LINE
chr2,189704142,189704163,MA1714.1,-,7.36e-06,MSTD,ERVL-MaLR,LTR
chr1,196212414,196212435,MA1714.1,+,7.36e-06,L1MA3,L1,LINE
chr2,217528181,217528202,MA1714.1,+,7.36e-06,MIR,MIR,SINE
chr2,226962449,226962470,MA1714.1,+,7.36e-06,L1ME1,L1,LINE
chr2,230836606,230836627,MA1714.1,-,7.36e-06,AluJb,Alu,SINE
chr1,236636037,236636058,MA1714.1,-,7.36e-06,MIRb,MIR,SINE
chr4,93210,93231,MA1714.1,-,7.4e-06,THE1C-int,ERVL-MaLR,LTR
chr6_dbb_hap3,1673203,1673224,MA1714.1,+,7.4e-06,LTR13_,ERVK,LTR
chr6_apd_hap1,1691180,1691201,MA1714.1,+,7.4e-06,LTR13_,ERVK,LTR
chr6_mann_hap4,1727625,1727646,MA1714.1,+,7.4e-06,LTR13_,ERVK,LTR
chrX,6178360,6178381,MA1714.1,-,7.4e-06,L1MEe,L1,LINE
chr11,6447183,6447204,MA1714.1,+,7.4e-06,MLT1K,ERVL-MaLR,LTR
chr5,7302904,7302925,MA1714.1,-,7.4e-06,MIRb,MIR,SINE
chr12,11716053,11716074,MA1714.1,+,7.4e-06,AluJr,Alu,SINE
chr11,12169387,12169408,MA1714.1,-,7.4e-06,MER5B,hAT-Charlie,DNA
chr1,15213530,15213551,MA1714.1,+,7.4e-06,MIRb,MIR,SINE
chr17,15586961,15586982,MA1714.1,-,7.4e-06,MIRb,MIR,SINE
chr2,15969038,15969059,MA1714.1,-,7.4e-06,MIRc,MIR,SINE
chrX,17521704,17521725,MA1714.1,-,7.4e-06,MIR,MIR,SINE
chr17,18601955,18601976,MA1714.1,+,7.4e-06,MIRb,MIR,SINE
chr16,19169289,19169310,MA1714.1,-,7.4e-06,MIRb,MIR,SINE
chr4,19387742,19387763,MA1714.1,+,7.4e-06,L1MA9,L1,LINE
chr10,20203003,20203024,MA1714.1,+,7.4e-06,HAL1-3A_ME,L1,LINE
chr14,20741025,20741046,MA1714.1,+,7.4e-06,THE1C-int,ERVL-MaLR,LTR
chr3,21207344,21207365,MA1714.1,+,7.4e-06,MIRc,MIR,SINE
chr13,21342192,21342213,MA1714.1,-,7.4e-06,L1MD2,L1,LINE
chr10,21421547,21421568,MA1714.1,-,7.4e-06,L1MB7,L1,LINE
chrX,21734636,21734657,MA1714.1,+,7.4e-06,MIRb,MIR,SINE
chr15,21912274,21912295,MA1714.1,+,7.4e-06,AluJb,Alu,SINE
chr14,22164565,22164586,MA1714.1,+,7.4e-06,L1MB5,L1,LINE
chr8,23331799,23331820,MA1714.1,-,7.4e-06,L3,CR1,LINE
chr14,23332755,23332776,MA1714.1,-,7.4e-06,L3,CR1,LINE
chr15,23605057,23605078,MA1714.1,+,7.4e-06,MIRb,MIR,SINE
chr21,24969500,24969521,MA1714.1,+,7.4e-06,L1MC1,L1,LINE
chr6,25386893,25386914,MA1714.1,+,7.4e-06,MIR,MIR,SINE
chr10,26290700,26290721,MA1714.1,+,7.4e-06,AluJr,Alu,SINE
chr4,26379739,26379760,MA1714.1,-,7.4e-06,L1MC4,L1,LINE
chr7,28414992,28415013,MA1714.1,+,7.4e-06,L1MA2,L1,LINE
chr6,30379545,30379566,MA1714.1,+,7.4e-06,LTR13_,ERVK,LTR
chr22,30393731,30393752,MA1714.1,+,7.4e-06,MER46C,TcMar-Tigger,DNA
chr8,33618369,33618390,MA1714.1,-,7.4e-06,MLT1A0-int,ERVL-MaLR,LTR
chr5,34686397,34686418,MA1714.1,+,7.4e-06,L1MA8,L1,LINE
chr8,35038684,35038705,MA1714.1,+,7.4e-06,L1PB3,L1,LINE
chr6,35613326,35613347,MA1714.1,+,7.4e-06,L1MC4,L1,LINE
chr14,36375989,36376010,MA1714.1,+,7.4e-06,MER30,hAT-Charlie,DNA
chr10,36655247,36655268,MA1714.1,+,7.4e-06,MLT1A0-int,ERVL-MaLR,LTR
chr19,41507495,41507516,MA1714.1,+,7.4e-06,MIRb,MIR,SINE
chr7,41948214,41948235,MA1714.1,+,7.4e-06,MER41B,ERV1,LTR
chr2,42041402,42041423,MA1714.1,+,7.4e-06,L1MC5,L1,LINE
chr12,42070410,42070431,MA1714.1,+,7.4e-06,L1PA2,L1,LINE
chr3,45050426,45050447,MA1714.1,-,7.4e-06,MIR,MIR,SINE
chr15,50249189,50249210,MA1714.1,+,7.4e-06,L1MC4a,L1,LINE
chr20,50755110,50755131,MA1714.1,+,7.4e-06,L1M6,L1,LINE
chr4,53529134,53529155,MA1714.1,+,7.4e-06,MSTA-int,ERVL-MaLR,LTR
chr4,54615694,54615715,MA1714.1,+,7.4e-06,AluSx,Alu,SINE
chr19,54682076,54682097,MA1714.1,-,7.4e-06,MIR,MIR,SINE
chr20,55058629,55058650,MA1714.1,-,7.4e-06,AluJr,Alu,SINE
chr1,58396159,58396180,MA1714.1,-,7.4e-06,L1MC1,L1,LINE
chr5,59305797,59305818,MA1714.1,-,7.4e-06,MER95,ERV,LTR
chr17,60102526,60102547,MA1714.1,-,7.4e-06,MER58B,hAT-Charlie,DNA
chr11,61258983,61259004,MA1714.1,-,7.4e-06,MER91A,hAT-Tip100,DNA
chr1,61938245,61938266,MA1714.1,-,7.4e-06,AluJo,Alu,SINE
chr15,62541454,62541475,MA1714.1,-,7.4e-06,MIRb,MIR,SINE
chr17,64943122,64943143,MA1714.1,+,7.4e-06,MIRb,MIR,SINE
chr13,65697129,65697150,MA1714.1,-,7.4e-06,L1P4,L1,LINE
chr7,67347407,67347428,MA1714.1,+,7.4e-06,LTR78B,ERV1,LTR
chr11,68348746,68348767,MA1714.1,+,7.4e-06,MIR,MIR,SINE
chr7,68626658,68626679,MA1714.1,+,7.4e-06,AluJr,Alu,SINE
chr15,69422106,69422127,MA1714.1,+,7.4e-06,MER5A,hAT-Charlie,DNA
chr16,69979231,69979252,MA1714.1,-,7.4e-06,L1M4,L1,LINE
chr18,71144855,71144876,MA1714.1,+,7.4e-06,MIRb,MIR,SINE
chr15,72953288,72953309,MA1714.1,+,7.4e-06,MIRb,MIR,SINE
chr1,73997629,73997650,MA1714.1,-,7.4e-06,L1PA15,L1,LINE
chr15,74368615,74368636,MA1714.1,-,7.4e-06,MIRb,MIR,SINE
chr15,75557146,75557167,MA1714.1,+,7.4e-06,MIRb,MIR,SINE
chr15,75581421,75581442,MA1714.1,+,7.4e-06,MIRb,MIR,SINE
chr17,75979089,75979110,MA1714.1,+,7.4e-06,L1ME4a,L1,LINE
chr15,76074110,76074131,MA1714.1,+,7.4e-06,MIRb,MIR,SINE
chr15,78212943,78212964,MA1714.1,-,7.4e-06,MIRb,MIR,SINE
chr14,78281132,78281153,MA1714.1,-,7.4e-06,MER5A,hAT-Charlie,DNA
chrX,78855468,78855489,MA1714.1,+,7.4e-06,AluJo,Alu,SINE
chr15,79025690,79025711,MA1714.1,+,7.4e-06,MIRb,MIR,SINE
chrX,79554972,79554993,MA1714.1,-,7.4e-06,L1M2,L1,LINE
chr5,80272107,80272128,MA1714.1,-,7.4e-06,MIRb,MIR,SINE
chr7,80656985,80657006,MA1714.1,+,7.4e-06,L1MDb,L1,LINE
chr5,85318487,85318508,MA1714.1,-,7.4e-06,L1ME3,L1,LINE
chr7,85736871,85736892,MA1714.1,+,7.4e-06,THE1D-int,ERVL-MaLR,LTR
chr9,85779130,85779151,MA1714.1,+,7.4e-06,L1MCa,L1,LINE
chr4,87370947,87370968,MA1714.1,+,7.4e-06,MLT1E1A,ERVL-MaLR,LTR
chr1,87711546,87711567,MA1714.1,+,7.4e-06,MLT1J2,ERVL-MaLR,LTR
chr6,88293604,88293625,MA1714.1,+,7.4e-06,MIRb,MIR,SINE
chr1,89742750,89742771,MA1714.1,-,7.4e-06,ERV3-16A3_I-int,ERVL,LTR
chr9,91164939,91164960,MA1714.1,-,7.4e-06,AluSp,Alu,SINE
chr10,95569053,95569074,MA1714.1,-,7.4e-06,AluJb,Alu,SINE
chr4,97736598,97736619,MA1714.1,-,7.4e-06,L2,L2,LINE
chr11,98157601,98157622,MA1714.1,-,7.4e-06,AluSx,Alu,SINE
chr3,98866950,98866971,MA1714.1,+,7.4e-06,THE1C-int,ERVL-MaLR,LTR
chr3,99401155,99401176,MA1714.1,+,7.4e-06,AluJb,Alu,SINE
chr4,100556179,100556200,MA1714.1,+,7.4e-06,MLT1G1,ERVL-MaLR,LTR
chr12,100563411,100563432,MA1714.1,-,7.4e-06,MIRb,MIR,SINE
chr10,101914173,101914194,MA1714.1,+,7.4e-06,MER20,hAT-Charlie,DNA
chr3,103674490,103674511,MA1714.1,+,7.4e-06,MIR,MIR,SINE
chr14,103819338,103819359,MA1714.1,-,7.4e-06,Looper,PiggyBac,DNA
chr5,105268747,105268768,MA1714.1,-,7.4e-06,AluJr4,Alu,SINE
chr13,105809951,105809972,MA1714.1,-,7.4e-06,L1M5,L1,LINE
chr5,108065877,108065898,MA1714.1,-,7.4e-06,MIRb,MIR,SINE
chr3,110423319,110423340,MA1714.1,-,7.4e-06,THE1B-int,ERVL-MaLR,LTR
chr1,113861983,113862004,MA1714.1,+,7.4e-06,L1MA3,L1,LINE
chr3,114253472,114253493,MA1714.1,+,7.4e-06,L1PA7,L1,LINE
chr2,116192438,116192459,MA1714.1,-,7.4e-06,L1MA4,L1,LINE
chr8,116793811,116793832,MA1714.1,-,7.4e-06,MIR,MIR,SINE
chr4,124173932,124173953,MA1714.1,-,7.4e-06,L1ME1,L1,LINE
chr2,128815459,128815480,MA1714.1,+,7.4e-06,Charlie9,hAT-Charlie,DNA
chr5,130547199,130547220,MA1714.1,-,7.4e-06,L1MEg,L1,LINE
chr10,131607275,131607296,MA1714.1,+,7.4e-06,L1MC4,L1,LINE
chrX,136990189,136990210,MA1714.1,+,7.4e-06,L1MB8,L1,LINE
chr5,137092205,137092226,MA1714.1,+,7.4e-06,L1PA15,L1,LINE
chr6,147416160,147416181,MA1714.1,+,7.4e-06,L1PREC2,L1,LINE
chr7,147881953,147881974,MA1714.1,+,7.4e-06,MIRc,MIR,SINE
chr4,149663586,149663607,MA1714.1,+,7.4e-06,L1M6,L1,LINE
chr4,152565716,152565737,MA1714.1,-,7.4e-06,AluJr,Alu,SINE
chr1,163101929,163101950,MA1714.1,+,7.4e-06,MSTB-int,ERVL-MaLR,LTR
chr4,170791381,170791402,MA1714.1,-,7.4e-06,MIRc,MIR,SINE
chr4,172131332,172131353,MA1714.1,-,7.4e-06,L1PA8A,L1,LINE
chr4,187563085,187563106,MA1714.1,+,7.4e-06,AluSx,Alu,SINE
chr1,197538870,197538891,MA1714.1,+,7.4e-06,L1MA8,L1,LINE
chr1,208761290,208761311,MA1714.1,+,7.4e-06,L1MB3,L1,LINE
chr1,235628713,235628734,MA1714.1,+,7.4e-06,L1MB7,L1,LINE
chr17,505941,505962,MA1714.1,+,7.45e-06,MIRc,MIR,SINE
chr17_ctg5_hap1,1077673,1077694,MA1714.1,-,7.45e-06,MIRb,MIR,SINE
chr11,4747616,4747637,MA1714.1,+,7.45e-06,AluSq10,Alu,SINE
chr16,6174575,6174596,MA1714.1,-,7.45e-06,AluSz,Alu,SINE
chr2,6367645,6367666,MA1714.1,-,7.45e-06,L1MC4,L1,LINE
chr11,8406028,8406049,MA1714.1,+,7.45e-06,LTR13A,ERVK,LTR
chr4,8824645,8824666,MA1714.1,+,7.45e-06,L1M5,L1,LINE
chr18,10820397,10820418,MA1714.1,-,7.45e-06,L1MEf,L1,LINE
chr6,10856957,10856978,MA1714.1,+,7.45e-06,L3,CR1,LINE
chr19,12433214,12433235,MA1714.1,+,7.45e-06,Tigger2a,TcMar-Tigger,DNA
chr10,12578203,12578224,MA1714.1,-,7.45e-06,L1MC4,L1,LINE
chr6,15624381,15624402,MA1714.1,-,7.45e-06,MIRb,MIR,SINE
chr22,17696543,17696564,MA1714.1,+,7.45e-06,L1MA4A,L1,LINE
chr15,20303291,20303312,MA1714.1,+,7.45e-06,MIRb,MIR,SINE
chr15,21310472,21310493,MA1714.1,+,7.45e-06,MIRb,MIR,SINE
chr1,23169670,23169691,MA1714.1,-,7.45e-06,MIRb,MIR,SINE
chr2,25433246,25433267,MA1714.1,-,7.45e-06,LTR13A,ERVK,LTR
chr11,26910565,26910586,MA1714.1,+,7.45e-06,L1PA6,L1,LINE
chr22,29079329,29079350,MA1714.1,-,7.45e-06,MLT1K,ERVL-MaLR,LTR
chr21,29972819,29972840,MA1714.1,-,7.45e-06,THE1B-int,ERVL-MaLR,LTR
chr22,30205391,30205412,MA1714.1,-,7.45e-06,FLAM_C,Alu,SINE
chr22,31453953,31453974,MA1714.1,-,7.45e-06,MIRb,MIR,SINE
chr13,31469414,31469435,MA1714.1,-,7.45e-06,MIR,MIR,SINE
chr16,31795541,31795562,MA1714.1,-,7.45e-06,L1PB4,L1,LINE
chr14,31882885,31882906,MA1714.1,-,7.45e-06,MIRb,MIR,SINE
chr21,33362052,33362073,MA1714.1,+,7.45e-06,L1ME3A,L1,LINE
chr8,35727708,35727729,MA1714.1,-,7.45e-06,L1PB1,L1,LINE
chr1,37787634,37787655,MA1714.1,-,7.45e-06,MIRb,MIR,SINE
chr3,40420368,40420389,MA1714.1,-,7.45e-06,AluY,Alu,SINE
chr9,42526013,42526034,MA1714.1,+,7.45e-06,L1PREC2,L1,LINE
chr7,42537888,42537909,MA1714.1,-,7.45e-06,L1MC3,L1,LINE
chr9,42975892,42975913,MA1714.1,-,7.45e-06,L1PREC2,L1,LINE
chr18,44467022,44467043,MA1714.1,+,7.45e-06,L1M5,L1,LINE
chr15,45195479,45195500,MA1714.1,-,7.45e-06,L1MA7,L1,LINE
chr2,46261420,46261441,MA1714.1,+,7.45e-06,MIRb,MIR,SINE
chrX,46594636,46594657,MA1714.1,-,7.45e-06,L1MCa,L1,LINE
chr14,47302739,47302760,MA1714.1,-,7.45e-06,MIR,MIR,SINE
chr11,48618055,48618076,MA1714.1,-,7.45e-06,L1PB1,L1,LINE
chr20,49897096,49897117,MA1714.1,-,7.45e-06,L1MD3,L1,LINE
chr7,54278972,54278993,MA1714.1,+,7.45e-06,L1M1,L1,LINE
chr15,55138802,55138823,MA1714.1,-,7.45e-06,L1M5,L1,LINE
chr2,55751765,55751786,MA1714.1,-,7.45e-06,MIR,MIR,SINE
chr12,56377689,56377710,MA1714.1,-,7.45e-06,AluJr,Alu,SINE
chr1,56586418,56586439,MA1714.1,+,7.45e-06,LTR81A,Gypsy,LTR
chr18,58241118,58241139,MA1714.1,+,7.45e-06,L1MA2,L1,LINE
chr1,61274052,61274073,MA1714.1,-,7.45e-06,L1M2,L1,LINE
chr11,63625343,63625364,MA1714.1,-,7.45e-06,AluJb,Alu,SINE
chr5,64067839,64067860,MA1714.1,-,7.45e-06,MIR,MIR,SINE
chr13,65929479,65929500,MA1714.1,+,7.45e-06,L1MA8,L1,LINE
chr10,66005263,66005284,MA1714.1,-,7.45e-06,L1MEg,L1,LINE
chr9,66311189,66311210,MA1714.1,-,7.45e-06,L1PREC2,L1,LINE
chr15,67345052,67345073,MA1714.1,+,7.45e-06,MIR3,MIR,SINE
chr12,67981054,67981075,MA1714.1,-,7.45e-06,MamGypLTR1a,Gypsy,LTR
chr8,68765878,68765899,MA1714.1,-,7.45e-06,MER41B,ERV1,LTR
chr15,69499810,69499831,MA1714.1,-,7.45e-06,L1MC3,L1,LINE
chr9,69533445,69533466,MA1714.1,+,7.45e-06,L1PREC2,L1,LINE
chr18,71195148,71195169,MA1714.1,-,7.45e-06,L1PA8A,L1,LINE
chr13,71559863,71559884,MA1714.1,-,7.45e-06,THE1A-int,ERVL-MaLR,LTR
chr13,72169884,72169905,MA1714.1,-,7.45e-06,MLT1A0,ERVL-MaLR,LTR
chr11,73341561,73341582,MA1714.1,+,7.45e-06,AluJo,Alu,SINE
chr6,73961617,73961638,MA1714.1,-,7.45e-06,AluJb,Alu,SINE
chr17,75420844,75420865,MA1714.1,+,7.45e-06,MIRc,MIR,SINE
chr11,77665593,77665614,MA1714.1,-,7.45e-06,MER1B,hAT-Charlie,DNA
chr1,77800558,77800579,MA1714.1,-,7.45e-06,L1MEg,L1,LINE
chr11,79844589,79844610,MA1714.1,-,7.45e-06,L1MB1,L1,LINE
chr11,80127308,80127329,MA1714.1,-,7.45e-06,L3,CR1,LINE
chr6,81624627,81624648,MA1714.1,-,7.45e-06,L1MEc,L1,LINE
chr14,85499203,85499224,MA1714.1,-,7.45e-06,MIR,MIR,SINE
chr10,87094015,87094036,MA1714.1,-,7.45e-06,MLT1A1-int,ERVL-MaLR,LTR
chr8,87545677,87545698,MA1714.1,+,7.45e-06,AluJb,Alu,SINE
chr14,88074390,88074411,MA1714.1,+,7.45e-06,MLT1A1,ERVL-MaLR,LTR
chr5,88302604,88302625,MA1714.1,-,7.45e-06,L1MA9,L1,LINE
chr16,88659601,88659622,MA1714.1,-,7.45e-06,MER44D,TcMar-Tigger,DNA
chr9,89727635,89727656,MA1714.1,-,7.45e-06,MLT1J,ERVL-MaLR,LTR
chr6,93208878,93208899,MA1714.1,+,7.45e-06,MIRc,MIR,SINE
chr8,96663315,96663336,MA1714.1,-,7.45e-06,L1ME3B,L1,LINE
chr2,103338241,103338262,MA1714.1,-,7.45e-06,AluJb,Alu,SINE
chr3,103797365,103797386,MA1714.1,+,7.45e-06,L1MC4,L1,LINE
chr11,109765769,109765790,MA1714.1,+,7.45e-06,HAL1,L1,LINE
chr2,111423044,111423065,MA1714.1,+,7.45e-06,AluJo,Alu,SINE
chrX,115747144,115747165,MA1714.1,+,7.45e-06,L1M2,L1,LINE
chr12,116376328,116376349,MA1714.1,-,7.45e-06,L1ME3C,L1,LINE
chr10,123653119,123653140,MA1714.1,+,7.45e-06,L1M4b,L1,LINE
chr10,133005792,133005813,MA1714.1,-,7.45e-06,Charlie22a,hAT-Charlie,DNA
chr9,135556258,135556279,MA1714.1,+,7.45e-06,AluSq2,Alu,SINE
chr4,136284653,136284674,MA1714.1,+,7.45e-06,AluY,Alu,SINE
chrX,136932494,136932515,MA1714.1,-,7.45e-06,MER103C,hAT-Charlie,DNA
chrX,137466440,137466461,MA1714.1,+,7.45e-06,L1PA16,L1,LINE
chr3,137584690,137584711,MA1714.1,-,7.45e-06,MLT1A0-int,ERVL-MaLR,LTR
chr4,138100284,138100305,MA1714.1,+,7.45e-06,MER65C,ERV1,LTR
chr5,153344468,153344489,MA1714.1,+,7.45e-06,MIR,MIR,SINE
chr5,159227861,159227882,MA1714.1,-,7.45e-06,MLT1K,ERVL-MaLR,LTR
chr4,162271186,162271207,MA1714.1,+,7.45e-06,AluSg,Alu,SINE
chr4,167631937,167631958,MA1714.1,-,7.45e-06,L1M3de,L1,LINE
chr3,168367172,168367193,MA1714.1,+,7.45e-06,MER20,hAT-Charlie,DNA
chr5,171725056,171725077,MA1714.1,-,7.45e-06,AluSx,Alu,SINE
chr5,179841065,179841086,MA1714.1,+,7.45e-06,L1MEf,L1,LINE
chr4,181672601,181672622,MA1714.1,+,7.45e-06,L1MEg,L1,LINE
chr1,193510439,193510460,MA1714.1,-,7.45e-06,L1MEd,L1,LINE
chr2,207814222,207814243,MA1714.1,-,7.45e-06,MIRc,MIR,SINE
chr2,215212504,215212525,MA1714.1,+,7.45e-06,MLT1H1-int,ERVL-MaLR,LTR
chr1,232263108,232263129,MA1714.1,-,7.45e-06,L1MB5,L1,LINE
chr1,235477378,235477399,MA1714.1,-,7.45e-06,MIR,MIR,SINE
chr6_ssto_hap7,4454310,4454331,MA1714.1,-,7.5e-06,AluJr,Alu,SINE
chr1,4859976,4859997,MA1714.1,-,7.5e-06,MIR,MIR,SINE
chr16,4892428,4892449,MA1714.1,-,7.5e-06,AluJo,Alu,SINE
chr3,6325309,6325330,MA1714.1,+,7.5e-06,L1PA16,L1,LINE
chr9,6943593,6943614,MA1714.1,+,7.5e-06,AluJb,Alu,SINE
chr4,9006259,9006280,MA1714.1,-,7.5e-06,MER20,hAT-Charlie,DNA
chr16,10228523,10228544,MA1714.1,-,7.5e-06,MLT1D-int,ERVL-MaLR,LTR
chr9,11016727,11016748,MA1714.1,-,7.5e-06,L1MA3,L1,LINE
chr8,11208315,11208336,MA1714.1,+,7.5e-06,Charlie1,hAT-Charlie,DNA
chrX,12059603,12059624,MA1714.1,-,7.5e-06,L1ME1,L1,LINE
chr2,14843024,14843045,MA1714.1,+,7.5e-06,Kanga1a,TcMar-Tc2,DNA
chrY,15711065,15711086,MA1714.1,+,7.5e-06,MST-int,ERVL-MaLR,LTR
chr1,16530860,16530881,MA1714.1,+,7.5e-06,MIRb,MIR,SINE
chr21,17137831,17137852,MA1714.1,-,7.5e-06,L1MD,L1,LINE
chr1,17679883,17679904,MA1714.1,+,7.5e-06,AluJr,Alu,SINE
chr11,20769652,20769673,MA1714.1,-,7.5e-06,L3b,CR1,LINE
chr1,22872689,22872710,MA1714.1,-,7.5e-06,MIRb,MIR,SINE
chr22,23220865,23220886,MA1714.1,-,7.5e-06,MLT1J,ERVL-MaLR,LTR
chr2,24493065,24493086,MA1714.1,-,7.5e-06,MIRb,MIR,SINE
chr16,24658327,24658348,MA1714.1,-,7.5e-06,AluJb,Alu,SINE
chr9,24703097,24703118,MA1714.1,+,7.5e-06,L1MB8,L1,LINE
chr18,25187097,25187118,MA1714.1,+,7.5e-06,AluJb,Alu,SINE
chr1,26403582,26403603,MA1714.1,+,7.5e-06,AluJo,Alu,SINE
chr8,27273154,27273175,MA1714.1,+,7.5e-06,L1ME2z,L1,LINE
chr18,29899823,29899844,MA1714.1,-,7.5e-06,L1MC4a,L1,LINE
chr19,30688417,30688438,MA1714.1,+,7.5e-06,L1MC4a,L1,LINE
chr14,30861785,30861806,MA1714.1,-,7.5e-06,HAL1,L1,LINE
chr3,34166635,34166656,MA1714.1,-,7.5e-06,L1M1,L1,LINE
chr13,35820681,35820702,MA1714.1,-,7.5e-06,L1PBa,L1,LINE
chr6,36668294,36668315,MA1714.1,-,7.5e-06,AluJo,Alu,SINE
chr1,38649772,38649793,MA1714.1,+,7.5e-06,AluJr,Alu,SINE
chr6,41327795,41327816,MA1714.1,+,7.5e-06,MSTA-int,ERVL-MaLR,LTR
chr4,41459517,41459538,MA1714.1,-,7.5e-06,MIR,MIR,SINE
chr1,42297018,42297039,MA1714.1,+,7.5e-06,MIR3,MIR,SINE
chr18,47216631,47216652,MA1714.1,+,7.5e-06,L1MC4a,L1,LINE
chr4,47608734,47608755,MA1714.1,-,7.5e-06,HAL1-3A_ME,L1,LINE
chr20,48090078,48090099,MA1714.1,+,7.5e-06,L1MB2,L1,LINE
chr12,49686467,49686488,MA1714.1,-,7.5e-06,MIR,MIR,SINE
chr10,49770661,49770682,MA1714.1,+,7.5e-06,L1ME1,L1,LINE
chr3,52285213,52285234,MA1714.1,-,7.5e-06,AluJb,Alu,SINE
chr19,52701108,52701129,MA1714.1,+,7.5e-06,MIR,MIR,SINE
chr4,52769142,52769163,MA1714.1,-,7.5e-06,L1MEc,L1,LINE
chrX,53109605,53109626,MA1714.1,-,7.5e-06,L1ME5,L1,LINE
chr20,53224220,53224241,MA1714.1,+,7.5e-06,AluSg,Alu,SINE
chr16,55050821,55050842,MA1714.1,-,7.5e-06,MIRb,MIR,SINE
chr11,55772156,55772177,MA1714.1,-,7.5e-06,ERVL-B4-int,ERVL,LTR
chr12,56969139,56969160,MA1714.1,+,7.5e-06,AluJb,Alu,SINE
chr12,57253968,57253989,MA1714.1,-,7.5e-06,AluJb,Alu,SINE
chr5,57953050,57953071,MA1714.1,+,7.5e-06,L1PB1,L1,LINE
chr11,58528297,58528318,MA1714.1,-,7.5e-06,L1MA9,L1,LINE
chr6,58590310,58590331,MA1714.1,-,7.5e-06,SATR1,Satellite,Satellite
chr16,59712421,59712442,MA1714.1,-,7.5e-06,L1MEf,L1,LINE
chr11,61500546,61500567,MA1714.1,-,7.5e-06,MIRb,MIR,SINE
chr10,61683331,61683352,MA1714.1,+,7.5e-06,L1M4c,L1,LINE
chr8,62932561,62932582,MA1714.1,-,7.5e-06,MIRb,MIR,SINE
chr8,64367884,64367905,MA1714.1,+,7.5e-06,HAL1b,L1,LINE
chr14,64378207,64378228,MA1714.1,-,7.5e-06,MIRc,MIR,SINE
chr16,64443363,64443384,MA1714.1,-,7.5e-06,L4,RTE,LINE
chr13,69179304,69179325,MA1714.1,+,7.5e-06,L1MB3,L1,LINE
chr14,69894087,69894108,MA1714.1,-,7.5e-06,L3,CR1,LINE
chr15,72327903,72327924,MA1714.1,+,7.5e-06,AluJr,Alu,SINE
chr11,72797044,72797065,MA1714.1,+,7.5e-06,L1ME2z,L1,LINE
chrX,74696581,74696602,MA1714.1,-,7.5e-06,L1MB3,L1,LINE
chr18,75178816,75178837,MA1714.1,-,7.5e-06,L1MD2,L1,LINE
chr18,76208577,76208598,MA1714.1,-,7.5e-06,MIR,MIR,SINE
chr8,78334534,78334555,MA1714.1,-,7.5e-06,L2a,L2,LINE
chr12,79036623,79036644,MA1714.1,+,7.5e-06,AluSz,Alu,SINE
chr10,79479183,79479204,MA1714.1,-,7.5e-06,MIR,MIR,SINE
chr12,83611233,83611254,MA1714.1,-,7.5e-06,Tigger5,TcMar-Tigger,DNA
chr15,84265456,84265477,MA1714.1,-,7.5e-06,AluJo,Alu,SINE
chr7,86905982,86906003,MA1714.1,-,7.5e-06,L1MA4A,L1,LINE
chr2,87037744,87037765,MA1714.1,-,7.5e-06,L1M5,L1,LINE
chr11,87758425,87758446,MA1714.1,-,7.5e-06,L1P4,L1,LINE
chr11,88547436,88547457,MA1714.1,+,7.5e-06,L1MEc,L1,LINE
chr15,89357448,89357469,MA1714.1,+,7.5e-06,MIRb,MIR,SINE
chr12,89498061,89498082,MA1714.1,+,7.5e-06,MamGypLTR2c,Gypsy,LTR
chr7,89944974,89944995,MA1714.1,+,7.5e-06,L1PREC2,L1,LINE
chr6,90616008,90616029,MA1714.1,-,7.5e-06,AluJb,Alu,SINE
chr13,91796283,91796304,MA1714.1,+,7.5e-06,LTR86A1,ERVL,LTR
chr6,94197093,94197114,MA1714.1,+,7.5e-06,L1MC4a,L1,LINE
chr11,94809220,94809241,MA1714.1,-,7.5e-06,L1MC1,L1,LINE
chr12,95683847,95683868,MA1714.1,-,7.5e-06,L1MC4,L1,LINE
chr10,100019286,100019307,MA1714.1,-,7.5e-06,MIRc,MIR,SINE
chr8,100262861,100262882,MA1714.1,-,7.5e-06,L1MB5,L1,LINE
chr4,101104663,101104684,MA1714.1,+,7.5e-06,AluJb,Alu,SINE
chr12,101979365,101979386,MA1714.1,-,7.5e-06,Charlie2b,hAT-Charlie,DNA
chr8,103643026,103643047,MA1714.1,-,7.5e-06,L1ME4a,L1,LINE
chr14,104127828,104127849,MA1714.1,-,7.5e-06,L1MC4,L1,LINE
chr3,107373716,107373737,MA1714.1,+,7.5e-06,MIRb,MIR,SINE
chr13,109884208,109884229,MA1714.1,-,7.5e-06,MIRb,MIR,SINE
chr5,115304050,115304071,MA1714.1,-,7.5e-06,L1MD3,L1,LINE
chr11,119339257,119339278,MA1714.1,-,7.5e-06,L1MA3,L1,LINE
chr5,119918839,119918860,MA1714.1,-,7.5e-06,MLT1G1,ERVL-MaLR,LTR
chr7,120011083,120011104,MA1714.1,-,7.5e-06,MLT1I,ERVL-MaLR,LTR
chr3,120654136,120654157,MA1714.1,-,7.5e-06,L1MCa,L1,LINE
chr2,122703204,122703225,MA1714.1,+,7.5e-06,Zaphod,hAT-Tip100,DNA
chr2,124472842,124472863,MA1714.1,+,7.5e-06,L1MEc,L1,LINE
chr2,128904315,128904336,MA1714.1,-,7.5e-06,L1MB7,L1,LINE
chr6,129820090,129820111,MA1714.1,-,7.5e-06,LFSINE_Vert,SINE,SINE
chr4,130304741,130304762,MA1714.1,-,7.5e-06,MLT1J-int,ERVL-MaLR,LTR
chr2,133149893,133149914,MA1714.1,+,7.5e-06,AluSz,Alu,SINE
chr10,134315997,134316018,MA1714.1,-,7.5e-06,AluJr,Alu,SINE
chr9,134999592,134999613,MA1714.1,+,7.5e-06,FRAM,Alu,SINE
chr8,135276159,135276180,MA1714.1,+,7.5e-06,L1ME3F,L1,LINE
chr4,137464046,137464067,MA1714.1,+,7.5e-06,L1MC3,L1,LINE
chr2,139384539,139384560,MA1714.1,-,7.5e-06,MIRc,MIR,SINE
chr2,142302312,142302333,MA1714.1,-,7.5e-06,AluJb,Alu,SINE
chr8,143394142,143394163,MA1714.1,-,7.5e-06,L1MEg,L1,LINE
chr7,145518653,145518674,MA1714.1,-,7.5e-06,L1M2a,L1,LINE
chr5,149242569,149242590,MA1714.1,+,7.5e-06,MIRb,MIR,SINE
chr1,151457542,151457563,MA1714.1,-,7.5e-06,AluJb,Alu,SINE
chr1,151712597,151712618,MA1714.1,+,7.5e-06,HERV16-int,ERVL,LTR
chr5,158738616,158738637,MA1714.1,-,7.5e-06,MIR,MIR,SINE
chr6,159326231,159326252,MA1714.1,+,7.5e-06,L1MEd,L1,LINE
chr1,167419649,167419670,MA1714.1,+,7.5e-06,AluJo,Alu,SINE
chr5,168116821,168116842,MA1714.1,+,7.5e-06,LTR89,ERVL,LTR
chr5,168988239,168988260,MA1714.1,+,7.5e-06,MamGypLTR2b,Gypsy,LTR
chr1,179119289,179119310,MA1714.1,+,7.5e-06,AluJr,Alu,SINE
chr1,185403644,185403665,MA1714.1,-,7.5e-06,AluJb,Alu,SINE
chr3,190513812,190513833,MA1714.1,+,7.5e-06,L1M1,L1,LINE
chr2,204788517,204788538,MA1714.1,-,7.5e-06,L1M5,L1,LINE
chr1,221769317,221769338,MA1714.1,-,7.5e-06,ERV3-16A3_I-int,ERVL,LTR
chr2,230482586,230482607,MA1714.1,+,7.5e-06,AluJb,Alu,SINE
chr19_gl000209_random,7361,7382,MA1714.1,+,7.55e-06,AluSx1,Alu,SINE
chr16,297201,297222,MA1714.1,-,7.55e-06,AluJb,Alu,SINE
chr17,462159,462180,MA1714.1,+,7.55e-06,AluSg4,Alu,SINE
chr6_mann_hap4,935409,935430,MA1714.1,-,7.55e-06,AluJb,Alu,SINE
chr6_mcf_hap5,935639,935660,MA1714.1,-,7.55e-06,AluJb,Alu,SINE
chr6_qbl_hap6,935768,935789,MA1714.1,-,7.55e-06,AluJb,Alu,SINE
chr6_dbb_hap3,935802,935823,MA1714.1,-,7.55e-06,AluJb,Alu,SINE
chr6_apd_hap1,935974,935995,MA1714.1,-,7.55e-06,AluJb,Alu,SINE
chr6_ssto_hap7,973004,973025,MA1714.1,-,7.55e-06,AluJb,Alu,SINE
chr6_cox_hap2,1151247,1151268,MA1714.1,-,7.55e-06,AluJb,Alu,SINE
chr17,1374839,1374860,MA1714.1,-,7.55e-06,MIRb,MIR,SINE
chr17,1567396,1567417,MA1714.1,-,7.55e-06,AluJb,Alu,SINE
chr16,1943751,1943772,MA1714.1,+,7.55e-06,AluJb,Alu,SINE
chr9,2321592,2321613,MA1714.1,+,7.55e-06,LTR33,ERVL,LTR
chr4,3007455,3007476,MA1714.1,+,7.55e-06,AluSx,Alu,SINE
chr6_qbl_hap6,3977427,3977448,MA1714.1,-,7.55e-06,MSTC-int,ERVL-MaLR,LTR
chr6_ssto_hap7,4176983,4177004,MA1714.1,-,7.55e-06,MSTC-int,ERVL-MaLR,LTR
chr6_mann_hap4,4202502,4202523,MA1714.1,-,7.55e-06,MSTC-int,ERVL-MaLR,LTR
chr1,4517537,4517558,MA1714.1,+,7.55e-06,FRAM,Alu,SINE
chr1,4521081,4521102,MA1714.1,+,7.55e-06,ORSL-2b,hAT-Tip100,DNA
chr19,4545420,4545441,MA1714.1,-,7.55e-06,AluJb,Alu,SINE
chr17,4589055,4589076,MA1714.1,+,7.55e-06,AluJo,Alu,SINE
chr16,4629479,4629500,MA1714.1,+,7.55e-06,AluJb,Alu,SINE
chr16,4727958,4727979,MA1714.1,-,7.55e-06,AluJb,Alu,SINE
chr1,5272128,5272149,MA1714.1,+,7.55e-06,L1ME2z,L1,LINE
chr3,6280141,6280162,MA1714.1,+,7.55e-06,MSTD-int,ERVL-MaLR,LTR
chrX,6868303,6868324,MA1714.1,+,7.55e-06,AluSz,Alu,SINE
chr5,7261630,7261651,MA1714.1,-,7.55e-06,LTR55,ERV,LTR
chr18,7919056,7919077,MA1714.1,-,7.55e-06,L1MA4,L1,LINE
chr12,7997204,7997225,MA1714.1,-,7.55e-06,AluSx,Alu,SINE
chr11,8965173,8965194,MA1714.1,-,7.55e-06,AluJb,Alu,SINE
chr18,9439234,9439255,MA1714.1,+,7.55e-06,AluJb,Alu,SINE
chr16,9643984,9644005,MA1714.1,-,7.55e-06,MIRb,MIR,SINE
chr11,9730743,9730764,MA1714.1,-,7.55e-06,AluJr,Alu,SINE
chr19,10162613,10162634,MA1714.1,+,7.55e-06,AluSz6,Alu,SINE
chr2,11269156,11269177,MA1714.1,+,7.55e-06,AluJo,Alu,SINE
chr16,11499029,11499050,MA1714.1,+,7.55e-06,MIR,MIR,SINE
chr10,12098215,12098236,MA1714.1,-,7.55e-06,AluSx1,Alu,SINE
chr20,12149735,12149756,MA1714.1,-,7.55e-06,L1PA14,L1,LINE
chr18,13018260,13018281,MA1714.1,-,7.55e-06,L1MC4,L1,LINE
chr8,13151611,13151632,MA1714.1,-,7.55e-06,L1MC1,L1,LINE
chr16,14353532,14353553,MA1714.1,+,7.55e-06,AluSx1,Alu,SINE
chr19,15279569,15279590,MA1714.1,+,7.55e-06,AluSz,Alu,SINE
chr9,16902861,16902882,MA1714.1,-,7.55e-06,AluSx1,Alu,SINE
chrX,17138579,17138600,MA1714.1,+,7.55e-06,MIR,MIR,SINE
chr6,17763625,17763646,MA1714.1,+,7.55e-06,AluSx,Alu,SINE
chr19,18600993,18601014,MA1714.1,-,7.55e-06,L1MC4,L1,LINE
chr9,18740546,18740567,MA1714.1,-,7.55e-06,AluSx,Alu,SINE
chr3,18984113,18984134,MA1714.1,+,7.55e-06,HERVL-int,ERVL,LTR
chr6,19406423,19406444,MA1714.1,-,7.55e-06,HERVL-int,ERVL,LTR
chr13,21062165,21062186,MA1714.1,+,7.55e-06,AluSz,Alu,SINE
chr1,21531880,21531901,MA1714.1,+,7.55e-06,AluSq2,Alu,SINE
chr5,22457600,22457621,MA1714.1,-,7.55e-06,AluSx1,Alu,SINE
chr5,22457759,22457780,MA1714.1,-,7.55e-06,AluSx,Alu,SINE
chr9,22862265,22862286,MA1714.1,-,7.55e-06,MLT1A0-int,ERVL-MaLR,LTR
chr16,24015900,24015921,MA1714.1,+,7.55e-06,AluJb,Alu,SINE
chr21,24183175,24183196,MA1714.1,+,7.55e-06,AluJb,Alu,SINE
chr11,25168688,25168709,MA1714.1,+,7.55e-06,L2a,L2,LINE
chr14,25403682,25403703,MA1714.1,+,7.55e-06,HAL1b,L1,LINE
chr22,25588091,25588112,MA1714.1,-,7.55e-06,MIRb,MIR,SINE
chr2,25802922,25802943,MA1714.1,-,7.55e-06,AluSx1,Alu,SINE
chr10,25827493,25827514,MA1714.1,-,7.55e-06,FAM,Alu,SINE
chr9,26875308,26875329,MA1714.1,+,7.55e-06,AluSz,Alu,SINE
chr21,27184897,27184918,MA1714.1,+,7.55e-06,AluJo,Alu,SINE
chr22,27275962,27275983,MA1714.1,-,7.55e-06,AluSx,Alu,SINE
chr13,27392752,27392773,MA1714.1,+,7.55e-06,AluJb,Alu,SINE
chr17,28200501,28200522,MA1714.1,+,7.55e-06,AluSx,Alu,SINE
chr8,28306910,28306931,MA1714.1,-,7.55e-06,AluJr,Alu,SINE
chr1,28712676,28712697,MA1714.1,-,7.55e-06,AluSz,Alu,SINE
chr13,28729650,28729671,MA1714.1,+,7.55e-06,AluSz,Alu,SINE
chr6,29632453,29632474,MA1714.1,-,7.55e-06,AluJb,Alu,SINE
chr5,29742309,29742330,MA1714.1,+,7.55e-06,L1PA15,L1,LINE
chr1,30353827,30353848,MA1714.1,-,7.55e-06,AluSx1,Alu,SINE
chr22,31316091,31316112,MA1714.1,-,7.55e-06,AluJo,Alu,SINE
chr19,31408942,31408963,MA1714.1,+,7.55e-06,MIR,MIR,SINE
chr3,32185398,32185419,MA1714.1,+,7.55e-06,AluSx,Alu,SINE
chr22,32187540,32187561,MA1714.1,+,7.55e-06,AluSz,Alu,SINE
chr11,32267295,32267316,MA1714.1,+,7.55e-06,Charlie7,hAT-Charlie,DNA
chr1,32655949,32655970,MA1714.1,-,7.55e-06,MIRb,MIR,SINE
chr6,32745313,32745334,MA1714.1,-,7.55e-06,MSTC-int,ERVL-MaLR,LTR
chrX,33076503,33076524,MA1714.1,-,7.55e-06,AluJb,Alu,SINE
chr18,33128591,33128612,MA1714.1,+,7.55e-06,L1MCa,L1,LINE
chr17,33962787,33962808,MA1714.1,-,7.55e-06,AluSq2,Alu,SINE
chr9,34105611,34105632,MA1714.1,+,7.55e-06,AluJo,Alu,SINE
chr15,34342190,34342211,MA1714.1,-,7.55e-06,AluSx1,Alu,SINE
chr6,34863638,34863659,MA1714.1,-,7.55e-06,AluSx,Alu,SINE
chr10,34905787,34905808,MA1714.1,+,7.55e-06,AluJo,Alu,SINE
chr10,35357274,35357295,MA1714.1,+,7.55e-06,AluSz6,Alu,SINE
chr3,35525634,35525655,MA1714.1,-,7.55e-06,L1M6,L1,LINE
chrX,36467538,36467559,MA1714.1,-,7.55e-06,MSTA-int,ERVL-MaLR,LTR
chr5,36758879,36758900,MA1714.1,+,7.55e-06,L1MA6,L1,LINE
chr3,37236527,37236548,MA1714.1,-,7.55e-06,AluJb,Alu,SINE
chr8,37576354,37576375,MA1714.1,-,7.55e-06,AluSz6,Alu,SINE
chr21,38403519,38403540,MA1714.1,-,7.55e-06,AluJb,Alu,SINE
chr10,38441859,38441880,MA1714.1,+,7.55e-06,AluJb,Alu,SINE
chr19,39050927,39050948,MA1714.1,+,7.55e-06,AluSz6,Alu,SINE
chr4,39634322,39634343,MA1714.1,+,7.55e-06,AluJb,Alu,SINE
chr8,39894799,39894820,MA1714.1,+,7.55e-06,AluSx,Alu,SINE
chr20,40067154,40067175,MA1714.1,+,7.55e-06,AluSx1,Alu,SINE
chr7,40157786,40157807,MA1714.1,+,7.55e-06,AluSx1,Alu,SINE
chr17,40587207,40587228,MA1714.1,+,7.55e-06,AluJb,Alu,SINE
chr21,40831530,40831551,MA1714.1,-,7.55e-06,AluJb,Alu,SINE
chr12,41421905,41421926,MA1714.1,-,7.55e-06,AluSx1,Alu,SINE
chr14,41870488,41870509,MA1714.1,+,7.55e-06,AluSx,Alu,SINE
chr8,41987010,41987031,MA1714.1,-,7.55e-06,AluJr,Alu,SINE
chr15,42493445,42493466,MA1714.1,-,7.55e-06,AluJr,Alu,SINE
chr22,42519226,42519247,MA1714.1,-,7.55e-06,AluSq2,Alu,SINE
chr11,42957717,42957738,MA1714.1,-,7.55e-06,AluSx,Alu,SINE
chr2,43415106,43415127,MA1714.1,-,7.55e-06,AluJb,Alu,SINE
chr6,45442785,45442806,MA1714.1,+,7.55e-06,AluSx,Alu,SINE
chr11,45550672,45550693,MA1714.1,+,7.55e-06,AluJo,Alu,SINE
chr3,45753808,45753829,MA1714.1,-,7.55e-06,AluSz6,Alu,SINE
chr11,46346758,46346779,MA1714.1,-,7.55e-06,AluSz,Alu,SINE
chr11,46703055,46703076,MA1714.1,-,7.55e-06,AluSx1,Alu,SINE
chr19,46747459,46747480,MA1714.1,+,7.55e-06,L1M5,L1,LINE
chr1,46782586,46782607,MA1714.1,-,7.55e-06,AluJb,Alu,SINE
chr11,47265612,47265633,MA1714.1,+,7.55e-06,AluSx1,Alu,SINE
chr19,47342468,47342489,MA1714.1,+,7.55e-06,AluSz,Alu,SINE
chr3,47508507,47508528,MA1714.1,+,7.55e-06,AluJo,Alu,SINE
chrX,47553659,47553680,MA1714.1,+,7.55e-06,L1MC4,L1,LINE
chr1,48025327,48025348,MA1714.1,-,7.55e-06,AluSz6,Alu,SINE
chr19,48818127,48818148,MA1714.1,+,7.55e-06,AluSx,Alu,SINE
chr4,48902678,48902699,MA1714.1,-,7.55e-06,AluJb,Alu,SINE
chr13,50328361,50328382,MA1714.1,+,7.55e-06,AluSz,Alu,SINE
chr6,52501465,52501486,MA1714.1,+,7.55e-06,L1ME4a,L1,LINE
chr6,54493448,54493469,MA1714.1,+,7.55e-06,Tigger2,TcMar-Tigger,DNA
chr10,54738784,54738805,MA1714.1,-,7.55e-06,HAL1,L1,LINE
chr19,55235448,55235469,MA1714.1,+,7.55e-06,AluSx1,Alu,SINE
chrX,55374746,55374767,MA1714.1,-,7.55e-06,L1MA7,L1,LINE
chr7,56989316,56989337,MA1714.1,-,7.55e-06,AluJb,Alu,SINE
chr7,57440201,57440222,MA1714.1,+,7.55e-06,MIRb,MIR,SINE
chr19,58143257,58143278,MA1714.1,+,7.55e-06,AluJr,Alu,SINE
chr17,60444552,60444573,MA1714.1,+,7.55e-06,AluJb,Alu,SINE
chr17,62604013,62604034,MA1714.1,+,7.55e-06,AluSz,Alu,SINE
chr3,62773529,62773550,MA1714.1,+,7.55e-06,MIR,MIR,SINE
chr4,63543458,63543479,MA1714.1,-,7.55e-06,L1M4c,L1,LINE
chr7,63630785,63630806,MA1714.1,-,7.55e-06,L1MA6,L1,LINE
chr10,65322089,65322110,MA1714.1,-,7.55e-06,AluSx,Alu,SINE
chr6,65552930,65552951,MA1714.1,+,7.55e-06,THE1A-int,ERVL-MaLR,LTR
chrX,65754776,65754797,MA1714.1,+,7.55e-06,HERVL-int,ERVL,LTR
chr3,66334697,66334718,MA1714.1,+,7.55e-06,AluJr,Alu,SINE
chr3,67140413,67140434,MA1714.1,+,7.55e-06,L1MA3,L1,LINE
chr14,68059081,68059102,MA1714.1,+,7.55e-06,AluJb,Alu,SINE
chr11,68589925,68589946,MA1714.1,+,7.55e-06,AluJo,Alu,SINE
chr5,68676664,68676685,MA1714.1,-,7.55e-06,AluJb,Alu,SINE
chr7,68706268,68706289,MA1714.1,+,7.55e-06,AluSz,Alu,SINE
chr15,69322091,69322112,MA1714.1,-,7.55e-06,AluSx1,Alu,SINE
chr10,69861957,69861978,MA1714.1,-,7.55e-06,AluJb,Alu,SINE
chr16,70377919,70377940,MA1714.1,+,7.55e-06,AluSx1,Alu,SINE
chrX,70497783,70497804,MA1714.1,+,7.55e-06,AluSx1,Alu,SINE
chr14,70829269,70829290,MA1714.1,+,7.55e-06,AluSx,Alu,SINE
chr5,71364760,71364781,MA1714.1,+,7.55e-06,L1MB8,L1,LINE
chr11,72588975,72588996,MA1714.1,+,7.55e-06,AluJb,Alu,SINE
chr10,72615318,72615339,MA1714.1,+,7.55e-06,MIR,MIR,SINE
chrX,73242590,73242611,MA1714.1,+,7.55e-06,L1PA15,L1,LINE
chr17,73927788,73927809,MA1714.1,+,7.55e-06,AluSx1,Alu,SINE
chr7,74478685,74478706,MA1714.1,-,7.55e-06,AluSx,Alu,SINE
chr3,74694236,74694257,MA1714.1,+,7.55e-06,AluSz,Alu,SINE
chr7,74767711,74767732,MA1714.1,+,7.55e-06,AluSx,Alu,SINE
chr15,75075797,75075818,MA1714.1,-,7.55e-06,MIR3,MIR,SINE
chr11,75348609,75348630,MA1714.1,+,7.55e-06,MIRc,MIR,SINE
chr15,75414967,75414988,MA1714.1,-,7.55e-06,AluSz6,Alu,SINE
chr2,76659418,76659439,MA1714.1,-,7.55e-06,AluY,Alu,SINE
chr14,78676501,78676522,MA1714.1,-,7.55e-06,MLT1A0,ERVL-MaLR,LTR
chr4,78891969,78891990,MA1714.1,-,7.55e-06,L1ME1,L1,LINE
chr16,79360919,79360940,MA1714.1,-,7.55e-06,MIR,MIR,SINE
chr10,79983577,79983598,MA1714.1,+,7.55e-06,MIRb,MIR,SINE
chr17,81134615,81134636,MA1714.1,-,7.55e-06,MIRb,MIR,SINE
chrX,81858125,81858146,MA1714.1,+,7.55e-06,L1PA17,L1,LINE
chr1,82686031,82686052,MA1714.1,-,7.55e-06,MIRb,MIR,SINE
chrX,82822524,82822545,MA1714.1,-,7.55e-06,L1PA8,L1,LINE
chrX,82980883,82980904,MA1714.1,+,7.55e-06,L1PBa,L1,LINE
chr12,83213352,83213373,MA1714.1,-,7.55e-06,AluSq2,Alu,SINE
chr8,84629499,84629520,MA1714.1,+,7.55e-06,HERVL-int,ERVL,LTR
chr5,86001425,86001446,MA1714.1,-,7.55e-06,L1PA11,L1,LINE
chr1,87060186,87060207,MA1714.1,-,7.55e-06,MSTA-int,ERVL-MaLR,LTR
chr13,87295568,87295589,MA1714.1,-,7.55e-06,HERVL40-int,ERVL,LTR
chr10,87345330,87345351,MA1714.1,+,7.55e-06,AluSc8,Alu,SINE
chr16,87758076,87758097,MA1714.1,+,7.55e-06,L1ME2z,L1,LINE
chr12,88419440,88419461,MA1714.1,+,7.55e-06,AluSx,Alu,SINE
chr2,88702817,88702838,MA1714.1,+,7.55e-06,AluSz,Alu,SINE
chr4,89335999,89336020,MA1714.1,-,7.55e-06,MER41A,ERV1,LTR
chr1,89863762,89863783,MA1714.1,-,7.55e-06,AluSq2,Alu,SINE
chr11,91780274,91780295,MA1714.1,-,7.55e-06,L1PB3,L1,LINE
chr13,95101082,95101103,MA1714.1,+,7.55e-06,AluSx,Alu,SINE
chr7,95242978,95242999,MA1714.1,+,7.55e-06,L1PA13,L1,LINE
chr8,95842797,95842818,MA1714.1,-,7.55e-06,AluJb,Alu,SINE
chr7,96217583,96217604,MA1714.1,+,7.55e-06,AluJo,Alu,SINE
chr11,96611480,96611501,MA1714.1,+,7.55e-06,L1M5,L1,LINE
chr7,97408534,97408555,MA1714.1,-,7.55e-06,L1PA3,L1,LINE
chr7,98313544,98313565,MA1714.1,-,7.55e-06,AluJb,Alu,SINE
chr15,99070057,99070078,MA1714.1,-,7.55e-06,AluJb,Alu,SINE
chr6,101717628,101717649,MA1714.1,+,7.55e-06,L1MA6,L1,LINE
chr10,101825784,101825805,MA1714.1,-,7.55e-06,AluJb,Alu,SINE
chr2,102062709,102062730,MA1714.1,-,7.55e-06,AluSg,Alu,SINE
chr10,102181633,102181654,MA1714.1,+,7.55e-06,AluJb,Alu,SINE
chr6,102278601,102278622,MA1714.1,+,7.55e-06,L1PA17,L1,LINE
chr7,104810098,104810119,MA1714.1,+,7.55e-06,AluSz,Alu,SINE
chr5,107126246,107126267,MA1714.1,-,7.55e-06,MIR,MIR,SINE
chr12,107625805,107625826,MA1714.1,+,7.55e-06,L2,L2,LINE
chr13,108805897,108805918,MA1714.1,+,7.55e-06,MER20B,hAT-Charlie,DNA
chr10,108871154,108871175,MA1714.1,+,7.55e-06,L1MB1,L1,LINE
chr1,110668806,110668827,MA1714.1,+,7.55e-06,MLT2F,ERVL,LTR
chrX,113306737,113306758,MA1714.1,+,7.55e-06,AluSx,Alu,SINE
chrX,113842367,113842388,MA1714.1,+,7.55e-06,AluSx,Alu,SINE
chr2,114568254,114568275,MA1714.1,-,7.55e-06,AluSz,Alu,SINE
chr1,116809926,116809947,MA1714.1,+,7.55e-06,MIRb,MIR,SINE
chr12,118344749,118344770,MA1714.1,+,7.55e-06,AluJr,Alu,SINE
chrX,119365294,119365315,MA1714.1,+,7.55e-06,AluJb,Alu,SINE
chr10,120540656,120540677,MA1714.1,+,7.55e-06,AluSz,Alu,SINE
chr1,120900611,120900632,MA1714.1,+,7.55e-06,MIR,MIR,SINE
chr10,121043490,121043511,MA1714.1,-,7.55e-06,MIR,MIR,SINE
chr12,121376009,121376030,MA1714.1,-,7.55e-06,AluJb,Alu,SINE
chrX,121448382,121448403,MA1714.1,+,7.55e-06,THE1A,ERVL-MaLR,LTR
chrX,121558540,121558561,MA1714.1,-,7.55e-06,L1PBa,L1,LINE
chr8,122869059,122869080,MA1714.1,+,7.55e-06,L1PA16,L1,LINE
chrX,123253965,123253986,MA1714.1,+,7.55e-06,AluSx,Alu,SINE
chr12,124323431,124323452,MA1714.1,-,7.55e-06,AluJb,Alu,SINE
chr12,124340105,124340126,MA1714.1,+,7.55e-06,AluJb,Alu,SINE
chrX,124864496,124864517,MA1714.1,-,7.55e-06,HERVL-int,ERVL,LTR
chrX,125170197,125170218,MA1714.1,+,7.55e-06,HERVL-int,ERVL,LTR
chr4,125231003,125231024,MA1714.1,+,7.55e-06,AluSx1,Alu,SINE
chr12,126177146,126177167,MA1714.1,+,7.55e-06,AluSz,Alu,SINE
chr12,129346798,129346819,MA1714.1,+,7.55e-06,AluSz,Alu,SINE
chr8,131135515,131135536,MA1714.1,-,7.55e-06,L1MC,L1,LINE
chr9,131440812,131440833,MA1714.1,-,7.55e-06,AluSq,Alu,SINE
chr11,133087865,133087886,MA1714.1,+,7.55e-06,AluJr,Alu,SINE
chr12,133477541,133477562,MA1714.1,+,7.55e-06,AluJb,Alu,SINE
chr9,136336420,136336441,MA1714.1,-,7.55e-06,AluSq2,Alu,SINE
chr7,140175388,140175409,MA1714.1,+,7.55e-06,AluJb,Alu,SINE
chr5,140539515,140539536,MA1714.1,-,7.55e-06,AluSq,Alu,SINE
chr3,141657723,141657744,MA1714.1,-,7.55e-06,AluSx,Alu,SINE
chr6,146556184,146556205,MA1714.1,-,7.55e-06,L1MEc,L1,LINE
chr1,147164525,147164546,MA1714.1,-,7.55e-06,L1MB7,L1,LINE
chr7,148648908,148648929,MA1714.1,-,7.55e-06,AluSg,Alu,SINE
chr1,149404579,149404600,MA1714.1,-,7.55e-06,MIR,MIR,SINE
chr1,149789282,149789303,MA1714.1,-,7.55e-06,MIR,MIR,SINE
chr1,149847665,149847686,MA1714.1,+,7.55e-06,MIR,MIR,SINE
chr1,149965019,149965040,MA1714.1,+,7.55e-06,AluSx,Alu,SINE
chr1,150623713,150623734,MA1714.1,+,7.55e-06,AluSz,Alu,SINE
chr3,155328696,155328717,MA1714.1,+,7.55e-06,L1PB1,L1,LINE
chr1,156440135,156440156,MA1714.1,+,7.55e-06,AluSx3,Alu,SINE
chr1,156440919,156440940,MA1714.1,-,7.55e-06,AluSx,Alu,SINE
chr4,156932257,156932278,MA1714.1,+,7.55e-06,MER47A,TcMar-Tigger,DNA
chr5,160555067,160555088,MA1714.1,-,7.55e-06,L1MA9,L1,LINE
chr4,162563939,162563960,MA1714.1,+,7.55e-06,L1MB3,L1,LINE
chr5,163588223,163588244,MA1714.1,-,7.55e-06,AluSq10,Alu,SINE
chr1,164068030,164068051,MA1714.1,-,7.55e-06,L1MA9,L1,LINE
chr5,170171989,170172010,MA1714.1,-,7.55e-06,AluJb,Alu,SINE
chr3,175723040,175723061,MA1714.1,+,7.55e-06,L3,CR1,LINE
chr1,178322114,178322135,MA1714.1,-,7.55e-06,MSTA-int,ERVL-MaLR,LTR
chr3,179030692,179030713,MA1714.1,-,7.55e-06,AluJr4,Alu,SINE
chr4,182635520,182635541,MA1714.1,+,7.55e-06,AluJb,Alu,SINE
chr2,184029967,184029988,MA1714.1,-,7.55e-06,L1MB3,L1,LINE
chr2,185958490,185958511,MA1714.1,+,7.55e-06,L1M2,L1,LINE
chr3,187436368,187436389,MA1714.1,-,7.55e-06,AluSz,Alu,SINE
chr2,187468663,187468684,MA1714.1,-,7.55e-06,AluJb,Alu,SINE
chr4,189125475,189125496,MA1714.1,+,7.55e-06,L1PA11,L1,LINE
chr2,198865822,198865843,MA1714.1,+,7.55e-06,MIR,MIR,SINE
chr1,202100936,202100957,MA1714.1,-,7.55e-06,AluJb,Alu,SINE
chr2,209035941,209035962,MA1714.1,-,7.55e-06,AluJb,Alu,SINE
chr2,211529135,211529156,MA1714.1,-,7.55e-06,AluSp,Alu,SINE
chr2,211732750,211732771,MA1714.1,+,7.55e-06,L1PA10,L1,LINE
chr2,221406004,221406025,MA1714.1,-,7.55e-06,HERVL-int,ERVL,LTR
chr2,229883279,229883300,MA1714.1,+,7.55e-06,AluJb,Alu,SINE
chr1,236603776,236603797,MA1714.1,-,7.55e-06,L1MC1,L1,LINE
chr1,246950832,246950853,MA1714.1,-,7.55e-06,AluJb,Alu,SINE
chr1,248741307,248741328,MA1714.1,+,7.55e-06,L1MA2,L1,LINE
chr3,404553,404574,MA1714.1,-,7.59e-06,MER135,DNA,DNA
chr16,995135,995156,MA1714.1,+,7.59e-06,AluSq2,Alu,SINE
chr19,1593897,1593918,MA1714.1,-,7.59e-06,MLT1E2,ERVL-MaLR,LTR
chr1,2815352,2815373,MA1714.1,+,7.59e-06,AluSx1,Alu,SINE
chr16,5434872,5434893,MA1714.1,+,7.59e-06,MIR,MIR,SINE
chr3,7471254,7471275,MA1714.1,-,7.59e-06,MIRc,MIR,SINE
chr7,7633966,7633987,MA1714.1,-,7.59e-06,AluSx1,Alu,SINE
chr8,9926267,9926288,MA1714.1,-,7.59e-06,L1MC2,L1,LINE
chr20,10045990,10046011,MA1714.1,-,7.59e-06,MLT1K,ERVL-MaLR,LTR
chr3,12301062,12301083,MA1714.1,-,7.59e-06,AluSq,Alu,SINE
chr5,12383667,12383688,MA1714.1,-,7.59e-06,L1PA13,L1,LINE
chr5,12877132,12877153,MA1714.1,+,7.59e-06,LTR1D,ERV1,LTR
chrX,15383912,15383933,MA1714.1,-,7.59e-06,L1MEd,L1,LINE
chr4,15908944,15908965,MA1714.1,-,7.59e-06,Charlie1b,hAT-Charlie,DNA
chr22,16291229,16291250,MA1714.1,-,7.59e-06,L1MA4A,L1,LINE
chr16,17499966,17499987,MA1714.1,+,7.59e-06,AluSz,Alu,SINE
chr6,18857157,18857178,MA1714.1,-,7.59e-06,L1PA17,L1,LINE
chr14,19550081,19550102,MA1714.1,+,7.59e-06,L1MA4A,L1,LINE
chr14,20023524,20023545,MA1714.1,-,7.59e-06,L1MA4A,L1,LINE
chr12,20815876,20815897,MA1714.1,+,7.59e-06,THE1C-int,ERVL-MaLR,LTR
chr22,23202340,23202361,MA1714.1,+,7.59e-06,AluJb,Alu,SINE
chr13,28997789,28997810,MA1714.1,-,7.59e-06,MIRb,MIR,SINE
chr19,29776487,29776508,MA1714.1,+,7.59e-06,L1MB7,L1,LINE
chr9,31036805,31036826,MA1714.1,+,7.59e-06,L1M7,L1,LINE
chr2,31420709,31420730,MA1714.1,+,7.59e-06,MLT1C,ERVL-MaLR,LTR
chr13,31884766,31884787,MA1714.1,+,7.59e-06,LTR27B,ERV1,LTR
chr2,35115599,35115620,MA1714.1,-,7.59e-06,L1MEc,L1,LINE
chr4,37620409,37620430,MA1714.1,-,7.59e-06,L1ME3C,L1,LINE
chr8,38236378,38236399,MA1714.1,+,7.59e-06,MIRb,MIR,SINE
chr22,42501421,42501442,MA1714.1,-,7.59e-06,HERVIP10FH-int,ERV1,LTR
chr14,42631625,42631646,MA1714.1,-,7.59e-06,ERVL-B4-int,ERVL,LTR
chr11,42815198,42815219,MA1714.1,-,7.59e-06,MIR,MIR,SINE
chr5,43258199,43258220,MA1714.1,-,7.59e-06,L1ME3A,L1,LINE
chr10,44334917,44334938,MA1714.1,-,7.59e-06,MSTD-int,ERVL-MaLR,LTR
chr2,46458197,46458218,MA1714.1,+,7.59e-06,MER115,hAT-Tip100,DNA
chrX,48711483,48711504,MA1714.1,-,7.59e-06,THE1B-int,ERVL-MaLR,LTR
chr7,49392120,49392141,MA1714.1,-,7.59e-06,L1MB4,L1,LINE
chr10,50792004,50792025,MA1714.1,+,7.59e-06,L1M4,L1,LINE
chr14,52354386,52354407,MA1714.1,+,7.59e-06,MIRb,MIR,SINE
chr7,52969423,52969444,MA1714.1,-,7.59e-06,L1MC3,L1,LINE
chr18,53371594,53371615,MA1714.1,+,7.59e-06,L1MA9,L1,LINE
chr1,53737753,53737774,MA1714.1,-,7.59e-06,L3,CR1,LINE
chr10,55917283,55917304,MA1714.1,-,7.59e-06,THE1B-int,ERVL-MaLR,LTR
chr2,56620843,56620864,MA1714.1,-,7.59e-06,L1M5,L1,LINE
chr12,56832486,56832507,MA1714.1,+,7.59e-06,AluJb,Alu,SINE
chr5,56946835,56946856,MA1714.1,-,7.59e-06,L1PB4,L1,LINE
chr13,57100591,57100612,MA1714.1,-,7.59e-06,L1MA8,L1,LINE
chr14,57334953,57334974,MA1714.1,-,7.59e-06,L1MEd,L1,LINE
chr8,57596531,57596552,MA1714.1,+,7.59e-06,L1M7,L1,LINE
chr1,57825661,57825682,MA1714.1,+,7.59e-06,L1MA8,L1,LINE
chr14,64667493,64667514,MA1714.1,-,7.59e-06,MIR,MIR,SINE
chr1,65111510,65111531,MA1714.1,-,7.59e-06,MLT2E,ERVL,LTR
chr3,65986573,65986594,MA1714.1,-,7.59e-06,MIRb,MIR,SINE
chr1,68060410,68060431,MA1714.1,-,7.59e-06,THE1B,ERVL-MaLR,LTR
chrX,68780134,68780155,MA1714.1,+,7.59e-06,L1MB8,L1,LINE
chr1,70077455,70077476,MA1714.1,+,7.59e-06,MER82,TcMar-Tigger,DNA
chr7,71058322,71058343,MA1714.1,-,7.59e-06,AluSc,Alu,SINE
chr3,73814830,73814851,MA1714.1,-,7.59e-06,L1PA15,L1,LINE
chr14,74631963,74631984,MA1714.1,+,7.59e-06,HAL1,L1,LINE
chr11,77680826,77680847,MA1714.1,-,7.59e-06,L1MB8,L1,LINE
chr6,78625670,78625691,MA1714.1,-,7.59e-06,L1M2,L1,LINE
chrX,79308815,79308836,MA1714.1,-,7.59e-06,L1PA11,L1,LINE
chr5,80130807,80130828,MA1714.1,+,7.59e-06,MIR3,MIR,SINE
chr1,80272077,80272098,MA1714.1,-,7.59e-06,MER52A,ERV1,LTR
chr16,84379542,84379563,MA1714.1,+,7.59e-06,AluJr,Alu,SINE
chr9,85589660,85589681,MA1714.1,-,7.59e-06,HAL1,L1,LINE
chr6,87025200,87025221,MA1714.1,+,7.59e-06,L1MA2,L1,LINE
chr7,87893219,87893240,MA1714.1,-,7.59e-06,L1MC5,L1,LINE
chr14,90199480,90199501,MA1714.1,-,7.59e-06,L1MEc,L1,LINE
chr12,90235902,90235923,MA1714.1,-,7.59e-06,Tigger16a,TcMar-Tigger,DNA
chr7,91655074,91655095,MA1714.1,+,7.59e-06,MIRb,MIR,SINE
chrX,92703634,92703655,MA1714.1,-,7.59e-06,L1PA17,L1,LINE
chrX,95461337,95461358,MA1714.1,+,7.59e-06,L1MA1,L1,LINE
chr3,96211673,96211694,MA1714.1,-,7.59e-06,L1PA15,L1,LINE
chr5,96617471,96617492,MA1714.1,-,7.59e-06,L1PB4,L1,LINE
chr15,96843727,96843748,MA1714.1,+,7.59e-06,L1ME4a,L1,LINE
chr14,101946227,101946248,MA1714.1,+,7.59e-06,L1PA15,L1,LINE
chr7,103449211,103449232,MA1714.1,+,7.59e-06,HAL1,L1,LINE
chr3,103581403,103581424,MA1714.1,+,7.59e-06,MSTB-int,ERVL-MaLR,LTR
chr10,104090097,104090118,MA1714.1,+,7.59e-06,MIRb,MIR,SINE
chr11,106751403,106751424,MA1714.1,+,7.59e-06,MER103C,hAT-Charlie,DNA
chrX,110352415,110352436,MA1714.1,+,7.59e-06,MIR,MIR,SINE
chr2,111421664,111421685,MA1714.1,+,7.59e-06,HAL1,L1,LINE
chr2,111485835,111485856,MA1714.1,-,7.59e-06,L1MC4,L1,LINE
chr10,112173055,112173076,MA1714.1,+,7.59e-06,MIR,MIR,SINE
chrX,120889815,120889836,MA1714.1,-,7.59e-06,LTR4,ERV1,LTR
chr3,122998970,122998991,MA1714.1,+,7.59e-06,MIRc,MIR,SINE
chr11,123207965,123207986,MA1714.1,+,7.59e-06,L1M5,L1,LINE
chr9,123566454,123566475,MA1714.1,-,7.59e-06,L1MA8,L1,LINE
chr5,124533643,124533664,MA1714.1,-,7.59e-06,MER53,hAT,DNA
chr11,125837084,125837105,MA1714.1,+,7.59e-06,L1MEg,L1,LINE
chr5,125926761,125926782,MA1714.1,+,7.59e-06,L1ME4a,L1,LINE
chr8,127104281,127104302,MA1714.1,+,7.59e-06,HAL1b,L1,LINE
chr3,127253200,127253221,MA1714.1,+,7.59e-06,L1MD3,L1,LINE
chr2,127748582,127748603,MA1714.1,-,7.59e-06,MER34A,ERV1,LTR
chr2,129647635,129647656,MA1714.1,-,7.59e-06,L1MB7,L1,LINE
chr5,130225095,130225116,MA1714.1,+,7.59e-06,LTR50,ERVL,LTR
chr11,131098807,131098828,MA1714.1,+,7.59e-06,MER5C,hAT-Charlie,DNA
chr9,135661563,135661584,MA1714.1,+,7.59e-06,HAL1,L1,LINE
chr4,141122031,141122052,MA1714.1,+,7.59e-06,L1ME1,L1,LINE
chr3,144119656,144119677,MA1714.1,-,7.59e-06,L1MA2,L1,LINE
chr6,148363789,148363810,MA1714.1,-,7.59e-06,L3,CR1,LINE
chr4,150787048,150787069,MA1714.1,-,7.59e-06,L1MB8,L1,LINE
chr1,154664295,154664316,MA1714.1,+,7.59e-06,AluY,Alu,SINE
chr7,158603297,158603318,MA1714.1,+,7.59e-06,AluJb,Alu,SINE
chr3,166468197,166468218,MA1714.1,-,7.59e-06,L1MEc,L1,LINE
chr3,166468649,166468670,MA1714.1,+,7.59e-06,L1MEc,L1,LINE
chr4,169907115,169907136,MA1714.1,+,7.59e-06,L1PA15,L1,LINE
chr6,170900148,170900169,MA1714.1,+,7.59e-06,L1M4,L1,LINE
chr1,182727318,182727339,MA1714.1,+,7.59e-06,L1PB4,L1,LINE
chr1,222925705,222925726,MA1714.1,+,7.59e-06,MLT2B1,ERVL,LTR
chr1,227096614,227096635,MA1714.1,-,7.59e-06,MLT1L,ERVL-MaLR,LTR
chr2,241060912,241060933,MA1714.1,-,7.59e-06,L1M5,L1,LINE
chr1,244959082,244959103,MA1714.1,-,7.59e-06,MER30B,hAT-Charlie,DNA
chr1,247196731,247196752,MA1714.1,+,7.59e-06,AluY,Alu,SINE
chr10,884368,884389,MA1714.1,+,7.64e-06,L1MC1,L1,LINE
chr3,3589598,3589619,MA1714.1,-,7.64e-06,L1ME1,L1,LINE
chr7,8142845,8142866,MA1714.1,+,7.64e-06,MIRb,MIR,SINE
chr1,8145338,8145359,MA1714.1,-,7.64e-06,L1MC4a,L1,LINE
chr11,8980743,8980764,MA1714.1,+,7.64e-06,AluJr,Alu,SINE
chr17,9014134,9014155,MA1714.1,-,7.64e-06,MLT1C,ERVL-MaLR,LTR
chr18,12266154,12266175,MA1714.1,+,7.64e-06,AluJr4,Alu,SINE
chrY,14896675,14896696,MA1714.1,-,7.64e-06,L1MC4,L1,LINE
chr12,15027483,15027504,MA1714.1,+,7.64e-06,L3,CR1,LINE
chr16,15525139,15525160,MA1714.1,-,7.64e-06,L1ME3,L1,LINE
chr1,18155111,18155132,MA1714.1,-,7.64e-06,MIRb,MIR,SINE
chr4,18286973,18286994,MA1714.1,-,7.64e-06,L1MCb,L1,LINE
chr7,20127260,20127281,MA1714.1,+,7.64e-06,AluJr,Alu,SINE
chr12,20179306,20179327,MA1714.1,-,7.64e-06,MIRb,MIR,SINE
chr14,21577998,21578019,MA1714.1,+,7.64e-06,LTR45B,ERV1,LTR
chr19,23379833,23379854,MA1714.1,+,7.64e-06,AluJr,Alu,SINE
chr6,24625476,24625497,MA1714.1,+,7.64e-06,L1M5,L1,LINE
chr1,25305786,25305807,MA1714.1,+,7.64e-06,THE1B,ERVL-MaLR,LTR
chr14,25892366,25892387,MA1714.1,-,7.64e-06,L1PA11,L1,LINE
chr2,26271175,26271196,MA1714.1,-,7.64e-06,L1MD2,L1,LINE
chr5,26364432,26364453,MA1714.1,+,7.64e-06,THE1D-int,ERVL-MaLR,LTR
chr8,26787122,26787143,MA1714.1,+,7.64e-06,L1MEc,L1,LINE
chr21,30263557,30263578,MA1714.1,+,7.64e-06,L1MC1,L1,LINE
chr21,30264106,30264127,MA1714.1,+,7.64e-06,L1MC1,L1,LINE
chr3,31142916,31142937,MA1714.1,-,7.64e-06,THE1B-int,ERVL-MaLR,LTR
chr12,31662409,31662430,MA1714.1,+,7.64e-06,AluJr4,Alu,SINE
chr18,31935384,31935405,MA1714.1,+,7.64e-06,HAL1,L1,LINE
chr17,37891956,37891977,MA1714.1,-,7.64e-06,L1ME1,L1,LINE
chr21,39230764,39230785,MA1714.1,+,7.64e-06,L1M7,L1,LINE
chr7,40997578,40997599,MA1714.1,-,7.64e-06,L1P3,L1,LINE
chr3,41919797,41919818,MA1714.1,+,7.64e-06,L1MC5,L1,LINE
chr5,43157882,43157903,MA1714.1,-,7.64e-06,MLT1C,ERVL-MaLR,LTR
chr20,43192242,43192263,MA1714.1,-,7.64e-06,AluJo,Alu,SINE
chr8,43422877,43422898,MA1714.1,-,7.64e-06,GSATX,centr,Satellite
chr2,44355754,44355775,MA1714.1,-,7.64e-06,MLT1J,ERVL-MaLR,LTR
chr14,45097656,45097677,MA1714.1,+,7.64e-06,L1M5,L1,LINE
chrX,45787767,45787788,MA1714.1,-,7.64e-06,L1ME1,L1,LINE
chr22,46030723,46030744,MA1714.1,-,7.64e-06,AluJo,Alu,SINE
chr1,48201005,48201026,MA1714.1,-,7.64e-06,L1MC4a,L1,LINE
chr8,49052829,49052850,MA1714.1,+,7.64e-06,L1M5,L1,LINE
chr1,50165408,50165429,MA1714.1,+,7.64e-06,L1MA9,L1,LINE
chr11,51173722,51173743,MA1714.1,+,7.64e-06,ALR/Alpha,centr,Satellite
chr11,54711463,54711484,MA1714.1,-,7.64e-06,ALR/Alpha,centr,Satellite
chr10,55060023,55060044,MA1714.1,-,7.64e-06,L1MA9,L1,LINE
chr13,55274042,55274063,MA1714.1,-,7.64e-06,MER52A,ERV1,LTR
chr6,55952363,55952384,MA1714.1,-,7.64e-06,Tigger2,TcMar-Tigger,DNA
chr18,57309068,57309089,MA1714.1,+,7.64e-06,L1ME3D,L1,LINE
chr11,57603796,57603817,MA1714.1,-,7.64e-06,L1ME4a,L1,LINE
chr20,58947784,58947805,MA1714.1,+,7.64e-06,MLT1F2,ERVL-MaLR,LTR
chr20,59577812,59577833,MA1714.1,+,7.64e-06,MER50,ERV1,LTR
chr18,61299322,61299343,MA1714.1,-,7.64e-06,AluJb,Alu,SINE
chrX,61733562,61733583,MA1714.1,-,7.64e-06,ALR/Alpha,centr,Satellite
chr8,65418081,65418102,MA1714.1,+,7.64e-06,L1MA7,L1,LINE
chr5,65517968,65517989,MA1714.1,-,7.64e-06,L1PA8,L1,LINE
chr1,65519428,65519449,MA1714.1,+,7.64e-06,AluJb,Alu,SINE
chr11,65525008,65525029,MA1714.1,-,7.64e-06,L1MC1,L1,LINE
chr3,67606724,67606745,MA1714.1,+,7.64e-06,L1MC4,L1,LINE
chr14,69409599,69409620,MA1714.1,+,7.64e-06,L1M5,L1,LINE
chr18,69690359,69690380,MA1714.1,-,7.64e-06,L1MA4A,L1,LINE
chr18,70037751,70037772,MA1714.1,+,7.64e-06,THE1B-int,ERVL-MaLR,LTR
chr10,71744613,71744634,MA1714.1,+,7.64e-06,AluJb,Alu,SINE
chr8,74436206,74436227,MA1714.1,+,7.64e-06,AluJb,Alu,SINE
chr6,75425602,75425623,MA1714.1,-,7.64e-06,L1MB2,L1,LINE
chr12,75448400,75448421,MA1714.1,+,7.64e-06,LTR85c,Gypsy,LTR
chrX,78883967,78883988,MA1714.1,+,7.64e-06,THE1B-int,ERVL-MaLR,LTR
chr6,79707843,79707864,MA1714.1,-,7.64e-06,L1ME4a,L1,LINE
chr5,81766714,81766735,MA1714.1,+,7.64e-06,L1PA16,L1,LINE
chr12,83603849,83603870,MA1714.1,-,7.64e-06,AluJr,Alu,SINE
chr14,84732608,84732629,MA1714.1,-,7.64e-06,L1PA16,L1,LINE
chr9,88124105,88124126,MA1714.1,+,7.64e-06,MamGypLTR1a,Gypsy,LTR
chr13,89110664,89110685,MA1714.1,+,7.64e-06,MIR,MIR,SINE
chr5,90060487,90060508,MA1714.1,-,7.64e-06,L1PA17,L1,LINE
chr1,90678770,90678791,MA1714.1,-,7.64e-06,L1MEc,L1,LINE
chr14,90706899,90706920,MA1714.1,+,7.64e-06,MER4B-int,ERV1,LTR
chr1,92449307,92449328,MA1714.1,-,7.64e-06,AluSz,Alu,SINE
chr12,93482595,93482616,MA1714.1,-,7.64e-06,L1MA7,L1,LINE
chr6,96675172,96675193,MA1714.1,+,7.64e-06,L1MEg,L1,LINE
chr4,96745079,96745100,MA1714.1,+,7.64e-06,LTR79,ERVL,LTR
chr1,98672220,98672241,MA1714.1,-,7.64e-06,MLT1D,ERVL-MaLR,LTR
chr5,100327838,100327859,MA1714.1,-,7.64e-06,L1MEf,L1,LINE
chr5,105940790,105940811,MA1714.1,+,7.64e-06,Tigger1,TcMar-Tigger,DNA
chr9,108139098,108139119,MA1714.1,-,7.64e-06,MIRb,MIR,SINE
chr13,109719687,109719708,MA1714.1,-,7.64e-06,MIRb,MIR,SINE
chr8,109747580,109747601,MA1714.1,-,7.64e-06,L1MB8,L1,LINE
chr9,110167408,110167429,MA1714.1,-,7.64e-06,AluJr,Alu,SINE
chr6,110787344,110787365,MA1714.1,+,7.64e-06,L1PA17,L1,LINE
chr12,112109422,112109443,MA1714.1,+,7.64e-06,AluJb,Alu,SINE
chr12,113247420,113247441,MA1714.1,-,7.64e-06,MIRb,MIR,SINE
chr2,115189347,115189368,MA1714.1,-,7.64e-06,Charlie1,hAT-Charlie,DNA
chr12,123992079,123992100,MA1714.1,+,7.64e-06,AluJo,Alu,SINE
chr4,124136744,124136765,MA1714.1,-,7.64e-06,MIR3,MIR,SINE
chr7,124158879,124158900,MA1714.1,+,7.64e-06,THE1D-int,ERVL-MaLR,LTR
chr11,125516731,125516752,MA1714.1,-,7.64e-06,L1MB7,L1,LINE
chr2,127603415,127603436,MA1714.1,+,7.64e-06,L1MA6,L1,LINE
chrX,133969049,133969070,MA1714.1,-,7.64e-06,L1MC5,L1,LINE
chr4,134318095,134318116,MA1714.1,+,7.64e-06,AluSg7,Alu,SINE
chr4,137699440,137699461,MA1714.1,-,7.64e-06,AluJo,Alu,SINE
chr7,145890709,145890730,MA1714.1,-,7.64e-06,THE1B-int,ERVL-MaLR,LTR
chrX,147376711,147376732,MA1714.1,-,7.64e-06,L1ME4a,L1,LINE
chr7,151154017,151154038,MA1714.1,-,7.64e-06,MSTB-int,ERVL-MaLR,LTR
chr2,151308090,151308111,MA1714.1,-,7.64e-06,L1MB4,L1,LINE
chr6,154389625,154389646,MA1714.1,-,7.64e-06,L1MA8,L1,LINE
chr7,157741222,157741243,MA1714.1,+,7.64e-06,L1M4c,L1,LINE
chr3,166186207,166186228,MA1714.1,+,7.64e-06,ERVL-int,ERVL,LTR
chr4,168539582,168539603,MA1714.1,+,7.64e-06,THE1B,ERVL-MaLR,LTR
chr2,187762412,187762433,MA1714.1,-,7.64e-06,L1PA6,L1,LINE
chr3,191335849,191335870,MA1714.1,-,7.64e-06,L1MEf,L1,LINE
chr2,203724571,203724592,MA1714.1,-,7.64e-06,MIRc,MIR,SINE
chr2,214170856,214170877,MA1714.1,-,7.64e-06,L1MA3,L1,LINE
chr2,412335,412356,MA1714.1,-,7.69e-06,L1MA9,L1,LINE
chrY,841282,841303,MA1714.1,-,7.69e-06,AluJo,Alu,SINE
chrX,891282,891303,MA1714.1,-,7.69e-06,AluJo,Alu,SINE
chr3,3113518,3113539,MA1714.1,-,7.69e-06,AluSz6,Alu,SINE
chr6,3358348,3358369,MA1714.1,+,7.69e-06,L1MB1,L1,LINE
chr17,4145308,4145329,MA1714.1,+,7.69e-06,AluSc8,Alu,SINE
chr7,5755767,5755788,MA1714.1,-,7.69e-06,FLAM_C,Alu,SINE
chr17,6163139,6163160,MA1714.1,+,7.69e-06,AluSg4,Alu,SINE
chr16,8233967,8233988,MA1714.1,-,7.69e-06,L1MB5,L1,LINE
chr4,8787416,8787437,MA1714.1,+,7.69e-06,MLT1C,ERVL-MaLR,LTR
chr16,10833260,10833281,MA1714.1,-,7.69e-06,AluJr,Alu,SINE
chr2,11976487,11976508,MA1714.1,-,7.69e-06,HAL1,L1,LINE
chr11,12035575,12035596,MA1714.1,+,7.69e-06,THE1B-int,ERVL-MaLR,LTR
chr5,12812242,12812263,MA1714.1,+,7.69e-06,L1MC3,L1,LINE
chrY,13510718,13510739,MA1714.1,-,7.69e-06,AluJr,Alu,SINE
chr18,13606047,13606068,MA1714.1,-,7.69e-06,MIRb,MIR,SINE
chr5,14580822,14580843,MA1714.1,+,7.69e-06,MIR,MIR,SINE
chr6,15144887,15144908,MA1714.1,+,7.69e-06,AluJr,Alu,SINE
chr7,15884762,15884783,MA1714.1,-,7.69e-06,MIRb,MIR,SINE
chr1,18587026,18587047,MA1714.1,-,7.69e-06,MER66B,ERV1,LTR
chr10,18842465,18842486,MA1714.1,+,7.69e-06,(GAATG)n,Satellite,Satellite
chr10,18851736,18851757,MA1714.1,+,7.69e-06,(GAATG)n,Satellite,Satellite
chr7,20598975,20598996,MA1714.1,-,7.69e-06,MER52A,ERV1,LTR
chr21,21156440,21156461,MA1714.1,-,7.69e-06,THE1B-int,ERVL-MaLR,LTR
chr16,21669669,21669690,MA1714.1,-,7.69e-06,L1MB2,L1,LINE
chr18,23004207,23004228,MA1714.1,+,7.69e-06,MIRc,MIR,SINE
chr13,23870719,23870740,MA1714.1,-,7.69e-06,L1MB3,L1,LINE
chr20,24212576,24212597,MA1714.1,+,7.69e-06,L1MB4,L1,LINE
chr14,24598875,24598896,MA1714.1,-,7.69e-06,AluJb,Alu,SINE
chr10,24701282,24701303,MA1714.1,+,7.69e-06,L2a,L2,LINE
chr3,25043378,25043399,MA1714.1,-,7.69e-06,AluJb,Alu,SINE
chr9,36104414,36104435,MA1714.1,-,7.69e-06,AluSc8,Alu,SINE
chr14,38216638,38216659,MA1714.1,-,7.69e-06,LTR33,ERVL,LTR
chr8,38279952,38279973,MA1714.1,-,7.69e-06,AluJr,Alu,SINE
chr12,38436790,38436811,MA1714.1,+,7.69e-06,ALR/Alpha,centr,Satellite
chr1,38692737,38692758,MA1714.1,-,7.69e-06,MIR,MIR,SINE
chr10,38948532,38948553,MA1714.1,-,7.69e-06,AluJr,Alu,SINE
chr4,40068476,40068497,MA1714.1,-,7.69e-06,L1MB2,L1,LINE
chr7,43420762,43420783,MA1714.1,-,7.69e-06,L1ME3A,L1,LINE
chr20,44130018,44130039,MA1714.1,-,7.69e-06,HAL1b,L1,LINE
chr19,44690177,44690198,MA1714.1,-,7.69e-06,L1MB2,L1,LINE
chr3,45109961,45109982,MA1714.1,+,7.69e-06,L1PB1,L1,LINE
chr3,45535108,45535129,MA1714.1,+,7.69e-06,MIRb,MIR,SINE
chr20,48800670,48800691,MA1714.1,-,7.69e-06,L1MB3,L1,LINE
chr12,50555484,50555505,MA1714.1,+,7.69e-06,AluSz6,Alu,SINE
chr12,50733044,50733065,MA1714.1,-,7.69e-06,AluJb,Alu,SINE
chr18,54563441,54563462,MA1714.1,+,7.69e-06,L1ME3E,L1,LINE
chr10,54672779,54672800,MA1714.1,+,7.69e-06,L1MA9,L1,LINE
chr4,56522883,56522904,MA1714.1,-,7.69e-06,MER77,ERVL,LTR
chr5,57609921,57609942,MA1714.1,-,7.69e-06,MIRb,MIR,SINE
chr3,58651514,58651535,MA1714.1,+,7.69e-06,MIR,MIR,SINE
chr18,59176295,59176316,MA1714.1,+,7.69e-06,L1PB1,L1,LINE
chr8,61792402,61792423,MA1714.1,-,7.69e-06,AluSx1,Alu,SINE
chr15,63180527,63180548,MA1714.1,-,7.69e-06,AluY,Alu,SINE
chrX,64673783,64673804,MA1714.1,+,7.69e-06,L1PB1,L1,LINE
chr6,65571738,65571759,MA1714.1,-,7.69e-06,L1MC2,L1,LINE
chr8,65714736,65714757,MA1714.1,+,7.69e-06,AluJo,Alu,SINE
chr18,66176960,66176981,MA1714.1,-,7.69e-06,AluSz,Alu,SINE
chr1,66389698,66389719,MA1714.1,-,7.69e-06,L1MEg,L1,LINE
chr10,68606058,68606079,MA1714.1,+,7.69e-06,L1MA9,L1,LINE
chr16,69116251,69116272,MA1714.1,-,7.69e-06,AluSx,Alu,SINE
chrX,70502064,70502085,MA1714.1,-,7.69e-06,AluJb,Alu,SINE
chr8,72248395,72248416,MA1714.1,-,7.69e-06,MIRb,MIR,SINE
chr3,72470506,72470527,MA1714.1,+,7.69e-06,L1ME1,L1,LINE
chr3,73908932,73908953,MA1714.1,-,7.69e-06,AluSx,Alu,SINE
chr6,74539634,74539655,MA1714.1,+,7.69e-06,MLT1J,ERVL-MaLR,LTR
chr16,74987295,74987316,MA1714.1,+,7.69e-06,AluSz,Alu,SINE
chr18,76785835,76785856,MA1714.1,+,7.69e-06,L1M5,L1,LINE
chr14,81412453,81412474,MA1714.1,+,7.69e-06,MIR,MIR,SINE
chr9,82570027,82570048,MA1714.1,+,7.69e-06,THE1B-int,ERVL-MaLR,LTR
chr3,84986610,84986631,MA1714.1,+,7.69e-06,MSTC-int,ERVL-MaLR,LTR
chr15,87315944,87315965,MA1714.1,-,7.69e-06,L2c,L2,LINE
chr9,87437741,87437762,MA1714.1,-,7.69e-06,LTR16B2,ERVL,LTR
chr1,88993812,88993833,MA1714.1,+,7.69e-06,L3,CR1,LINE
chr4,89890858,89890879,MA1714.1,-,7.69e-06,MIR,MIR,SINE
chr1,89947651,89947672,MA1714.1,+,7.69e-06,L1MEg,L1,LINE
chr8,92013376,92013397,MA1714.1,-,7.69e-06,L1MD2,L1,LINE
chr2,92085580,92085601,MA1714.1,-,7.69e-06,AluJr,Alu,SINE
chr9,97665334,97665355,MA1714.1,-,7.69e-06,AluSx1,Alu,SINE
chr11,100684052,100684073,MA1714.1,-,7.69e-06,MER20,hAT-Charlie,DNA
chr3,102084245,102084266,MA1714.1,-,7.69e-06,L1PA7,L1,LINE
chr4,103836784,103836805,MA1714.1,-,7.69e-06,AluJr,Alu,SINE
chr3,103950239,103950260,MA1714.1,-,7.69e-06,MSTC,ERVL-MaLR,LTR
chr1,105680783,105680804,MA1714.1,-,7.69e-06,HERVL18-int,ERVL,LTR
chr12,106221989,106222010,MA1714.1,-,7.69e-06,L1MC3,L1,LINE
chr3,110617175,110617196,MA1714.1,-,7.69e-06,L1PA8,L1,LINE
chr9,113672967,113672988,MA1714.1,+,7.69e-06,Tigger1,TcMar-Tigger,DNA
chr1,115503441,115503462,MA1714.1,-,7.69e-06,L1PBa,L1,LINE
chr3,115938773,115938794,MA1714.1,+,7.69e-06,AluSx,Alu,SINE
chr12,117435649,117435670,MA1714.1,-,7.69e-06,AluSx,Alu,SINE
chr6,120753261,120753282,MA1714.1,+,7.69e-06,MER52A,ERV1,LTR
chr12,120755978,120755999,MA1714.1,-,7.69e-06,AluJb,Alu,SINE
chr6,121688589,121688610,MA1714.1,+,7.69e-06,AluJb,Alu,SINE
chr12,123945606,123945627,MA1714.1,-,7.69e-06,FLAM_C,Alu,SINE
chrX,125562789,125562810,MA1714.1,-,7.69e-06,L1M4c,L1,LINE
chr10,126790523,126790544,MA1714.1,-,7.69e-06,L1PB4,L1,LINE
chr10,127331372,127331393,MA1714.1,+,7.69e-06,MER113,hAT-Charlie,DNA
chr5,127867091,127867112,MA1714.1,+,7.69e-06,L1PB1,L1,LINE
chr7,129907433,129907454,MA1714.1,+,7.69e-06,MER103C,hAT-Charlie,DNA
chr5,135087439,135087460,MA1714.1,+,7.69e-06,AluJr,Alu,SINE
chr9,136311458,136311479,MA1714.1,-,7.69e-06,L1MB3,L1,LINE
chr3,136812211,136812232,MA1714.1,-,7.69e-06,L1ME3C,L1,LINE
chrX,140863040,140863061,MA1714.1,-,7.69e-06,LTR33,ERVL,LTR
chrX,145175576,145175597,MA1714.1,-,7.69e-06,MSTA-int,ERVL-MaLR,LTR
chr7,150473285,150473306,MA1714.1,+,7.69e-06,L1MA4A,L1,LINE
chr7,154505426,154505447,MA1714.1,-,7.69e-06,THE1C-int,ERVL-MaLR,LTR
chr3,155232905,155232926,MA1714.1,-,7.69e-06,MIRb,MIR,SINE
chr3,163063479,163063500,MA1714.1,+,7.69e-06,L1MC1,L1,LINE
chr6,170894687,170894708,MA1714.1,+,7.69e-06,LTR49,ERV1,LTR
chr1,170924106,170924127,MA1714.1,-,7.69e-06,L1PB1,L1,LINE
chr2,176661970,176661991,MA1714.1,+,7.69e-06,THE1B-int,ERVL-MaLR,LTR
chr4,178593639,178593660,MA1714.1,-,7.69e-06,L1MB7,L1,LINE
chr3,185298247,185298268,MA1714.1,+,7.69e-06,AluJb,Alu,SINE
chr2,204068353,204068374,MA1714.1,+,7.69e-06,AluJb,Alu,SINE
chr2,213332069,213332090,MA1714.1,+,7.69e-06,THE1B-int,ERVL-MaLR,LTR
chr1,219743205,219743226,MA1714.1,+,7.69e-06,AluJb,Alu,SINE
chr1,223687143,223687164,MA1714.1,-,7.69e-06,LTR78,ERV1,LTR
chr2,228765263,228765284,MA1714.1,-,7.69e-06,L2a,L2,LINE
chr1,231567129,231567150,MA1714.1,-,7.69e-06,THE1D-int,ERVL-MaLR,LTR
chr1,232350352,232350373,MA1714.1,+,7.69e-06,L1MA4A,L1,LINE
chr4,1178194,1178215,MA1714.1,+,7.74e-06,L1MB3,L1,LINE
chr20,2156346,2156367,MA1714.1,-,7.74e-06,L1PB1,L1,LINE
chrY,4672381,4672402,MA1714.1,-,7.74e-06,L1MDb,L1,LINE
chr11,7124583,7124604,MA1714.1,-,7.74e-06,L1M6,L1,LINE
chr17,8275854,8275875,MA1714.1,-,7.74e-06,AluSz6,Alu,SINE
chr16,9114650,9114671,MA1714.1,+,7.74e-06,MLT1A1,ERVL-MaLR,LTR
chr6,10944629,10944650,MA1714.1,-,7.74e-06,L1ME3B,L1,LINE
chr17,15311616,15311637,MA1714.1,+,7.74e-06,L1MB3,L1,LINE
chr17,17947462,17947483,MA1714.1,-,7.74e-06,MLT1L,ERVL-MaLR,LTR
chr4,18832676,18832697,MA1714.1,+,7.74e-06,LTR16D,ERVL,LTR
chr13,20340584,20340605,MA1714.1,+,7.74e-06,AluJb,Alu,SINE
chr15,20678282,20678303,MA1714.1,+,7.74e-06,L1ME2z,L1,LINE
chr3,21926595,21926616,MA1714.1,+,7.74e-06,MER63C,hAT-Blackjack,DNA
chr15,23345722,23345743,MA1714.1,+,7.74e-06,L1ME2z,L1,LINE
chrX,25711861,25711882,MA1714.1,-,7.74e-06,L1MA1,L1,LINE
chr18,27640238,27640259,MA1714.1,+,7.74e-06,L1MC3,L1,LINE
chr8,27686584,27686605,MA1714.1,+,7.74e-06,L1MEc,L1,LINE
chr22,28369404,28369425,MA1714.1,-,7.74e-06,AluJb,Alu,SINE
chr15,28534029,28534050,MA1714.1,+,7.74e-06,L1ME2z,L1,LINE
chr15,28867674,28867695,MA1714.1,-,7.74e-06,L1ME2z,L1,LINE
chr12,29232439,29232460,MA1714.1,+,7.74e-06,L1ME1,L1,LINE
chr19,35588495,35588516,MA1714.1,-,7.74e-06,MIR,MIR,SINE
chr17,38641801,38641822,MA1714.1,+,7.74e-06,L3b,CR1,LINE
chr19,39392456,39392477,MA1714.1,-,7.74e-06,AluJb,Alu,SINE
chr5,40064125,40064146,MA1714.1,-,7.74e-06,L1PB4,L1,LINE
chr14,43760577,43760598,MA1714.1,+,7.74e-06,L1ME1,L1,LINE
chr5,45736801,45736822,MA1714.1,+,7.74e-06,AluJb,Alu,SINE
chr3,46530159,46530180,MA1714.1,-,7.74e-06,L1MC3,L1,LINE
chr2,50479360,50479381,MA1714.1,-,7.74e-06,L1PA10,L1,LINE
chr12,52036431,52036452,MA1714.1,-,7.74e-06,MIRc,MIR,SINE
chr3,53498574,53498595,MA1714.1,-,7.74e-06,MER91A,hAT-Tip100,DNA
chr6,56851723,56851744,MA1714.1,-,7.74e-06,LTR81A,Gypsy,LTR
chrX,57477210,57477231,MA1714.1,+,7.74e-06,MIRb,MIR,SINE
chr15,58270048,58270069,MA1714.1,-,7.74e-06,L1PA7,L1,LINE
chr8,59390097,59390118,MA1714.1,+,7.74e-06,MIR,MIR,SINE
chr4,61137584,61137605,MA1714.1,-,7.74e-06,L1PA4,L1,LINE
chr8,63217485,63217506,MA1714.1,+,7.74e-06,MIRb,MIR,SINE
chr12,63716743,63716764,MA1714.1,+,7.74e-06,LTR40a,ERVL,LTR
chr6,64010489,64010510,MA1714.1,+,7.74e-06,AluJb,Alu,SINE
chr6,64545435,64545456,MA1714.1,+,7.74e-06,L1PB1,L1,LINE
chr17,64847184,64847205,MA1714.1,+,7.74e-06,L1MEd,L1,LINE
chr10,65802334,65802355,MA1714.1,-,7.74e-06,L1M3e,L1,LINE
chr14,67336490,67336511,MA1714.1,-,7.74e-06,MIRb,MIR,SINE
chr9,68159918,68159939,MA1714.1,-,7.74e-06,LTR80B,ERVL,LTR
chr4,68325286,68325307,MA1714.1,+,7.74e-06,L1MD2,L1,LINE
chr3,68650924,68650945,MA1714.1,-,7.74e-06,L1MA8,L1,LINE
chr1,68745736,68745757,MA1714.1,+,7.74e-06,MER39,ERV1,LTR
chr1,69448625,69448646,MA1714.1,-,7.74e-06,MER39,ERV1,LTR
chr10,70871298,70871319,MA1714.1,+,7.74e-06,ERV3-16A3_I-int,ERVL,LTR
chr14,71817570,71817591,MA1714.1,+,7.74e-06,L3,CR1,LINE
chr6,77481017,77481038,MA1714.1,+,7.74e-06,MER70-int,ERVL,LTR
chr7,77485112,77485133,MA1714.1,-,7.74e-06,L1MA3,L1,LINE
chr10,77501705,77501726,MA1714.1,+,7.74e-06,MLT1A0,ERVL-MaLR,LTR
chr13,81404485,81404506,MA1714.1,+,7.74e-06,L1M1,L1,LINE
chrX,83284114,83284135,MA1714.1,+,7.74e-06,L1M1,L1,LINE
chr2,87845602,87845623,MA1714.1,-,7.74e-06,L1MEf,L1,LINE
chr3,88558865,88558886,MA1714.1,-,7.74e-06,LTR78B,ERV1,LTR
chr4,89820453,89820474,MA1714.1,+,7.74e-06,L1PB1,L1,LINE
chrX,92605449,92605470,MA1714.1,-,7.74e-06,L1MCb,L1,LINE
chr14,92640548,92640569,MA1714.1,+,7.74e-06,MIR,MIR,SINE
chr12,98254494,98254515,MA1714.1,+,7.74e-06,L1MA6,L1,LINE
chr8,98358758,98358779,MA1714.1,-,7.74e-06,L1MEc,L1,LINE
chr8,98396993,98397014,MA1714.1,-,7.74e-06,MSTA-int,ERVL-MaLR,LTR
chr1,98971704,98971725,MA1714.1,+,7.74e-06,L1MA4,L1,LINE
chr9,101296815,101296836,MA1714.1,-,7.74e-06,MIR,MIR,SINE
chr3,101403256,101403277,MA1714.1,-,7.74e-06,AluSx3,Alu,SINE
chr5,101415048,101415069,MA1714.1,+,7.74e-06,L1PA15,L1,LINE
chr11,103210300,103210321,MA1714.1,-,7.74e-06,L1M1,L1,LINE
chr6,103469621,103469642,MA1714.1,-,7.74e-06,L1PA13,L1,LINE
chr12,111925088,111925109,MA1714.1,-,7.74e-06,AluSx1,Alu,SINE
chr2,112162285,112162306,MA1714.1,+,7.74e-06,L1MEf,L1,LINE
chr1,112963627,112963648,MA1714.1,+,7.74e-06,MIRb,MIR,SINE
chr2,115088716,115088737,MA1714.1,+,7.74e-06,MLT1K,ERVL-MaLR,LTR
chr12,115997614,115997635,MA1714.1,+,7.74e-06,Kanga2_a,TcMar-Tc2,DNA
chr4,116461083,116461104,MA1714.1,-,7.74e-06,L1MCb,L1,LINE
chr12,119085095,119085116,MA1714.1,-,7.74e-06,MIRb,MIR,SINE
chr11,126529194,126529215,MA1714.1,+,7.74e-06,MIRb,MIR,SINE
chr10,127971379,127971400,MA1714.1,-,7.74e-06,MER1A,hAT-Charlie,DNA
chr4,130240323,130240344,MA1714.1,-,7.74e-06,L1ME1,L1,LINE
chr10,131953336,131953357,MA1714.1,-,7.74e-06,FRAM,Alu,SINE
chr9,132588679,132588700,MA1714.1,-,7.74e-06,L1MC3,L1,LINE
chr5,135946737,135946758,MA1714.1,+,7.74e-06,L1MA6,L1,LINE
chr6,135992388,135992409,MA1714.1,+,7.74e-06,L1MB1,L1,LINE
chr8,142366738,142366759,MA1714.1,-,7.74e-06,MER117,hAT-Charlie,DNA
chr3,142893042,142893063,MA1714.1,-,7.74e-06,L1MEg,L1,LINE
chr7,145337098,145337119,MA1714.1,-,7.74e-06,L1PA15-16,L1,LINE
chr4,150387804,150387825,MA1714.1,+,7.74e-06,L3,CR1,LINE
chr5,153323989,153324010,MA1714.1,-,7.74e-06,THE1A,ERVL-MaLR,LTR
chr1,162726976,162726997,MA1714.1,+,7.74e-06,MIRc,MIR,SINE
chr2,172226621,172226642,MA1714.1,+,7.74e-06,L1MEf,L1,LINE
chr2,190288652,190288673,MA1714.1,+,7.74e-06,L1MA6,L1,LINE
chr1,216520823,216520844,MA1714.1,+,7.74e-06,MER41-int,ERV1,LTR
chr1,227055254,227055275,MA1714.1,-,7.74e-06,MER21B,ERVL,LTR
chr20,2480761,2480782,MA1714.1,+,7.79e-06,L1MC5,L1,LINE
chr16,3619643,3619664,MA1714.1,-,7.79e-06,AluSz,Alu,SINE
chr9,3722942,3722963,MA1714.1,-,7.79e-06,AluSz,Alu,SINE
chr1,4005679,4005700,MA1714.1,+,7.79e-06,L1M4,L1,LINE
chr9,4319093,4319114,MA1714.1,+,7.79e-06,L1MC4,L1,LINE
chr3,5072241,5072262,MA1714.1,+,7.79e-06,FLAM_C,Alu,SINE
chr4,5835335,5835356,MA1714.1,+,7.79e-06,MIRb,MIR,SINE
chr16,6379684,6379705,MA1714.1,+,7.79e-06,AluSz,Alu,SINE
chr19,6827307,6827328,MA1714.1,-,7.79e-06,AluJb,Alu,SINE
chr10,7150192,7150213,MA1714.1,+,7.79e-06,THE1B,ERVL-MaLR,LTR
chr11,7181051,7181072,MA1714.1,+,7.79e-06,AluY,Alu,SINE
chr9,9242274,9242295,MA1714.1,-,7.79e-06,L1P1,L1,LINE
chr20,10480989,10481010,MA1714.1,-,7.79e-06,AluSx1,Alu,SINE
chr9,10779978,10779999,MA1714.1,+,7.79e-06,L1PA5,L1,LINE
chr7,10844386,10844407,MA1714.1,-,7.79e-06,MIRb,MIR,SINE
chr10,12074044,12074065,MA1714.1,+,7.79e-06,AluSp,Alu,SINE
chr3,12839196,12839217,MA1714.1,-,7.79e-06,MIRb,MIR,SINE
chr9,14875095,14875116,MA1714.1,-,7.79e-06,L1PA3,L1,LINE
chr9,15257690,15257711,MA1714.1,-,7.79e-06,AluJb,Alu,SINE
chr8,15820496,15820517,MA1714.1,-,7.79e-06,AluJr4,Alu,SINE
chr21,15823184,15823205,MA1714.1,+,7.79e-06,MIR,MIR,SINE
chr16,16182810,16182831,MA1714.1,-,7.79e-06,AluJr,Alu,SINE
chr4,16293220,16293241,MA1714.1,-,7.79e-06,MIR,MIR,SINE
chr6,16917436,16917457,MA1714.1,-,7.79e-06,AluSx1,Alu,SINE
chr12,18031841,18031862,MA1714.1,-,7.79e-06,MSTA-int,ERVL-MaLR,LTR
chr21,18063713,18063734,MA1714.1,+,7.79e-06,L2a,L2,LINE
chr17,20011083,20011104,MA1714.1,-,7.79e-06,AluSx,Alu,SINE
chrX,20726464,20726485,MA1714.1,-,7.79e-06,MIR,MIR,SINE
chr1,21893028,21893049,MA1714.1,-,7.79e-06,AluSx,Alu,SINE
chr12,22291042,22291063,MA1714.1,+,7.79e-06,L1PA3,L1,LINE
chr4,22816086,22816107,MA1714.1,-,7.79e-06,AluSx,Alu,SINE
chr9,23071133,23071154,MA1714.1,+,7.79e-06,AluSc5,Alu,SINE
chr6,23124707,23124728,MA1714.1,-,7.79e-06,L1P2,L1,LINE
chr7,23533367,23533388,MA1714.1,+,7.79e-06,AluJb,Alu,SINE
chr10,23855378,23855399,MA1714.1,-,7.79e-06,L1MD1,L1,LINE
chr16,24328614,24328635,MA1714.1,+,7.79e-06,AluSz,Alu,SINE
chr16,24407568,24407589,MA1714.1,-,7.79e-06,AluSz6,Alu,SINE
chr9,24645251,24645272,MA1714.1,-,7.79e-06,L1PA10,L1,LINE
chr6,25757764,25757785,MA1714.1,-,7.79e-06,LTR78,ERV1,LTR
chr22,25998912,25998933,MA1714.1,-,7.79e-06,AluSx,Alu,SINE
chr21,26291635,26291656,MA1714.1,-,7.79e-06,L1PA7,L1,LINE
chr16,26470370,26470391,MA1714.1,+,7.79e-06,AluSx,Alu,SINE
chr8,27204645,27204666,MA1714.1,+,7.79e-06,AluSz,Alu,SINE
chr14,31286480,31286501,MA1714.1,+,7.79e-06,MLT1A,ERVL-MaLR,LTR
chr3,31647853,31647874,MA1714.1,+,7.79e-06,THE1B-int,ERVL-MaLR,LTR
chr12,31694973,31694994,MA1714.1,+,7.79e-06,AluSx3,Alu,SINE
chr12,31695641,31695662,MA1714.1,+,7.79e-06,AluJb,Alu,SINE
chr9,32121935,32121956,MA1714.1,-,7.79e-06,L1ME3A,L1,LINE
chr22,32372826,32372847,MA1714.1,-,7.79e-06,AluSz,Alu,SINE
chr1,33266418,33266439,MA1714.1,-,7.79e-06,AluY,Alu,SINE
chr8,33321882,33321903,MA1714.1,-,7.79e-06,MIRb,MIR,SINE
chr18,33637322,33637343,MA1714.1,+,7.79e-06,AluJb,Alu,SINE
chr18,34183711,34183732,MA1714.1,-,7.79e-06,AluSz6,Alu,SINE
chr15,36630468,36630489,MA1714.1,-,7.79e-06,L1MC1,L1,LINE
chr1,36694067,36694088,MA1714.1,-,7.79e-06,AluSq2,Alu,SINE
chr17,37337895,37337916,MA1714.1,-,7.79e-06,MIRc,MIR,SINE
chr8,38083830,38083851,MA1714.1,-,7.79e-06,ERVL-B4-int,ERVL,LTR
chr11,39833232,39833253,MA1714.1,+,7.79e-06,L1PA10,L1,LINE
chr4,41382066,41382087,MA1714.1,-,7.79e-06,AluSx,Alu,SINE
chr4,42216373,42216394,MA1714.1,-,7.79e-06,L1PA16,L1,LINE
chr22,42704435,42704456,MA1714.1,-,7.79e-06,MIR,MIR,SINE
chr7,42831052,42831073,MA1714.1,+,7.79e-06,L1MDa,L1,LINE
chr5,43513128,43513149,MA1714.1,-,7.79e-06,AluSx3,Alu,SINE
chr8,43597237,43597258,MA1714.1,+,7.79e-06,ALR/Alpha,centr,Satellite
chr18,43970817,43970838,MA1714.1,+,7.79e-06,MIR,MIR,SINE
chrX,44619883,44619904,MA1714.1,+,7.79e-06,AluJr,Alu,SINE
chr22,44729744,44729765,MA1714.1,+,7.79e-06,MIRb,MIR,SINE
chr3,45237186,45237207,MA1714.1,-,7.79e-06,AluSx1,Alu,SINE
chr3,45499936,45499957,MA1714.1,+,7.79e-06,AluSx3,Alu,SINE
chr22,48593591,48593612,MA1714.1,-,7.79e-06,MLT1J1-int,ERVL-MaLR,LTR
chr15,51545382,51545403,MA1714.1,+,7.79e-06,MIR,MIR,SINE
chr7,54745124,54745145,MA1714.1,-,7.79e-06,AluJb,Alu,SINE
chr20,55389339,55389360,MA1714.1,-,7.79e-06,AluSg,Alu,SINE
chr18,57079394,57079415,MA1714.1,-,7.79e-06,L1MC4a,L1,LINE
chr2,57677594,57677615,MA1714.1,-,7.79e-06,MLT1G3,ERVL-MaLR,LTR
chr12,57834888,57834909,MA1714.1,+,7.79e-06,AluSp,Alu,SINE
chr17,59990921,59990942,MA1714.1,-,7.79e-06,FLAM_C,Alu,SINE
chr1,60183702,60183723,MA1714.1,-,7.79e-06,MIR,MIR,SINE
chr7,63581432,63581453,MA1714.1,+,7.79e-06,AluJr,Alu,SINE
chr8,63988030,63988051,MA1714.1,+,7.79e-06,AluSc,Alu,SINE
chr4,66687403,66687424,MA1714.1,+,7.79e-06,L1MA9,L1,LINE
chr18,66954164,66954185,MA1714.1,+,7.79e-06,L1MEe,L1,LINE
chr4,68176012,68176033,MA1714.1,+,7.79e-06,THE1D-int,ERVL-MaLR,LTR
chr4,68386481,68386502,MA1714.1,+,7.79e-06,AluSz6,Alu,SINE
chr7,68833905,68833926,MA1714.1,+,7.79e-06,AluSg,Alu,SINE
chr18,69259596,69259617,MA1714.1,+,7.79e-06,AluY,Alu,SINE
chr3,72771458,72771479,MA1714.1,+,7.79e-06,AluJb,Alu,SINE
chr14,74099737,74099758,MA1714.1,-,7.79e-06,AluSx1,Alu,SINE
chr16,74577289,74577310,MA1714.1,+,7.79e-06,FAM,Alu,SINE
chr12,74637341,74637362,MA1714.1,-,7.79e-06,AluSz,Alu,SINE
chr2,75033477,75033498,MA1714.1,-,7.79e-06,MER45C,hAT-Tip100,DNA
chr8,76157889,76157910,MA1714.1,-,7.79e-06,L1MEc,L1,LINE
chr14,77471931,77471952,MA1714.1,-,7.79e-06,MIRb,MIR,SINE
chr1,78626063,78626084,MA1714.1,+,7.79e-06,L1PA6,L1,LINE
chr15,79175308,79175329,MA1714.1,+,7.79e-06,AluSz,Alu,SINE
chr8,80945122,80945143,MA1714.1,-,7.79e-06,MER52A,ERV1,LTR
chr3,83157314,83157335,MA1714.1,+,7.79e-06,L1PA7,L1,LINE
chr14,84984294,84984315,MA1714.1,-,7.79e-06,L1MA3,L1,LINE
chr8,87757249,87757270,MA1714.1,+,7.79e-06,LTR80B,ERVL,LTR
chr3,88388342,88388363,MA1714.1,-,7.79e-06,L1MA4,L1,LINE
chr5,92669468,92669489,MA1714.1,+,7.79e-06,L1MCb,L1,LINE
chr15,93803096,93803117,MA1714.1,-,7.79e-06,AluY,Alu,SINE
chr4,96047629,96047650,MA1714.1,-,7.79e-06,MIR,MIR,SINE
chr14,99749215,99749236,MA1714.1,+,7.79e-06,AluSq,Alu,SINE
chr11,101248617,101248638,MA1714.1,+,7.79e-06,L1PA5,L1,LINE
chr1,101710104,101710125,MA1714.1,+,7.79e-06,L1ME2,L1,LINE
chr9,102484365,102484386,MA1714.1,+,7.79e-06,L1ME2,L1,LINE
chr11,103159327,103159348,MA1714.1,+,7.79e-06,AluSz,Alu,SINE
chr14,103463519,103463540,MA1714.1,+,7.79e-06,HAL1,L1,LINE
chr7,104464344,104464365,MA1714.1,+,7.79e-06,AluSz,Alu,SINE
chrX,107158538,107158559,MA1714.1,+,7.79e-06,AluSz6,Alu,SINE
chr12,108505975,108505996,MA1714.1,+,7.79e-06,AluSz,Alu,SINE
chr6,109117670,109117691,MA1714.1,-,7.79e-06,L1MC4a,L1,LINE
chr4,110999457,110999478,MA1714.1,+,7.79e-06,L1P1,L1,LINE
chr9,111202827,111202848,MA1714.1,+,7.79e-06,MIRb,MIR,SINE
chr12,113318338,113318359,MA1714.1,-,7.79e-06,MIRb,MIR,SINE
chr4,114441313,114441334,MA1714.1,+,7.79e-06,AluSx,Alu,SINE
chr9,115149735,115149756,MA1714.1,-,7.79e-06,AluJo,Alu,SINE
chr11,121724544,121724565,MA1714.1,+,7.79e-06,L1ME2,L1,LINE
chr2,121867974,121867995,MA1714.1,+,7.79e-06,L1MC4,L1,LINE
chr11,122440718,122440739,MA1714.1,+,7.79e-06,AluSx1,Alu,SINE
chr9,123700861,123700882,MA1714.1,+,7.79e-06,AluSz,Alu,SINE
chr9,123894337,123894358,MA1714.1,-,7.79e-06,L1PA6,L1,LINE
chr2,126425414,126425435,MA1714.1,+,7.79e-06,MIR,MIR,SINE
chr4,127221929,127221950,MA1714.1,-,7.79e-06,THE1C-int,ERVL-MaLR,LTR
chr5,131005630,131005651,MA1714.1,+,7.79e-06,L1M4,L1,LINE
chr7,131165927,131165948,MA1714.1,+,7.79e-06,MIRb,MIR,SINE
chrX,138756911,138756932,MA1714.1,-,7.79e-06,L1PA6,L1,LINE
chr6,139632959,139632980,MA1714.1,-,7.79e-06,MLT1A,ERVL-MaLR,LTR
chr9,140649213,140649234,MA1714.1,-,7.79e-06,AluJo,Alu,SINE
chr8,144531643,144531664,MA1714.1,+,7.79e-06,AluSx,Alu,SINE
chr8,145564312,145564333,MA1714.1,+,7.79e-06,AluSz,Alu,SINE
chr3,147238136,147238157,MA1714.1,-,7.79e-06,L1MA3,L1,LINE
chr5,149873494,149873515,MA1714.1,+,7.79e-06,AluSx1,Alu,SINE
chr5,150261748,150261769,MA1714.1,+,7.79e-06,AluJb,Alu,SINE
chr1,152472007,152472028,MA1714.1,+,7.79e-06,L2b,L2,LINE
chr6,152664947,152664968,MA1714.1,-,7.79e-06,AluSz,Alu,SINE
chr6,155820023,155820044,MA1714.1,-,7.79e-06,AluSx1,Alu,SINE
chr4,164174925,164174946,MA1714.1,-,7.79e-06,MER52A,ERV1,LTR
chr6,166227397,166227418,MA1714.1,+,7.79e-06,MER103C,hAT-Charlie,DNA
chr5,168159826,168159847,MA1714.1,+,7.79e-06,L1M2,L1,LINE
chr4,168683382,168683403,MA1714.1,+,7.79e-06,AluSq2,Alu,SINE
chr3,171019716,171019737,MA1714.1,+,7.79e-06,L1MC4,L1,LINE
chr1,172402455,172402476,MA1714.1,+,7.79e-06,L1PA6,L1,LINE
chr4,174678688,174678709,MA1714.1,+,7.79e-06,ERVL-E-int,ERVL,LTR
chr3,175630993,175631014,MA1714.1,+,7.79e-06,Charlie13b,hAT-Charlie,DNA
chr3,186625720,186625741,MA1714.1,-,7.79e-06,L1PA7,L1,LINE
chr2,194716218,194716239,MA1714.1,-,7.79e-06,MER91A,hAT-Tip100,DNA
chr2,194928865,194928886,MA1714.1,-,7.79e-06,Tigger2a,TcMar-Tigger,DNA
chr2,196768341,196768362,MA1714.1,+,7.79e-06,LTR78,ERV1,LTR
chr2,198201903,198201924,MA1714.1,+,7.79e-06,AluSx,Alu,SINE
chr2,206090794,206090815,MA1714.1,-,7.79e-06,AluY,Alu,SINE
chr2,219521785,219521806,MA1714.1,-,7.79e-06,AluSx,Alu,SINE
chr2,222160024,222160045,MA1714.1,-,7.79e-06,AluSx,Alu,SINE
chr2,236809159,236809180,MA1714.1,-,7.79e-06,HERVL-int,ERVL,LTR
chr1,237050573,237050594,MA1714.1,+,7.79e-06,MIRc,MIR,SINE
chr20,739223,739244,MA1714.1,+,7.84e-06,MER67C,ERV1,LTR
chr11,1408012,1408033,MA1714.1,-,7.84e-06,L1ME1,L1,LINE
chr7,1824029,1824050,MA1714.1,-,7.84e-06,L1ME3E,L1,LINE
chr10,1891690,1891711,MA1714.1,+,7.84e-06,L1MEf,L1,LINE
chr7,3238048,3238069,MA1714.1,-,7.84e-06,L1MDa,L1,LINE
chr6_qbl_hap6,4203020,4203041,MA1714.1,+,7.84e-06,HAL1,L1,LINE
chr6_dbb_hap3,4252277,4252298,MA1714.1,+,7.84e-06,HAL1,L1,LINE
chr6_mcf_hap5,4307791,4307812,MA1714.1,+,7.84e-06,HAL1,L1,LINE
chr12,4360611,4360632,MA1714.1,+,7.84e-06,MIRb,MIR,SINE
chr6_cox_hap2,4415425,4415446,MA1714.1,+,7.84e-06,HAL1,L1,LINE
chr6_mann_hap4,4428120,4428141,MA1714.1,+,7.84e-06,HAL1,L1,LINE
chr6_ssto_hap7,4451644,4451665,MA1714.1,+,7.84e-06,HAL1,L1,LINE
chrY,5671296,5671317,MA1714.1,+,7.84e-06,L1MEc,L1,LINE
chr16,6829393,6829414,MA1714.1,-,7.84e-06,L1MA4,L1,LINE
chr9,10964048,10964069,MA1714.1,-,7.84e-06,SATR1,Satellite,Satellite
chr6,11504038,11504059,MA1714.1,-,7.84e-06,L1MEc,L1,LINE
chr5,12702653,12702674,MA1714.1,-,7.84e-06,FRAM,Alu,SINE
chr9,12937519,12937540,MA1714.1,-,7.84e-06,MIR,MIR,SINE
chr20,13082983,13083004,MA1714.1,-,7.84e-06,MIR,MIR,SINE
chr9,15857790,15857811,MA1714.1,-,7.84e-06,L1MB1,L1,LINE
chr9,16928345,16928366,MA1714.1,-,7.84e-06,LTR33,ERVL,LTR
chr3,17254112,17254133,MA1714.1,+,7.84e-06,Tigger3b,TcMar-Tigger,DNA
chr20,21236384,21236405,MA1714.1,+,7.84e-06,L1M5,L1,LINE
chr2,22953545,22953566,MA1714.1,-,7.84e-06,MLT1J1,ERVL-MaLR,LTR
chr11,23134954,23134975,MA1714.1,+,7.84e-06,LTR18B,ERVL,LTR
chrY,23248303,23248324,MA1714.1,+,7.84e-06,AluSz,Alu,SINE
chr16,24222724,24222745,MA1714.1,-,7.84e-06,MIRb,MIR,SINE
chr18,25308177,25308198,MA1714.1,-,7.84e-06,L1MEd,L1,LINE
chr18,26485254,26485275,MA1714.1,-,7.84e-06,L1MEg2,L1,LINE
chr12,28589332,28589353,MA1714.1,-,7.84e-06,L1MD3,L1,LINE
chr2,31595951,31595972,MA1714.1,-,7.84e-06,MIR,MIR,SINE
chr20,32736426,32736447,MA1714.1,-,7.84e-06,MER57A-int,ERV1,LTR
chr10,32781604,32781625,MA1714.1,+,7.84e-06,L1MB2,L1,LINE
chr6,32970928,32970949,MA1714.1,+,7.84e-06,HAL1,L1,LINE
chr10,33317966,33317987,MA1714.1,-,7.84e-06,AluJr,Alu,SINE
chr22,34710322,34710343,MA1714.1,-,7.84e-06,MER34D,ERV1,LTR
chr2,35597754,35597775,MA1714.1,+,7.84e-06,MSTA-int,ERVL-MaLR,LTR
chr3,36754516,36754537,MA1714.1,-,7.84e-06,L1ME1,L1,LINE
chr7,36981156,36981177,MA1714.1,-,7.84e-06,MER103C,hAT-Charlie,DNA
chr11,37030403,37030424,MA1714.1,-,7.84e-06,L1MA9,L1,LINE
chr11,38610381,38610402,MA1714.1,-,7.84e-06,MIR,MIR,SINE
chr1,38889085,38889106,MA1714.1,+,7.84e-06,L1MC4,L1,LINE
chr13,39135140,39135161,MA1714.1,+,7.84e-06,HERV16-int,ERVL,LTR
chr4,43996369,43996390,MA1714.1,+,7.84e-06,L1MA9,L1,LINE
chr14,45163931,45163952,MA1714.1,+,7.84e-06,L1PA7,L1,LINE
chr8,46945110,46945131,MA1714.1,+,7.84e-06,ERVL-B4-int,ERVL,LTR
chrX,47631017,47631038,MA1714.1,-,7.84e-06,L1MCa,L1,LINE
chr7,48423636,48423657,MA1714.1,-,7.84e-06,L1ME4a,L1,LINE
chr3,48923346,48923367,MA1714.1,+,7.84e-06,HAL1,L1,LINE
chr2,53659386,53659407,MA1714.1,-,7.84e-06,THE1B,ERVL-MaLR,LTR
chr1,54424287,54424308,MA1714.1,-,7.84e-06,AluSp,Alu,SINE
chr2,54819222,54819243,MA1714.1,+,7.84e-06,AluJr4,Alu,SINE
chr13,55923162,55923183,MA1714.1,+,7.84e-06,L1MA8,L1,LINE
chrX,56315359,56315380,MA1714.1,-,7.84e-06,L1MC3,L1,LINE
chr20,57367141,57367162,MA1714.1,-,7.84e-06,L3,CR1,LINE
chr2,58361423,58361444,MA1714.1,+,7.84e-06,MER39,ERV1,LTR
chr1,58612172,58612193,MA1714.1,-,7.84e-06,L1MA9,L1,LINE
chr11,59458912,59458933,MA1714.1,+,7.84e-06,L1M3de,L1,LINE
chr13,60174374,60174395,MA1714.1,+,7.84e-06,L1MDa,L1,LINE
chr18,66330142,66330163,MA1714.1,+,7.84e-06,ERVL-E-int,ERVL,LTR
chr4,66917402,66917423,MA1714.1,-,7.84e-06,MLT1J1,ERVL-MaLR,LTR
chr7,67855434,67855455,MA1714.1,+,7.84e-06,MER96,hAT,DNA
chr14,67943400,67943421,MA1714.1,-,7.84e-06,MIRc,MIR,SINE
chr6,68116531,68116552,MA1714.1,+,7.84e-06,MER41-int,ERV1,LTR
chr14,71868887,71868908,MA1714.1,+,7.84e-06,MIRb,MIR,SINE
chr2,76403913,76403934,MA1714.1,-,7.84e-06,L1MA6,L1,LINE
chr8,78249228,78249249,MA1714.1,+,7.84e-06,Charlie25,hAT-Charlie,DNA
chr10,81287913,81287934,MA1714.1,+,7.84e-06,L1MEg,L1,LINE
chr10,81991865,81991886,MA1714.1,-,7.84e-06,L1MEg,L1,LINE
chr14,82937010,82937031,MA1714.1,+,7.84e-06,L1MA9,L1,LINE
chr10,86722860,86722881,MA1714.1,-,7.84e-06,L1MD1,L1,LINE
chr9,87228884,87228905,MA1714.1,-,7.84e-06,L1MC4a,L1,LINE
chr8,89330128,89330149,MA1714.1,-,7.84e-06,L3,CR1,LINE
chrX,91941471,91941492,MA1714.1,+,7.84e-06,L1MEc,L1,LINE
chr4,92453988,92454009,MA1714.1,+,7.84e-06,AluJb,Alu,SINE
chr11,94958405,94958426,MA1714.1,-,7.84e-06,Charlie1a,hAT-Charlie,DNA
chr15,98993177,98993198,MA1714.1,-,7.84e-06,MER115,hAT-Tip100,DNA
chrX,100220004,100220025,MA1714.1,+,7.84e-06,MSTB-int,ERVL-MaLR,LTR
chr14,100426348,100426369,MA1714.1,-,7.84e-06,L1MB7,L1,LINE
chr10,104097029,104097050,MA1714.1,+,7.84e-06,AluY,Alu,SINE
chr7,104332870,104332891,MA1714.1,+,7.84e-06,THE1C-int,ERVL-MaLR,LTR
chrX,106389405,106389426,MA1714.1,-,7.84e-06,L1MC4,L1,LINE
chr10,109056896,109056917,MA1714.1,+,7.84e-06,L1MA9,L1,LINE
chr4,110475748,110475769,MA1714.1,+,7.84e-06,L1MB8,L1,LINE
chr4,112233034,112233055,MA1714.1,+,7.84e-06,L1ME3,L1,LINE
chr12,112655817,112655838,MA1714.1,-,7.84e-06,AluYc,Alu,SINE
chr8,113046406,113046427,MA1714.1,+,7.84e-06,HSMAR2,TcMar-Mariner,DNA
chr11,120324394,120324415,MA1714.1,+,7.84e-06,AluJb,Alu,SINE
chr3,121766966,121766987,MA1714.1,-,7.84e-06,L1M4c,L1,LINE
chrX,126681555,126681576,MA1714.1,+,7.84e-06,MSTA-int,ERVL-MaLR,LTR
chr4,128831766,128831787,MA1714.1,-,7.84e-06,L1MC5,L1,LINE
chr9,130779236,130779257,MA1714.1,+,7.84e-06,L1MC3,L1,LINE
chr6,130883827,130883848,MA1714.1,-,7.84e-06,L1MC5,L1,LINE
chr4,132007149,132007170,MA1714.1,-,7.84e-06,MLT1D,ERVL-MaLR,LTR
chr3,133607147,133607168,MA1714.1,+,7.84e-06,MIRb,MIR,SINE
chr5,137436682,137436703,MA1714.1,+,7.84e-06,AluSz6,Alu,SINE
chr5,140016264,140016285,MA1714.1,+,7.84e-06,L3,CR1,LINE
chr8,141187261,141187282,MA1714.1,-,7.84e-06,L1ME1,L1,LINE
chr6,145058719,145058740,MA1714.1,+,7.84e-06,Tigger15a,TcMar-Tigger,DNA
chr6,145627907,145627928,MA1714.1,+,7.84e-06,MamRep605,MamRep605,Unknown
chr3,148635786,148635807,MA1714.1,+,7.84e-06,L1MEc,L1,LINE
chr5,149642290,149642311,MA1714.1,-,7.84e-06,MIR,MIR,SINE
chr1,159433544,159433565,MA1714.1,-,7.84e-06,L1ME1,L1,LINE
chr5,163839638,163839659,MA1714.1,-,7.84e-06,L1MC4a,L1,LINE
chr3,165994610,165994631,MA1714.1,-,7.84e-06,MLT2E,ERVL,LTR
chr5,167799574,167799595,MA1714.1,-,7.84e-06,MIRb,MIR,SINE
chr1,170569109,170569130,MA1714.1,-,7.84e-06,L1MEc,L1,LINE
chr2,172806762,172806783,MA1714.1,-,7.84e-06,AluSx,Alu,SINE
chr1,213724521,213724542,MA1714.1,-,7.84e-06,MLT1I,ERVL-MaLR,LTR
chr2,236391474,236391495,MA1714.1,+,7.84e-06,MLT1D,ERVL-MaLR,LTR
chr2,25473,25494,MA1714.1,-,7.89e-06,L1MB7,L1,LINE
chr6,1828586,1828607,MA1714.1,+,7.89e-06,L1M4c,L1,LINE
chr3,1963287,1963308,MA1714.1,+,7.89e-06,HERVL-int,ERVL,LTR
chr7,3896889,3896910,MA1714.1,+,7.89e-06,L1ME3C,L1,LINE
chr12,4991375,4991396,MA1714.1,-,7.89e-06,L1MC5,L1,LINE
chr7,6638795,6638816,MA1714.1,+,7.89e-06,MIR,MIR,SINE
chr12,9328505,9328526,MA1714.1,+,7.89e-06,L1PA11,L1,LINE
chr19,9687402,9687423,MA1714.1,+,7.89e-06,L1MA4,L1,LINE
chr17,13713505,13713526,MA1714.1,+,7.89e-06,MER82,TcMar-Tigger,DNA
chr12,15388205,15388226,MA1714.1,-,7.89e-06,L1PB1,L1,LINE
chr8,17277088,17277109,MA1714.1,+,7.89e-06,ERVL-E-int,ERVL,LTR
chr7,19241640,19241661,MA1714.1,+,7.89e-06,MIRc,MIR,SINE
chr7,20231319,20231340,MA1714.1,-,7.89e-06,LTR33A,ERVL,LTR
chr19,21790379,21790400,MA1714.1,+,7.89e-06,HERV15-int,ERV1,LTR
chr14,22432633,22432654,MA1714.1,-,7.89e-06,L1MA4A,L1,LINE
chr2,22807461,22807482,MA1714.1,-,7.89e-06,MLT1A0-int,ERVL-MaLR,LTR
chr4,23488876,23488897,MA1714.1,-,7.89e-06,L1MB8,L1,LINE
chr2,23795410,23795431,MA1714.1,+,7.89e-06,L2c,L2,LINE
chr20,24846010,24846031,MA1714.1,-,7.89e-06,MLT1A,ERVL-MaLR,LTR
chr8,24972382,24972403,MA1714.1,+,7.89e-06,MIR3,MIR,SINE
chr22,26166523,26166544,MA1714.1,+,7.89e-06,MER117,hAT-Charlie,DNA
chr8,26295871,26295892,MA1714.1,+,7.89e-06,L1MB3,L1,LINE
chr11,26505007,26505028,MA1714.1,+,7.89e-06,MSTA,ERVL-MaLR,LTR
chr12,26577721,26577742,MA1714.1,-,7.89e-06,AluSx,Alu,SINE
chr19,29161568,29161589,MA1714.1,+,7.89e-06,MER103C,hAT-Charlie,DNA
chr14,29730156,29730177,MA1714.1,-,7.89e-06,L1MC3,L1,LINE
chr11,32169742,32169763,MA1714.1,+,7.89e-06,AluJb,Alu,SINE
chr4,32854643,32854664,MA1714.1,+,7.89e-06,L1MEf,L1,LINE
chr2,37630566,37630587,MA1714.1,-,7.89e-06,L1MB8,L1,LINE
chr1,40414341,40414362,MA1714.1,-,7.89e-06,MER21-int,ERVL,LTR
chr22,42690685,42690706,MA1714.1,-,7.89e-06,MIRb,MIR,SINE
chr12,42861669,42861690,MA1714.1,+,7.89e-06,L1MD3,L1,LINE
chr3,45747504,45747525,MA1714.1,-,7.89e-06,L2c,L2,LINE
chr13,46433462,46433483,MA1714.1,+,7.89e-06,L1MC4a,L1,LINE
chr6,48780758,48780779,MA1714.1,-,7.89e-06,BLACKJACK,hAT-Blackjack,DNA
chr4,48976733,48976754,MA1714.1,+,7.89e-06,AluSx1,Alu,SINE
chr3,50896458,50896479,MA1714.1,-,7.89e-06,L1PA17,L1,LINE
chrX,51158950,51158971,MA1714.1,-,7.89e-06,L1ME1,L1,LINE
chr12,53013105,53013126,MA1714.1,-,7.89e-06,MIRc,MIR,SINE
chr6,56100755,56100776,MA1714.1,+,7.89e-06,L3,CR1,LINE
chr4,61769538,61769559,MA1714.1,+,7.89e-06,Tigger3b,TcMar-Tigger,DNA
chr6,62875865,62875886,MA1714.1,-,7.89e-06,L1MB4,L1,LINE
chr3,63299042,63299063,MA1714.1,-,7.89e-06,L1PB1,L1,LINE
chr2,64476041,64476062,MA1714.1,+,7.89e-06,MIRb,MIR,SINE
chr6,65634255,65634276,MA1714.1,-,7.89e-06,THE1A-int,ERVL-MaLR,LTR
chr12,67453091,67453112,MA1714.1,+,7.89e-06,LTR81C,Gypsy,LTR
chr11,68810961,68810982,MA1714.1,-,7.89e-06,MIRb,MIR,SINE
chr15,69558698,69558719,MA1714.1,-,7.89e-06,AluJr,Alu,SINE
chr16,71207526,71207547,MA1714.1,-,7.89e-06,L1MC5,L1,LINE
chr1,71859263,71859284,MA1714.1,+,7.89e-06,MSTB-int,ERVL-MaLR,LTR
chr10,72502900,72502921,MA1714.1,+,7.89e-06,MIR,MIR,SINE
chrX,73018522,73018543,MA1714.1,-,7.89e-06,AluJr4,Alu,SINE
chr8,73329499,73329520,MA1714.1,-,7.89e-06,L1MCc,L1,LINE
chr16,75781446,75781467,MA1714.1,+,7.89e-06,LTR36,ERV1,LTR
chr8,76350746,76350767,MA1714.1,-,7.89e-06,L1MC4a,L1,LINE
chr2,77995101,77995122,MA1714.1,+,7.89e-06,MER52A,ERV1,LTR
chrX,79240555,79240576,MA1714.1,-,7.89e-06,L1PA10,L1,LINE
chr15,79533838,79533859,MA1714.1,-,7.89e-06,MamRep4096,hAT,DNA
chr3,84097883,84097904,MA1714.1,+,7.89e-06,MER41-int,ERV1,LTR
chr5,86639892,86639913,MA1714.1,+,7.89e-06,L1MA3,L1,LINE
chr5,87367289,87367310,MA1714.1,+,7.89e-06,L1PA14,L1,LINE
chr3,89719751,89719772,MA1714.1,+,7.89e-06,THE1B-int,ERVL-MaLR,LTR
chr13,90752175,90752196,MA1714.1,+,7.89e-06,AluJb,Alu,SINE
chr10,92566745,92566766,MA1714.1,+,7.89e-06,MER4B-int,ERV1,LTR
chr15,92666164,92666185,MA1714.1,+,7.89e-06,L1ME3,L1,LINE
chr13,96656636,96656657,MA1714.1,+,7.89e-06,L1MA4,L1,LINE
chr6,99740588,99740609,MA1714.1,+,7.89e-06,MIR,MIR,SINE
chr15,100039203,100039224,MA1714.1,-,7.89e-06,LTR81A,Gypsy,LTR
chr9,106221281,106221302,MA1714.1,+,7.89e-06,L1MEd,L1,LINE
chr11,108545638,108545659,MA1714.1,-,7.89e-06,L1MA8,L1,LINE
chr10,108614918,108614939,MA1714.1,-,7.89e-06,L1MC1,L1,LINE
chr12,109744402,109744423,MA1714.1,-,7.89e-06,MIRb,MIR,SINE
chr13,113369239,113369260,MA1714.1,-,7.89e-06,L1MB3,L1,LINE
chr6,120522721,120522742,MA1714.1,+,7.89e-06,L1MD,L1,LINE
chr11,124304927,124304948,MA1714.1,+,7.89e-06,L1MC4,L1,LINE
chr8,125069942,125069963,MA1714.1,-,7.89e-06,L1MEg,L1,LINE
chr5,125780929,125780950,MA1714.1,-,7.89e-06,L1PA11,L1,LINE
chr8,132457787,132457808,MA1714.1,-,7.89e-06,L1MEc,L1,LINE
chr4,134528703,134528724,MA1714.1,-,7.89e-06,HERVL-int,ERVL,LTR
chr8,138487182,138487203,MA1714.1,-,7.89e-06,MIRb,MIR,SINE
chr7,141460384,141460405,MA1714.1,-,7.89e-06,THE1D-int,ERVL-MaLR,LTR
chr5,143083948,143083969,MA1714.1,-,7.89e-06,MIRb,MIR,SINE
chr3,149856190,149856211,MA1714.1,+,7.89e-06,L1MA7,L1,LINE
chr3,153303470,153303491,MA1714.1,+,7.89e-06,L1PA4,L1,LINE
chr5,157499584,157499605,MA1714.1,+,7.89e-06,MIRb,MIR,SINE
chr1,159212409,159212430,MA1714.1,-,7.89e-06,L1MA7,L1,LINE
chr4,159959394,159959415,MA1714.1,-,7.89e-06,L1MC4a,L1,LINE
chr6,161002403,161002424,MA1714.1,-,7.89e-06,AluJr,Alu,SINE
chr2,162681980,162682001,MA1714.1,-,7.89e-06,LTR78,ERV1,LTR
chr1,163180305,163180326,MA1714.1,+,7.89e-06,MIR,MIR,SINE
chr6,163343584,163343605,MA1714.1,-,7.89e-06,L1MA5,L1,LINE
chr1,215715485,215715506,MA1714.1,+,7.89e-06,LTR83,ERVL,LTR
chrUn_gl000222,1158,1179,MA1714.1,-,7.93e-06,CER,Satellite,Satellite
chr20,775070,775091,MA1714.1,+,7.93e-06,HERVIP10F-int,ERV1,LTR
chr9,1772092,1772113,MA1714.1,-,7.93e-06,MLT1A1-int,ERVL-MaLR,LTR
chrY,4642682,4642703,MA1714.1,-,7.93e-06,L1M1,L1,LINE
chr18,9173925,9173946,MA1714.1,-,7.93e-06,L1PA11,L1,LINE
chr2,9258786,9258807,MA1714.1,-,7.93e-06,MLT1J2,ERVL-MaLR,LTR
chr5,12412920,12412941,MA1714.1,-,7.93e-06,L1MA2,L1,LINE
chr9,13833708,13833729,MA1714.1,-,7.93e-06,L1MC5,L1,LINE
chrX,15150678,15150699,MA1714.1,+,7.93e-06,LTR16E1,ERVL,LTR
chr4,15918415,15918436,MA1714.1,+,7.93e-06,MLT1I,ERVL-MaLR,LTR
chr2,18891803,18891824,MA1714.1,-,7.93e-06,MLT1E2,ERVL-MaLR,LTR
chr1,19099169,19099190,MA1714.1,-,7.93e-06,MIRb,MIR,SINE
chr8,20872175,20872196,MA1714.1,-,7.93e-06,MIRb,MIR,SINE
chr9,21532164,21532185,MA1714.1,+,7.93e-06,MIRb,MIR,SINE
chr8,22169849,22169870,MA1714.1,-,7.93e-06,AluJr,Alu,SINE
chr9,22849843,22849864,MA1714.1,-,7.93e-06,Tigger1,TcMar-Tigger,DNA
chr21,22919838,22919859,MA1714.1,-,7.93e-06,MLT1H2-int,ERVL-MaLR,LTR
chr11,24481072,24481093,MA1714.1,-,7.93e-06,MIRb,MIR,SINE
chr22,25273297,25273318,MA1714.1,+,7.93e-06,MIR,MIR,SINE
chr8,25423151,25423172,MA1714.1,-,7.93e-06,L3,CR1,LINE
chr2,26201176,26201197,MA1714.1,+,7.93e-06,MIRc,MIR,SINE
chrX,26979586,26979607,MA1714.1,+,7.93e-06,L1MA9,L1,LINE
chr17,26996020,26996041,MA1714.1,-,7.93e-06,Charlie1a,hAT-Charlie,DNA
chr21,32318034,32318055,MA1714.1,+,7.93e-06,Charlie25,hAT-Charlie,DNA
chr14,32811142,32811163,MA1714.1,+,7.93e-06,AluJo,Alu,SINE
chr15,35643661,35643682,MA1714.1,-,7.93e-06,L1MB1,L1,LINE
chr19,36153978,36153999,MA1714.1,-,7.93e-06,L1M4c,L1,LINE
chr21,38478318,38478339,MA1714.1,-,7.93e-06,L1ME3A,L1,LINE
chr8,39938160,39938181,MA1714.1,-,7.93e-06,MIR,MIR,SINE
chr2,44030201,44030222,MA1714.1,+,7.93e-06,L1MD2,L1,LINE
chrX,45066149,45066170,MA1714.1,-,7.93e-06,L1MA3,L1,LINE
chr12,45312759,45312780,MA1714.1,+,7.93e-06,MLT1L,ERVL-MaLR,LTR
chr15,46491208,46491229,MA1714.1,-,7.93e-06,L1MA4,L1,LINE
chrX,46590452,46590473,MA1714.1,+,7.93e-06,L1MC4a,L1,LINE
chr7,47087501,47087522,MA1714.1,-,7.93e-06,L1PB4,L1,LINE
chr1,49571438,49571459,MA1714.1,+,7.93e-06,MIRb,MIR,SINE
chr18,52217037,52217058,MA1714.1,-,7.93e-06,MER4B-int,ERV1,LTR
chrX,53936070,53936091,MA1714.1,+,7.93e-06,HAL1,L1,LINE
chr13,55056379,55056400,MA1714.1,-,7.93e-06,L1MB7,L1,LINE
chr11,57263935,57263956,MA1714.1,-,7.93e-06,Charlie16a,hAT-Charlie,DNA
chr1,57510461,57510482,MA1714.1,+,7.93e-06,MamRep1527,LTR,LTR
chr19,58611059,58611080,MA1714.1,-,7.93e-06,L1MD2,L1,LINE
chr1,61152705,61152726,MA1714.1,-,7.93e-06,MIRc,MIR,SINE
chr15,61488157,61488178,MA1714.1,-,7.93e-06,MIRb,MIR,SINE
chr18,62144753,62144774,MA1714.1,-,7.93e-06,MER45B,hAT-Tip100,DNA
chr14,62712260,62712281,MA1714.1,+,7.93e-06,THE1B-int,ERVL-MaLR,LTR
chrX,62920429,62920450,MA1714.1,+,7.93e-06,L3b,CR1,LINE
chr5,63340564,63340585,MA1714.1,+,7.93e-06,L1M1,L1,LINE
chr3,63403538,63403559,MA1714.1,-,7.93e-06,THE1B-int,ERVL-MaLR,LTR
chrX,63494644,63494665,MA1714.1,+,7.93e-06,L1MA7,L1,LINE
chr4,65774150,65774171,MA1714.1,-,7.93e-06,L1MC3,L1,LINE
chr8,65846329,65846350,MA1714.1,-,7.93e-06,L1MB8,L1,LINE
chr1,66231153,66231174,MA1714.1,+,7.93e-06,L1MB7,L1,LINE
chr11,67086189,67086210,MA1714.1,+,7.93e-06,MIRb,MIR,SINE
chr13,70473870,70473891,MA1714.1,+,7.93e-06,MER76-int,ERVL,LTR
chr5,70896620,70896641,MA1714.1,-,7.93e-06,MLT1K,ERVL-MaLR,LTR
chr14,71491427,71491448,MA1714.1,-,7.93e-06,MER20,hAT-Charlie,DNA
chr7,73876665,73876686,MA1714.1,-,7.93e-06,L1ME1,L1,LINE
chr16,74197900,74197921,MA1714.1,+,7.93e-06,L1MEc,L1,LINE
chr3,75801538,75801559,MA1714.1,+,7.93e-06,CER,Satellite,Satellite
chr5,76245622,76245643,MA1714.1,+,7.93e-06,L1MB1,L1,LINE
chr10,76702890,76702911,MA1714.1,+,7.93e-06,L1M4,L1,LINE
chr17,77009593,77009614,MA1714.1,+,7.93e-06,MER41-int,ERV1,LTR
chr14,77559761,77559782,MA1714.1,+,7.93e-06,MIR,MIR,SINE
chr7,84567404,84567425,MA1714.1,+,7.93e-06,L1M1,L1,LINE
chr3,86303906,86303927,MA1714.1,-,7.93e-06,LTR1B,ERV1,LTR
chrX,90788103,90788124,MA1714.1,-,7.93e-06,L1M1,L1,LINE
chr8,105150197,105150218,MA1714.1,-,7.93e-06,L1MA3,L1,LINE
chr5,107378339,107378360,MA1714.1,-,7.93e-06,L1MD1,L1,LINE
chr8,111084510,111084531,MA1714.1,-,7.93e-06,L1PA14,L1,LINE
chr8,112024816,112024837,MA1714.1,-,7.93e-06,ERV3-16A3_I-int,ERVL,LTR
chr7,113122074,113122095,MA1714.1,+,7.93e-06,MLT1A0,ERVL-MaLR,LTR
chr5,113327608,113327629,MA1714.1,-,7.93e-06,L1MA7,L1,LINE
chr3,116211062,116211083,MA1714.1,+,7.93e-06,L1PREC2,L1,LINE
chr2,116440905,116440926,MA1714.1,+,7.93e-06,L1MC1,L1,LINE
chr5,117781549,117781570,MA1714.1,-,7.93e-06,MIRb,MIR,SINE
chr12,120077596,120077617,MA1714.1,+,7.93e-06,MIR,MIR,SINE
chr10,120679726,120679747,MA1714.1,-,7.93e-06,AluSx1,Alu,SINE
chr11,121400794,121400815,MA1714.1,-,7.93e-06,L1ME3C,L1,LINE
chr2,129564798,129564819,MA1714.1,-,7.93e-06,L1MD2,L1,LINE
chr6,156068399,156068420,MA1714.1,+,7.93e-06,MIRb,MIR,SINE
chr4,156098670,156098691,MA1714.1,-,7.93e-06,MLT1A1-int,ERVL-MaLR,LTR
chr1,161350042,161350063,MA1714.1,+,7.93e-06,L1M5,L1,LINE
chr5,163811736,163811757,MA1714.1,-,7.93e-06,L1MA6,L1,LINE
chr5,168178458,168178479,MA1714.1,-,7.93e-06,MIR,MIR,SINE
chr5,168254475,168254496,MA1714.1,-,7.93e-06,MLT1D,ERVL-MaLR,LTR
chr5,173489135,173489156,MA1714.1,-,7.93e-06,MIR,MIR,SINE
chr1,190373779,190373800,MA1714.1,-,7.93e-06,MIRc,MIR,SINE
chr2,224487716,224487737,MA1714.1,-,7.93e-06,L1M5,L1,LINE
chr7,50604,50625,MA1714.1,+,7.98e-06,AluSg,Alu,SINE
chr12,294066,294087,MA1714.1,+,7.98e-06,AluSx,Alu,SINE
chr2,414557,414578,MA1714.1,-,7.98e-06,L1MA9,L1,LINE
chr17_ctg5_hap1,738009,738030,MA1714.1,-,7.98e-06,AluSx1,Alu,SINE
chr16,993694,993715,MA1714.1,+,7.98e-06,AluSx,Alu,SINE
chr17,1000755,1000776,MA1714.1,+,7.98e-06,AluSx1,Alu,SINE
chr16,1355243,1355264,MA1714.1,-,7.98e-06,AluSz,Alu,SINE
chr7,1565101,1565122,MA1714.1,-,7.98e-06,L1MC4a,L1,LINE
chr19,2218724,2218745,MA1714.1,-,7.98e-06,AluSx,Alu,SINE
chr17,2316614,2316635,MA1714.1,-,7.98e-06,AluSx,Alu,SINE
chr7,2338033,2338054,MA1714.1,-,7.98e-06,AluSx,Alu,SINE
chr19,2971200,2971221,MA1714.1,+,7.98e-06,AluSx1,Alu,SINE
chr12,3094700,3094721,MA1714.1,-,7.98e-06,AluSg,Alu,SINE
chrY,5676436,5676457,MA1714.1,+,7.98e-06,THE1C-int,ERVL-MaLR,LTR
chr11,6869632,6869653,MA1714.1,+,7.98e-06,MSTA-int,ERVL-MaLR,LTR
chr17,9796671,9796692,MA1714.1,-,7.98e-06,L1MB3,L1,LINE
chr20,10105088,10105109,MA1714.1,-,7.98e-06,THE1B-int,ERVL-MaLR,LTR
chr3,10644909,10644930,MA1714.1,+,7.98e-06,MIRb,MIR,SINE
chr18,12341875,12341896,MA1714.1,-,7.98e-06,AluSz,Alu,SINE
chrX,12553996,12554017,MA1714.1,+,7.98e-06,MIRb,MIR,SINE
chr20,12880561,12880582,MA1714.1,-,7.98e-06,AluSx1,Alu,SINE
chr1,14473271,14473292,MA1714.1,-,7.98e-06,HAL1,L1,LINE
chrY,15236975,15236996,MA1714.1,-,7.98e-06,L1MA4A,L1,LINE
chrY,15517294,15517315,MA1714.1,+,7.98e-06,L1MA6,L1,LINE
chr19,15593529,15593550,MA1714.1,-,7.98e-06,AluSx1,Alu,SINE
chr8,16309555,16309576,MA1714.1,+,7.98e-06,MLT1J,ERVL-MaLR,LTR
chr9,16715488,16715509,MA1714.1,+,7.98e-06,MER102b,hAT-Charlie,DNA
chr11,17198300,17198321,MA1714.1,+,7.98e-06,AluJr,Alu,SINE
chr19,18089837,18089858,MA1714.1,+,7.98e-06,AluJb,Alu,SINE
chr2,18248842,18248863,MA1714.1,+,7.98e-06,MLT1A0,ERVL-MaLR,LTR
chr7,19190838,19190859,MA1714.1,-,7.98e-06,L1MA5,L1,LINE
chr17,19801890,19801911,MA1714.1,+,7.98e-06,AluSg7,Alu,SINE
chr9,19813979,19814000,MA1714.1,+,7.98e-06,MLT1A0,ERVL-MaLR,LTR
chr22,20405245,20405266,MA1714.1,-,7.98e-06,AluY,Alu,SINE
chr18,20691379,20691400,MA1714.1,-,7.98e-06,L2,L2,LINE
chr21,21004484,21004505,MA1714.1,-,7.98e-06,AluSq2,Alu,SINE
chr16,21052660,21052681,MA1714.1,+,7.98e-06,AluSx,Alu,SINE
chrY,21676403,21676424,MA1714.1,+,7.98e-06,L1PA8,L1,LINE
chr22,21794217,21794238,MA1714.1,+,7.98e-06,AluY,Alu,SINE
chr22,21849192,21849213,MA1714.1,-,7.98e-06,AluY,Alu,SINE
chr7,22033455,22033476,MA1714.1,-,7.98e-06,AluSx,Alu,SINE
chr17,22107172,22107193,MA1714.1,-,7.98e-06,AluJb,Alu,SINE
chr5,22581315,22581336,MA1714.1,+,7.98e-06,THE1-int,ERVL-MaLR,LTR
chr14,24039509,24039530,MA1714.1,+,7.98e-06,MIRc,MIR,SINE
chr2,26005965,26005986,MA1714.1,+,7.98e-06,AluSz,Alu,SINE
chr1,26666775,26666796,MA1714.1,-,7.98e-06,MIRb,MIR,SINE
chr2,27183084,27183105,MA1714.1,-,7.98e-06,AluSx1,Alu,SINE
chr18,27968779,27968800,MA1714.1,+,7.98e-06,Charlie2b,hAT-Charlie,DNA
chrY,28508450,28508471,MA1714.1,+,7.98e-06,AluSz6,Alu,SINE
chr5,28881400,28881421,MA1714.1,-,7.98e-06,AluSx,Alu,SINE
chr22,29523137,29523158,MA1714.1,-,7.98e-06,MIR,MIR,SINE
chr16,30043996,30044017,MA1714.1,-,7.98e-06,AluJb,Alu,SINE
chr17,30260847,30260868,MA1714.1,-,7.98e-06,AluY,Alu,SINE
chr12,31489109,31489130,MA1714.1,+,7.98e-06,AluJb,Alu,SINE
chr8,32134050,32134071,MA1714.1,-,7.98e-06,AluJo,Alu,SINE
chr20,32805211,32805232,MA1714.1,+,7.98e-06,AluSx1,Alu,SINE
chr10,34479488,34479509,MA1714.1,+,7.98e-06,Charlie1a,hAT-Charlie,DNA
chr15,35619575,35619596,MA1714.1,-,7.98e-06,AluY,Alu,SINE
chrX,35870329,35870350,MA1714.1,-,7.98e-06,L1MC4,L1,LINE
chr19,36371925,36371946,MA1714.1,+,7.98e-06,MIR,MIR,SINE
chr6,37099991,37100012,MA1714.1,+,7.98e-06,MIRb,MIR,SINE
chr9,37711781,37711802,MA1714.1,+,7.98e-06,MIRc,MIR,SINE
chr1,39222100,39222121,MA1714.1,+,7.98e-06,MLT2F,ERVL,LTR
chr4,39938126,39938147,MA1714.1,-,7.98e-06,AluSx,Alu,SINE
chr21,40057178,40057199,MA1714.1,+,7.98e-06,AluSz,Alu,SINE
chr14,40288751,40288772,MA1714.1,-,7.98e-06,AluSz,Alu,SINE
chr15,41413242,41413263,MA1714.1,+,7.98e-06,AluSg4,Alu,SINE
chr15,41451844,41451865,MA1714.1,-,7.98e-06,AluJo,Alu,SINE
chr22,41466655,41466676,MA1714.1,-,7.98e-06,AluJb,Alu,SINE
chr13,43613935,43613956,MA1714.1,+,7.98e-06,AluSx,Alu,SINE
chr14,43719250,43719271,MA1714.1,-,7.98e-06,L1MEc,L1,LINE
chr4,44402713,44402734,MA1714.1,+,7.98e-06,AluSx,Alu,SINE
chr1,44484954,44484975,MA1714.1,-,7.98e-06,MIR,MIR,SINE
chr22,44549237,44549258,MA1714.1,-,7.98e-06,AluSx3,Alu,SINE
chr19,44569138,44569159,MA1714.1,-,7.98e-06,MER77B,ERVL,LTR
chr15,44716094,44716115,MA1714.1,-,7.98e-06,AluSx,Alu,SINE
chr2,44900535,44900556,MA1714.1,+,7.98e-06,AluJr,Alu,SINE
chr10,47064236,47064257,MA1714.1,-,7.98e-06,AluSx1,Alu,SINE
chr12,47501779,47501800,MA1714.1,+,7.98e-06,MIRb,MIR,SINE
chr13,48624170,48624191,MA1714.1,+,7.98e-06,AluSx,Alu,SINE
chrX,49016337,49016358,MA1714.1,+,7.98e-06,AluJr4,Alu,SINE
chr19,49478575,49478596,MA1714.1,-,7.98e-06,FLAM_C,Alu,SINE
chr14,49493612,49493633,MA1714.1,+,7.98e-06,THE1B-int,ERVL-MaLR,LTR
chr19,49504898,49504919,MA1714.1,-,7.98e-06,AluY,Alu,SINE
chr14,50140539,50140560,MA1714.1,+,7.98e-06,MIRb,MIR,SINE
chr12,50295464,50295485,MA1714.1,-,7.98e-06,MIRb,MIR,SINE
chr22,50864029,50864050,MA1714.1,-,7.98e-06,L1MB4,L1,LINE
chr13,52705337,52705358,MA1714.1,+,7.98e-06,L1MC4a,L1,LINE
chr1,53449084,53449105,MA1714.1,-,7.98e-06,L1MEf,L1,LINE
chr17,54139598,54139619,MA1714.1,-,7.98e-06,L1PA8A,L1,LINE
chr6,54450625,54450646,MA1714.1,+,7.98e-06,MLT1K,ERVL-MaLR,LTR
chr1,54893162,54893183,MA1714.1,+,7.98e-06,AluSx1,Alu,SINE
chr1,55109560,55109581,MA1714.1,-,7.98e-06,L1MDa,L1,LINE
chr12,56186184,56186205,MA1714.1,-,7.98e-06,AluSz,Alu,SINE
chr19,57434476,57434497,MA1714.1,+,7.98e-06,AluJo,Alu,SINE
chr10,57507477,57507498,MA1714.1,-,7.98e-06,AluSz6,Alu,SINE
chr4,59194715,59194736,MA1714.1,-,7.98e-06,AluSz,Alu,SINE
chr16,59817696,59817717,MA1714.1,-,7.98e-06,L1MC3,L1,LINE
chr5,62275542,62275563,MA1714.1,-,7.98e-06,AluSz,Alu,SINE
chr2,62479094,62479115,MA1714.1,+,7.98e-06,AluSz6,Alu,SINE
chr16,63268816,63268837,MA1714.1,-,7.98e-06,L1M1,L1,LINE
chr5,63323837,63323858,MA1714.1,-,7.98e-06,MIR,MIR,SINE
chrX,64990432,64990453,MA1714.1,-,7.98e-06,L1M4,L1,LINE
chr4,66174529,66174550,MA1714.1,+,7.98e-06,AluSp,Alu,SINE
chr18,67279303,67279324,MA1714.1,+,7.98e-06,L1MD2,L1,LINE
chr18,67720109,67720130,MA1714.1,-,7.98e-06,MER106B,hAT-Charlie,DNA
chrX,68571762,68571783,MA1714.1,+,7.98e-06,L1PA5,L1,LINE
chrX,70382002,70382023,MA1714.1,-,7.98e-06,AluJr,Alu,SINE
chr10,71141009,71141030,MA1714.1,+,7.98e-06,AluJo,Alu,SINE
chr12,74187960,74187981,MA1714.1,-,7.98e-06,L1MCa,L1,LINE
chr6,74392698,74392719,MA1714.1,-,7.98e-06,THE1B-int,ERVL-MaLR,LTR
chr17,74481039,74481060,MA1714.1,+,7.98e-06,MIR,MIR,SINE
chr1,74493173,74493194,MA1714.1,+,7.98e-06,MLT1B,ERVL-MaLR,LTR
chr4,75984382,75984403,MA1714.1,-,7.98e-06,AluSx1,Alu,SINE
chr4,77801467,77801488,MA1714.1,-,7.98e-06,AluSg,Alu,SINE
chr10,78147328,78147349,MA1714.1,+,7.98e-06,AluJo,Alu,SINE
chr8,78662459,78662480,MA1714.1,+,7.98e-06,L1PA14,L1,LINE
chr17,78948647,78948668,MA1714.1,+,7.98e-06,L1MB5,L1,LINE
chr4,80052598,80052619,MA1714.1,+,7.98e-06,L1M4b,L1,LINE
chr6,80153023,80153044,MA1714.1,-,7.98e-06,THE1B-int,ERVL-MaLR,LTR
chrX,83653710,83653731,MA1714.1,+,7.98e-06,L1PA8,L1,LINE
chrX,83937509,83937530,MA1714.1,+,7.98e-06,L1MA7,L1,LINE
chr15,84154685,84154706,MA1714.1,-,7.98e-06,L1MC4,L1,LINE
chr10,85266653,85266674,MA1714.1,+,7.98e-06,L1MEc,L1,LINE
chrX,85896222,85896243,MA1714.1,+,7.98e-06,L1PA14,L1,LINE
chr15,86603591,86603612,MA1714.1,-,7.98e-06,AluSg,Alu,SINE
chr10,87513807,87513828,MA1714.1,-,7.98e-06,Charlie7,hAT-Charlie,DNA
chr3,87767832,87767853,MA1714.1,+,7.98e-06,L1M1,L1,LINE
chr4,89286663,89286684,MA1714.1,-,7.98e-06,AluY,Alu,SINE
chr16,89562493,89562514,MA1714.1,-,7.98e-06,AluJr4,Alu,SINE
chr10,90029676,90029697,MA1714.1,-,7.98e-06,AluSx3,Alu,SINE
chrX,91946613,91946634,MA1714.1,+,7.98e-06,THE1C-int,ERVL-MaLR,LTR
chr14,93235339,93235360,MA1714.1,-,7.98e-06,AluYg6,Alu,SINE
chr12,93848108,93848129,MA1714.1,-,7.98e-06,HAL1,L1,LINE
chr7,94752928,94752949,MA1714.1,+,7.98e-06,AluSx1,Alu,SINE
chr2,95500293,95500314,MA1714.1,+,7.98e-06,AluSz6,Alu,SINE
chr13,95601570,95601591,MA1714.1,+,7.98e-06,MIR,MIR,SINE
chr5,95702497,95702518,MA1714.1,-,7.98e-06,L1PA5,L1,LINE
chr10,97312598,97312619,MA1714.1,+,7.98e-06,HAL1,L1,LINE
chr9,97654292,97654313,MA1714.1,-,7.98e-06,L1MD2,L1,LINE
chr11,99232389,99232410,MA1714.1,-,7.98e-06,L1MB4,L1,LINE
chr13,100476141,100476162,MA1714.1,-,7.98e-06,HAL1,L1,LINE
chr3,100902259,100902280,MA1714.1,+,7.98e-06,MER21-int,ERVL,LTR
chr13,102008035,102008056,MA1714.1,+,7.98e-06,L1PA8,L1,LINE
chr5,102431595,102431616,MA1714.1,+,7.98e-06,AluSz6,Alu,SINE
chr6,102986591,102986612,MA1714.1,+,7.98e-06,THE1B-int,ERVL-MaLR,LTR
chr11,103721716,103721737,MA1714.1,+,7.98e-06,L3b,CR1,LINE
chr14,105485102,105485123,MA1714.1,-,7.98e-06,AluSx,Alu,SINE
chr3,106071780,106071801,MA1714.1,-,7.98e-06,L1PA15,L1,LINE
chrX,106260800,106260821,MA1714.1,+,7.98e-06,AluSg,Alu,SINE
chr5,106543497,106543518,MA1714.1,+,7.98e-06,L1MB7,L1,LINE
chr2,107547854,107547875,MA1714.1,+,7.98e-06,MIR,MIR,SINE
chr13,111283438,111283459,MA1714.1,-,7.98e-06,L1MB3,L1,LINE
chrX,111634417,111634438,MA1714.1,-,7.98e-06,L1PB1,L1,LINE
chr9,116027568,116027589,MA1714.1,+,7.98e-06,MIRb,MIR,SINE
chrX,116531651,116531672,MA1714.1,+,7.98e-06,L1PA12,L1,LINE
chr10,116571848,116571869,MA1714.1,-,7.98e-06,MLT2F,ERVL,LTR
chr9,117382048,117382069,MA1714.1,+,7.98e-06,MIRb,MIR,SINE
chr4,118525047,118525068,MA1714.1,+,7.98e-06,AluSx3,Alu,SINE
chr5,120175621,120175642,MA1714.1,+,7.98e-06,MER50B,ERV1,LTR
chr11,123346324,123346345,MA1714.1,-,7.98e-06,L3b,CR1,LINE
chr8,124215795,124215816,MA1714.1,+,7.98e-06,AluSx,Alu,SINE
chr8,125611691,125611712,MA1714.1,+,7.98e-06,AluSx1,Alu,SINE
chr10,125962201,125962222,MA1714.1,-,7.98e-06,L1ME1,L1,LINE
chr8,130280659,130280680,MA1714.1,+,7.98e-06,MIRb,MIR,SINE
chr6,131252212,131252233,MA1714.1,+,7.98e-06,L1MEd,L1,LINE
chr6,132680368,132680389,MA1714.1,-,7.98e-06,AluJr,Alu,SINE
chr3,136519661,136519682,MA1714.1,-,7.98e-06,AluSx1,Alu,SINE
chr6,141249383,141249404,MA1714.1,-,7.98e-06,L1PREC2,L1,LINE
chr8,142311801,142311822,MA1714.1,+,7.98e-06,AluJb,Alu,SINE
chr5,148847943,148847964,MA1714.1,+,7.98e-06,AluSz,Alu,SINE
chr5,150543053,150543074,MA1714.1,-,7.98e-06,AluJb,Alu,SINE
chr3,152572522,152572543,MA1714.1,+,7.98e-06,L1MD2,L1,LINE
chr4,152869512,152869533,MA1714.1,+,7.98e-06,Charlie1a,hAT-Charlie,DNA
chr4,152878686,152878707,MA1714.1,+,7.98e-06,MER96,hAT,DNA
chr5,156602891,156602912,MA1714.1,-,7.98e-06,AluSz,Alu,SINE
chr2,157122728,157122749,MA1714.1,+,7.98e-06,L3,CR1,LINE
chr3,158271053,158271074,MA1714.1,-,7.98e-06,AluSz,Alu,SINE
chr7,158632478,158632499,MA1714.1,+,7.98e-06,AluY,Alu,SINE
chr6,158700000,158700021,MA1714.1,-,7.98e-06,AluY,Alu,SINE
chr2,161755114,161755135,MA1714.1,-,7.98e-06,L1MCc,L1,LINE
chr5,169414994,169415015,MA1714.1,+,7.98e-06,MIR,MIR,SINE
chr2,173210400,173210421,MA1714.1,+,7.98e-06,L1MC4,L1,LINE
chr1,176534799,176534820,MA1714.1,+,7.98e-06,AluJb,Alu,SINE
chr2,177806640,177806661,MA1714.1,-,7.98e-06,AluSg7,Alu,SINE
chr3,184084048,184084069,MA1714.1,+,7.98e-06,MIRb,MIR,SINE
chr1,186428261,186428282,MA1714.1,+,7.98e-06,AluSx1,Alu,SINE
chr1,190371890,190371911,MA1714.1,-,7.98e-06,AluJb,Alu,SINE
chr1,202378002,202378023,MA1714.1,-,7.98e-06,AluSx,Alu,SINE
chr1,206887178,206887199,MA1714.1,+,7.98e-06,AluSz,Alu,SINE
chr1,217398654,217398675,MA1714.1,-,7.98e-06,AluSx,Alu,SINE
chr1,229157039,229157060,MA1714.1,-,7.98e-06,AluJb,Alu,SINE
chr2,230793507,230793528,MA1714.1,-,7.98e-06,AluJr,Alu,SINE
chr1,231483134,231483155,MA1714.1,-,7.98e-06,AluJb,Alu,SINE
chr1,235167985,235168006,MA1714.1,+,7.98e-06,L1MEf,L1,LINE
chr2,242992774,242992795,MA1714.1,+,7.98e-06,L1MB7,L1,LINE
chr17,1453040,1453061,MA1714.1,-,8.03e-06,AluSx,Alu,SINE
chr2,1783024,1783045,MA1714.1,-,8.03e-06,LTR56,ERV1,LTR
chr6_qbl_hap6,4080785,4080806,MA1714.1,+,8.03e-06,L1MD1,L1,LINE
chr6_dbb_hap3,4130010,4130031,MA1714.1,+,8.03e-06,L1MD1,L1,LINE
chr6_apd_hap1,4135645,4135666,MA1714.1,+,8.03e-06,L1ME1,L1,LINE
chr6_mcf_hap5,4185517,4185538,MA1714.1,+,8.03e-06,L1ME1,L1,LINE
chr6_ssto_hap7,4279416,4279437,MA1714.1,+,8.03e-06,L1ME1,L1,LINE
chr6_cox_hap2,4293207,4293228,MA1714.1,+,8.03e-06,L1MD1,L1,LINE
chr6_mann_hap4,4305875,4305896,MA1714.1,+,8.03e-06,L1MD1,L1,LINE
chr5,4881523,4881544,MA1714.1,-,8.03e-06,MIRb,MIR,SINE
chr18,5537017,5537038,MA1714.1,-,8.03e-06,MIRb,MIR,SINE
chr4,5847947,5847968,MA1714.1,+,8.03e-06,AluSz6,Alu,SINE
chr10,15222357,15222378,MA1714.1,-,8.03e-06,AluSx1,Alu,SINE
chrY,15409953,15409974,MA1714.1,-,8.03e-06,MIRb,MIR,SINE
chr17,15430908,15430929,MA1714.1,-,8.03e-06,MIRb,MIR,SINE
chr9,15800266,15800287,MA1714.1,-,8.03e-06,L1MA2,L1,LINE
chrX,15888920,15888941,MA1714.1,+,8.03e-06,L3,CR1,LINE
chr11,15974116,15974137,MA1714.1,+,8.03e-06,HAL1,L1,LINE
chr4,16314769,16314790,MA1714.1,+,8.03e-06,L1MC3,L1,LINE
chrX,17367360,17367381,MA1714.1,-,8.03e-06,L1MEg,L1,LINE
chr11,17768470,17768491,MA1714.1,+,8.03e-06,MIR,MIR,SINE
chr17,18719377,18719398,MA1714.1,+,8.03e-06,MIRb,MIR,SINE
chr16,19176861,19176882,MA1714.1,+,8.03e-06,LTR32,ERVL,LTR
chr5,20644095,20644116,MA1714.1,-,8.03e-06,MIRb,MIR,SINE
chr10,21418493,21418514,MA1714.1,+,8.03e-06,L1MCa,L1,LINE
chr4,22005194,22005215,MA1714.1,+,8.03e-06,L1MC1,L1,LINE
chr8,24038135,24038156,MA1714.1,+,8.03e-06,L1MC1,L1,LINE
chr12,25662470,25662491,MA1714.1,-,8.03e-06,L1ME3A,L1,LINE
chr21,25776661,25776682,MA1714.1,+,8.03e-06,L1MC3,L1,LINE
chr22,26449370,26449391,MA1714.1,-,8.03e-06,MIR,MIR,SINE
chr22,27320806,27320827,MA1714.1,+,8.03e-06,MIR,MIR,SINE
chrX,27772941,27772962,MA1714.1,-,8.03e-06,MSTB-int,ERVL-MaLR,LTR
chr2,29156154,29156175,MA1714.1,+,8.03e-06,L1ME1,L1,LINE
chr9,29347095,29347116,MA1714.1,+,8.03e-06,L3,CR1,LINE
chr11,29541118,29541139,MA1714.1,+,8.03e-06,HERV3-int,ERV1,LTR
chr21,29880231,29880252,MA1714.1,-,8.03e-06,MIRb,MIR,SINE
chr11,30393496,30393517,MA1714.1,-,8.03e-06,L1MC4a,L1,LINE
chr17,32212335,32212356,MA1714.1,+,8.03e-06,MIR,MIR,SINE
chr11,32526416,32526437,MA1714.1,-,8.03e-06,MIRb,MIR,SINE
chr6,32848679,32848700,MA1714.1,+,8.03e-06,L1MD1,L1,LINE
chr16,34222825,34222846,MA1714.1,+,8.03e-06,MIR,MIR,SINE
chr7,37547389,37547410,MA1714.1,+,8.03e-06,MIRb,MIR,SINE
chr2,37621308,37621329,MA1714.1,+,8.03e-06,MER94,hAT-Blackjack,DNA
chr7,38758233,38758254,MA1714.1,-,8.03e-06,MLT1F1,ERVL-MaLR,LTR
chr7,40784279,40784300,MA1714.1,+,8.03e-06,MIRb,MIR,SINE
chr11,41502949,41502970,MA1714.1,-,8.03e-06,L1ME1,L1,LINE
chr17,41765689,41765710,MA1714.1,-,8.03e-06,MLT1D,ERVL-MaLR,LTR
chr14,42457615,42457636,MA1714.1,+,8.03e-06,MIR,MIR,SINE
chr15,43116919,43116940,MA1714.1,+,8.03e-06,L1PREC2,L1,LINE
chr8,43523812,43523833,MA1714.1,+,8.03e-06,ALR/Alpha,centr,Satellite
chr11,43674345,43674366,MA1714.1,-,8.03e-06,MER21A,ERVL,LTR
chr3,44128225,44128246,MA1714.1,-,8.03e-06,MER21C,ERVL,LTR
chr18,45998517,45998538,MA1714.1,-,8.03e-06,ERVL-E-int,ERVL,LTR
chr6,48698204,48698225,MA1714.1,+,8.03e-06,L1PA12,L1,LINE
chr13,49455445,49455466,MA1714.1,+,8.03e-06,MIR,MIR,SINE
chr5,49716500,49716521,MA1714.1,+,8.03e-06,L2a,L2,LINE
chr6,50227320,50227341,MA1714.1,-,8.03e-06,L1PA13,L1,LINE
chr12,55418170,55418191,MA1714.1,+,8.03e-06,MIRc,MIR,SINE
chr20,56955958,56955979,MA1714.1,+,8.03e-06,MLT1G3,ERVL-MaLR,LTR
chr12,60482590,60482611,MA1714.1,-,8.03e-06,L1MCa,L1,LINE
chr15,61700663,61700684,MA1714.1,-,8.03e-06,HAL1,L1,LINE
chr16,62324921,62324942,MA1714.1,+,8.03e-06,L1MEd,L1,LINE
chr18,62711962,62711983,MA1714.1,-,8.03e-06,L1MEc,L1,LINE
chr5,62863307,62863328,MA1714.1,+,8.03e-06,MER52-int,ERV1,LTR
chr12,66113875,66113896,MA1714.1,-,8.03e-06,AluSx3,Alu,SINE
chr5,66261886,66261907,MA1714.1,-,8.03e-06,MIRc,MIR,SINE
chr7,66833289,66833310,MA1714.1,+,8.03e-06,MLT1A0,ERVL-MaLR,LTR
chr14,67028871,67028892,MA1714.1,-,8.03e-06,MER34A1,ERV1,LTR
chr8,67125809,67125830,MA1714.1,-,8.03e-06,MIR,MIR,SINE
chr10,69286683,69286704,MA1714.1,+,8.03e-06,HSMAR2,TcMar-Mariner,DNA
chr10,70054118,70054139,MA1714.1,+,8.03e-06,MER96,hAT,DNA
chr1,70075930,70075951,MA1714.1,-,8.03e-06,L1MC5,L1,LINE
chr5,71592669,71592690,MA1714.1,-,8.03e-06,MIRb,MIR,SINE
chr5,71918030,71918051,MA1714.1,+,8.03e-06,MIRb,MIR,SINE
chr17,72865372,72865393,MA1714.1,-,8.03e-06,MER5A,hAT-Charlie,DNA
chr10,75289060,75289081,MA1714.1,+,8.03e-06,L1PA13,L1,LINE
chr4,76818139,76818160,MA1714.1,-,8.03e-06,AluY,Alu,SINE
chr1,77008036,77008057,MA1714.1,+,8.03e-06,MIRb,MIR,SINE
chr17,77862724,77862745,MA1714.1,+,8.03e-06,MLT2B5,ERVL,LTR
chrX,78142023,78142044,MA1714.1,+,8.03e-06,MIR3,MIR,SINE
chr5,78604571,78604592,MA1714.1,-,8.03e-06,L1MC1,L1,LINE
chr16,79849005,79849026,MA1714.1,-,8.03e-06,L2c,L2,LINE
chr1,81125655,81125676,MA1714.1,+,8.03e-06,ERVL-E-int,ERVL,LTR
chr3,82085460,82085481,MA1714.1,-,8.03e-06,MSTA,ERVL-MaLR,LTR
chr4,82718979,82719000,MA1714.1,+,8.03e-06,L1MA8,L1,LINE
chr9,83083605,83083626,MA1714.1,-,8.03e-06,L1MA9,L1,LINE
chr16,84825831,84825852,MA1714.1,-,8.03e-06,L1MD,L1,LINE
chr10,85175627,85175648,MA1714.1,-,8.03e-06,L1M1,L1,LINE
chr16,86026573,86026594,MA1714.1,-,8.03e-06,HAL1-3A_ME,L1,LINE
chr9,89702193,89702214,MA1714.1,+,8.03e-06,MLT1D,ERVL-MaLR,LTR
chr10,91378373,91378394,MA1714.1,+,8.03e-06,MLT1I,ERVL-MaLR,LTR
chr4,91660150,91660171,MA1714.1,-,8.03e-06,L1MA3,L1,LINE
chr15,92441949,92441970,MA1714.1,+,8.03e-06,MER106B,hAT-Charlie,DNA
chr15,92784253,92784274,MA1714.1,+,8.03e-06,L1PB3,L1,LINE
chr9,95848199,95848220,MA1714.1,-,8.03e-06,MLT1G3,ERVL-MaLR,LTR
chr1,96099715,96099736,MA1714.1,-,8.03e-06,MIRc,MIR,SINE
chr14,96587462,96587483,MA1714.1,-,8.03e-06,AluJb,Alu,SINE
chr9,98704866,98704887,MA1714.1,+,8.03e-06,HAL1,L1,LINE
chr11,101843610,101843631,MA1714.1,-,8.03e-06,L1ME3D,L1,LINE
chr11,103240295,103240316,MA1714.1,+,8.03e-06,L1M1,L1,LINE
chr12,103417639,103417660,MA1714.1,+,8.03e-06,MLT1J2-int,ERVL-MaLR,LTR
chr9,107324579,107324600,MA1714.1,+,8.03e-06,MIRb,MIR,SINE
chr1,114066529,114066550,MA1714.1,+,8.03e-06,THE1B-int,ERVL-MaLR,LTR
chr5,117440819,117440840,MA1714.1,-,8.03e-06,MLT1F2-int,ERVL-MaLR,LTR
chr9,120263920,120263941,MA1714.1,-,8.03e-06,L1PA15,L1,LINE
chr6,122025105,122025126,MA1714.1,+,8.03e-06,L1PA6,L1,LINE
chr8,122729384,122729405,MA1714.1,-,8.03e-06,MLT2B4,ERVL,LTR
chr8,123178477,123178498,MA1714.1,+,8.03e-06,L1MEg,L1,LINE
chr6,125034890,125034911,MA1714.1,+,8.03e-06,L3,CR1,LINE
chr6,125873538,125873559,MA1714.1,+,8.03e-06,MIR,MIR,SINE
chr9,129032043,129032064,MA1714.1,+,8.03e-06,L1MA3,L1,LINE
chr4,130677000,130677021,MA1714.1,-,8.03e-06,Charlie1b,hAT-Charlie,DNA
chrX,132574229,132574250,MA1714.1,-,8.03e-06,MIR,MIR,SINE
chr2,135236434,135236455,MA1714.1,+,8.03e-06,MSTB-int,ERVL-MaLR,LTR
chr9,140621961,140621982,MA1714.1,-,8.03e-06,L1MB3,L1,LINE
chr4,149986985,149987006,MA1714.1,+,8.03e-06,L1MA3,L1,LINE
chr4,157935284,157935305,MA1714.1,-,8.03e-06,MER57A1,ERV1,LTR
chr3,174170379,174170400,MA1714.1,+,8.03e-06,L1PA13,L1,LINE
chr5,178873637,178873658,MA1714.1,+,8.03e-06,AluJo,Alu,SINE
chr3,187094474,187094495,MA1714.1,-,8.03e-06,ERV3-16A3_I-int,ERVL,LTR
chr4,188239799,188239820,MA1714.1,+,8.03e-06,L1PA13,L1,LINE
chr4,189416803,189416824,MA1714.1,-,8.03e-06,L1ME1,L1,LINE
chr4,189821489,189821510,MA1714.1,-,8.03e-06,L1MEc,L1,LINE
chr3,190613760,190613781,MA1714.1,+,8.03e-06,MSTA-int,ERVL-MaLR,LTR
chr3,190619109,190619130,MA1714.1,+,8.03e-06,MSTA-int,ERVL-MaLR,LTR
chr1,212149120,212149141,MA1714.1,+,8.03e-06,MER20B,hAT-Charlie,DNA
chr2,225757950,225757971,MA1714.1,+,8.03e-06,MIRb,MIR,SINE
chr1,230862096,230862117,MA1714.1,-,8.03e-06,MIR,MIR,SINE
chr1,235042214,235042235,MA1714.1,-,8.03e-06,MIRb,MIR,SINE
chr17,72606,72627,MA1714.1,-,8.09e-06,Tigger13a,TcMar-Tigger,DNA
chr2,1113822,1113843,MA1714.1,+,8.09e-06,L1MA7,L1,LINE
chr2,2446334,2446355,MA1714.1,+,8.09e-06,ERV3-16A3_I-int,ERVL,LTR
chrX,3678604,3678625,MA1714.1,-,8.09e-06,L1MB3,L1,LINE
chr3,3854547,3854568,MA1714.1,+,8.09e-06,MIRb,MIR,SINE
chrY,7719443,7719464,MA1714.1,+,8.09e-06,L1PA12,L1,LINE
chr11,10701443,10701464,MA1714.1,+,8.09e-06,MER103C,hAT-Charlie,DNA
chr7,12570228,12570249,MA1714.1,-,8.09e-06,MER4D0,ERV1,LTR
chr2,14589236,14589257,MA1714.1,-,8.09e-06,Charlie1a,hAT-Charlie,DNA
chr19,16373346,16373367,MA1714.1,-,8.09e-06,L1MB7,L1,LINE
chr3,16653426,16653447,MA1714.1,+,8.09e-06,MLT1A0-int,ERVL-MaLR,LTR
chrX,16662329,16662350,MA1714.1,-,8.09e-06,AluJr,Alu,SINE
chr10,16869161,16869182,MA1714.1,+,8.09e-06,L1ME4a,L1,LINE
chr11,19530586,19530607,MA1714.1,-,8.09e-06,MIRb,MIR,SINE
chr11,20155233,20155254,MA1714.1,-,8.09e-06,MIRb,MIR,SINE
chr17,20577967,20577988,MA1714.1,+,8.09e-06,THE1D-int,ERVL-MaLR,LTR
chr21,22468768,22468789,MA1714.1,-,8.09e-06,Tigger6a,TcMar-Tigger,DNA
chr18,25224358,25224379,MA1714.1,+,8.09e-06,MamRep38,hAT,DNA
chr18,26190417,26190438,MA1714.1,-,8.09e-06,L1ME3D,L1,LINE
chr13,27938644,27938665,MA1714.1,+,8.09e-06,MIRb,MIR,SINE
chr1,30168805,30168826,MA1714.1,+,8.09e-06,MIRb,MIR,SINE
chr1,36705472,36705493,MA1714.1,-,8.09e-06,L1MB4,L1,LINE
chr4,37775985,37776006,MA1714.1,-,8.09e-06,MLT1J2,ERVL-MaLR,LTR
chr17,38058714,38058735,MA1714.1,-,8.09e-06,L1ME3B,L1,LINE
chr9,38129504,38129525,MA1714.1,-,8.09e-06,MLT1D,ERVL-MaLR,LTR
chr3,38212010,38212031,MA1714.1,-,8.09e-06,L1MD3,L1,LINE
chr20,38375926,38375947,MA1714.1,+,8.09e-06,MER1B,hAT-Charlie,DNA
chr3,39674604,39674625,MA1714.1,+,8.09e-06,L1MB2,L1,LINE
chr17,40344150,40344171,MA1714.1,+,8.09e-06,MIRb,MIR,SINE
chr18,44031956,44031977,MA1714.1,+,8.09e-06,L1MC2,L1,LINE
chr11,44980094,44980115,MA1714.1,-,8.09e-06,MIR,MIR,SINE
chr10,45729668,45729689,MA1714.1,+,8.09e-06,L1ME4a,L1,LINE
chr11,46343774,46343795,MA1714.1,-,8.09e-06,MIRb,MIR,SINE
chr1,46627331,46627352,MA1714.1,+,8.09e-06,FAM,Alu,SINE
chrX,47522059,47522080,MA1714.1,-,8.09e-06,L1ME4a,L1,LINE
chr1,48411661,48411682,MA1714.1,-,8.09e-06,L1ME1,L1,LINE
chr14,51035038,51035059,MA1714.1,+,8.09e-06,FAM,Alu,SINE
chr16,54410493,54410514,MA1714.1,-,8.09e-06,MIR,MIR,SINE
chr14,54627450,54627471,MA1714.1,-,8.09e-06,L1MEc,L1,LINE
chr2,55642375,55642396,MA1714.1,+,8.09e-06,FAM,Alu,SINE
chr1,59637621,59637642,MA1714.1,-,8.09e-06,MIRb,MIR,SINE
chr14,60079297,60079318,MA1714.1,+,8.09e-06,HUERS-P1-int,ERV1,LTR
chr1,64918352,64918373,MA1714.1,-,8.09e-06,MamGypLTR2c,Gypsy,LTR
chr14,65778571,65778592,MA1714.1,+,8.09e-06,LTR86A1,ERVL,LTR
chr2,65820627,65820648,MA1714.1,-,8.09e-06,AluJr,Alu,SINE
chrX,66505725,66505746,MA1714.1,-,8.09e-06,L1M1,L1,LINE
chr1,67808471,67808492,MA1714.1,-,8.09e-06,AluJb,Alu,SINE
chr1,67808799,67808820,MA1714.1,-,8.09e-06,AluJb,Alu,SINE
chr5,67837288,67837309,MA1714.1,+,8.09e-06,L1MB7,L1,LINE
chr13,68506219,68506240,MA1714.1,+,8.09e-06,MLT2D,ERVL,LTR
chr17,74554052,74554073,MA1714.1,+,8.09e-06,MIRc,MIR,SINE
chr9,75064480,75064501,MA1714.1,-,8.09e-06,HAL1,L1,LINE
chr13,75552075,75552096,MA1714.1,-,8.09e-06,MLT1H,ERVL-MaLR,LTR
chr5,78687061,78687082,MA1714.1,-,8.09e-06,AluJb,Alu,SINE
chr4,80088644,80088665,MA1714.1,+,8.09e-06,MIRb,MIR,SINE
chr5,81039903,81039924,MA1714.1,+,8.09e-06,MIRb,MIR,SINE
chr16,84845276,84845297,MA1714.1,-,8.09e-06,MLT1J,ERVL-MaLR,LTR
chr16,87508582,87508603,MA1714.1,+,8.09e-06,L1ME2z,L1,LINE
chr7,90624460,90624481,MA1714.1,+,8.09e-06,MLT1F2,ERVL-MaLR,LTR
chr10,93745340,93745361,MA1714.1,-,8.09e-06,L1ME2z,L1,LINE
chr14,94277905,94277926,MA1714.1,+,8.09e-06,MIRb,MIR,SINE
chr9,97526292,97526313,MA1714.1,+,8.09e-06,L1MC3,L1,LINE
chr3,101157393,101157414,MA1714.1,+,8.09e-06,L1MB3,L1,LINE
chr10,102179142,102179163,MA1714.1,+,8.09e-06,AluJo,Alu,SINE
chr12,102684450,102684471,MA1714.1,+,8.09e-06,THE1B-int,ERVL-MaLR,LTR
chr4,103093908,103093929,MA1714.1,+,8.09e-06,L1ME1,L1,LINE
chr12,103220712,103220733,MA1714.1,-,8.09e-06,L1MB2,L1,LINE
chr5,103813008,103813029,MA1714.1,-,8.09e-06,L1M4b,L1,LINE
chr5,105759099,105759120,MA1714.1,+,8.09e-06,MER52A,ERV1,LTR
chr9,108588663,108588684,MA1714.1,-,8.09e-06,L1M1,L1,LINE
chr6,111763882,111763903,MA1714.1,-,8.09e-06,L1MEc,L1,LINE
chr10,112665698,112665719,MA1714.1,-,8.09e-06,Charlie2b,hAT-Charlie,DNA
chr12,113089553,113089574,MA1714.1,-,8.09e-06,L1MB4,L1,LINE
chr11,114460663,114460684,MA1714.1,+,8.09e-06,HUERS-P3-int,ERV1,LTR
chr8,118800796,118800817,MA1714.1,-,8.09e-06,L1MEf,L1,LINE
chr9,122771267,122771288,MA1714.1,-,8.09e-06,MIRb,MIR,SINE
chr3,129061063,129061084,MA1714.1,-,8.09e-06,AluSx,Alu,SINE
chr9,129187476,129187497,MA1714.1,+,8.09e-06,FAM,Alu,SINE
chr2,136784450,136784471,MA1714.1,-,8.09e-06,MER58B,hAT-Charlie,DNA
chr2,137022751,137022772,MA1714.1,-,8.09e-06,L1PA7,L1,LINE
chr8,137645243,137645264,MA1714.1,-,8.09e-06,ERVL-E-int,ERVL,LTR
chr9,138136463,138136484,MA1714.1,+,8.09e-06,MIRb,MIR,SINE
chr3,141966790,141966811,MA1714.1,+,8.09e-06,L1M1,L1,LINE
chr2,147958175,147958196,MA1714.1,+,8.09e-06,LTR40a,ERVL,LTR
chr6,152244071,152244092,MA1714.1,-,8.09e-06,L1MC3,L1,LINE
chr3,153695681,153695702,MA1714.1,-,8.09e-06,MER39,ERV1,LTR
chr5,156475494,156475515,MA1714.1,-,8.09e-06,MIRb,MIR,SINE
chr1,164800402,164800423,MA1714.1,-,8.09e-06,L1ME2z,L1,LINE
chr5,165880307,165880328,MA1714.1,-,8.09e-06,L1MB8,L1,LINE
chr1,166119754,166119775,MA1714.1,+,8.09e-06,L1MEd,L1,LINE
chr4,167419510,167419531,MA1714.1,-,8.09e-06,MIR,MIR,SINE
chr1,167749403,167749424,MA1714.1,+,8.09e-06,L1MEc,L1,LINE
chr3,168190008,168190029,MA1714.1,-,8.09e-06,AluJo,Alu,SINE
chr3,181657298,181657319,MA1714.1,-,8.09e-06,AluSq2,Alu,SINE
chr1,190975172,190975193,MA1714.1,-,8.09e-06,L1MA1,L1,LINE
chr2,196640290,196640311,MA1714.1,+,8.09e-06,Tigger13a,TcMar-Tigger,DNA
chr1,197555606,197555627,MA1714.1,+,8.09e-06,Charlie1b,hAT-Charlie,DNA
chr2,201858782,201858803,MA1714.1,+,8.09e-06,Charlie2b,hAT-Charlie,DNA
chr18,2402783,2402804,MA1714.1,+,8.14e-06,L1MA4A,L1,LINE
chr20,3919131,3919152,MA1714.1,+,8.14e-06,L1MD,L1,LINE
chr10,5235910,5235931,MA1714.1,+,8.14e-06,L1PA17,L1,LINE
chrY,5625471,5625492,MA1714.1,+,8.14e-06,THE1B-int,ERVL-MaLR,LTR
chr20,12792020,12792041,MA1714.1,+,8.14e-06,L1MA4A,L1,LINE
chr8,12921327,12921348,MA1714.1,-,8.14e-06,AluJb,Alu,SINE
chrY,15549051,15549072,MA1714.1,+,8.14e-06,HERV1_I-int,ERV1,LTR
chr8,17643191,17643212,MA1714.1,-,8.14e-06,Charlie18a,hAT-Charlie,DNA
chrY,18606268,18606289,MA1714.1,-,8.14e-06,L1PA12,L1,LINE
chr3,19966923,19966944,MA1714.1,-,8.14e-06,L1MC4,L1,LINE
chr8,20463937,20463958,MA1714.1,-,8.14e-06,L1MC4,L1,LINE
chr1,21022487,21022508,MA1714.1,-,8.14e-06,MIRc,MIR,SINE
chr6,21265837,21265858,MA1714.1,-,8.14e-06,LTR81B,Gypsy,LTR
chr9,22789534,22789555,MA1714.1,+,8.14e-06,L1MD2,L1,LINE
chrX,24112236,24112257,MA1714.1,+,8.14e-06,MER1B,hAT-Charlie,DNA
chrX,25153914,25153935,MA1714.1,-,8.14e-06,L1MDa,L1,LINE
chr11,25215031,25215052,MA1714.1,-,8.14e-06,L1MEc,L1,LINE
chr5,25253593,25253614,MA1714.1,+,8.14e-06,L1PA13,L1,LINE
chr20,25841062,25841083,MA1714.1,-,8.14e-06,SST1,centr,Satellite
chr17,27834087,27834108,MA1714.1,+,8.14e-06,L1MB5,L1,LINE
chr15,30219693,30219714,MA1714.1,+,8.14e-06,L1MEe,L1,LINE
chr17,31946420,31946441,MA1714.1,+,8.14e-06,Charlie7,hAT-Charlie,DNA
chr5,34605717,34605738,MA1714.1,-,8.14e-06,AluJb,Alu,SINE
chr20,35314784,35314805,MA1714.1,+,8.14e-06,MIR,MIR,SINE
chr22,36374043,36374064,MA1714.1,+,8.14e-06,L1MC4,L1,LINE
chr3,37707961,37707982,MA1714.1,-,8.14e-06,MLT1H,ERVL-MaLR,LTR
chr1,38345105,38345126,MA1714.1,+,8.14e-06,MIR,MIR,SINE
chr13,41721030,41721051,MA1714.1,-,8.14e-06,L1MD,L1,LINE
chr14,43766930,43766951,MA1714.1,+,8.14e-06,L1MEf,L1,LINE
chr1,45726325,45726346,MA1714.1,+,8.14e-06,L1MD3,L1,LINE
chr3,46221635,46221656,MA1714.1,-,8.14e-06,L1MD2,L1,LINE
chrX,46678253,46678274,MA1714.1,+,8.14e-06,MIR,MIR,SINE
chr7,47030271,47030292,MA1714.1,+,8.14e-06,L1MB1,L1,LINE
chr14,48344398,48344419,MA1714.1,-,8.14e-06,L1MEc,L1,LINE
chr16,49122875,49122896,MA1714.1,+,8.14e-06,L1PB4,L1,LINE
chr20,49373521,49373542,MA1714.1,-,8.14e-06,L1MC4,L1,LINE
chr10,49960584,49960605,MA1714.1,-,8.14e-06,L1MB5,L1,LINE
chr14,49981440,49981461,MA1714.1,+,8.14e-06,L1MC4a,L1,LINE
chr19,52332602,52332623,MA1714.1,-,8.14e-06,LTR22C,ERVK,LTR
chr7,53059949,53059970,MA1714.1,+,8.14e-06,L1MEg1,L1,LINE
chr16,55003699,55003720,MA1714.1,-,8.14e-06,MIR,MIR,SINE
chr14,55383850,55383871,MA1714.1,+,8.14e-06,Charlie2b,hAT-Charlie,DNA
chr8,56476712,56476733,MA1714.1,-,8.14e-06,L1MCa,L1,LINE
chr15,57712641,57712662,MA1714.1,-,8.14e-06,L1MC3,L1,LINE
chr12,61778523,61778544,MA1714.1,-,8.14e-06,MLT1D,ERVL-MaLR,LTR
chr3,61780746,61780767,MA1714.1,-,8.14e-06,MIR,MIR,SINE
chr3,62623879,62623900,MA1714.1,-,8.14e-06,MIR,MIR,SINE
chr13,62914960,62914981,MA1714.1,-,8.14e-06,L1MA9,L1,LINE
chrX,64933567,64933588,MA1714.1,-,8.14e-06,L1PA13,L1,LINE
chr6,68601173,68601194,MA1714.1,-,8.14e-06,L1MC4a,L1,LINE
chr3,72113008,72113029,MA1714.1,-,8.14e-06,THE1B-int,ERVL-MaLR,LTR
chr16,73996958,73996979,MA1714.1,+,8.14e-06,MIRb,MIR,SINE
chr8,74802433,74802454,MA1714.1,-,8.14e-06,MER34C2,ERV1,LTR
chrX,75541686,75541707,MA1714.1,+,8.14e-06,L1M1,L1,LINE
chr1,76491807,76491828,MA1714.1,+,8.14e-06,MIRb,MIR,SINE
chr17,79453080,79453101,MA1714.1,-,8.14e-06,L1MB4,L1,LINE
chr4,81344891,81344912,MA1714.1,+,8.14e-06,FordPrefect,hAT-Tip100,DNA
chr16,81983621,81983642,MA1714.1,+,8.14e-06,L1MEe,L1,LINE
chr11,82648983,82649004,MA1714.1,-,8.14e-06,FordPrefect,hAT-Tip100,DNA
chrX,83311286,83311307,MA1714.1,+,8.14e-06,MLT1K,ERVL-MaLR,LTR
chr11,87580177,87580198,MA1714.1,-,8.14e-06,MIRb,MIR,SINE
chr6,88076570,88076591,MA1714.1,-,8.14e-06,LTR8A,ERV1,LTR
chr5,90948635,90948656,MA1714.1,+,8.14e-06,L1PB4,L1,LINE
chrX,91895395,91895416,MA1714.1,+,8.14e-06,THE1B-int,ERVL-MaLR,LTR
chr12,97839197,97839218,MA1714.1,-,8.14e-06,L3,CR1,LINE
chr9,98366257,98366278,MA1714.1,-,8.14e-06,L1PA17,L1,LINE
chr14,100371200,100371221,MA1714.1,-,8.14e-06,MER41-int,ERV1,LTR
chr4,102592513,102592534,MA1714.1,+,8.14e-06,MER57-int,ERV1,LTR
chr8,105835939,105835960,MA1714.1,+,8.14e-06,L1PA16,L1,LINE
chr13,108847279,108847300,MA1714.1,+,8.14e-06,MER52A,ERV1,LTR
chr5,109875156,109875177,MA1714.1,+,8.14e-06,HERV4_I-int,ERV1,LTR
chr12,111755405,111755426,MA1714.1,-,8.14e-06,L1ME3F,L1,LINE
chr1,112366301,112366322,MA1714.1,-,8.14e-06,MIRc,MIR,SINE
chr10,113025190,113025211,MA1714.1,-,8.14e-06,L1MC5,L1,LINE
chr10,115632540,115632561,MA1714.1,+,8.14e-06,L1MC4,L1,LINE
chr1,118384782,118384803,MA1714.1,+,8.14e-06,L1PA13,L1,LINE
chr4,121903007,121903028,MA1714.1,-,8.14e-06,MER34,ERV1,LTR
chr3,122147465,122147486,MA1714.1,+,8.14e-06,L1MC,L1,LINE
chr7,122909209,122909230,MA1714.1,-,8.14e-06,MLT1D,ERVL-MaLR,LTR
chr5,123506828,123506849,MA1714.1,+,8.14e-06,MLT1C,ERVL-MaLR,LTR
chr11,123590066,123590087,MA1714.1,-,8.14e-06,Tigger3b,TcMar-Tigger,DNA
chr12,124672448,124672469,MA1714.1,-,8.14e-06,MIRb,MIR,SINE
chr2,130360870,130360891,MA1714.1,-,8.14e-06,L1MC3,L1,LINE
chrX,131646283,131646304,MA1714.1,+,8.14e-06,L1MA4,L1,LINE
chr11,133898326,133898347,MA1714.1,-,8.14e-06,MIRb,MIR,SINE
chr8,133928609,133928630,MA1714.1,-,8.14e-06,MIRc,MIR,SINE
chr8,134686164,134686185,MA1714.1,-,8.14e-06,MIRb,MIR,SINE
chr3,140129887,140129908,MA1714.1,+,8.14e-06,L1MA9,L1,LINE
chr6,140512287,140512308,MA1714.1,-,8.14e-06,MER41-int,ERV1,LTR
chr6,142696186,142696207,MA1714.1,-,8.14e-06,L1MA8,L1,LINE
chr5,143890361,143890382,MA1714.1,-,8.14e-06,MIR,MIR,SINE
chr6,146065343,146065364,MA1714.1,-,8.14e-06,MIRb,MIR,SINE
chr3,157281056,157281077,MA1714.1,-,8.14e-06,THE1A-int,ERVL-MaLR,LTR
chr6,158236597,158236618,MA1714.1,+,8.14e-06,L2c,L2,LINE
chr6,159329907,159329928,MA1714.1,+,8.14e-06,FordPrefect_a,hAT-Tip100,DNA
chr3,164840201,164840222,MA1714.1,-,8.14e-06,L1PA13,L1,LINE
chr6,165439796,165439817,MA1714.1,+,8.14e-06,L1MEc,L1,LINE
chr3,176867506,176867527,MA1714.1,+,8.14e-06,MER58B,hAT-Charlie,DNA
chr3,196407929,196407950,MA1714.1,+,8.14e-06,L1ME3,L1,LINE
chr2,197326128,197326149,MA1714.1,+,8.14e-06,L1M5,L1,LINE
chr2,218682053,218682074,MA1714.1,+,8.14e-06,MIRb,MIR,SINE
chr2,227606159,227606180,MA1714.1,+,8.14e-06,MamGypLTR1c,Gypsy,LTR
chr6_qbl_hap6,308485,308506,MA1714.1,-,8.19e-06,L1PA15,L1,LINE
chr6_mann_hap4,308489,308510,MA1714.1,-,8.19e-06,L1PA15,L1,LINE
chr6_dbb_hap3,308499,308520,MA1714.1,-,8.19e-06,L1PA15,L1,LINE
chr6_apd_hap1,308530,308551,MA1714.1,-,8.19e-06,L1PA15,L1,LINE
chr6_mcf_hap5,308639,308660,MA1714.1,-,8.19e-06,L1PA15,L1,LINE
chr6_ssto_hap7,345968,345989,MA1714.1,-,8.19e-06,L1PA15,L1,LINE
chr6_cox_hap2,523908,523929,MA1714.1,-,8.19e-06,L1PA15,L1,LINE
chr8,5241221,5241242,MA1714.1,-,8.19e-06,L1MA9,L1,LINE
chr17,7498876,7498897,MA1714.1,-,8.19e-06,AluJo,Alu,SINE
chr3,11661592,11661613,MA1714.1,-,8.19e-06,MIR,MIR,SINE
chr19,16777311,16777332,MA1714.1,-,8.19e-06,AluJr,Alu,SINE
chr1,17930737,17930758,MA1714.1,-,8.19e-06,MIR3,MIR,SINE
chr1,18120041,18120062,MA1714.1,-,8.19e-06,LTR78B,ERV1,LTR
chrY,18295987,18296008,MA1714.1,-,8.19e-06,AluJr,Alu,SINE
chrY,18513095,18513116,MA1714.1,+,8.19e-06,AluJr,Alu,SINE
chr17,18896031,18896052,MA1714.1,+,8.19e-06,MIR3,MIR,SINE
chr4,20382158,20382179,MA1714.1,+,8.19e-06,L1ME1,L1,LINE
chr4,20728546,20728567,MA1714.1,-,8.19e-06,MIR,MIR,SINE
chr3,23698135,23698156,MA1714.1,-,8.19e-06,MIRb,MIR,SINE
chr11,24199624,24199645,MA1714.1,-,8.19e-06,L1M1,L1,LINE
chr4,27147558,27147579,MA1714.1,-,8.19e-06,MER117,hAT-Charlie,DNA
chr16,28153963,28153984,MA1714.1,-,8.19e-06,AluJo,Alu,SINE
chr18,28498851,28498872,MA1714.1,+,8.19e-06,L1MA9,L1,LINE
chr9,28612927,28612948,MA1714.1,+,8.19e-06,THE1D,ERVL-MaLR,LTR
chr6,29005088,29005109,MA1714.1,-,8.19e-06,L1PA15,L1,LINE
chr1,29334409,29334430,MA1714.1,+,8.19e-06,L2c,L2,LINE
chr14,29580373,29580394,MA1714.1,-,8.19e-06,L1ME2z,L1,LINE
chr7,31052360,31052381,MA1714.1,-,8.19e-06,HAL1,L1,LINE
chr20,31751794,31751815,MA1714.1,+,8.19e-06,MIR,MIR,SINE
chr8,32320470,32320491,MA1714.1,-,8.19e-06,L1MA9,L1,LINE
chr20,33448504,33448525,MA1714.1,-,8.19e-06,AluJr4,Alu,SINE
chr9,33592509,33592530,MA1714.1,+,8.19e-06,MSTA-int,ERVL-MaLR,LTR
chr2,33694093,33694114,MA1714.1,-,8.19e-06,L1ME4a,L1,LINE
chr10,34359357,34359378,MA1714.1,+,8.19e-06,L1PA7,L1,LINE
chr20,34391848,34391869,MA1714.1,-,8.19e-06,AluJo,Alu,SINE
chr15,36027734,36027755,MA1714.1,-,8.19e-06,Tigger6a,TcMar-Tigger,DNA
chr18,36673839,36673860,MA1714.1,-,8.19e-06,L1ME2,L1,LINE
chr15,36753109,36753130,MA1714.1,-,8.19e-06,L1PB3,L1,LINE
chr9,38551718,38551739,MA1714.1,-,8.19e-06,MSTA-int,ERVL-MaLR,LTR
chr17,38857221,38857242,MA1714.1,-,8.19e-06,AluJo,Alu,SINE
chr12,40178994,40179015,MA1714.1,+,8.19e-06,THE1A-int,ERVL-MaLR,LTR
chr21,41962946,41962967,MA1714.1,+,8.19e-06,THE1D,ERVL-MaLR,LTR
chr21,43635772,43635793,MA1714.1,+,8.19e-06,L3,CR1,LINE
chr2,46481404,46481425,MA1714.1,+,8.19e-06,MIRc,MIR,SINE
chr13,46818334,46818355,MA1714.1,+,8.19e-06,L1MEc,L1,LINE
chrX,47392345,47392366,MA1714.1,+,8.19e-06,AluJo,Alu,SINE
chr3,48945974,48945995,MA1714.1,-,8.19e-06,AluJb,Alu,SINE
chr10,50129080,50129101,MA1714.1,+,8.19e-06,L1MEf,L1,LINE
chr15,51407809,51407830,MA1714.1,+,8.19e-06,MIRb,MIR,SINE
chr18,51603780,51603801,MA1714.1,+,8.19e-06,L1MC4,L1,LINE
chr1,53637483,53637504,MA1714.1,-,8.19e-06,AluJr4,Alu,SINE
chr16,54028344,54028365,MA1714.1,-,8.19e-06,AluJr,Alu,SINE
chr11,56931980,56932001,MA1714.1,+,8.19e-06,MIR,MIR,SINE
chr5,57953983,57954004,MA1714.1,-,8.19e-06,MIRb,MIR,SINE
chr14,58061835,58061856,MA1714.1,-,8.19e-06,L1MC3,L1,LINE
chr17,59129030,59129051,MA1714.1,-,8.19e-06,AluJo,Alu,SINE
chr1,60092597,60092618,MA1714.1,+,8.19e-06,L1MC4a,L1,LINE
chr20,60595948,60595969,MA1714.1,+,8.19e-06,HAL1,L1,LINE
chr17,61677052,61677073,MA1714.1,-,8.19e-06,MIR,MIR,SINE
chr15,62810722,62810743,MA1714.1,+,8.19e-06,MIRb,MIR,SINE
chr2,67943183,67943204,MA1714.1,-,8.19e-06,MIR,MIR,SINE
chr15,71293447,71293468,MA1714.1,-,8.19e-06,L1M5,L1,LINE
chr7,71700183,71700204,MA1714.1,+,8.19e-06,AluJr,Alu,SINE
chr18,72128709,72128730,MA1714.1,-,8.19e-06,AluJo,Alu,SINE
chr2,73763333,73763354,MA1714.1,+,8.19e-06,L1M6,L1,LINE
chr10,74946994,74947015,MA1714.1,+,8.19e-06,L1ME2,L1,LINE
chr1,75441065,75441086,MA1714.1,+,8.19e-06,HAL1b,L1,LINE
chr8,76430978,76430999,MA1714.1,-,8.19e-06,THE1B-int,ERVL-MaLR,LTR
chr5,77527640,77527661,MA1714.1,-,8.19e-06,MIR,MIR,SINE
chr6,82438325,82438346,MA1714.1,-,8.19e-06,MIRb,MIR,SINE
chr12,83313233,83313254,MA1714.1,-,8.19e-06,MSTD-int,ERVL-MaLR,LTR
chr8,86906100,86906121,MA1714.1,+,8.19e-06,L1MC4,L1,LINE
chr16,88727707,88727728,MA1714.1,+,8.19e-06,L1MD1,L1,LINE
chr10,89756962,89756983,MA1714.1,-,8.19e-06,AluJr,Alu,SINE
chr15,91232847,91232868,MA1714.1,-,8.19e-06,L1MEf,L1,LINE
chr14,95059034,95059055,MA1714.1,+,8.19e-06,MIR3,MIR,SINE
chr11,95124727,95124748,MA1714.1,-,8.19e-06,MSTD-int,ERVL-MaLR,LTR
chr8,95360800,95360821,MA1714.1,+,8.19e-06,L1MB2,L1,LINE
chr1,96765731,96765752,MA1714.1,-,8.19e-06,L1MEe,L1,LINE
chr9,99901543,99901564,MA1714.1,-,8.19e-06,MSTA-int,ERVL-MaLR,LTR
chr11,100507613,100507634,MA1714.1,-,8.19e-06,MIR,MIR,SINE
chr7,100974829,100974850,MA1714.1,+,8.19e-06,MIRb,MIR,SINE
chr6,101283412,101283433,MA1714.1,-,8.19e-06,L1MA6,L1,LINE
chr12,106521014,106521035,MA1714.1,-,8.19e-06,AluJr4,Alu,SINE
chr8,108879369,108879390,MA1714.1,+,8.19e-06,ERVL-B4-int,ERVL,LTR
chr7,110002188,110002209,MA1714.1,-,8.19e-06,L1M2,L1,LINE
chr5,110414531,110414552,MA1714.1,-,8.19e-06,L3,CR1,LINE
chr4,110716962,110716983,MA1714.1,+,8.19e-06,L1MA10,L1,LINE
chr13,111560218,111560239,MA1714.1,+,8.19e-06,L3,CR1,LINE
chr12,112064240,112064261,MA1714.1,-,8.19e-06,FRAM,Alu,SINE
chr8,112298864,112298885,MA1714.1,-,8.19e-06,THE1C,ERVL-MaLR,LTR
chr2,112443729,112443750,MA1714.1,-,8.19e-06,L1PB1,L1,LINE
chr12,114180966,114180987,MA1714.1,+,8.19e-06,MIRb,MIR,SINE
chr8,114341079,114341100,MA1714.1,-,8.19e-06,AluJb,Alu,SINE
chr7,116000692,116000713,MA1714.1,-,8.19e-06,L1M5,L1,LINE
chr6,116119806,116119827,MA1714.1,+,8.19e-06,L1MCa,L1,LINE
chr10,117350885,117350906,MA1714.1,-,8.19e-06,LTR40A1,ERVL,LTR
chrX,117947654,117947675,MA1714.1,+,8.19e-06,FAM,Alu,SINE
chr8,118741322,118741343,MA1714.1,-,8.19e-06,MIR,MIR,SINE
chr3,120310426,120310447,MA1714.1,+,8.19e-06,L1M5,L1,LINE
chr8,120344665,120344686,MA1714.1,+,8.19e-06,MIR,MIR,SINE
chr12,122385232,122385253,MA1714.1,-,8.19e-06,L1MEg,L1,LINE
chr2,122974077,122974098,MA1714.1,-,8.19e-06,MLT1A,ERVL-MaLR,LTR
chr9,123221204,123221225,MA1714.1,+,8.19e-06,MIR,MIR,SINE
chr2,128905256,128905277,MA1714.1,-,8.19e-06,AluJo,Alu,SINE
chr8,132671879,132671900,MA1714.1,-,8.19e-06,MIR,MIR,SINE
chr9,132676188,132676209,MA1714.1,-,8.19e-06,AluJb,Alu,SINE
chr9,132702781,132702802,MA1714.1,+,8.19e-06,L1MEd,L1,LINE
chr4,135802605,135802626,MA1714.1,+,8.19e-06,HSMAR2,TcMar-Mariner,DNA
chr9,136612661,136612682,MA1714.1,-,8.19e-06,L1M4c,L1,LINE
chr5,150356696,150356717,MA1714.1,-,8.19e-06,MIR,MIR,SINE
chr7,151989834,151989855,MA1714.1,-,8.19e-06,L1MEg,L1,LINE
chr3,156376221,156376242,MA1714.1,-,8.19e-06,LTR78,ERV1,LTR
chr4,164612770,164612791,MA1714.1,+,8.19e-06,ERV3-16A3_I-int,ERVL,LTR
chr2,164704838,164704859,MA1714.1,-,8.19e-06,L1MDa,L1,LINE
chr1,170975633,170975654,MA1714.1,-,8.19e-06,L1M3a,L1,LINE
chr5,175457003,175457024,MA1714.1,-,8.19e-06,AluJr,Alu,SINE
chr5,177240764,177240785,MA1714.1,+,8.19e-06,AluJr,Alu,SINE
chr2,186010500,186010521,MA1714.1,+,8.19e-06,MER52A,ERV1,LTR
chr4,187957822,187957843,MA1714.1,-,8.19e-06,AluJb,Alu,SINE
chr1,193915015,193915036,MA1714.1,+,8.19e-06,L1MD,L1,LINE
chr1,198240213,198240234,MA1714.1,-,8.19e-06,MLT1E,ERVL-MaLR,LTR
chr1,204458993,204459014,MA1714.1,-,8.19e-06,L3,CR1,LINE
chr2,214761275,214761296,MA1714.1,+,8.19e-06,L1MA6,L1,LINE
chr1,234124486,234124507,MA1714.1,-,8.19e-06,HAL1,L1,LINE
chr2,167163,167184,MA1714.1,-,8.24e-06,MamGypLTR1a,Gypsy,LTR
chr18,996517,996538,MA1714.1,-,8.24e-06,L3,CR1,LINE
chr5,1122909,1122930,MA1714.1,-,8.24e-06,L1MB3,L1,LINE
chr3,1142190,1142211,MA1714.1,-,8.24e-06,L1MEg,L1,LINE
chr6_apd_hap1,1170445,1170466,MA1714.1,+,8.24e-06,HERVP71A-int,ERV1,LTR
chr6_qbl_hap6,1223395,1223416,MA1714.1,+,8.24e-06,HERVP71A-int,ERV1,LTR
chr6_dbb_hap3,1223941,1223962,MA1714.1,+,8.24e-06,HERVP71A-int,ERV1,LTR
chr6_mann_hap4,1229182,1229203,MA1714.1,+,8.24e-06,HERVP71A-int,ERV1,LTR
chr6_ssto_hap7,1259919,1259940,MA1714.1,+,8.24e-06,HERVP71A-int,ERV1,LTR
chr6_mcf_hap5,1312450,1312471,MA1714.1,+,8.24e-06,HERVP71A-int,ERV1,LTR
chr6_cox_hap2,1442310,1442331,MA1714.1,+,8.24e-06,HERVP71A-int,ERV1,LTR
chr18,4922179,4922200,MA1714.1,-,8.24e-06,L1M3,L1,LINE
chr12,5124876,5124897,MA1714.1,+,8.24e-06,MIR,MIR,SINE
chr9,6214102,6214123,MA1714.1,+,8.24e-06,L1MEg1,L1,LINE
chr12,7029317,7029338,MA1714.1,+,8.24e-06,L3b,CR1,LINE
chr10,7314265,7314286,MA1714.1,+,8.24e-06,HAL1,L1,LINE
chr11,8081950,8081971,MA1714.1,+,8.24e-06,MIR3,MIR,SINE
chr12,8856411,8856432,MA1714.1,+,8.24e-06,MIRb,MIR,SINE
chr7,9055694,9055715,MA1714.1,-,8.24e-06,L1M4,L1,LINE
chr20,9933060,9933081,MA1714.1,+,8.24e-06,AluJo,Alu,SINE
chr2,11809525,11809546,MA1714.1,+,8.24e-06,MIRb,MIR,SINE
chr2,13583322,13583343,MA1714.1,-,8.24e-06,HERV16-int,ERVL,LTR
chr1,14470147,14470168,MA1714.1,-,8.24e-06,HAL1,L1,LINE
chr21,15257230,15257251,MA1714.1,-,8.24e-06,MSTA-int,ERVL-MaLR,LTR
chr5,17934943,17934964,MA1714.1,+,8.24e-06,L1MA4A,L1,LINE
chr15,20578362,20578383,MA1714.1,+,8.24e-06,HERV16-int,ERVL,LTR
chr16,20771258,20771279,MA1714.1,+,8.24e-06,MER4D0,ERV1,LTR
chr21,21874827,21874848,MA1714.1,-,8.24e-06,THE1A-int,ERVL-MaLR,LTR
chr7,24033582,24033603,MA1714.1,+,8.24e-06,MIR,MIR,SINE
chr22,24751749,24751770,MA1714.1,-,8.24e-06,L1MC4a,L1,LINE
chr15,25285694,25285715,MA1714.1,+,8.24e-06,AluSz,Alu,SINE
chr7,27665481,27665502,MA1714.1,+,8.24e-06,AluSx1,Alu,SINE
chr22,27773955,27773976,MA1714.1,-,8.24e-06,MIRb,MIR,SINE
chr2,29616322,29616343,MA1714.1,+,8.24e-06,MER39,ERV1,LTR
chr6,29930592,29930613,MA1714.1,+,8.24e-06,HERVP71A-int,ERV1,LTR
chr7,30400639,30400660,MA1714.1,+,8.24e-06,L3,CR1,LINE
chr17,31038168,31038189,MA1714.1,+,8.24e-06,L1ME5,L1,LINE
chr4,33157006,33157027,MA1714.1,+,8.24e-06,L1MA1,L1,LINE
chr18,33731435,33731456,MA1714.1,-,8.24e-06,MER4B-int,ERV1,LTR
chr6,34346072,34346093,MA1714.1,+,8.24e-06,AluJo,Alu,SINE
chr10,35362449,35362470,MA1714.1,-,8.24e-06,MIR,MIR,SINE
chr14,36083754,36083775,MA1714.1,+,8.24e-06,L1MB8,L1,LINE
chr14,36675740,36675761,MA1714.1,-,8.24e-06,L1MC4,L1,LINE
chr20,36773990,36774011,MA1714.1,-,8.24e-06,MIR,MIR,SINE
chrX,38634471,38634492,MA1714.1,+,8.24e-06,MIRb,MIR,SINE
chr6,39215672,39215693,MA1714.1,+,8.24e-06,MIR,MIR,SINE
chr20,40700821,40700842,MA1714.1,+,8.24e-06,MLT1H,ERVL-MaLR,LTR
chr4,41141766,41141787,MA1714.1,+,8.24e-06,L1MC2,L1,LINE
chr7,41361364,41361385,MA1714.1,+,8.24e-06,L1ME3C,L1,LINE
chr20,42864707,42864728,MA1714.1,-,8.24e-06,MLT1B,ERVL-MaLR,LTR
chr10,43774571,43774592,MA1714.1,+,8.24e-06,L1MCa,L1,LINE
chr10,45225741,45225762,MA1714.1,-,8.24e-06,L1MB8,L1,LINE
chrX,45592570,45592591,MA1714.1,+,8.24e-06,L1MA7,L1,LINE
chr18,47264639,47264660,MA1714.1,-,8.24e-06,AluSz,Alu,SINE
chr4,47890758,47890779,MA1714.1,+,8.24e-06,L1MC5,L1,LINE
chr19,48664347,48664368,MA1714.1,-,8.24e-06,MIR,MIR,SINE
chr7,48858030,48858051,MA1714.1,+,8.24e-06,AluJb,Alu,SINE
chr17,49095136,49095157,MA1714.1,-,8.24e-06,MIR,MIR,SINE
chr2,51348355,51348376,MA1714.1,+,8.24e-06,HERVL-int,ERVL,LTR
chr17,51656271,51656292,MA1714.1,+,8.24e-06,L1MEg,L1,LINE
chr1,53406287,53406308,MA1714.1,+,8.24e-06,MIR,MIR,SINE
chr13,55945544,55945565,MA1714.1,+,8.24e-06,HAL1,L1,LINE
chr19,58744874,58744895,MA1714.1,+,8.24e-06,L1MC4,L1,LINE
chr5,60213824,60213845,MA1714.1,-,8.24e-06,MIR,MIR,SINE
chr10,60365191,60365212,MA1714.1,-,8.24e-06,HAL1,L1,LINE
chr17,60761150,60761171,MA1714.1,+,8.24e-06,AluJb,Alu,SINE
chr16,61117240,61117261,MA1714.1,-,8.24e-06,LTR16C,ERVL,LTR
chr2,65222463,65222484,MA1714.1,+,8.24e-06,MIR,MIR,SINE
chr5,66246492,66246513,MA1714.1,-,8.24e-06,L1MB3,L1,LINE
chr3,67078395,67078416,MA1714.1,-,8.24e-06,Plat_L3,CR1,LINE
chr11,68269788,68269809,MA1714.1,-,8.24e-06,MER33,hAT-Charlie,DNA
chr11,68786061,68786082,MA1714.1,-,8.24e-06,AluSz,Alu,SINE
chr15,68923126,68923147,MA1714.1,-,8.24e-06,MLT1L,ERVL-MaLR,LTR
chr17,69011020,69011041,MA1714.1,-,8.24e-06,L1M5,L1,LINE
chr7,69593827,69593848,MA1714.1,-,8.24e-06,MLT1C,ERVL-MaLR,LTR
chr16,71745532,71745553,MA1714.1,+,8.24e-06,MIR,MIR,SINE
chr3,71980727,71980748,MA1714.1,+,8.24e-06,MLT1J,ERVL-MaLR,LTR
chr12,72868203,72868224,MA1714.1,-,8.24e-06,L1MA10,L1,LINE
chr18,73309952,73309973,MA1714.1,-,8.24e-06,MER91A,hAT-Tip100,DNA
chr12,73378464,73378485,MA1714.1,-,8.24e-06,MIR,MIR,SINE
chrX,73413967,73413988,MA1714.1,-,8.24e-06,L1MA8,L1,LINE
chr4,76112695,76112716,MA1714.1,+,8.24e-06,L1PB1,L1,LINE
chr4,76473165,76473186,MA1714.1,-,8.24e-06,MER6A,TcMar-Tigger,DNA
chr15,77442728,77442749,MA1714.1,+,8.24e-06,MIR,MIR,SINE
chr8,78665255,78665276,MA1714.1,+,8.24e-06,L1PA14,L1,LINE
chr8,78789172,78789193,MA1714.1,+,8.24e-06,UCON10,UCON10,Unknown
chr2,78917904,78917925,MA1714.1,-,8.24e-06,MER6B,TcMar-Tigger,DNA
chr6,82199374,82199395,MA1714.1,+,8.24e-06,L1MA7,L1,LINE
chr9,86186615,86186636,MA1714.1,-,8.24e-06,L1MC3,L1,LINE
chr11,86309238,86309259,MA1714.1,+,8.24e-06,L1PA3,L1,LINE
chrX,86347346,86347367,MA1714.1,-,8.24e-06,L1MA9,L1,LINE
chr1,88006400,88006421,MA1714.1,-,8.24e-06,L1MA3,L1,LINE
chr13,89506280,89506301,MA1714.1,+,8.24e-06,MLT1A,ERVL-MaLR,LTR
chr10,89593078,89593099,MA1714.1,-,8.24e-06,L1MD2,L1,LINE
chr6,91680313,91680334,MA1714.1,+,8.24e-06,MIRb,MIR,SINE
chr7,91847766,91847787,MA1714.1,-,8.24e-06,AluJb,Alu,SINE
chr15,92806657,92806678,MA1714.1,-,8.24e-06,L1MEc,L1,LINE
chr10,93533190,93533211,MA1714.1,-,8.24e-06,L1ME3A,L1,LINE
chr14,94705019,94705040,MA1714.1,+,8.24e-06,L3,CR1,LINE
chrX,94792693,94792714,MA1714.1,-,8.24e-06,MER57A-int,ERV1,LTR
chr15,95049701,95049722,MA1714.1,+,8.24e-06,L1MA5,L1,LINE
chr8,96674390,96674411,MA1714.1,-,8.24e-06,MamGypLTR1c,Gypsy,LTR
chr11,99319580,99319601,MA1714.1,-,8.24e-06,AluJb,Alu,SINE
chr13,103549437,103549458,MA1714.1,-,8.24e-06,MIRb,MIR,SINE
chr12,103679243,103679264,MA1714.1,-,8.24e-06,MIRb,MIR,SINE
chr14,103790459,103790480,MA1714.1,+,8.24e-06,AluSz,Alu,SINE
chr4,106571155,106571176,MA1714.1,+,8.24e-06,MIRb,MIR,SINE
chr9,106747017,106747038,MA1714.1,+,8.24e-06,Charlie6,hAT-Charlie,DNA
chr11,107377829,107377850,MA1714.1,+,8.24e-06,L1MEg,L1,LINE
chr13,107427763,107427784,MA1714.1,-,8.24e-06,L3,CR1,LINE
chr1,111002463,111002484,MA1714.1,-,8.24e-06,AluSz6,Alu,SINE
chr10,113443019,113443040,MA1714.1,-,8.24e-06,L1MEe,L1,LINE
chr11,114520854,114520875,MA1714.1,+,8.24e-06,L1MCc,L1,LINE
chr1,120431742,120431763,MA1714.1,+,8.24e-06,L1MB2,L1,LINE
chrX,123316571,123316592,MA1714.1,-,8.24e-06,L1MEg,L1,LINE
chr12,123740558,123740579,MA1714.1,-,8.24e-06,AluJb,Alu,SINE
chr10,126031819,126031840,MA1714.1,-,8.24e-06,MIR,MIR,SINE
chr5,130531609,130531630,MA1714.1,+,8.24e-06,MLT1J-int,ERVL-MaLR,LTR
chr11,131359077,131359098,MA1714.1,-,8.24e-06,MLT1H2-int,ERVL-MaLR,LTR
chr6,133554808,133554829,MA1714.1,-,8.24e-06,MSTD-int,ERVL-MaLR,LTR
chr2,135496815,135496836,MA1714.1,-,8.24e-06,LTR16A1,ERVL,LTR
chr7,137996585,137996606,MA1714.1,-,8.24e-06,MER21-int,ERVL,LTR
chr3,142514908,142514929,MA1714.1,-,8.24e-06,MIR,MIR,SINE
chr5,143659459,143659480,MA1714.1,-,8.24e-06,L1ME3C,L1,LINE
chr7,143801208,143801229,MA1714.1,-,8.24e-06,MIR,MIR,SINE
chr5,144220893,144220914,MA1714.1,-,8.24e-06,ERV3-16A3_I-int,ERVL,LTR
chr5,148774564,148774585,MA1714.1,-,8.24e-06,L1PA15,L1,LINE
chrX,152613987,152614008,MA1714.1,-,8.24e-06,Kanga2_a,TcMar-Tc2,DNA
chr6,156228650,156228671,MA1714.1,+,8.24e-06,MLT1B,ERVL-MaLR,LTR
chr4,158645043,158645064,MA1714.1,+,8.24e-06,THE1B-int,ERVL-MaLR,LTR
chr1,166365568,166365589,MA1714.1,+,8.24e-06,MIRc,MIR,SINE
chr5,168165426,168165447,MA1714.1,+,8.24e-06,Charlie1a,hAT-Charlie,DNA
chr4,179843366,179843387,MA1714.1,+,8.24e-06,MER52A,ERV1,LTR
chr1,204253981,204254002,MA1714.1,+,8.24e-06,MIRb,MIR,SINE
chr2,212274057,212274078,MA1714.1,+,8.24e-06,MIRb,MIR,SINE
chr2,215899491,215899512,MA1714.1,+,8.24e-06,MIRb,MIR,SINE
chr1,216361829,216361850,MA1714.1,+,8.24e-06,L3,CR1,LINE
chr2,218309259,218309280,MA1714.1,-,8.24e-06,LTR33,ERVL,LTR
chr1,227529143,227529164,MA1714.1,-,8.24e-06,Tigger1,TcMar-Tigger,DNA
chr1,229252320,229252341,MA1714.1,+,8.24e-06,MIR,MIR,SINE
chr2,236896248,236896269,MA1714.1,-,8.24e-06,L1PA8A,L1,LINE
chr6,1791188,1791209,MA1714.1,+,8.29e-06,MLT1D,ERVL-MaLR,LTR
chrY,6003466,6003487,MA1714.1,+,8.29e-06,L1PA16,L1,LINE
chr7,6277256,6277277,MA1714.1,+,8.29e-06,AluSg,Alu,SINE
chr8,9365235,9365256,MA1714.1,+,8.29e-06,AluJb,Alu,SINE
chr1,10349909,10349930,MA1714.1,+,8.29e-06,AluSx,Alu,SINE
chr11,11079853,11079874,MA1714.1,-,8.29e-06,AluSz,Alu,SINE
chr1,11244076,11244097,MA1714.1,-,8.29e-06,L1ME3A,L1,LINE
chr2,11868537,11868558,MA1714.1,-,8.29e-06,AluSx3,Alu,SINE
chr20,12255083,12255104,MA1714.1,+,8.29e-06,L1M3,L1,LINE
chr16,14425770,14425791,MA1714.1,+,8.29e-06,AluJb,Alu,SINE
chr19,15906371,15906392,MA1714.1,-,8.29e-06,AluSx,Alu,SINE
chr3,17707296,17707317,MA1714.1,-,8.29e-06,X5A_LINE,CR1,LINE
chr1,20300476,20300497,MA1714.1,-,8.29e-06,L1MC4a,L1,LINE
chr17,21489560,21489581,MA1714.1,+,8.29e-06,L1MA8,L1,LINE
chr4,22678553,22678574,MA1714.1,+,8.29e-06,MER39,ERV1,LTR
chr20,24052602,24052623,MA1714.1,-,8.29e-06,L1MB7,L1,LINE
chr2,24535981,24536002,MA1714.1,-,8.29e-06,AluJr,Alu,SINE
chr21,24651947,24651968,MA1714.1,+,8.29e-06,Tigger7,TcMar-Tigger,DNA
chr13,25819146,25819167,MA1714.1,+,8.29e-06,L1MC4,L1,LINE
chr8,26165273,26165294,MA1714.1,-,8.29e-06,MIRb,MIR,SINE
chr2,26433719,26433740,MA1714.1,+,8.29e-06,MIRb,MIR,SINE
chr4,27129643,27129664,MA1714.1,-,8.29e-06,AluSz6,Alu,SINE
chr16,28035318,28035339,MA1714.1,+,8.29e-06,AluJo,Alu,SINE
chr13,29037188,29037209,MA1714.1,+,8.29e-06,MIRc,MIR,SINE
chr8,29548545,29548566,MA1714.1,+,8.29e-06,L1MEg,L1,LINE
chr2,29903128,29903149,MA1714.1,-,8.29e-06,L1M4b,L1,LINE
chr3,30136026,30136047,MA1714.1,-,8.29e-06,LTR33A,ERVL,LTR
chr15,31019511,31019532,MA1714.1,-,8.29e-06,THE1D-int,ERVL-MaLR,LTR
chr12,31232518,31232539,MA1714.1,-,8.29e-06,MLT1A,ERVL-MaLR,LTR
chr10,32080811,32080832,MA1714.1,-,8.29e-06,L1ME3,L1,LINE
chr9,33314642,33314663,MA1714.1,+,8.29e-06,AluSx1,Alu,SINE
chr17,33641232,33641253,MA1714.1,-,8.29e-06,L1PA15-16,L1,LINE
chr2,34530891,34530912,MA1714.1,+,8.29e-06,HERVL-int,ERVL,LTR
chr21,38043071,38043092,MA1714.1,-,8.29e-06,AluSz,Alu,SINE
chr5,38274251,38274272,MA1714.1,+,8.29e-06,L1MA8,L1,LINE
chr20,40559243,40559264,MA1714.1,-,8.29e-06,MSTB-int,ERVL-MaLR,LTR
chr1,41817817,41817838,MA1714.1,-,8.29e-06,L4,RTE,LINE
chr18,44808896,44808917,MA1714.1,-,8.29e-06,MLT1L,ERVL-MaLR,LTR
chrX,44837549,44837570,MA1714.1,-,8.29e-06,L1M5,L1,LINE
chr16,49090640,49090661,MA1714.1,-,8.29e-06,MIR,MIR,SINE
chr13,51875280,51875301,MA1714.1,-,8.29e-06,L1MC1,L1,LINE
chr13,52905670,52905691,MA1714.1,+,8.29e-06,AluJb,Alu,SINE
chr8,52972474,52972495,MA1714.1,-,8.29e-06,MIRb,MIR,SINE
chr13,53065841,53065862,MA1714.1,-,8.29e-06,AluJb,Alu,SINE
chr16,54586601,54586622,MA1714.1,+,8.29e-06,MIRb,MIR,SINE
chr14,55441510,55441531,MA1714.1,+,8.29e-06,AluSx,Alu,SINE
chr17,56073287,56073308,MA1714.1,+,8.29e-06,AluJo,Alu,SINE
chrX,57262426,57262447,MA1714.1,-,8.29e-06,L1MA6,L1,LINE
chr2,58592785,58592806,MA1714.1,+,8.29e-06,L1MA9,L1,LINE
chr17,60006805,60006826,MA1714.1,-,8.29e-06,Charlie9,hAT-Charlie,DNA
chr3,60954707,60954728,MA1714.1,-,8.29e-06,L1MEg,L1,LINE
chr11,62120496,62120517,MA1714.1,-,8.29e-06,L1MD2,L1,LINE
chr12,62632257,62632278,MA1714.1,-,8.29e-06,MIRb,MIR,SINE
chr3,62903623,62903644,MA1714.1,-,8.29e-06,MER112,hAT-Charlie,DNA
chr4,62930738,62930759,MA1714.1,-,8.29e-06,L3,CR1,LINE
chr7,63173807,63173828,MA1714.1,-,8.29e-06,L1MC5,L1,LINE
chr2,63414528,63414549,MA1714.1,-,8.29e-06,L1MB2,L1,LINE
chr9,66479400,66479421,MA1714.1,-,8.29e-06,L1PA6,L1,LINE
chr14,67251310,67251331,MA1714.1,+,8.29e-06,L1MDa,L1,LINE
chr1,71819799,71819820,MA1714.1,+,8.29e-06,L1PA13,L1,LINE
chr3,72358744,72358765,MA1714.1,-,8.29e-06,MER20,hAT-Charlie,DNA
chrX,72702445,72702466,MA1714.1,-,8.29e-06,L1PA7,L1,LINE
chr14,72855566,72855587,MA1714.1,+,8.29e-06,MIR,MIR,SINE
chr4,74104659,74104680,MA1714.1,+,8.29e-06,MIR,MIR,SINE
chr16,74545994,74546015,MA1714.1,-,8.29e-06,L1MB7,L1,LINE
chr13,75376089,75376110,MA1714.1,+,8.29e-06,L1MA3,L1,LINE
chr14,75558998,75559019,MA1714.1,-,8.29e-06,AluSx1,Alu,SINE
chrX,79320473,79320494,MA1714.1,-,8.29e-06,L1PA6,L1,LINE
chr15,79651945,79651966,MA1714.1,+,8.29e-06,LTR85c,Gypsy,LTR
chr10,79816347,79816368,MA1714.1,+,8.29e-06,MLT1K,ERVL-MaLR,LTR
chr3,81570699,81570720,MA1714.1,+,8.29e-06,L3,CR1,LINE
chr1,83542795,83542816,MA1714.1,-,8.29e-06,MIRb,MIR,SINE
chr10,86643420,86643441,MA1714.1,-,8.29e-06,HERVL-int,ERVL,LTR
chr3,88090043,88090064,MA1714.1,-,8.29e-06,ERVL-B4-int,ERVL,LTR
chr11,88183823,88183844,MA1714.1,+,8.29e-06,MLT1D-int,ERVL-MaLR,LTR
chr16,89821445,89821466,MA1714.1,+,8.29e-06,L1M4,L1,LINE
chr6,90788538,90788559,MA1714.1,-,8.29e-06,MIRc,MIR,SINE
chr1,92860278,92860299,MA1714.1,+,8.29e-06,L1MB8,L1,LINE
chr14,94178420,94178441,MA1714.1,-,8.29e-06,MIR,MIR,SINE
chr12,94360518,94360539,MA1714.1,-,8.29e-06,HAL1-3A_ME,L1,LINE
chr1,100082464,100082485,MA1714.1,+,8.29e-06,MLT1F-int,ERVL-MaLR,LTR
chr9,100216657,100216678,MA1714.1,+,8.29e-06,AluY,Alu,SINE
chr3,100929093,100929114,MA1714.1,-,8.29e-06,L1PB1,L1,LINE
chr7,101033467,101033488,MA1714.1,-,8.29e-06,AluSz,Alu,SINE
chr1,102199602,102199623,MA1714.1,-,8.29e-06,MIR,MIR,SINE
chr8,102990649,102990670,MA1714.1,-,8.29e-06,MIRb,MIR,SINE
chr12,104053873,104053894,MA1714.1,+,8.29e-06,MIRb,MIR,SINE
chr7,106217657,106217678,MA1714.1,-,8.29e-06,MamGypLTR1c,Gypsy,LTR
chr11,106951265,106951286,MA1714.1,-,8.29e-06,L1ME1,L1,LINE
chr5,107689452,107689473,MA1714.1,+,8.29e-06,L1MC1,L1,LINE
chr9,108401739,108401760,MA1714.1,+,8.29e-06,MIRb,MIR,SINE
chr9,110825814,110825835,MA1714.1,+,8.29e-06,L3,CR1,LINE
chr11,111081387,111081408,MA1714.1,-,8.29e-06,LTR78,ERV1,LTR
chr7,111261199,111261220,MA1714.1,+,8.29e-06,AluJb,Alu,SINE
chr12,112544728,112544749,MA1714.1,+,8.29e-06,AluJb,Alu,SINE
chr10,112925752,112925773,MA1714.1,-,8.29e-06,L1MD3,L1,LINE
chr9,115238804,115238825,MA1714.1,+,8.29e-06,L1M3b,L1,LINE
chr11,116087511,116087532,MA1714.1,-,8.29e-06,MIR,MIR,SINE
chr9,117852202,117852223,MA1714.1,+,8.29e-06,MIRb,MIR,SINE
chr11,118179935,118179956,MA1714.1,+,8.29e-06,MIR,MIR,SINE
chr12,118258917,118258938,MA1714.1,+,8.29e-06,MIRb,MIR,SINE
chr12,118866931,118866952,MA1714.1,-,8.29e-06,L3,CR1,LINE
chr1,119210688,119210709,MA1714.1,+,8.29e-06,L1MEf,L1,LINE
chr6,120522085,120522106,MA1714.1,+,8.29e-06,L1P3,L1,LINE
chr5,120556353,120556374,MA1714.1,+,8.29e-06,L1PA8,L1,LINE
chr11,120967766,120967787,MA1714.1,-,8.29e-06,ERV3-16A3_I-int,ERVL,LTR
chr5,125070980,125071001,MA1714.1,+,8.29e-06,L1PA10,L1,LINE
chr7,126112802,126112823,MA1714.1,+,8.29e-06,THE1C-int,ERVL-MaLR,LTR
chr2,127342878,127342899,MA1714.1,+,8.29e-06,MLT1A1-int,ERVL-MaLR,LTR
chr8,128405377,128405398,MA1714.1,-,8.29e-06,MIR,MIR,SINE
chr6,128633301,128633322,MA1714.1,-,8.29e-06,MER39,ERV1,LTR
chr9,129057616,129057637,MA1714.1,-,8.29e-06,MIRb,MIR,SINE
chr3,130262992,130263013,MA1714.1,-,8.29e-06,L1MA9,L1,LINE
chr10,133444103,133444124,MA1714.1,-,8.29e-06,MER47A,TcMar-Tigger,DNA
chrX,133444426,133444447,MA1714.1,+,8.29e-06,L1PA6,L1,LINE
chr2,134175350,134175371,MA1714.1,+,8.29e-06,Plat_L3,CR1,LINE
chrX,136146371,136146392,MA1714.1,+,8.29e-06,FRAM,Alu,SINE
chr5,139607909,139607930,MA1714.1,+,8.29e-06,MIRb,MIR,SINE
chr2,140019585,140019606,MA1714.1,-,8.29e-06,MIR,MIR,SINE
chr5,150060138,150060159,MA1714.1,+,8.29e-06,L1ME2z,L1,LINE
chr5,154962700,154962721,MA1714.1,+,8.29e-06,L1MB4,L1,LINE
chr2,166815870,166815891,MA1714.1,-,8.29e-06,L1MA4,L1,LINE
chr5,175330392,175330413,MA1714.1,+,8.29e-06,ERV3-16A3_I-int,ERVL,LTR
chr5,177362800,177362821,MA1714.1,-,8.29e-06,ERV3-16A3_I-int,ERVL,LTR
chr1,178948235,178948256,MA1714.1,+,8.29e-06,L1MA4,L1,LINE
chr3,184066049,184066070,MA1714.1,+,8.29e-06,AluJo,Alu,SINE
chr4,190521242,190521263,MA1714.1,+,8.29e-06,HERVL32-int,ERVL,LTR
chr1,191401993,191402014,MA1714.1,+,8.29e-06,L1PB1,L1,LINE
chr1,191502396,191502417,MA1714.1,+,8.29e-06,L1M2,L1,LINE
chr2,191552199,191552220,MA1714.1,+,8.29e-06,Tigger4a,TcMar-Tigger,DNA
chr1,207312037,207312058,MA1714.1,-,8.29e-06,ERV3-16A3_I-int,ERVL,LTR
chr1,209007481,209007502,MA1714.1,-,8.29e-06,MIR,MIR,SINE
chr1,227274121,227274142,MA1714.1,-,8.29e-06,L1ME1,L1,LINE
chr1,228573477,228573498,MA1714.1,+,8.29e-06,L1M2,L1,LINE
chr2,230387578,230387599,MA1714.1,-,8.29e-06,MIRb,MIR,SINE
chr1,234087740,234087761,MA1714.1,-,8.29e-06,L1M7,L1,LINE
chr1,235765201,235765222,MA1714.1,+,8.29e-06,MER5A,hAT-Charlie,DNA
chrUn_gl000222,7791,7812,MA1714.1,+,8.34e-06,L1MA8,L1,LINE
chr5,49241,49262,MA1714.1,+,8.34e-06,L1PB1,L1,LINE
chrY,986837,986858,MA1714.1,+,8.34e-06,L1MB5,L1,LINE
chrX,1036837,1036858,MA1714.1,+,8.34e-06,L1MB5,L1,LINE
chrY,1049201,1049222,MA1714.1,+,8.34e-06,L1MB5,L1,LINE
chrX,1099201,1099222,MA1714.1,+,8.34e-06,L1MB5,L1,LINE
chr18,1237351,1237372,MA1714.1,-,8.34e-06,L1MB7,L1,LINE
chr11,2506918,2506939,MA1714.1,-,8.34e-06,L1MB2,L1,LINE
chr16,3205022,3205043,MA1714.1,-,8.34e-06,ERVL-E-int,ERVL,LTR
chr11,3216378,3216399,MA1714.1,+,8.34e-06,MIRb,MIR,SINE
chr6,5632759,5632780,MA1714.1,-,8.34e-06,L1MB5,L1,LINE
chrX,5732259,5732280,MA1714.1,+,8.34e-06,L1PB1,L1,LINE
chr12,5773648,5773669,MA1714.1,-,8.34e-06,MIRb,MIR,SINE
chrY,5777276,5777297,MA1714.1,+,8.34e-06,L1MA2,L1,LINE
chr4,7666817,7666838,MA1714.1,-,8.34e-06,L3,CR1,LINE
chr16,8727600,8727621,MA1714.1,+,8.34e-06,MIR,MIR,SINE
chrY,9083516,9083537,MA1714.1,+,8.34e-06,MER4B,ERV1,LTR
chr8,10141131,10141152,MA1714.1,-,8.34e-06,L1PB1,L1,LINE
chr3,10780091,10780112,MA1714.1,+,8.34e-06,L1MC4,L1,LINE
chr6,14110915,14110936,MA1714.1,+,8.34e-06,L1MEd,L1,LINE
chr11,15472028,15472049,MA1714.1,+,8.34e-06,MIR,MIR,SINE
chr20,15882494,15882515,MA1714.1,-,8.34e-06,MamGypLTR1c,Gypsy,LTR
chr20,17275292,17275313,MA1714.1,-,8.34e-06,L1M6,L1,LINE
chr18,21334288,21334309,MA1714.1,-,8.34e-06,L1MB2,L1,LINE
chr17,21390785,21390806,MA1714.1,+,8.34e-06,LOR1-int,ERV1,LTR
chrX,21941647,21941668,MA1714.1,+,8.34e-06,L2a,L2,LINE
chr15,22501543,22501564,MA1714.1,+,8.34e-06,MIRb,MIR,SINE
chr8,23781651,23781672,MA1714.1,+,8.34e-06,MIRb,MIR,SINE
chrY,23785121,23785142,MA1714.1,-,8.34e-06,MER4B,ERV1,LTR
chr15,24640650,24640671,MA1714.1,-,8.34e-06,L1PB1,L1,LINE
chr15,24912153,24912174,MA1714.1,-,8.34e-06,L1MA7,L1,LINE
chr3,25507566,25507587,MA1714.1,+,8.34e-06,MIR,MIR,SINE
chr15,26158438,26158459,MA1714.1,-,8.34e-06,L1MA10,L1,LINE
chr3,26215138,26215159,MA1714.1,-,8.34e-06,L1PB1,L1,LINE
chrX,26580782,26580803,MA1714.1,-,8.34e-06,HAL1,L1,LINE
chr15,27109415,27109436,MA1714.1,-,8.34e-06,L1MA9,L1,LINE
chr6,27398314,27398335,MA1714.1,+,8.34e-06,MLT1D,ERVL-MaLR,LTR
chr14,27527612,27527633,MA1714.1,+,8.34e-06,MLT1A0,ERVL-MaLR,LTR
chr9,29069064,29069085,MA1714.1,+,8.34e-06,L3,CR1,LINE
chr13,29364173,29364194,MA1714.1,-,8.34e-06,MER41-int,ERV1,LTR
chr22,29719874,29719895,MA1714.1,+,8.34e-06,L1MC4a,L1,LINE
chr5,30038899,30038920,MA1714.1,-,8.34e-06,HSMAR2,TcMar-Mariner,DNA
chr20,30582111,30582132,MA1714.1,+,8.34e-06,MIRc,MIR,SINE
chr17,30645529,30645550,MA1714.1,-,8.34e-06,MIRb,MIR,SINE
chr2,31300273,31300294,MA1714.1,-,8.34e-06,MamRep1161,TcMar,DNA
chr5,34664908,34664929,MA1714.1,-,8.34e-06,L1PB1,L1,LINE
chr21,34885112,34885133,MA1714.1,-,8.34e-06,AluJb,Alu,SINE
chr14,36845524,36845545,MA1714.1,-,8.34e-06,MER1A,hAT-Charlie,DNA
chr14,37730984,37731005,MA1714.1,-,8.34e-06,MIR,MIR,SINE
chr18,41550497,41550518,MA1714.1,+,8.34e-06,AluSc8,Alu,SINE
chr17,42536318,42536339,MA1714.1,-,8.34e-06,L1M5,L1,LINE
chr1,44618249,44618270,MA1714.1,-,8.34e-06,AluJr,Alu,SINE
chr13,45019520,45019541,MA1714.1,+,8.34e-06,L1ME1,L1,LINE
chr1,46062036,46062057,MA1714.1,-,8.34e-06,L1MB2,L1,LINE
chr6,48887363,48887384,MA1714.1,+,8.34e-06,MSTB-int,ERVL-MaLR,LTR
chr6,48988244,48988265,MA1714.1,-,8.34e-06,L1PA16,L1,LINE
chr18,49564873,49564894,MA1714.1,+,8.34e-06,L1MC3,L1,LINE
chr20,51741691,51741712,MA1714.1,+,8.34e-06,MIRc,MIR,SINE
chr16,53210809,53210830,MA1714.1,-,8.34e-06,MIRb,MIR,SINE
chr8,54739479,54739500,MA1714.1,+,8.34e-06,AluSx1,Alu,SINE
chr4,56183216,56183237,MA1714.1,+,8.34e-06,L1MC4a,L1,LINE
chr20,56587218,56587239,MA1714.1,+,8.34e-06,MLT1C,ERVL-MaLR,LTR
chr6,57198195,57198216,MA1714.1,-,8.34e-06,HAL1,L1,LINE
chr10,62746362,62746383,MA1714.1,-,8.34e-06,L4,RTE,LINE
chr1,63996984,63997005,MA1714.1,-,8.34e-06,L1MA6,L1,LINE
chr18,64570242,64570263,MA1714.1,-,8.34e-06,ERVL-E-int,ERVL,LTR
chr5,65564668,65564689,MA1714.1,-,8.34e-06,L1M4,L1,LINE
chr4,67065022,67065043,MA1714.1,-,8.34e-06,HAL1b,L1,LINE
chrX,67133017,67133038,MA1714.1,-,8.34e-06,L1PA13,L1,LINE
chr5,72402115,72402136,MA1714.1,+,8.34e-06,AluJb,Alu,SINE
chr1,74012799,74012820,MA1714.1,+,8.34e-06,L1MC4a,L1,LINE
chr3,75794899,75794920,MA1714.1,-,8.34e-06,L1MA8,L1,LINE
chr7,76857210,76857231,MA1714.1,-,8.34e-06,L3,CR1,LINE
chr7,77931274,77931295,MA1714.1,+,8.34e-06,MIR,MIR,SINE
chr8,79017255,79017276,MA1714.1,-,8.34e-06,L1P3,L1,LINE
chr12,82665789,82665810,MA1714.1,-,8.34e-06,L1MEd,L1,LINE
chr9,84723842,84723863,MA1714.1,+,8.34e-06,Tigger3b,TcMar-Tigger,DNA
chr9,86071067,86071088,MA1714.1,-,8.34e-06,L1MC4a,L1,LINE
chr6,87326363,87326384,MA1714.1,+,8.34e-06,L1MEf,L1,LINE
chr11,87620529,87620550,MA1714.1,-,8.34e-06,L1ME1,L1,LINE
chr8,88022432,88022453,MA1714.1,-,8.34e-06,L1MEg,L1,LINE
chr5,89131486,89131507,MA1714.1,-,8.34e-06,HAL1,L1,LINE
chr12,92707387,92707408,MA1714.1,-,8.34e-06,L1PB1,L1,LINE
chr15,92842594,92842615,MA1714.1,+,8.34e-06,HERV17-int,ERV1,LTR
chr4,94777972,94777993,MA1714.1,+,8.34e-06,L1MA5A,L1,LINE
chr10,95438576,95438597,MA1714.1,+,8.34e-06,AluJo,Alu,SINE
chr9,95635148,95635169,MA1714.1,+,8.34e-06,L1MDa,L1,LINE
chr14,97141326,97141347,MA1714.1,+,8.34e-06,MIRc,MIR,SINE
chr2,98249729,98249750,MA1714.1,-,8.34e-06,L1MC1,L1,LINE
chr13,101934850,101934871,MA1714.1,+,8.34e-06,L1MA9,L1,LINE
chr9,104940069,104940090,MA1714.1,-,8.34e-06,L1MA6,L1,LINE
chr3,110202364,110202385,MA1714.1,+,8.34e-06,L1MDa,L1,LINE
chr4,111656993,111657014,MA1714.1,-,8.34e-06,LTR85c,Gypsy,LTR
chr6,113050602,113050623,MA1714.1,-,8.34e-06,AluJo,Alu,SINE
chrX,116214290,116214311,MA1714.1,+,8.34e-06,MSTA-int,ERVL-MaLR,LTR
chr12,116546101,116546122,MA1714.1,-,8.34e-06,MER30B,hAT-Charlie,DNA
chr11,116651589,116651610,MA1714.1,+,8.34e-06,HAL1,L1,LINE
chr6,117545310,117545331,MA1714.1,+,8.34e-06,LTR60,ERV1,LTR
chr11,121738980,121739001,MA1714.1,+,8.34e-06,L2a,L2,LINE
chr7,122266939,122266960,MA1714.1,-,8.34e-06,MIRc,MIR,SINE
chr3,127220797,127220818,MA1714.1,+,8.34e-06,L1M4b,L1,LINE
chr2,129771340,129771361,MA1714.1,-,8.34e-06,L1MA9,L1,LINE
chr3,133170179,133170200,MA1714.1,+,8.34e-06,L1ME4a,L1,LINE
chr2,135528097,135528118,MA1714.1,-,8.34e-06,MLT1D,ERVL-MaLR,LTR
chrX,136292656,136292677,MA1714.1,-,8.34e-06,MIRc,MIR,SINE
chr7,136477174,136477195,MA1714.1,+,8.34e-06,L1MA3,L1,LINE
chr5,141484133,141484154,MA1714.1,+,8.34e-06,MER65A,ERV1,LTR
chr6,142514388,142514409,MA1714.1,-,8.34e-06,L1MC4,L1,LINE
chrX,145284149,145284170,MA1714.1,-,8.34e-06,L1MA10,L1,LINE
chr4,146014130,146014151,MA1714.1,+,8.34e-06,L1MCc,L1,LINE
chr6,147297612,147297633,MA1714.1,-,8.34e-06,MIRb,MIR,SINE
chr5,157592346,157592367,MA1714.1,-,8.34e-06,L1PB1,L1,LINE
chr5,159561236,159561257,MA1714.1,-,8.34e-06,MIRb,MIR,SINE
chr5,159665310,159665331,MA1714.1,+,8.34e-06,MIRb,MIR,SINE
chr3,161675927,161675948,MA1714.1,-,8.34e-06,MIRb,MIR,SINE
chr5,170170241,170170262,MA1714.1,+,8.34e-06,AluJo,Alu,SINE
chr5,172987165,172987186,MA1714.1,-,8.34e-06,HAL1,L1,LINE
chr1,177766544,177766565,MA1714.1,+,8.34e-06,LTR88a,Gypsy,LTR
chr4,183732998,183733019,MA1714.1,-,8.34e-06,THE1D-int,ERVL-MaLR,LTR
chr2,188898103,188898124,MA1714.1,+,8.34e-06,THE1C-int,ERVL-MaLR,LTR
chr2,193826363,193826384,MA1714.1,+,8.34e-06,MLT1J,ERVL-MaLR,LTR
chr2,202069249,202069270,MA1714.1,-,8.34e-06,MIR,MIR,SINE
chr2,227814887,227814908,MA1714.1,-,8.34e-06,L1MA6,L1,LINE
chr1,236278310,236278331,MA1714.1,+,8.34e-06,FLAM_C,Alu,SINE
chr6_qbl_hap6,4213120,4213141,MA1714.1,-,8.39e-06,L1MEd,L1,LINE
chr6_dbb_hap3,4262368,4262389,MA1714.1,-,8.39e-06,L1MEd,L1,LINE
chr6_mcf_hap5,4317884,4317905,MA1714.1,-,8.39e-06,L1MEd,L1,LINE
chr6_cox_hap2,4425519,4425540,MA1714.1,-,8.39e-06,L1MEd,L1,LINE
chr6_mann_hap4,4438211,4438232,MA1714.1,-,8.39e-06,L1MEd,L1,LINE
chr6_ssto_hap7,4461736,4461757,MA1714.1,-,8.39e-06,L1MEd,L1,LINE
chr20,4932952,4932973,MA1714.1,+,8.39e-06,L1M6,L1,LINE
chr20,6502319,6502340,MA1714.1,-,8.39e-06,L1MA8,L1,LINE
chr2,9300153,9300174,MA1714.1,+,8.39e-06,AluSz,Alu,SINE
chr10,9952978,9952999,MA1714.1,+,8.39e-06,Ricksha_c,MuDR,DNA
chr17,10964339,10964360,MA1714.1,-,8.39e-06,MSTC-int,ERVL-MaLR,LTR
chr5,11028849,11028870,MA1714.1,-,8.39e-06,AluSz6,Alu,SINE
chr19,12002459,12002480,MA1714.1,-,8.39e-06,MER41D,ERV1,LTR
chr19,12038480,12038501,MA1714.1,-,8.39e-06,MER41D,ERV1,LTR
chr2,12590738,12590759,MA1714.1,+,8.39e-06,L1ME5,L1,LINE
chr18,13990069,13990090,MA1714.1,+,8.39e-06,L1MA8,L1,LINE
chr18,14261217,14261238,MA1714.1,+,8.39e-06,MST-int,ERVL-MaLR,LTR
chr18,14300104,14300125,MA1714.1,+,8.39e-06,MSTA-int,ERVL-MaLR,LTR
chr18,14316447,14316468,MA1714.1,+,8.39e-06,MST-int,ERVL-MaLR,LTR
chr17,14359382,14359403,MA1714.1,-,8.39e-06,HAL1,L1,LINE
chr3,15929480,15929501,MA1714.1,+,8.39e-06,MLT1A0-int,ERVL-MaLR,LTR
chr21,16754697,16754718,MA1714.1,-,8.39e-06,MLT1D,ERVL-MaLR,LTR
chr4,17318122,17318143,MA1714.1,-,8.39e-06,MIRb,MIR,SINE
chr3,18859316,18859337,MA1714.1,-,8.39e-06,L1MB7,L1,LINE
chr4,20039827,20039848,MA1714.1,-,8.39e-06,L1MA4,L1,LINE
chr16,21270933,21270954,MA1714.1,-,8.39e-06,MER58B,hAT-Charlie,DNA
chrY,21542824,21542845,MA1714.1,-,8.39e-06,L1PA10,L1,LINE
chr6,22537627,22537648,MA1714.1,+,8.39e-06,MLT1J2-int,ERVL-MaLR,LTR
chr16,24807038,24807059,MA1714.1,-,8.39e-06,MIRc,MIR,SINE
chr7,26131015,26131036,MA1714.1,+,8.39e-06,L1MB3,L1,LINE
chr18,26532771,26532792,MA1714.1,-,8.39e-06,THE1C-int,ERVL-MaLR,LTR
chr4,26591523,26591544,MA1714.1,-,8.39e-06,L1ME1,L1,LINE
chr3,27486790,27486811,MA1714.1,-,8.39e-06,L1MEc,L1,LINE
chr5,28013296,28013317,MA1714.1,+,8.39e-06,HUERS-P3b-int,ERV1,LTR
chrY,28516195,28516216,MA1714.1,+,8.39e-06,AluJr,Alu,SINE
chr10,29169882,29169903,MA1714.1,+,8.39e-06,MER30,hAT-Charlie,DNA
chr11,29268286,29268307,MA1714.1,+,8.39e-06,L1MC1,L1,LINE
chr14,29481640,29481661,MA1714.1,+,8.39e-06,L1M3,L1,LINE
chr22,30664687,30664708,MA1714.1,-,8.39e-06,AluJo,Alu,SINE
chr7,31046875,31046896,MA1714.1,+,8.39e-06,MIR,MIR,SINE
chr8,31440959,31440980,MA1714.1,-,8.39e-06,L1MCa,L1,LINE
chr9,31941224,31941245,MA1714.1,+,8.39e-06,THE1B-int,ERVL-MaLR,LTR
chr6,32981021,32981042,MA1714.1,-,8.39e-06,L1MEd,L1,LINE
chr9,33803413,33803434,MA1714.1,+,8.39e-06,MIRb,MIR,SINE
chr19,33969300,33969321,MA1714.1,+,8.39e-06,L1MB7,L1,LINE
chr22,34757393,34757414,MA1714.1,+,8.39e-06,L1ME3D,L1,LINE
chr19,35375820,35375841,MA1714.1,+,8.39e-06,L1MB4,L1,LINE
chr6,37206509,37206530,MA1714.1,+,8.39e-06,MLT1L,ERVL-MaLR,LTR
chr17,37359127,37359148,MA1714.1,+,8.39e-06,MIR,MIR,SINE
chr7,38121380,38121401,MA1714.1,-,8.39e-06,THE1D-int,ERVL-MaLR,LTR
chr9,38350825,38350846,MA1714.1,-,8.39e-06,MLT1D,ERVL-MaLR,LTR
chr20,38444856,38444877,MA1714.1,+,8.39e-06,MIR,MIR,SINE
chr15,38458647,38458668,MA1714.1,-,8.39e-06,L1PREC2,L1,LINE
chr11,38610815,38610836,MA1714.1,-,8.39e-06,MIR3,MIR,SINE
chr2,39829905,39829926,MA1714.1,-,8.39e-06,L1ME2z,L1,LINE
chr15,40471860,40471881,MA1714.1,-,8.39e-06,L1MEf,L1,LINE
chr19,41842361,41842382,MA1714.1,-,8.39e-06,AluJb,Alu,SINE
chr21,46175040,46175061,MA1714.1,+,8.39e-06,L1MEg,L1,LINE
chr4,47375196,47375217,MA1714.1,-,8.39e-06,LTR78B,ERV1,LTR
chr7,48282568,48282589,MA1714.1,-,8.39e-06,L3,CR1,LINE
chr2,49285311,49285332,MA1714.1,+,8.39e-06,L1M2c,L1,LINE
chr14,51525083,51525104,MA1714.1,+,8.39e-06,MIRc,MIR,SINE
chr7,53858019,53858040,MA1714.1,-,8.39e-06,L1MEd,L1,LINE
chr14,54102737,54102758,MA1714.1,+,8.39e-06,L2c,L2,LINE
chr7,54641189,54641210,MA1714.1,+,8.39e-06,L1ME3B,L1,LINE
chr8,54863136,54863157,MA1714.1,+,8.39e-06,L1MEd,L1,LINE
chr8,55945705,55945726,MA1714.1,+,8.39e-06,L1MA9,L1,LINE
chr2,55951547,55951568,MA1714.1,+,8.39e-06,LTR78B,ERV1,LTR
chr10,56365226,56365247,MA1714.1,-,8.39e-06,L1M4c,L1,LINE
chr4,56563848,56563869,MA1714.1,+,8.39e-06,L1MA5A,L1,LINE
chr14,57078703,57078724,MA1714.1,+,8.39e-06,L1PA15,L1,LINE
chr8,57188906,57188927,MA1714.1,+,8.39e-06,L1P3,L1,LINE
chr18,57704039,57704060,MA1714.1,-,8.39e-06,L1MCc,L1,LINE
chr2,58511257,58511278,MA1714.1,-,8.39e-06,MER39,ERV1,LTR
chr20,60022060,60022081,MA1714.1,-,8.39e-06,L1M5,L1,LINE
chr11,60439452,60439473,MA1714.1,-,8.39e-06,L1M4b,L1,LINE
chr12,61766009,61766030,MA1714.1,+,8.39e-06,MER20,hAT-Charlie,DNA
chr5,62930627,62930648,MA1714.1,-,8.39e-06,L1MB1,L1,LINE
chr16,63105726,63105747,MA1714.1,-,8.39e-06,L1MA4,L1,LINE
chr15,66079244,66079265,MA1714.1,+,8.39e-06,L1ME3E,L1,LINE
chr3,66085185,66085206,MA1714.1,-,8.39e-06,MIRb,MIR,SINE
chr13,66231939,66231960,MA1714.1,-,8.39e-06,MLT1B,ERVL-MaLR,LTR
chrX,67539546,67539567,MA1714.1,+,8.39e-06,AluJb,Alu,SINE
chr12,68228758,68228779,MA1714.1,-,8.39e-06,L1MA4,L1,LINE
chr4,68245127,68245148,MA1714.1,+,8.39e-06,L1PBa,L1,LINE
chr17,68506217,68506238,MA1714.1,+,8.39e-06,L1MC,L1,LINE
chr7,68587263,68587284,MA1714.1,-,8.39e-06,AluJb,Alu,SINE
chr8,68822100,68822121,MA1714.1,+,8.39e-06,LTR85a,Gypsy,LTR
chr10,69736638,69736659,MA1714.1,+,8.39e-06,L1MA2,L1,LINE
chr14,71400455,71400476,MA1714.1,+,8.39e-06,MIR,MIR,SINE
chr12,73334908,73334929,MA1714.1,-,8.39e-06,L1MA3,L1,LINE
chr13,73604811,73604832,MA1714.1,-,8.39e-06,AluJo,Alu,SINE
chr16,74813979,74814000,MA1714.1,-,8.39e-06,AluSx,Alu,SINE
chr15,74980819,74980840,MA1714.1,-,8.39e-06,L1ME3,L1,LINE
chr5,77889844,77889865,MA1714.1,-,8.39e-06,MIR,MIR,SINE
chr9,78558965,78558986,MA1714.1,+,8.39e-06,AluJb,Alu,SINE
chr14,79612450,79612471,MA1714.1,-,8.39e-06,MIRb,MIR,SINE
chr16,80429163,80429184,MA1714.1,+,8.39e-06,L1ME3C,L1,LINE
chr6,80480670,80480691,MA1714.1,-,8.39e-06,MER21A,ERVL,LTR
chr10,81544860,81544881,MA1714.1,-,8.39e-06,MIR,MIR,SINE
chr5,81908256,81908277,MA1714.1,+,8.39e-06,L1MA4A,L1,LINE
chr10,83304784,83304805,MA1714.1,+,8.39e-06,L1MB5,L1,LINE
chrX,83394982,83395003,MA1714.1,+,8.39e-06,L1MEc,L1,LINE
chr16,84391541,84391562,MA1714.1,-,8.39e-06,L1MC4,L1,LINE
chrX,84441464,84441485,MA1714.1,-,8.39e-06,L1M1,L1,LINE
chr2,84870903,84870924,MA1714.1,-,8.39e-06,L1MCa,L1,LINE
chr12,88616116,88616137,MA1714.1,+,8.39e-06,MSTB-int,ERVL-MaLR,LTR
chr10,89067000,89067021,MA1714.1,-,8.39e-06,MIR,MIR,SINE
chr2,89115101,89115122,MA1714.1,+,8.39e-06,THE1D-int,ERVL-MaLR,LTR
chr10,89190450,89190471,MA1714.1,+,8.39e-06,MIR,MIR,SINE
chr13,90906222,90906243,MA1714.1,-,8.39e-06,L1MA4,L1,LINE
chr11,94193080,94193101,MA1714.1,+,8.39e-06,MLT1D,ERVL-MaLR,LTR
chr3,94222109,94222130,MA1714.1,-,8.39e-06,THE1C-int,ERVL-MaLR,LTR
chr14,95200236,95200257,MA1714.1,+,8.39e-06,MLT2F,ERVL,LTR
chr1,96228077,96228098,MA1714.1,-,8.39e-06,THE1B-int,ERVL-MaLR,LTR
chr4,99271609,99271630,MA1714.1,+,8.39e-06,AluJb,Alu,SINE
chr12,100231743,100231764,MA1714.1,-,8.39e-06,L1PB4,L1,LINE
chr11,100921558,100921579,MA1714.1,+,8.39e-06,MIRc,MIR,SINE
chr4,101324320,101324341,MA1714.1,-,8.39e-06,L1PA15,L1,LINE
chr8,101881579,101881600,MA1714.1,+,8.39e-06,MIR3,MIR,SINE
chr14,103637067,103637088,MA1714.1,+,8.39e-06,HERVK14-int,ERVK,LTR
chr2,104477547,104477568,MA1714.1,+,8.39e-06,L1ME3D,L1,LINE
chr12,104508089,104508110,MA1714.1,-,8.39e-06,L1M5,L1,LINE
chr5,105175287,105175308,MA1714.1,-,8.39e-06,THE1B-int,ERVL-MaLR,LTR
chr1,105570393,105570414,MA1714.1,+,8.39e-06,L1M1,L1,LINE
chr7,108173230,108173251,MA1714.1,+,8.39e-06,MIRb,MIR,SINE
chrX,110072816,110072837,MA1714.1,+,8.39e-06,L1ME2z,L1,LINE
chr1,111470619,111470640,MA1714.1,-,8.39e-06,L1M6,L1,LINE
chr11,114067574,114067595,MA1714.1,-,8.39e-06,MIR,MIR,SINE
chr10,114682360,114682381,MA1714.1,-,8.39e-06,MLT1L,ERVL-MaLR,LTR
chr13,114967489,114967510,MA1714.1,-,8.39e-06,L1ME3A,L1,LINE
chr9,116834031,116834052,MA1714.1,+,8.39e-06,MER52D,ERV1,LTR
chr10,117265635,117265656,MA1714.1,-,8.39e-06,MER4-int,ERV1,LTR
chr12,119295741,119295762,MA1714.1,-,8.39e-06,L2a,L2,LINE
chr4,121367519,121367540,MA1714.1,-,8.39e-06,L1M2,L1,LINE
chr2,122984810,122984831,MA1714.1,-,8.39e-06,L2c,L2,LINE
chr8,123238162,123238183,MA1714.1,+,8.39e-06,L1MD,L1,LINE
chr7,127529860,127529881,MA1714.1,-,8.39e-06,L1MA2,L1,LINE
chrX,128904224,128904245,MA1714.1,-,8.39e-06,MIRb,MIR,SINE
chr3,131370546,131370567,MA1714.1,+,8.39e-06,MIRb,MIR,SINE
chrX,132873941,132873962,MA1714.1,-,8.39e-06,MIRb,MIR,SINE
chr7,133667435,133667456,MA1714.1,-,8.39e-06,MIRb,MIR,SINE
chrX,139154248,139154269,MA1714.1,+,8.39e-06,MIR,MIR,SINE
chr7,142454626,142454647,MA1714.1,+,8.39e-06,MIR,MIR,SINE
chr7,142465416,142465437,MA1714.1,+,8.39e-06,MIRb,MIR,SINE
chrX,145135336,145135357,MA1714.1,+,8.39e-06,MER1A,hAT-Charlie,DNA
chr3,146517615,146517636,MA1714.1,-,8.39e-06,L1ME3C,L1,LINE
chr4,155421288,155421309,MA1714.1,+,8.39e-06,MLT1D,ERVL-MaLR,LTR
chr3,166661239,166661260,MA1714.1,+,8.39e-06,L1PA15,L1,LINE
chr4,168417800,168417821,MA1714.1,-,8.39e-06,THE1D-int,ERVL-MaLR,LTR
chr2,169888635,169888656,MA1714.1,-,8.39e-06,MIR,MIR,SINE
chr2,177328647,177328668,MA1714.1,+,8.39e-06,MIR,MIR,SINE
chr3,177619180,177619201,MA1714.1,+,8.39e-06,L1M1,L1,LINE
chr1,183429692,183429713,MA1714.1,+,8.39e-06,AluSz,Alu,SINE
chr3,185199540,185199561,MA1714.1,+,8.39e-06,MIR,MIR,SINE
chr2,219258954,219258975,MA1714.1,-,8.39e-06,MIR,MIR,SINE
chr2,219382756,219382777,MA1714.1,-,8.39e-06,AluJb,Alu,SINE
chr1,228308322,228308343,MA1714.1,-,8.39e-06,MER57-int,ERV1,LTR
chr2,230648364,230648385,MA1714.1,+,8.39e-06,L1ME1,L1,LINE
chr4,18963,18984,MA1714.1,+,8.45e-06,L1MC3,L1,LINE
chr10,176487,176508,MA1714.1,-,8.45e-06,MIR,MIR,SINE
chr18,603952,603973,MA1714.1,-,8.45e-06,AluJb,Alu,SINE
chr9,768431,768452,MA1714.1,+,8.45e-06,L1PA8,L1,LINE
chr2,1017360,1017381,MA1714.1,-,8.45e-06,AluJr,Alu,SINE
chr2,1238256,1238277,MA1714.1,-,8.45e-06,MIRc,MIR,SINE
chr19,1320369,1320390,MA1714.1,-,8.45e-06,AluJb,Alu,SINE
chr1,1383728,1383749,MA1714.1,-,8.45e-06,AluSx1,Alu,SINE
chr12,1960120,1960141,MA1714.1,-,8.45e-06,AluJb,Alu,SINE
chrX,2724140,2724161,MA1714.1,-,8.45e-06,AluJo,Alu,SINE
chr4,3004510,3004531,MA1714.1,+,8.45e-06,AluJb,Alu,SINE
chr8,3079903,3079924,MA1714.1,-,8.45e-06,AluJo,Alu,SINE
chr12,3764024,3764045,MA1714.1,-,8.45e-06,Plat_L3,CR1,LINE
chrX,4529947,4529968,MA1714.1,-,8.45e-06,L1ME1,L1,LINE
chr16,4546196,4546217,MA1714.1,-,8.45e-06,AluSz,Alu,SINE
chr17,4687420,4687441,MA1714.1,-,8.45e-06,AluJb,Alu,SINE
chr16,4950512,4950533,MA1714.1,-,8.45e-06,AluJb,Alu,SINE
chr7,5577418,5577439,MA1714.1,-,8.45e-06,AluJb,Alu,SINE
chr6,5667675,5667696,MA1714.1,+,8.45e-06,AluSg,Alu,SINE
chr19,5809253,5809274,MA1714.1,-,8.45e-06,AluJo,Alu,SINE
chr20,6568218,6568239,MA1714.1,-,8.45e-06,AluJb,Alu,SINE
chr9,6989846,6989867,MA1714.1,-,8.45e-06,AluJo,Alu,SINE
chr6,7041275,7041296,MA1714.1,-,8.45e-06,AluJr,Alu,SINE
chr11,7683808,7683829,MA1714.1,-,8.45e-06,L1PA2,L1,LINE
chr11,7757578,7757599,MA1714.1,+,8.45e-06,L1PA2,L1,LINE
chr9,8328446,8328467,MA1714.1,-,8.45e-06,L1PA7,L1,LINE
chr10,8441455,8441476,MA1714.1,+,8.45e-06,AluJr,Alu,SINE
chr12,8634021,8634042,MA1714.1,-,8.45e-06,L1P2,L1,LINE
chr1,10291516,10291537,MA1714.1,-,8.45e-06,AluSz,Alu,SINE
chr1,11349355,11349376,MA1714.1,+,8.45e-06,L3,CR1,LINE
chr16,11444371,11444392,MA1714.1,+,8.45e-06,AluSx1,Alu,SINE
chr18,11477864,11477885,MA1714.1,-,8.45e-06,L1PA7,L1,LINE
chr4,11783621,11783642,MA1714.1,+,8.45e-06,AluSg4,Alu,SINE
chr6,11924699,11924720,MA1714.1,+,8.45e-06,L1ME3C,L1,LINE
chr11,12143753,12143774,MA1714.1,+,8.45e-06,MIRb,MIR,SINE
chr2,12362008,12362029,MA1714.1,+,8.45e-06,L1MEc,L1,LINE
chr18,12823598,12823619,MA1714.1,+,8.45e-06,AluSx,Alu,SINE
chr18,13158905,13158926,MA1714.1,-,8.45e-06,AluJb,Alu,SINE
chr9,13996471,13996492,MA1714.1,+,8.45e-06,L1P1,L1,LINE
chr9,14392163,14392184,MA1714.1,+,8.45e-06,L1MC3,L1,LINE
chr20,14450003,14450024,MA1714.1,-,8.45e-06,L1P3,L1,LINE
chr4,14894743,14894764,MA1714.1,+,8.45e-06,MIRb,MIR,SINE
chrY,17226697,17226718,MA1714.1,+,8.45e-06,L1P1,L1,LINE
chr19,17718927,17718948,MA1714.1,-,8.45e-06,AluJo,Alu,SINE
chr8,18369737,18369758,MA1714.1,+,8.45e-06,L1MB4,L1,LINE
chr10,18485317,18485338,MA1714.1,-,8.45e-06,AluJb,Alu,SINE
chr18,19808885,19808906,MA1714.1,+,8.45e-06,AluJb,Alu,SINE
chr17,20126171,20126192,MA1714.1,-,8.45e-06,L1MA3,L1,LINE
chr15,20742804,20742825,MA1714.1,-,8.45e-06,MIRb,MIR,SINE
chr8,21665893,21665914,MA1714.1,-,8.45e-06,MIRc,MIR,SINE
chr8,21948207,21948228,MA1714.1,-,8.45e-06,AluJb,Alu,SINE
chr12,22321229,22321250,MA1714.1,+,8.45e-06,L1MEg2,L1,LINE
chr5,22685418,22685439,MA1714.1,-,8.45e-06,AluSc8,Alu,SINE
chr15,22740533,22740554,MA1714.1,+,8.45e-06,MIRb,MIR,SINE
chr16,23164010,23164031,MA1714.1,+,8.45e-06,AluJr,Alu,SINE
chr15,23409902,23409923,MA1714.1,-,8.45e-06,MIRb,MIR,SINE
chr15,23575142,23575163,MA1714.1,-,8.45e-06,MIRb,MIR,SINE
chr15,23688167,23688188,MA1714.1,-,8.45e-06,MIRb,MIR,SINE
chr18,23805454,23805475,MA1714.1,+,8.45e-06,AluJo,Alu,SINE
chr3,23972265,23972286,MA1714.1,-,8.45e-06,AluJb,Alu,SINE
chr20,23980962,23980983,MA1714.1,-,8.45e-06,AluJr,Alu,SINE
chr19,24298927,24298948,MA1714.1,-,8.45e-06,L1P1,L1,LINE
chr6,25184692,25184713,MA1714.1,-,8.45e-06,L1PA10,L1,LINE
chr13,25278050,25278071,MA1714.1,-,8.45e-06,AluJb,Alu,SINE
chr13,25278207,25278228,MA1714.1,-,8.45e-06,AluSz,Alu,SINE
chr6,25416701,25416722,MA1714.1,+,8.45e-06,MIR,MIR,SINE
chr1,26499373,26499394,MA1714.1,+,8.45e-06,AluJb,Alu,SINE
chrX,27387599,27387620,MA1714.1,+,8.45e-06,L1PB3,L1,LINE
chr15,28598992,28599013,MA1714.1,-,8.45e-06,MIRb,MIR,SINE
chr15,28802911,28802932,MA1714.1,+,8.45e-06,MIRb,MIR,SINE
chr16,29043643,29043664,MA1714.1,-,8.45e-06,AluSz,Alu,SINE
chr16,32081546,32081567,MA1714.1,-,8.45e-06,L1PA8,L1,LINE
chr12,32170441,32170462,MA1714.1,-,8.45e-06,AluJb,Alu,SINE
chr1,32329527,32329548,MA1714.1,+,8.45e-06,AluSz,Alu,SINE
chr2,32907807,32907828,MA1714.1,-,8.45e-06,AluSx,Alu,SINE
chr16,33024806,33024827,MA1714.1,-,8.45e-06,L1PA8,L1,LINE
chr5,33218543,33218564,MA1714.1,+,8.45e-06,AluSx,Alu,SINE
chr7,33446476,33446497,MA1714.1,-,8.45e-06,L1PA3,L1,LINE
chr21,34200928,34200949,MA1714.1,-,8.45e-06,MIR,MIR,SINE
chrX,34539474,34539495,MA1714.1,-,8.45e-06,AluSz,Alu,SINE
chr21,34670843,34670864,MA1714.1,+,8.45e-06,AluSx,Alu,SINE
chr21,34839855,34839876,MA1714.1,+,8.45e-06,AluSx1,Alu,SINE
chr22,34998364,34998385,MA1714.1,-,8.45e-06,L1ME2,L1,LINE
chr2,35360540,35360561,MA1714.1,-,8.45e-06,L1ME1,L1,LINE
chr7,35601540,35601561,MA1714.1,+,8.45e-06,L1M6,L1,LINE
chrX,36073423,36073444,MA1714.1,-,8.45e-06,L1PA11,L1,LINE
chr18,36265831,36265852,MA1714.1,-,8.45e-06,AluSx3,Alu,SINE
chr17,36525632,36525653,MA1714.1,-,8.45e-06,AluSx,Alu,SINE
chr22,36666402,36666423,MA1714.1,-,8.45e-06,L1P3,L1,LINE
chr19,36710130,36710151,MA1714.1,-,8.45e-06,AluJr,Alu,SINE
chr9,37969386,37969407,MA1714.1,+,8.45e-06,MIRb,MIR,SINE
chrX,38223969,38223990,MA1714.1,+,8.45e-06,AluSx1,Alu,SINE
chr6,38886504,38886525,MA1714.1,+,8.45e-06,L1M6,L1,LINE
chr4,40364038,40364059,MA1714.1,+,8.45e-06,AluSx,Alu,SINE
chr5,40428263,40428284,MA1714.1,-,8.45e-06,MIR,MIR,SINE
chr22,40622985,40623006,MA1714.1,-,8.45e-06,AluSx,Alu,SINE
chr17,40787614,40787635,MA1714.1,+,8.45e-06,AluSq2,Alu,SINE
chr3,40853161,40853182,MA1714.1,-,8.45e-06,L1MB8,L1,LINE
chr11,40889741,40889762,MA1714.1,+,8.45e-06,MamRep1879,hAT,DNA
chr19,41170632,41170653,MA1714.1,+,8.45e-06,AluSx1,Alu,SINE
chr5,42661418,42661439,MA1714.1,+,8.45e-06,L1PA3,L1,LINE
chr17,42779296,42779317,MA1714.1,-,8.45e-06,AluJo,Alu,SINE
chr6,42855964,42855985,MA1714.1,-,8.45e-06,AluSz,Alu,SINE
chr5,43470316,43470337,MA1714.1,-,8.45e-06,AluSz,Alu,SINE
chr13,43741694,43741715,MA1714.1,-,8.45e-06,MER39,ERV1,LTR
chr12,44238054,44238075,MA1714.1,+,8.45e-06,AluJb,Alu,SINE
chr20,44383397,44383418,MA1714.1,+,8.45e-06,AluSz6,Alu,SINE
chr7,44460161,44460182,MA1714.1,+,8.45e-06,L1PA8,L1,LINE
chrX,44641318,44641339,MA1714.1,-,8.45e-06,AluSq2,Alu,SINE
chr1,44659267,44659288,MA1714.1,+,8.45e-06,L1M5,L1,LINE
chr19,45145492,45145513,MA1714.1,+,8.45e-06,AluJr,Alu,SINE
chr6,45178183,45178204,MA1714.1,+,8.45e-06,MER4A1_,ERV1,LTR
chr20,45185310,45185331,MA1714.1,-,8.45e-06,L1M5,L1,LINE
chr12,45327185,45327206,MA1714.1,+,8.45e-06,L1PA3,L1,LINE
chr18,45501012,45501033,MA1714.1,+,8.45e-06,HAL1,L1,LINE
chr7,45672234,45672255,MA1714.1,-,8.45e-06,AluJb,Alu,SINE
chr19,45934859,45934880,MA1714.1,+,8.45e-06,AluSp,Alu,SINE
chr15,45997904,45997925,MA1714.1,-,8.45e-06,MIRb,MIR,SINE
chr18,46177057,46177078,MA1714.1,+,8.45e-06,L1PA6,L1,LINE
chr5,46232501,46232522,MA1714.1,+,8.45e-06,ALR/Alpha,centr,Satellite
chrX,46939354,46939375,MA1714.1,-,8.45e-06,AluJb,Alu,SINE
chr8,46985247,46985268,MA1714.1,+,8.45e-06,ALR/Alpha,centr,Satellite
chr18,47214796,47214817,MA1714.1,+,8.45e-06,L1M5,L1,LINE
chr3,47557623,47557644,MA1714.1,+,8.45e-06,AluSz6,Alu,SINE
chr1,47620683,47620704,MA1714.1,+,8.45e-06,L1PA8,L1,LINE
chr13,48287985,48288006,MA1714.1,+,8.45e-06,L1PA3,L1,LINE
chr3,48811316,48811337,MA1714.1,-,8.45e-06,AluJo,Alu,SINE
chr3,49243105,49243126,MA1714.1,-,8.45e-06,AluSx,Alu,SINE
chr7,50081984,50082005,MA1714.1,+,8.45e-06,L1PA7,L1,LINE
chr7,50337786,50337807,MA1714.1,+,8.45e-06,AluJr,Alu,SINE
chr7,50642960,50642981,MA1714.1,-,8.45e-06,L1PA4,L1,LINE
chrX,51190543,51190564,MA1714.1,-,8.45e-06,L1M1,L1,LINE
chr3,51405351,51405372,MA1714.1,-,8.45e-06,L1PA5,L1,LINE
chr16,53395186,53395207,MA1714.1,-,8.45e-06,MIRb,MIR,SINE
chr4,53669870,53669891,MA1714.1,+,8.45e-06,L1PA8,L1,LINE
chr12,53754204,53754225,MA1714.1,+,8.45e-06,AluJo,Alu,SINE
chr4,53973105,53973126,MA1714.1,+,8.45e-06,L1PA7,L1,LINE
chr7,54287510,54287531,MA1714.1,+,8.45e-06,L1PA4,L1,LINE
chr17,55854629,55854650,MA1714.1,-,8.45e-06,MLT1J,ERVL-MaLR,LTR
chr1,56292384,56292405,MA1714.1,-,8.45e-06,LTR16D,ERVL,LTR
chr11,57653833,57653854,MA1714.1,-,8.45e-06,AluSz,Alu,SINE
chr10,57681690,57681711,MA1714.1,-,8.45e-06,L1PA7,L1,LINE
chr12,57807443,57807464,MA1714.1,+,8.45e-06,AluSx1,Alu,SINE
chr13,57858752,57858773,MA1714.1,+,8.45e-06,L3,CR1,LINE
chr11,59415730,59415751,MA1714.1,-,8.45e-06,AluSx1,Alu,SINE
chr15,60097245,60097266,MA1714.1,+,8.45e-06,L1PA4,L1,LINE
chr3,60394720,60394741,MA1714.1,+,8.45e-06,MIR,MIR,SINE
chr1,60793459,60793480,MA1714.1,-,8.45e-06,L1PA7,L1,LINE
chr1,61932078,61932099,MA1714.1,-,8.45e-06,AluSz6,Alu,SINE
chr2,62529470,62529491,MA1714.1,-,8.45e-06,AluJb,Alu,SINE
chr4,63253081,63253102,MA1714.1,-,8.45e-06,L1MEg,L1,LINE
chr16,63632349,63632370,MA1714.1,+,8.45e-06,AluJr,Alu,SINE
chr12,63732348,63732369,MA1714.1,+,8.45e-06,L1PA6,L1,LINE
chr15,64739982,64740003,MA1714.1,-,8.45e-06,AluJr,Alu,SINE
chr17,65252632,65252653,MA1714.1,+,8.45e-06,AluSz6,Alu,SINE
chr11,65763208,65763229,MA1714.1,+,8.45e-06,AluJo,Alu,SINE
chr14,65782381,65782402,MA1714.1,+,8.45e-06,MIR,MIR,SINE
chrX,66013307,66013328,MA1714.1,-,8.45e-06,L1PA5,L1,LINE
chr3,66509050,66509071,MA1714.1,+,8.45e-06,AluSz6,Alu,SINE
chr3,67071536,67071557,MA1714.1,-,8.45e-06,HAL1,L1,LINE
chr7,67570211,67570232,MA1714.1,-,8.45e-06,AluSz,Alu,SINE
chr1,68463883,68463904,MA1714.1,-,8.45e-06,L1ME1,L1,LINE
chr7,68758332,68758353,MA1714.1,-,8.45e-06,AluJr,Alu,SINE
chr12,69197643,69197664,MA1714.1,+,8.45e-06,AluSx,Alu,SINE
chr16,69575494,69575515,MA1714.1,-,8.45e-06,AluJo,Alu,SINE
chr10,69600190,69600211,MA1714.1,+,8.45e-06,AluSz6,Alu,SINE
chr12,69851922,69851943,MA1714.1,-,8.45e-06,AluJb,Alu,SINE
chr2,70132382,70132403,MA1714.1,-,8.45e-06,L1ME4a,L1,LINE
chr14,70143168,70143189,MA1714.1,-,8.45e-06,AluJb,Alu,SINE
chr4,70603289,70603310,MA1714.1,+,8.45e-06,L1MDa,L1,LINE
chrX,70655969,70655990,MA1714.1,-,8.45e-06,AluJb,Alu,SINE
chr17,70711768,70711789,MA1714.1,+,8.45e-06,L1MB3,L1,LINE
chr15,70966272,70966293,MA1714.1,-,8.45e-06,AluSz,Alu,SINE
chr7,71119072,71119093,MA1714.1,-,8.45e-06,AluSc8,Alu,SINE
chr2,71200714,71200735,MA1714.1,-,8.45e-06,L1MB8,L1,LINE
chr8,71443435,71443456,MA1714.1,+,8.45e-06,AluJr,Alu,SINE
chr3,71528754,71528775,MA1714.1,+,8.45e-06,AluSq2,Alu,SINE
chr8,71595794,71595815,MA1714.1,-,8.45e-06,AluSz,Alu,SINE
chr11,72504381,72504402,MA1714.1,-,8.45e-06,MIRb,MIR,SINE
chrX,72550802,72550823,MA1714.1,-,8.45e-06,L1PA6,L1,LINE
chr4,72758807,72758828,MA1714.1,+,8.45e-06,L1PA8,L1,LINE
chrX,72895996,72896017,MA1714.1,-,8.45e-06,L1PA4,L1,LINE
chr3,72989233,72989254,MA1714.1,+,8.45e-06,AluJb,Alu,SINE
chr3,72989904,72989925,MA1714.1,-,8.45e-06,AluJr,Alu,SINE
chr11,73677795,73677816,MA1714.1,-,8.45e-06,AluSx,Alu,SINE
chr17,73797699,73797720,MA1714.1,-,8.45e-06,AluSg4,Alu,SINE
chr6,74291768,74291789,MA1714.1,+,8.45e-06,AluSz6,Alu,SINE
chr13,75841286,75841307,MA1714.1,-,8.45e-06,AluJr,Alu,SINE
chr4,76148241,76148262,MA1714.1,+,8.45e-06,L1PA7,L1,LINE
chr3,76443701,76443722,MA1714.1,-,8.45e-06,L1PA3,L1,LINE
chr4,76689841,76689862,MA1714.1,-,8.45e-06,L1M4,L1,LINE
chr16,77508884,77508905,MA1714.1,+,8.45e-06,L1MEc,L1,LINE
chr6,77650831,77650852,MA1714.1,+,8.45e-06,L1MA1,L1,LINE
chr11,77825946,77825967,MA1714.1,+,8.45e-06,AluJo,Alu,SINE
chr8,78184958,78184979,MA1714.1,-,8.45e-06,L1MA8,L1,LINE
chr5,78396144,78396165,MA1714.1,-,8.45e-06,L1PA3,L1,LINE
chr17,78511957,78511978,MA1714.1,-,8.45e-06,AluSx,Alu,SINE
chr1,79492247,79492268,MA1714.1,-,8.45e-06,AluJo,Alu,SINE
chr12,79944915,79944936,MA1714.1,+,8.45e-06,L1MB7,L1,LINE
chr1,80358682,80358703,MA1714.1,-,8.45e-06,L1PA3,L1,LINE
chr12,81121055,81121076,MA1714.1,-,8.45e-06,AluJb,Alu,SINE
chr16,81258014,81258035,MA1714.1,-,8.45e-06,AluSz,Alu,SINE
chr15,81331161,81331182,MA1714.1,+,8.45e-06,MIRb,MIR,SINE
chrX,81542574,81542595,MA1714.1,-,8.45e-06,L1M4c,L1,LINE
chr10,84057824,84057845,MA1714.1,+,8.45e-06,AluJo,Alu,SINE
chr2,84190296,84190317,MA1714.1,-,8.45e-06,L1MCa,L1,LINE
chr15,84356095,84356116,MA1714.1,-,8.45e-06,MER33,hAT-Charlie,DNA
chr10,84936318,84936339,MA1714.1,-,8.45e-06,L1M1,L1,LINE
chr5,85200316,85200337,MA1714.1,+,8.45e-06,L1M1,L1,LINE
chr14,88592973,88592994,MA1714.1,-,8.45e-06,L1PA5,L1,LINE
chr12,89026373,89026394,MA1714.1,+,8.45e-06,MIRb,MIR,SINE
chr5,89329044,89329065,MA1714.1,+,8.45e-06,L1PA7,L1,LINE
chr13,89651456,89651477,MA1714.1,+,8.45e-06,L1MEg,L1,LINE
chr8,89815027,89815048,MA1714.1,-,8.45e-06,L1MA4A,L1,LINE
chr4,90087330,90087351,MA1714.1,-,8.45e-06,MIRb,MIR,SINE
chr11,90315060,90315081,MA1714.1,-,8.45e-06,L1PA4,L1,LINE
chr14,91546263,91546284,MA1714.1,-,8.45e-06,L1MB4,L1,LINE
chr14,92081823,92081844,MA1714.1,-,8.45e-06,L1MA7,L1,LINE
chr10,92279538,92279559,MA1714.1,-,8.45e-06,L1PA13,L1,LINE
chr4,92693636,92693657,MA1714.1,-,8.45e-06,THE1A-int,ERVL-MaLR,LTR
chr10,93291100,93291121,MA1714.1,+,8.45e-06,L1PA5,L1,LINE
chr1,93471620,93471641,MA1714.1,-,8.45e-06,AluJb,Alu,SINE
chr11,94119076,94119097,MA1714.1,+,8.45e-06,L1PA5,L1,LINE
chr6,94288570,94288591,MA1714.1,-,8.45e-06,L1PB3,L1,LINE
chr4,94967618,94967639,MA1714.1,+,8.45e-06,L1P2,L1,LINE
chr7,96203007,96203028,MA1714.1,-,8.45e-06,L1PA7,L1,LINE
chr11,97074965,97074986,MA1714.1,+,8.45e-06,LTR16A1,ERVL,LTR
chr3,97140810,97140831,MA1714.1,+,8.45e-06,L1ME3F,L1,LINE
chr4,97197915,97197936,MA1714.1,+,8.45e-06,L1ME1,L1,LINE
chr11,97973901,97973922,MA1714.1,+,8.45e-06,L1MA2,L1,LINE
chr12,97976877,97976898,MA1714.1,+,8.45e-06,L1PA8,L1,LINE
chr6,98354887,98354908,MA1714.1,+,8.45e-06,L1P2,L1,LINE
chr8,98417011,98417032,MA1714.1,-,8.45e-06,L1PB1,L1,LINE
chr10,98773178,98773199,MA1714.1,-,8.45e-06,MIRb,MIR,SINE
chr1,99506830,99506851,MA1714.1,+,8.45e-06,L1PA8,L1,LINE
chr6,99653863,99653884,MA1714.1,+,8.45e-06,L1PA3,L1,LINE
chr15,100238085,100238106,MA1714.1,+,8.45e-06,L1MD3,L1,LINE
chr1,101457578,101457599,MA1714.1,+,8.45e-06,AluJb,Alu,SINE
chr11,102770264,102770285,MA1714.1,-,8.45e-06,AluSz,Alu,SINE
chr4,104120217,104120238,MA1714.1,-,8.45e-06,AluSx1,Alu,SINE
chr1,105841738,105841759,MA1714.1,-,8.45e-06,L1M1,L1,LINE
chrX,106666631,106666652,MA1714.1,+,8.45e-06,L1PA6,L1,LINE
chr13,107207633,107207654,MA1714.1,+,8.45e-06,AluSq2,Alu,SINE
chr8,107682302,107682323,MA1714.1,+,8.45e-06,L1MEg,L1,LINE
chr2,109037703,109037724,MA1714.1,-,8.45e-06,AluSz,Alu,SINE
chr4,110333651,110333672,MA1714.1,+,8.45e-06,MIR3,MIR,SINE
chr6,110545663,110545684,MA1714.1,-,8.45e-06,AluSx,Alu,SINE
chr3,111224978,111224999,MA1714.1,+,8.45e-06,L1ME1,L1,LINE
chr12,111491882,111491903,MA1714.1,+,8.45e-06,AluSx,Alu,SINE
chr11,111568658,111568679,MA1714.1,+,8.45e-06,AluJb,Alu,SINE
chr3,111971735,111971756,MA1714.1,+,8.45e-06,L1PREC2,L1,LINE
chr4,112843711,112843732,MA1714.1,-,8.45e-06,MIRc,MIR,SINE
chr3,113106810,113106831,MA1714.1,+,8.45e-06,L1MA3,L1,LINE
chr10,113414435,113414456,MA1714.1,-,8.45e-06,AluSz,Alu,SINE
chr1,113495855,113495876,MA1714.1,-,8.45e-06,AluSz,Alu,SINE
chr7,113696685,113696706,MA1714.1,+,8.45e-06,L1PA5,L1,LINE
chr9,114008395,114008416,MA1714.1,+,8.45e-06,AluSz,Alu,SINE
chr9,114969958,114969979,MA1714.1,-,8.45e-06,L1M4b,L1,LINE
chr6,115714195,115714216,MA1714.1,-,8.45e-06,L1P3,L1,LINE
chr6,115838967,115838988,MA1714.1,+,8.45e-06,L1PA8,L1,LINE
chr7,117763986,117764007,MA1714.1,+,8.45e-06,L1PA6,L1,LINE
chr7,119002595,119002616,MA1714.1,-,8.45e-06,LTR22C,ERVK,LTR
chr2,121736625,121736646,MA1714.1,-,8.45e-06,AluJo,Alu,SINE
chr5,122593251,122593272,MA1714.1,-,8.45e-06,L1P2,L1,LINE
chr9,122623406,122623427,MA1714.1,+,8.45e-06,L2c,L2,LINE
chrX,122709039,122709060,MA1714.1,+,8.45e-06,L1PA8,L1,LINE
chr12,122739522,122739543,MA1714.1,+,8.45e-06,AluSx1,Alu,SINE
chr7,123536251,123536272,MA1714.1,+,8.45e-06,L1PA3,L1,LINE
chr4,124084164,124084185,MA1714.1,+,8.45e-06,MIRb,MIR,SINE
chr7,124488641,124488662,MA1714.1,+,8.45e-06,AluSx1,Alu,SINE
chr4,124543438,124543459,MA1714.1,+,8.45e-06,AluJb,Alu,SINE
chr4,124558844,124558865,MA1714.1,-,8.45e-06,L1PA7,L1,LINE
chr3,125302349,125302370,MA1714.1,+,8.45e-06,AluSz,Alu,SINE
chr8,126420961,126420982,MA1714.1,-,8.45e-06,AluJb,Alu,SINE
chr5,126804259,126804280,MA1714.1,+,8.45e-06,AluSz,Alu,SINE
chr3,128932831,128932852,MA1714.1,+,8.45e-06,AluJr,Alu,SINE
chr7,129307923,129307944,MA1714.1,-,8.45e-06,L1ME3C,L1,LINE
chr6,129420388,129420409,MA1714.1,+,8.45e-06,MIR,MIR,SINE
chr9,130041787,130041808,MA1714.1,-,8.45e-06,L1M6,L1,LINE
chr6,130493780,130493801,MA1714.1,-,8.45e-06,L1PA8,L1,LINE
chr9,130971813,130971834,MA1714.1,-,8.45e-06,MER115,hAT-Tip100,DNA
chr7,131001926,131001947,MA1714.1,+,8.45e-06,L1PA8,L1,LINE
chr7,131388851,131388872,MA1714.1,+,8.45e-06,L1MD2,L1,LINE
chr4,131573229,131573250,MA1714.1,+,8.45e-06,L1PA8,L1,LINE
chr5,133290113,133290134,MA1714.1,+,8.45e-06,AluSx1,Alu,SINE
chr4,134594025,134594046,MA1714.1,-,8.45e-06,AluSx1,Alu,SINE
chr2,134729512,134729533,MA1714.1,-,8.45e-06,Tigger3a,TcMar-Tigger,DNA
chr5,136384759,136384780,MA1714.1,-,8.45e-06,L1PA2,L1,LINE
chr5,137305861,137305882,MA1714.1,+,8.45e-06,L1PA3,L1,LINE
chr3,137440493,137440514,MA1714.1,-,8.45e-06,HAL1,L1,LINE
chr5,138032100,138032121,MA1714.1,-,8.45e-06,MIRb,MIR,SINE
chrX,138241202,138241223,MA1714.1,+,8.45e-06,L1PA7,L1,LINE
chrX,139042800,139042821,MA1714.1,+,8.45e-06,L1PA8,L1,LINE
chr6,141056449,141056470,MA1714.1,+,8.45e-06,AluSc,Alu,SINE
chr4,142109430,142109451,MA1714.1,-,8.45e-06,L1PA8,L1,LINE
chr2,143234115,143234136,MA1714.1,-,8.45e-06,AluSx1,Alu,SINE
chr2,143696641,143696662,MA1714.1,+,8.45e-06,AluJb,Alu,SINE
chr2,143726406,143726427,MA1714.1,+,8.45e-06,AluJb,Alu,SINE
chr2,144197174,144197195,MA1714.1,-,8.45e-06,MIR,MIR,SINE
chr3,147842257,147842278,MA1714.1,+,8.45e-06,AluJb,Alu,SINE
chr3,151184438,151184459,MA1714.1,-,8.45e-06,AluSx1,Alu,SINE
chr4,151430456,151430477,MA1714.1,+,8.45e-06,L1MEc,L1,LINE
chr1,152482279,152482300,MA1714.1,-,8.45e-06,MamRep1161,TcMar,DNA
chr2,152809251,152809272,MA1714.1,+,8.45e-06,Charlie10a,hAT-Charlie,DNA
chr1,152934929,152934950,MA1714.1,-,8.45e-06,AluSc8,Alu,SINE
chr5,153066969,153066990,MA1714.1,+,8.45e-06,MIR,MIR,SINE
chr6,153273873,153273894,MA1714.1,+,8.45e-06,AluSx,Alu,SINE
chr1,153696501,153696522,MA1714.1,+,8.45e-06,AluJr,Alu,SINE
chr5,157684681,157684702,MA1714.1,+,8.45e-06,MIRb,MIR,SINE
chr3,159581260,159581281,MA1714.1,+,8.45e-06,L1ME4a,L1,LINE
chr2,160049232,160049253,MA1714.1,-,8.45e-06,AluSx,Alu,SINE
chr5,160237144,160237165,MA1714.1,-,8.45e-06,L1MD,L1,LINE
chr2,164431828,164431849,MA1714.1,-,8.45e-06,AluJr,Alu,SINE
chr5,165118839,165118860,MA1714.1,-,8.45e-06,L1PA7,L1,LINE
chr1,166752815,166752836,MA1714.1,-,8.45e-06,L1PA7,L1,LINE
chr6,167673493,167673514,MA1714.1,+,8.45e-06,L1PA8,L1,LINE
chr5,168148427,168148448,MA1714.1,-,8.45e-06,MIR,MIR,SINE
chr5,170646324,170646345,MA1714.1,-,8.45e-06,L1PA8,L1,LINE
chr2,173829113,173829134,MA1714.1,-,8.45e-06,MIR3,MIR,SINE
chr4,174379759,174379780,MA1714.1,+,8.45e-06,L1M2,L1,LINE
chr1,174925250,174925271,MA1714.1,-,8.45e-06,MIR,MIR,SINE
chr3,178659081,178659102,MA1714.1,-,8.45e-06,L1PA3,L1,LINE
chr1,178777448,178777469,MA1714.1,-,8.45e-06,L1MEd,L1,LINE
chr2,179832042,179832063,MA1714.1,+,8.45e-06,L1PA7,L1,LINE
chr2,179848754,179848775,MA1714.1,+,8.45e-06,L1PA3,L1,LINE
chr2,184715821,184715842,MA1714.1,+,8.45e-06,L1PA3,L1,LINE
chr2,184782192,184782213,MA1714.1,+,8.45e-06,L1PA4,L1,LINE
chr2,187512034,187512055,MA1714.1,-,8.45e-06,AluJb,Alu,SINE
chr1,187919555,187919576,MA1714.1,-,8.45e-06,AluJr,Alu,SINE
chr2,188148329,188148350,MA1714.1,-,8.45e-06,L1M1,L1,LINE
chr3,188754047,188754068,MA1714.1,+,8.45e-06,L1PA16,L1,LINE
chr4,191034743,191034764,MA1714.1,-,8.45e-06,L1MC3,L1,LINE
chr1,210168537,210168558,MA1714.1,+,8.45e-06,L1P4a,L1,LINE
chr2,227972230,227972251,MA1714.1,-,8.45e-06,L1ME4a,L1,LINE
chr3,923454,923475,MA1714.1,-,8.5e-06,L1PB4,L1,LINE
chr20,1076369,1076390,MA1714.1,+,8.5e-06,MIRb,MIR,SINE
chr1,4374546,4374567,MA1714.1,-,8.5e-06,MSTA-int,ERVL-MaLR,LTR
chr10,5133677,5133698,MA1714.1,-,8.5e-06,L1M4c,L1,LINE
chr1,5598288,5598309,MA1714.1,+,8.5e-06,L1MA6,L1,LINE
chr19,12386355,12386376,MA1714.1,+,8.5e-06,AluY,Alu,SINE
chr16,13010268,13010289,MA1714.1,-,8.5e-06,MIR,MIR,SINE
chr3,13404607,13404628,MA1714.1,+,8.5e-06,MIRb,MIR,SINE
chr10,16703625,16703646,MA1714.1,-,8.5e-06,L1ME4a,L1,LINE
chr20,17385752,17385773,MA1714.1,-,8.5e-06,MIRb,MIR,SINE
chr11,17416579,17416600,MA1714.1,+,8.5e-06,MIR3,MIR,SINE
chr5,18856572,18856593,MA1714.1,+,8.5e-06,THE1B-int,ERVL-MaLR,LTR
chr6,22314176,22314197,MA1714.1,-,8.5e-06,MSTA-int,ERVL-MaLR,LTR
chr7,24358688,24358709,MA1714.1,-,8.5e-06,MIRb,MIR,SINE
chr7,25197016,25197037,MA1714.1,+,8.5e-06,L1MC3,L1,LINE
chr6,25545667,25545688,MA1714.1,+,8.5e-06,L1MEe,L1,LINE
chr6,26129585,26129606,MA1714.1,-,8.5e-06,AluSx,Alu,SINE
chr21,29662720,29662741,MA1714.1,-,8.5e-06,THE1B-int,ERVL-MaLR,LTR
chr11,30179833,30179854,MA1714.1,+,8.5e-06,MIRb,MIR,SINE
chr5,30481608,30481629,MA1714.1,-,8.5e-06,THE1C-int,ERVL-MaLR,LTR
chr18,32576619,32576640,MA1714.1,+,8.5e-06,MIR,MIR,SINE
chr11,32699988,32700009,MA1714.1,+,8.5e-06,MIR,MIR,SINE
chr9,33882775,33882796,MA1714.1,-,8.5e-06,L1MB8,L1,LINE
chr4,34875188,34875209,MA1714.1,+,8.5e-06,L1PA8,L1,LINE
chr7,35233932,35233953,MA1714.1,-,8.5e-06,L1MC2,L1,LINE
chr9,35524454,35524475,MA1714.1,+,8.5e-06,L1MC4,L1,LINE
chr10,37129070,37129091,MA1714.1,-,8.5e-06,MIR,MIR,SINE
chr20,37437600,37437621,MA1714.1,+,8.5e-06,AluSz,Alu,SINE
chr17,38497216,38497237,MA1714.1,+,8.5e-06,MIRb,MIR,SINE
chr8,38522345,38522366,MA1714.1,+,8.5e-06,FRAM,Alu,SINE
chr8,39205730,39205751,MA1714.1,+,8.5e-06,L1MC1,L1,LINE
chr6,39314848,39314869,MA1714.1,-,8.5e-06,MIR,MIR,SINE
chr3,40365189,40365210,MA1714.1,-,8.5e-06,L1M4,L1,LINE
chr20,41046645,41046666,MA1714.1,-,8.5e-06,MIRb,MIR,SINE
chr3,43067374,43067395,MA1714.1,+,8.5e-06,L1M7,L1,LINE
chr22,43798554,43798575,MA1714.1,+,8.5e-06,MIRb,MIR,SINE
chr1,44158895,44158916,MA1714.1,-,8.5e-06,L3,CR1,LINE
chr22,45321033,45321054,MA1714.1,+,8.5e-06,L1ME1,L1,LINE
chr13,48642566,48642587,MA1714.1,+,8.5e-06,MER61-int,ERV1,LTR
chr16,48814762,48814783,MA1714.1,-,8.5e-06,L1PB1,L1,LINE
chr11,49782117,49782138,MA1714.1,-,8.5e-06,MIRb,MIR,SINE
chr18,50069697,50069718,MA1714.1,-,8.5e-06,MER33,hAT-Charlie,DNA
chr6,50610633,50610654,MA1714.1,+,8.5e-06,L1PB4,L1,LINE
chr19,51698299,51698320,MA1714.1,-,8.5e-06,LTR43B,ERV1,LTR
chr19,51886919,51886940,MA1714.1,-,8.5e-06,MIR,MIR,SINE
chr7,53972218,53972239,MA1714.1,-,8.5e-06,THE1C-int,ERVL-MaLR,LTR
chr10,54228795,54228816,MA1714.1,+,8.5e-06,L1MB3,L1,LINE
chr3,55214289,55214310,MA1714.1,-,8.5e-06,MIRc,MIR,SINE
chr8,55743102,55743123,MA1714.1,-,8.5e-06,L1MEf,L1,LINE
chr8,56296241,56296262,MA1714.1,-,8.5e-06,MIR,MIR,SINE
chr5,56380050,56380071,MA1714.1,+,8.5e-06,L1ME3A,L1,LINE
chr11,56416390,56416411,MA1714.1,+,8.5e-06,MER20B,hAT-Charlie,DNA
chr18,57228325,57228346,MA1714.1,+,8.5e-06,HERVL18-int,ERVL,LTR
chr11,58745466,58745487,MA1714.1,-,8.5e-06,MIRb,MIR,SINE
chr17,58832913,58832934,MA1714.1,-,8.5e-06,L1ME4a,L1,LINE
chrY,59167078,59167099,MA1714.1,+,8.5e-06,THE1B-int,ERVL-MaLR,LTR
chr17,60393296,60393317,MA1714.1,+,8.5e-06,MLT1D,ERVL-MaLR,LTR
chr5,60483848,60483869,MA1714.1,+,8.5e-06,MSTA-int,ERVL-MaLR,LTR
chr17,63423227,63423248,MA1714.1,-,8.5e-06,MLT1G3,ERVL-MaLR,LTR
chr12,64070435,64070456,MA1714.1,-,8.5e-06,L1MC2,L1,LINE
chr14,64308311,64308332,MA1714.1,-,8.5e-06,L1MC,L1,LINE
chr2,64330511,64330532,MA1714.1,+,8.5e-06,MER20B,hAT-Charlie,DNA
chr11,65169409,65169430,MA1714.1,-,8.5e-06,L1MD,L1,LINE
chrX,71782366,71782387,MA1714.1,+,8.5e-06,L1PB1,L1,LINE
chr6,71948739,71948760,MA1714.1,-,8.5e-06,MIRb,MIR,SINE
chrX,72759181,72759202,MA1714.1,+,8.5e-06,AluJr,Alu,SINE
chr2,75439283,75439304,MA1714.1,-,8.5e-06,L1M4,L1,LINE
chr15,76543194,76543215,MA1714.1,+,8.5e-06,L1ME3C,L1,LINE
chr6,80207961,80207982,MA1714.1,+,8.5e-06,L1MC4,L1,LINE
chr5,80546283,80546304,MA1714.1,-,8.5e-06,L1MEd,L1,LINE
chr16,80943543,80943564,MA1714.1,+,8.5e-06,MIRb,MIR,SINE
chr14,82598979,82599000,MA1714.1,+,8.5e-06,LTR33,ERVL,LTR
chr4,84245346,84245367,MA1714.1,-,8.5e-06,AluSq2,Alu,SINE
chr11,88601568,88601589,MA1714.1,+,8.5e-06,MIRb,MIR,SINE
chr8,89160148,89160169,MA1714.1,-,8.5e-06,L1MEd,L1,LINE
chr7,89194709,89194730,MA1714.1,+,8.5e-06,L1MA7,L1,LINE
chr7,89740595,89740616,MA1714.1,+,8.5e-06,L1MC2,L1,LINE
chr1,89779591,89779612,MA1714.1,-,8.5e-06,MER61-int,ERV1,LTR
chr7,91585631,91585652,MA1714.1,+,8.5e-06,AluY,Alu,SINE
chr6,92514907,92514928,MA1714.1,-,8.5e-06,L1ME1,L1,LINE
chr9,92878462,92878483,MA1714.1,+,8.5e-06,L2a,L2,LINE
chr3,93517451,93517472,MA1714.1,-,8.5e-06,ALR/Alpha,centr,Satellite
chrX,96866833,96866854,MA1714.1,-,8.5e-06,MLT1I,ERVL-MaLR,LTR
chr6,97274983,97275004,MA1714.1,+,8.5e-06,L1MEe,L1,LINE
chr11,98142010,98142031,MA1714.1,-,8.5e-06,L1MB8,L1,LINE
chr12,99032137,99032158,MA1714.1,-,8.5e-06,AluJb,Alu,SINE
chr8,99144927,99144948,MA1714.1,+,8.5e-06,MIR,MIR,SINE
chr2,99904384,99904405,MA1714.1,-,8.5e-06,L1MEe,L1,LINE
chr2,101422927,101422948,MA1714.1,-,8.5e-06,MIRb,MIR,SINE
chr7,101482939,101482960,MA1714.1,-,8.5e-06,L1ME5,L1,LINE
chr8,101757755,101757776,MA1714.1,-,8.5e-06,MamRep605,MamRep605,Unknown
chr7,102927410,102927431,MA1714.1,-,8.5e-06,L1MC2,L1,LINE
chr3,105669313,105669334,MA1714.1,-,8.5e-06,L1MCa,L1,LINE
chr4,107904982,107905003,MA1714.1,+,8.5e-06,L1MD1,L1,LINE
chr9,108102173,108102194,MA1714.1,+,8.5e-06,L1MB2,L1,LINE
chr12,108514976,108514997,MA1714.1,+,8.5e-06,MIRb,MIR,SINE
chr3,108985559,108985580,MA1714.1,+,8.5e-06,AluSz,Alu,SINE
chr12,112737184,112737205,MA1714.1,+,8.5e-06,AluJb,Alu,SINE
chr11,113421557,113421578,MA1714.1,-,8.5e-06,AluJo,Alu,SINE
chr7,114387618,114387639,MA1714.1,-,8.5e-06,LTR88a,Gypsy,LTR
chr4,116240033,116240054,MA1714.1,+,8.5e-06,MIR,MIR,SINE
chr2,118348850,118348871,MA1714.1,-,8.5e-06,L1PB1,L1,LINE
chr6,118811658,118811679,MA1714.1,+,8.5e-06,L1ME2,L1,LINE
chr2,120222426,120222447,MA1714.1,+,8.5e-06,MIRb,MIR,SINE
chr8,120352893,120352914,MA1714.1,+,8.5e-06,ERV3-16A3_I-int,ERVL,LTR
chr2,120711295,120711316,MA1714.1,-,8.5e-06,MIRb,MIR,SINE
chr10,123393537,123393558,MA1714.1,+,8.5e-06,L1ME4a,L1,LINE
chr6,123400563,123400584,MA1714.1,-,8.5e-06,L1ME3E,L1,LINE
chr2,124502239,124502260,MA1714.1,-,8.5e-06,L1MB8,L1,LINE
chr12,125462432,125462453,MA1714.1,-,8.5e-06,MER112,hAT-Charlie,DNA
chr9,128956212,128956233,MA1714.1,-,8.5e-06,L1M5,L1,LINE
chr4,129426267,129426288,MA1714.1,-,8.5e-06,L1MC4a,L1,LINE
chrX,130791563,130791584,MA1714.1,+,8.5e-06,L1P2,L1,LINE
chr5,132850338,132850359,MA1714.1,+,8.5e-06,L1M6,L1,LINE
chr2,134507517,134507538,MA1714.1,+,8.5e-06,MIRb,MIR,SINE
chr5,135794703,135794724,MA1714.1,+,8.5e-06,MLT1A,ERVL-MaLR,LTR
chr5,137357726,137357747,MA1714.1,+,8.5e-06,AluJb,Alu,SINE
chr3,137815947,137815968,MA1714.1,+,8.5e-06,AluJb,Alu,SINE
chr5,138504410,138504431,MA1714.1,+,8.5e-06,AluJb,Alu,SINE
chr3,139980628,139980649,MA1714.1,-,8.5e-06,L1MC3,L1,LINE
chr7,140138901,140138922,MA1714.1,-,8.5e-06,AluJb,Alu,SINE
chr2,152888850,152888871,MA1714.1,-,8.5e-06,MIR3,MIR,SINE
chr7,154976730,154976751,MA1714.1,-,8.5e-06,L1MEf,L1,LINE
chrX,155064072,155064093,MA1714.1,+,8.5e-06,THE1B-int,ERVL-MaLR,LTR
chr4,156743003,156743024,MA1714.1,+,8.5e-06,MER61B,ERV1,LTR
chr5,158949912,158949933,MA1714.1,+,8.5e-06,L1M5,L1,LINE
chr5,160602950,160602971,MA1714.1,-,8.5e-06,L1MEf,L1,LINE
chr3,160955640,160955661,MA1714.1,-,8.5e-06,L1M5,L1,LINE
chr1,163090891,163090912,MA1714.1,+,8.5e-06,L1PA16,L1,LINE
chr1,168123633,168123654,MA1714.1,-,8.5e-06,L2c,L2,LINE
chr3,174128864,174128885,MA1714.1,+,8.5e-06,L2,L2,LINE
chr1,184317403,184317424,MA1714.1,-,8.5e-06,L1MEf,L1,LINE
chr4,189253397,189253418,MA1714.1,+,8.5e-06,AluJb,Alu,SINE
chr2,215838360,215838381,MA1714.1,-,8.5e-06,LFSINE_Vert,SINE,SINE
chr2,222612808,222612829,MA1714.1,+,8.5e-06,LTR78B,ERV1,LTR
chr2,230600175,230600196,MA1714.1,+,8.5e-06,AluJr,Alu,SINE
chr1,245190966,245190987,MA1714.1,-,8.5e-06,HAL1b,L1,LINE
chrUn_gl000235,33594,33615,MA1714.1,+,8.55e-06,MamGypLTR1c,Gypsy,LTR
chr7,2576216,2576237,MA1714.1,+,8.55e-06,L1MEg,L1,LINE
chrY,2682592,2682613,MA1714.1,-,8.55e-06,L1PA15,L1,LINE
chr3,3316686,3316707,MA1714.1,+,8.55e-06,MIRc,MIR,SINE
chrY,4140331,4140352,MA1714.1,+,8.55e-06,L1M3,L1,LINE
chrX,4347099,4347120,MA1714.1,-,8.55e-06,THE1C,ERVL-MaLR,LTR
chr16,7099678,7099699,MA1714.1,-,8.55e-06,L1MD2,L1,LINE
chr1,8216050,8216071,MA1714.1,-,8.55e-06,AluJr,Alu,SINE
chr7,12261382,12261403,MA1714.1,+,8.55e-06,L1MEc,L1,LINE
chr8,12989209,12989230,MA1714.1,-,8.55e-06,MIRb,MIR,SINE
chr5,13116091,13116112,MA1714.1,+,8.55e-06,THE1C,ERVL-MaLR,LTR
chrY,13402056,13402077,MA1714.1,-,8.55e-06,MamGypLTR1c,Gypsy,LTR
chr5,15402233,15402254,MA1714.1,+,8.55e-06,L1M4,L1,LINE
chr8,15585850,15585871,MA1714.1,-,8.55e-06,L2,L2,LINE
chr12,15591637,15591658,MA1714.1,+,8.55e-06,L1PA16,L1,LINE
chr9,15652530,15652551,MA1714.1,-,8.55e-06,AluSx1,Alu,SINE
chr21,18757454,18757475,MA1714.1,-,8.55e-06,L1PB1,L1,LINE
chr16,19087985,19088006,MA1714.1,-,8.55e-06,AluSx,Alu,SINE
chr9,20166363,20166384,MA1714.1,+,8.55e-06,L1MC4a,L1,LINE
chr8,21678479,21678500,MA1714.1,+,8.55e-06,MLT1L,ERVL-MaLR,LTR
chr21,21834928,21834949,MA1714.1,+,8.55e-06,L1MA9,L1,LINE
chr18,23366380,23366401,MA1714.1,+,8.55e-06,L1ME3C,L1,LINE
chr11,23448488,23448509,MA1714.1,-,8.55e-06,L1MA8,L1,LINE
chr15,23795503,23795524,MA1714.1,-,8.55e-06,L1M1,L1,LINE
chr13,24747624,24747645,MA1714.1,-,8.55e-06,L1MD1,L1,LINE
chr10,25300879,25300900,MA1714.1,+,8.55e-06,THE1B-int,ERVL-MaLR,LTR
chr16,28056378,28056399,MA1714.1,+,8.55e-06,L1MC1,L1,LINE
chr1,30029150,30029171,MA1714.1,+,8.55e-06,MIRb,MIR,SINE
chr5,31694034,31694055,MA1714.1,+,8.55e-06,MIRc,MIR,SINE
chr18,34641250,34641271,MA1714.1,+,8.55e-06,L1ME3,L1,LINE
chr13,34701813,34701834,MA1714.1,+,8.55e-06,ERVL-E-int,ERVL,LTR
chr2,35914982,35915003,MA1714.1,-,8.55e-06,L1MC5,L1,LINE
chr10,37174664,37174685,MA1714.1,+,8.55e-06,MamGypLTR1d,Gypsy,LTR
chr10,38103640,38103661,MA1714.1,-,8.55e-06,L1M4c,L1,LINE
chr6,39986609,39986630,MA1714.1,+,8.55e-06,L1M3c,L1,LINE
chr5,40581183,40581204,MA1714.1,-,8.55e-06,L1MA8,L1,LINE
chrX,43067207,43067228,MA1714.1,+,8.55e-06,MSTA-int,ERVL-MaLR,LTR
chr21,43984393,43984414,MA1714.1,+,8.55e-06,AluJr,Alu,SINE
chr13,44496072,44496093,MA1714.1,-,8.55e-06,AluJo,Alu,SINE
chr5,44853181,44853202,MA1714.1,-,8.55e-06,THE1B,ERVL-MaLR,LTR
chr2,45286533,45286554,MA1714.1,-,8.55e-06,MIRb,MIR,SINE
chr18,47781752,47781773,MA1714.1,+,8.55e-06,L1MD2,L1,LINE
chr13,50298067,50298088,MA1714.1,-,8.55e-06,L1MB8,L1,LINE
chr1,51401171,51401192,MA1714.1,-,8.55e-06,AluSx1,Alu,SINE
chr7,52575248,52575269,MA1714.1,+,8.55e-06,AluSx1,Alu,SINE
chr7,54088414,54088435,MA1714.1,-,8.55e-06,L1PB1,L1,LINE
chr6,54354482,54354503,MA1714.1,-,8.55e-06,L1MA3,L1,LINE
chr1,54399435,54399456,MA1714.1,-,8.55e-06,L1ME2,L1,LINE
chr10,54942494,54942515,MA1714.1,+,8.55e-06,L1MB1,L1,LINE
chr15,55270782,55270803,MA1714.1,+,8.55e-06,L1PB1,L1,LINE
chr19,57691178,57691199,MA1714.1,+,8.55e-06,THE1C,ERVL-MaLR,LTR
chr3,57930518,57930539,MA1714.1,-,8.55e-06,L1MC4,L1,LINE
chr15,58533853,58533874,MA1714.1,-,8.55e-06,MIR,MIR,SINE
chr16,59259017,59259038,MA1714.1,-,8.55e-06,ERV3-16A3_I-int,ERVL,LTR
chr1,59633291,59633312,MA1714.1,+,8.55e-06,L1PA13,L1,LINE
chr1,60897409,60897430,MA1714.1,-,8.55e-06,MLT1D,ERVL-MaLR,LTR
chr12,61735562,61735583,MA1714.1,-,8.55e-06,L1MC1,L1,LINE
chr5,65657430,65657451,MA1714.1,-,8.55e-06,MIR,MIR,SINE
chr17,67844086,67844107,MA1714.1,+,8.55e-06,L1PB1,L1,LINE
chr15,69493437,69493458,MA1714.1,-,8.55e-06,MLT1E2,ERVL-MaLR,LTR
chr11,69505819,69505840,MA1714.1,+,8.55e-06,L1MDa,L1,LINE
chr3,70150864,70150885,MA1714.1,-,8.55e-06,MIRc,MIR,SINE
chr16,70162437,70162458,MA1714.1,-,8.55e-06,MIRc,MIR,SINE
chr15,70636084,70636105,MA1714.1,-,8.55e-06,L1MC5,L1,LINE
chr9,73719956,73719977,MA1714.1,+,8.55e-06,L1ME3,L1,LINE
chr2,75305507,75305528,MA1714.1,+,8.55e-06,MIRb,MIR,SINE
chr14,75662193,75662214,MA1714.1,-,8.55e-06,MIR,MIR,SINE
chr13,76297141,76297162,MA1714.1,+,8.55e-06,L1PB1,L1,LINE
chr2,76822987,76823008,MA1714.1,+,8.55e-06,L1M2,L1,LINE
chr5,77543682,77543703,MA1714.1,-,8.55e-06,L1MEf,L1,LINE
chr6,77698741,77698762,MA1714.1,+,8.55e-06,LTR1,ERV1,LTR
chr15,77869399,77869420,MA1714.1,+,8.55e-06,L3,CR1,LINE
chr16,78107145,78107166,MA1714.1,+,8.55e-06,L1MA1,L1,LINE
chr13,78267640,78267661,MA1714.1,+,8.55e-06,MIRc,MIR,SINE
chr6,79839017,79839038,MA1714.1,-,8.55e-06,L1PB1,L1,LINE
chr10,80542019,80542040,MA1714.1,-,8.55e-06,MER113,hAT-Charlie,DNA
chr5,80617869,80617890,MA1714.1,+,8.55e-06,L1MEd,L1,LINE
chr12,81082717,81082738,MA1714.1,+,8.55e-06,L1ME2,L1,LINE
chrX,82344232,82344253,MA1714.1,-,8.55e-06,L1PA4,L1,LINE
chr14,86072420,86072441,MA1714.1,-,8.55e-06,Tigger13a,TcMar-Tigger,DNA
chr1,88115278,88115299,MA1714.1,-,8.55e-06,LTR85a,Gypsy,LTR
chr8,88157233,88157254,MA1714.1,+,8.55e-06,L1MEe,L1,LINE
chrX,89945118,89945139,MA1714.1,+,8.55e-06,L1M2,L1,LINE
chr13,90432028,90432049,MA1714.1,+,8.55e-06,THE1C,ERVL-MaLR,LTR
chr8,91981458,91981479,MA1714.1,+,8.55e-06,L1MB5,L1,LINE
chr10,92602304,92602325,MA1714.1,+,8.55e-06,MIRb,MIR,SINE
chr10,93297239,93297260,MA1714.1,+,8.55e-06,MIRb,MIR,SINE
chr11,94075452,94075473,MA1714.1,-,8.55e-06,AluSc8,Alu,SINE
chr1,95225204,95225225,MA1714.1,+,8.55e-06,L1MA9,L1,LINE
chr10,95638811,95638832,MA1714.1,+,8.55e-06,L1MEf,L1,LINE
chr13,97946207,97946228,MA1714.1,-,8.55e-06,L1PB1,L1,LINE
chr1,100077994,100078015,MA1714.1,-,8.55e-06,L1MA7,L1,LINE
chr8,101895368,101895389,MA1714.1,-,8.55e-06,LTR33C,ERVL,LTR
chr1,106392983,106393004,MA1714.1,+,8.55e-06,MSTA-int,ERVL-MaLR,LTR
chr3,106986200,106986221,MA1714.1,+,8.55e-06,MLT1J1-int,ERVL-MaLR,LTR
chr6,107185055,107185076,MA1714.1,-,8.55e-06,MER21B,ERVL,LTR
chr2,107989443,107989464,MA1714.1,+,8.55e-06,L1M6,L1,LINE
chr12,108394611,108394632,MA1714.1,-,8.55e-06,L1MA5,L1,LINE
chr7,110292001,110292022,MA1714.1,+,8.55e-06,L1MEg,L1,LINE
chr11,112572129,112572150,MA1714.1,-,8.55e-06,L1PA16,L1,LINE
chr6,113959844,113959865,MA1714.1,+,8.55e-06,MIRb,MIR,SINE
chr10,115047783,115047804,MA1714.1,+,8.55e-06,MIRb,MIR,SINE
chr1,116109637,116109658,MA1714.1,+,8.55e-06,L1MA4A,L1,LINE
chr12,117590032,117590053,MA1714.1,+,8.55e-06,AluJb,Alu,SINE
chr4,117768925,117768946,MA1714.1,+,8.55e-06,L1PA16,L1,LINE
chr3,118012051,118012072,MA1714.1,-,8.55e-06,L1ME1,L1,LINE
chr4,118354079,118354100,MA1714.1,-,8.55e-06,L1MEg,L1,LINE
chrX,122221005,122221026,MA1714.1,-,8.55e-06,MIRb,MIR,SINE
chr10,122766048,122766069,MA1714.1,-,8.55e-06,L1PA15-16,L1,LINE
chr5,130061002,130061023,MA1714.1,+,8.55e-06,MIRb,MIR,SINE
chr6,135324599,135324620,MA1714.1,+,8.55e-06,FRAM,Alu,SINE
chr2,147594105,147594126,MA1714.1,+,8.55e-06,MLT1H-int,ERVL-MaLR,LTR
chr1,152210091,152210112,MA1714.1,+,8.55e-06,MSTA,ERVL-MaLR,LTR
chr4,153051631,153051652,MA1714.1,-,8.55e-06,L1MEc,L1,LINE
chr4,160810849,160810870,MA1714.1,-,8.55e-06,L1MC3,L1,LINE
chr6,162520989,162521010,MA1714.1,-,8.55e-06,L1MA8,L1,LINE
chr5,163224594,163224615,MA1714.1,-,8.55e-06,L1PB1,L1,LINE
chr5,173147325,173147346,MA1714.1,-,8.55e-06,MER113A,hAT-Charlie,DNA
chr1,174102284,174102305,MA1714.1,+,8.55e-06,AluJo,Alu,SINE
chr5,174215070,174215091,MA1714.1,-,8.55e-06,MSTD,ERVL-MaLR,LTR
chr5,175569609,175569630,MA1714.1,+,8.55e-06,MSTA-int,ERVL-MaLR,LTR
chr4,177920996,177921017,MA1714.1,+,8.55e-06,L1MB2,L1,LINE
chr4,179512976,179512997,MA1714.1,+,8.55e-06,ERVL-B4-int,ERVL,LTR
chr1,187248920,187248941,MA1714.1,-,8.55e-06,MER58B,hAT-Charlie,DNA
chr1,192913846,192913867,MA1714.1,-,8.55e-06,L1PB2,L1,LINE
chr2,206936405,206936426,MA1714.1,-,8.55e-06,L1M7,L1,LINE
chr2,210153120,210153141,MA1714.1,+,8.55e-06,L1MC1,L1,LINE
chr2,223560636,223560657,MA1714.1,-,8.55e-06,L1PB1,L1,LINE
chr2,224802353,224802374,MA1714.1,-,8.55e-06,MIR,MIR,SINE
chr2,229685822,229685843,MA1714.1,-,8.55e-06,THE1B,ERVL-MaLR,LTR
chr2,239864703,239864724,MA1714.1,+,8.55e-06,MER20,hAT-Charlie,DNA
chr17_ctg5_hap1,507939,507960,MA1714.1,+,8.61e-06,AluSz6,Alu,SINE
chr7,2488623,2488644,MA1714.1,-,8.61e-06,AluSx1,Alu,SINE
chr18,2713607,2713628,MA1714.1,+,8.61e-06,AluSc,Alu,SINE
chr17,2722839,2722860,MA1714.1,-,8.61e-06,AluSx,Alu,SINE
chr10,2855408,2855429,MA1714.1,-,8.61e-06,AluSx,Alu,SINE
chr19,3552544,3552565,MA1714.1,-,8.61e-06,AluSx1,Alu,SINE
chr16,3733241,3733262,MA1714.1,+,8.61e-06,L1MC3,L1,LINE
chr6_qbl_hap6,4162840,4162861,MA1714.1,+,8.61e-06,L1MA4,L1,LINE
chr6_apd_hap1,4217693,4217714,MA1714.1,+,8.61e-06,L1MA4,L1,LINE
chr6_mcf_hap5,4267562,4267583,MA1714.1,+,8.61e-06,L1MA4,L1,LINE
chr6_ssto_hap7,4361465,4361486,MA1714.1,+,8.61e-06,L1MA4,L1,LINE
chr6_cox_hap2,4375235,4375256,MA1714.1,+,8.61e-06,L1MA4,L1,LINE
chr6_mann_hap4,4387917,4387938,MA1714.1,+,8.61e-06,L1MA4,L1,LINE
chr8,5876523,5876544,MA1714.1,+,8.61e-06,AluSz,Alu,SINE
chr20,6092203,6092224,MA1714.1,+,8.61e-06,AluSz6,Alu,SINE
chr16,7042290,7042311,MA1714.1,-,8.61e-06,AluSx1,Alu,SINE
chr17,7275424,7275445,MA1714.1,+,8.61e-06,AluSx,Alu,SINE
chr19,7336316,7336337,MA1714.1,-,8.61e-06,AluSz6,Alu,SINE
chr5,7846590,7846611,MA1714.1,-,8.61e-06,MLT1A0,ERVL-MaLR,LTR
chr19,8217648,8217669,MA1714.1,+,8.61e-06,AluY,Alu,SINE
chr10,8254600,8254621,MA1714.1,-,8.61e-06,AluSz,Alu,SINE
chr19,8401988,8402009,MA1714.1,-,8.61e-06,AluSx,Alu,SINE
chr16,9156427,9156448,MA1714.1,+,8.61e-06,AluSz,Alu,SINE
chr17,9222149,9222170,MA1714.1,+,8.61e-06,HAL1,L1,LINE
chr4,10028137,10028158,MA1714.1,+,8.61e-06,L1MB5,L1,LINE
chr19,10111893,10111914,MA1714.1,-,8.61e-06,AluSz,Alu,SINE
chr3,10712174,10712195,MA1714.1,-,8.61e-06,AluSq,Alu,SINE
chr2,11238862,11238883,MA1714.1,-,8.61e-06,AluSz6,Alu,SINE
chr11,11892246,11892267,MA1714.1,-,8.61e-06,L1MD1,L1,LINE
chr7,13867940,13867961,MA1714.1,-,8.61e-06,AluSx,Alu,SINE
chr19,14251749,14251770,MA1714.1,+,8.61e-06,AluSx,Alu,SINE
chr16,15278930,15278951,MA1714.1,-,8.61e-06,AluSz6,Alu,SINE
chr10,15563908,15563929,MA1714.1,+,8.61e-06,L1MA4,L1,LINE
chr3,15815806,15815827,MA1714.1,+,8.61e-06,L1MD,L1,LINE
chr16,16747526,16747547,MA1714.1,-,8.61e-06,L1MA4A,L1,LINE
chr16,17286741,17286762,MA1714.1,-,8.61e-06,AluSz,Alu,SINE
chr11,18015554,18015575,MA1714.1,-,8.61e-06,L2c,L2,LINE
chr16,18190533,18190554,MA1714.1,-,8.61e-06,AluSz6,Alu,SINE
chr3,18591241,18591262,MA1714.1,+,8.61e-06,L1PB1,L1,LINE
chr16,18716687,18716708,MA1714.1,+,8.61e-06,L1MA4A,L1,LINE
chr20,18860669,18860690,MA1714.1,-,8.61e-06,L1PB1,L1,LINE
chrX,18869646,18869667,MA1714.1,-,8.61e-06,L1MC3,L1,LINE
chr22,19641431,19641452,MA1714.1,+,8.61e-06,L1MB7,L1,LINE
chr5,20090568,20090589,MA1714.1,+,8.61e-06,AluSx1,Alu,SINE
chr3,20808012,20808033,MA1714.1,-,8.61e-06,L1MA4A,L1,LINE
chr4,21790620,21790641,MA1714.1,+,8.61e-06,AluSc,Alu,SINE
chr8,22557023,22557044,MA1714.1,+,8.61e-06,AluSz,Alu,SINE
chr7,23091731,23091752,MA1714.1,+,8.61e-06,AluSq,Alu,SINE
chr7,23585759,23585780,MA1714.1,-,8.61e-06,AluSx,Alu,SINE
chr5,23664202,23664223,MA1714.1,+,8.61e-06,MIRb,MIR,SINE
chr21,26184268,26184289,MA1714.1,-,8.61e-06,AluSc8,Alu,SINE
chr16,27012930,27012951,MA1714.1,-,8.61e-06,MLT1A0,ERVL-MaLR,LTR
chr13,27243722,27243743,MA1714.1,-,8.61e-06,AluSq2,Alu,SINE
chr18,27648437,27648458,MA1714.1,-,8.61e-06,AluSx,Alu,SINE
chr2,27919349,27919370,MA1714.1,+,8.61e-06,L3,CR1,LINE
chr14,28127994,28128015,MA1714.1,-,8.61e-06,L1MDa,L1,LINE
chr1,28362397,28362418,MA1714.1,-,8.61e-06,AluSx1,Alu,SINE
chrX,28615772,28615793,MA1714.1,+,8.61e-06,AluSq2,Alu,SINE
chr8,29044972,29044993,MA1714.1,+,8.61e-06,AluSx1,Alu,SINE
chr19,30092823,30092844,MA1714.1,+,8.61e-06,AluSz,Alu,SINE
chr17,30545493,30545514,MA1714.1,+,8.61e-06,AluJb,Alu,SINE
chr16,30586639,30586660,MA1714.1,-,8.61e-06,AluSq2,Alu,SINE
chr12,32198212,32198233,MA1714.1,+,8.61e-06,AluSx,Alu,SINE
chr20,32885869,32885890,MA1714.1,+,8.61e-06,AluSx1,Alu,SINE
chr6,32930697,32930718,MA1714.1,+,8.61e-06,L1MA4,L1,LINE
chr3,33024740,33024761,MA1714.1,-,8.61e-06,L1MEg,L1,LINE
chr11,33689010,33689031,MA1714.1,-,8.61e-06,AluSc8,Alu,SINE
chr11,33907493,33907514,MA1714.1,-,8.61e-06,AluSq2,Alu,SINE
chr10,34232817,34232838,MA1714.1,+,8.61e-06,L3,CR1,LINE
chr2,34419020,34419041,MA1714.1,+,8.61e-06,AluSz,Alu,SINE
chr11,34915774,34915795,MA1714.1,-,8.61e-06,L3b,CR1,LINE
chr5,35903601,35903622,MA1714.1,-,8.61e-06,AluSx,Alu,SINE
chr2,36006193,36006214,MA1714.1,+,8.61e-06,THE1A-int,ERVL-MaLR,LTR
chr22,36195925,36195946,MA1714.1,+,8.61e-06,AluJo,Alu,SINE
chr17,36471745,36471766,MA1714.1,-,8.61e-06,AluSq,Alu,SINE
chr17,36534908,36534929,MA1714.1,+,8.61e-06,AluJb,Alu,SINE
chr20,36780538,36780559,MA1714.1,-,8.61e-06,ORSL,hAT-Tip100,DNA
chr20,37131317,37131338,MA1714.1,-,8.61e-06,AluSz6,Alu,SINE
chr5,37252421,37252442,MA1714.1,+,8.61e-06,MSTA,ERVL-MaLR,LTR
chr18,38472772,38472793,MA1714.1,+,8.61e-06,THE1C-int,ERVL-MaLR,LTR
chr1,39314703,39314724,MA1714.1,+,8.61e-06,AluJb,Alu,SINE
chr6,39987201,39987222,MA1714.1,+,8.61e-06,L1M3c,L1,LINE
chr4,40068010,40068031,MA1714.1,-,8.61e-06,AluSz,Alu,SINE
chr7,40140998,40141019,MA1714.1,-,8.61e-06,AluSx1,Alu,SINE
chr8,40414538,40414559,MA1714.1,-,8.61e-06,L1MA4A,L1,LINE
chr3,40994677,40994698,MA1714.1,-,8.61e-06,L1MA9,L1,LINE
chr14,41241684,41241705,MA1714.1,-,8.61e-06,ERVL-B4-int,ERVL,LTR
chr11,41659373,41659394,MA1714.1,-,8.61e-06,THE1B-int,ERVL-MaLR,LTR
chr15,41691679,41691700,MA1714.1,+,8.61e-06,AluSx,Alu,SINE
chr17,42070918,42070939,MA1714.1,+,8.61e-06,AluJb,Alu,SINE
chr15,42079637,42079658,MA1714.1,-,8.61e-06,AluSg,Alu,SINE
chr20,43270480,43270501,MA1714.1,-,8.61e-06,AluSx1,Alu,SINE
chr13,44283735,44283756,MA1714.1,+,8.61e-06,L1MC,L1,LINE
chr17,44358011,44358032,MA1714.1,-,8.61e-06,AluSz6,Alu,SINE
chrX,44958606,44958627,MA1714.1,-,8.61e-06,L1MC4,L1,LINE
chr19,45007223,45007244,MA1714.1,+,8.61e-06,AluSg,Alu,SINE
chr14,45904279,45904300,MA1714.1,+,8.61e-06,Charlie1a,hAT-Charlie,DNA
chr16,46969150,46969171,MA1714.1,+,8.61e-06,AluSx1,Alu,SINE
chr16,46974158,46974179,MA1714.1,+,8.61e-06,AluJb,Alu,SINE
chr7,47001116,47001137,MA1714.1,+,8.61e-06,L1MB5,L1,LINE
chr19,47793731,47793752,MA1714.1,+,8.61e-06,AluSx1,Alu,SINE
chr2,48114924,48114945,MA1714.1,+,8.61e-06,AluJb,Alu,SINE
chr19,48359174,48359195,MA1714.1,+,8.61e-06,AluSx1,Alu,SINE
chrX,48684074,48684095,MA1714.1,-,8.61e-06,AluSq2,Alu,SINE
chr17,51209550,51209571,MA1714.1,+,8.61e-06,L1MA6,L1,LINE
chrX,51378175,51378196,MA1714.1,-,8.61e-06,L1M3d,L1,LINE
chr8,52706377,52706398,MA1714.1,+,8.61e-06,AluSz,Alu,SINE
chr16,53474537,53474558,MA1714.1,-,8.61e-06,AluSx,Alu,SINE
chr19,53596616,53596637,MA1714.1,+,8.61e-06,AluSx,Alu,SINE
chr2,54171367,54171388,MA1714.1,-,8.61e-06,AluSx,Alu,SINE
chr14,54788393,54788414,MA1714.1,+,8.61e-06,AluSx,Alu,SINE
chr6,55404508,55404529,MA1714.1,+,8.61e-06,L1PA13,L1,LINE
chr17,55790685,55790706,MA1714.1,-,8.61e-06,MLT1J,ERVL-MaLR,LTR
chr5,56292878,56292899,MA1714.1,+,8.61e-06,AluSx,Alu,SINE
chr20,56347126,56347147,MA1714.1,+,8.61e-06,AluSq,Alu,SINE
chr5,56682776,56682797,MA1714.1,+,8.61e-06,AluSx,Alu,SINE
chr8,56973276,56973297,MA1714.1,+,8.61e-06,AluJb,Alu,SINE
chr12,57220152,57220173,MA1714.1,-,8.61e-06,AluSx,Alu,SINE
chr3,58518184,58518205,MA1714.1,-,8.61e-06,AluSx1,Alu,SINE
chr3,59230119,59230140,MA1714.1,-,8.61e-06,L1ME4a,L1,LINE
chr14,59637011,59637032,MA1714.1,-,8.61e-06,AluSx,Alu,SINE
chr11,60567234,60567255,MA1714.1,-,8.61e-06,MIR,MIR,SINE
chr5,60586336,60586357,MA1714.1,-,8.61e-06,L1PB1,L1,LINE
chr13,61413481,61413502,MA1714.1,+,8.61e-06,AluSp,Alu,SINE
chr12,62380017,62380038,MA1714.1,-,8.61e-06,AluSz6,Alu,SINE
chr4,62479386,62479407,MA1714.1,+,8.61e-06,AluSz,Alu,SINE
chr7,63574183,63574204,MA1714.1,+,8.61e-06,AluSx,Alu,SINE
chrX,63768631,63768652,MA1714.1,-,8.61e-06,L1PA3,L1,LINE
chr10,65141320,65141341,MA1714.1,+,8.61e-06,L1MA4,L1,LINE
chr11,68725242,68725263,MA1714.1,+,8.61e-06,AluSg4,Alu,SINE
chr6,69521432,69521453,MA1714.1,-,8.61e-06,AluSz,Alu,SINE
chr6,69815975,69815996,MA1714.1,+,8.61e-06,AluSx,Alu,SINE
chr11,70047565,70047586,MA1714.1,+,8.61e-06,AluSz6,Alu,SINE
chr14,70075194,70075215,MA1714.1,-,8.61e-06,AluSz6,Alu,SINE
chr17,70428057,70428078,MA1714.1,+,8.61e-06,ORSL,hAT-Tip100,DNA
chr10,72224453,72224474,MA1714.1,-,8.61e-06,AluSx,Alu,SINE
chr16,72895838,72895859,MA1714.1,+,8.61e-06,AluSz,Alu,SINE
chr17,73243415,73243436,MA1714.1,-,8.61e-06,AluSp,Alu,SINE
chrX,73416486,73416507,MA1714.1,-,8.61e-06,L1MA9,L1,LINE
chr15,73770110,73770131,MA1714.1,-,8.61e-06,L1ME1,L1,LINE
chr14,75197341,75197362,MA1714.1,+,8.61e-06,AluSx1,Alu,SINE
chr10,76518109,76518130,MA1714.1,+,8.61e-06,AluSx1,Alu,SINE
chr4,76701872,76701893,MA1714.1,-,8.61e-06,AluSz,Alu,SINE
chr11,76993623,76993644,MA1714.1,+,8.61e-06,AluJb,Alu,SINE
chr17,77070326,77070347,MA1714.1,-,8.61e-06,AluSx,Alu,SINE
chr11,77424378,77424399,MA1714.1,-,8.61e-06,L1M7,L1,LINE
chr5,77885217,77885238,MA1714.1,+,8.61e-06,AluSc8,Alu,SINE
chr5,78852783,78852804,MA1714.1,-,8.61e-06,AluSx,Alu,SINE
chr17,80128308,80128329,MA1714.1,+,8.61e-06,AluSg,Alu,SINE
chr2,80683890,80683911,MA1714.1,+,8.61e-06,MIRb,MIR,SINE
chr14,82339636,82339657,MA1714.1,-,8.61e-06,MLT1D,ERVL-MaLR,LTR
chr3,85394388,85394409,MA1714.1,+,8.61e-06,AluSx,Alu,SINE
chr10,85778033,85778054,MA1714.1,+,8.61e-06,L1MEf,L1,LINE
chr11,86446127,86446148,MA1714.1,+,8.61e-06,L1M4,L1,LINE
chr3,87449699,87449720,MA1714.1,-,8.61e-06,AluSz6,Alu,SINE
chr6,87453374,87453395,MA1714.1,-,8.61e-06,MER21A,ERVL,LTR
chr6,88261272,88261293,MA1714.1,+,8.61e-06,AluSz,Alu,SINE
chr4,88655946,88655967,MA1714.1,-,8.61e-06,L2b,L2,LINE
chr5,88713477,88713498,MA1714.1,+,8.61e-06,THE1C-int,ERVL-MaLR,LTR
chr6,90511437,90511458,MA1714.1,+,8.61e-06,AluSx,Alu,SINE
chr1,92493126,92493147,MA1714.1,+,8.61e-06,L1MD,L1,LINE
chr10,93161061,93161082,MA1714.1,+,8.61e-06,AluSp,Alu,SINE
chr1,93942447,93942468,MA1714.1,-,8.61e-06,MIR,MIR,SINE
chr1,94044443,94044464,MA1714.1,-,8.61e-06,MIRb,MIR,SINE
chr4,96423529,96423550,MA1714.1,-,8.61e-06,AluJr,Alu,SINE
chr12,96654700,96654721,MA1714.1,+,8.61e-06,L2b,L2,LINE
chrX,96906464,96906485,MA1714.1,-,8.61e-06,L1MA9,L1,LINE
chr3,97535011,97535032,MA1714.1,+,8.61e-06,FRAM,Alu,SINE
chr7,98104359,98104380,MA1714.1,+,8.61e-06,AluSz,Alu,SINE
chr8,98727125,98727146,MA1714.1,-,8.61e-06,AluSz6,Alu,SINE
chr12,98876514,98876535,MA1714.1,+,8.61e-06,HAL1,L1,LINE
chr12,100326814,100326835,MA1714.1,-,8.61e-06,L1MA3,L1,LINE
chr13,100969099,100969120,MA1714.1,-,8.61e-06,AluSx,Alu,SINE
chr7,101298295,101298316,MA1714.1,+,8.61e-06,AluSz6,Alu,SINE
chr10,102237605,102237626,MA1714.1,-,8.61e-06,AluSz6,Alu,SINE
chrX,102289894,102289915,MA1714.1,-,8.61e-06,L1MA4,L1,LINE
chr10,104558253,104558274,MA1714.1,-,8.61e-06,AluSc,Alu,SINE
chr5,105212459,105212480,MA1714.1,+,8.61e-06,L1MA7,L1,LINE
chrX,105376737,105376758,MA1714.1,+,8.61e-06,L1MD1,L1,LINE
chr12,107467090,107467111,MA1714.1,-,8.61e-06,AluSx,Alu,SINE
chr1,108356412,108356433,MA1714.1,-,8.61e-06,L1MA4A,L1,LINE
chr11,109704465,109704486,MA1714.1,+,8.61e-06,AluSq2,Alu,SINE
chr11,109799669,109799690,MA1714.1,+,8.61e-06,L1MB8,L1,LINE
chr9,110621212,110621233,MA1714.1,+,8.61e-06,MIR,MIR,SINE
chr12,112796904,112796925,MA1714.1,+,8.61e-06,AluY,Alu,SINE
chr4,113764237,113764258,MA1714.1,-,8.61e-06,MLT1D,ERVL-MaLR,LTR
chrX,114606091,114606112,MA1714.1,-,8.61e-06,AluSz6,Alu,SINE
chr9,114673097,114673118,MA1714.1,-,8.61e-06,AluSz,Alu,SINE
chr12,116336863,116336884,MA1714.1,+,8.61e-06,ERV3-16A3_I-int,ERVL,LTR
chr9,116673182,116673203,MA1714.1,-,8.61e-06,AluSx1,Alu,SINE
chr8,116758657,116758678,MA1714.1,+,8.61e-06,L1MA8,L1,LINE
chr12,119370294,119370315,MA1714.1,-,8.61e-06,AluSz,Alu,SINE
chr12,123165736,123165757,MA1714.1,+,8.61e-06,AluJb,Alu,SINE
chr10,123899770,123899791,MA1714.1,+,8.61e-06,MER117,hAT-Charlie,DNA
chr7,125097538,125097559,MA1714.1,-,8.61e-06,MER57-int,ERV1,LTR
chr7,125251704,125251725,MA1714.1,+,8.61e-06,L1M1,L1,LINE
chr3,126495824,126495845,MA1714.1,-,8.61e-06,MIR,MIR,SINE
chr9,127929584,127929605,MA1714.1,+,8.61e-06,AluSz6,Alu,SINE
chrX,129524082,129524103,MA1714.1,-,8.61e-06,MLT1D,ERVL-MaLR,LTR
chr5,130316446,130316467,MA1714.1,-,8.61e-06,THE1C-int,ERVL-MaLR,LTR
chr11,130367881,130367902,MA1714.1,-,8.61e-06,HSMAR2,TcMar-Mariner,DNA
chr7,130786728,130786749,MA1714.1,+,8.61e-06,AluSx,Alu,SINE
chr8,132198366,132198387,MA1714.1,+,8.61e-06,MSTA-int,ERVL-MaLR,LTR
chr4,133010143,133010164,MA1714.1,+,8.61e-06,THE1C-int,ERVL-MaLR,LTR
chr11,133486450,133486471,MA1714.1,-,8.61e-06,L1MEg,L1,LINE
chr2,136449287,136449308,MA1714.1,+,8.61e-06,AluSx1,Alu,SINE
chr9,138932731,138932752,MA1714.1,+,8.61e-06,AluJb,Alu,SINE
chr9,139679940,139679961,MA1714.1,-,8.61e-06,LTR13A,ERVK,LTR
chr5,140939780,140939801,MA1714.1,-,8.61e-06,L1MC5,L1,LINE
chr3,141562469,141562490,MA1714.1,+,8.61e-06,AluSx1,Alu,SINE
chr4,143308530,143308551,MA1714.1,+,8.61e-06,MER57-int,ERV1,LTR
chr3,145467404,145467425,MA1714.1,+,8.61e-06,PABL_B-int,ERV1,LTR
chr7,145957039,145957060,MA1714.1,+,8.61e-06,THE1D-int,ERVL-MaLR,LTR
chr8,146084705,146084726,MA1714.1,-,8.61e-06,AluSx1,Alu,SINE
chr8,146124570,146124591,MA1714.1,+,8.61e-06,L1MA4,L1,LINE
chr4,147657155,147657176,MA1714.1,+,8.61e-06,MER4B-int,ERV1,LTR
chr4,147657155,147657176,MA1714.1,+,8.61e-06,MER21-int,ERVL,LTR
chr4,147657155,147657176,MA1714.1,+,8.61e-06,MER4B-int,ERV1,LTR
chr4,147657155,147657176,MA1714.1,+,8.61e-06,MER21-int,ERVL,LTR
chr7,148300522,148300543,MA1714.1,+,8.61e-06,AluSg,Alu,SINE
chr3,152871269,152871290,MA1714.1,+,8.61e-06,AluSz,Alu,SINE
chr2,153689536,153689557,MA1714.1,-,8.61e-06,AluSx4,Alu,SINE
chr4,156417267,156417288,MA1714.1,-,8.61e-06,AluSx,Alu,SINE
chr6,158043347,158043368,MA1714.1,+,8.61e-06,AluSx,Alu,SINE
chr6,158505768,158505789,MA1714.1,+,8.61e-06,AluSz,Alu,SINE
chr6,161798931,161798952,MA1714.1,+,8.61e-06,MLT1A,ERVL-MaLR,LTR
chr5,162923917,162923938,MA1714.1,-,8.61e-06,ERVL-B4-int,ERVL,LTR
chr2,164516535,164516556,MA1714.1,+,8.61e-06,AluSz6,Alu,SINE
chr5,167341559,167341580,MA1714.1,-,8.61e-06,MLT1D,ERVL-MaLR,LTR
chr2,170565034,170565055,MA1714.1,-,8.61e-06,MLT1D,ERVL-MaLR,LTR
chr5,171377815,171377836,MA1714.1,+,8.61e-06,AluSx3,Alu,SINE
chr5,177835145,177835166,MA1714.1,+,8.61e-06,L1MDa,L1,LINE
chr4,182561375,182561396,MA1714.1,+,8.61e-06,MER5A,hAT-Charlie,DNA
chr2,185015982,185016003,MA1714.1,-,8.61e-06,MLT1D,ERVL-MaLR,LTR
chr1,186831418,186831439,MA1714.1,-,8.61e-06,AluSz,Alu,SINE
chr1,188107584,188107605,MA1714.1,-,8.61e-06,MER77B,ERVL,LTR
chr2,189709563,189709584,MA1714.1,+,8.61e-06,L1MA8,L1,LINE
chr2,196070256,196070277,MA1714.1,-,8.61e-06,LTR40c,ERVL,LTR
chr1,223733166,223733187,MA1714.1,+,8.61e-06,AluJb,Alu,SINE
chr2,224071908,224071929,MA1714.1,+,8.61e-06,L1MA4A,L1,LINE
chr2,224538572,224538593,MA1714.1,+,8.61e-06,AluSq,Alu,SINE
chr2,232302515,232302536,MA1714.1,+,8.61e-06,AluSq,Alu,SINE
chr1,237661233,237661254,MA1714.1,-,8.61e-06,AluSz6,Alu,SINE
chr1,247312962,247312983,MA1714.1,+,8.61e-06,L1MA9,L1,LINE
chr8,594137,594158,MA1714.1,-,8.66e-06,MER89,ERV1,LTR
chr12,715733,715754,MA1714.1,+,8.66e-06,HAL1,L1,LINE
chr7,7383564,7383585,MA1714.1,+,8.66e-06,AluJr,Alu,SINE
chr11,7770696,7770717,MA1714.1,-,8.66e-06,LTR79,ERVL,LTR
chr7,8524667,8524688,MA1714.1,+,8.66e-06,THE1B,ERVL-MaLR,LTR
chr18,8549660,8549681,MA1714.1,+,8.66e-06,L1PA17,L1,LINE
chr16,8709074,8709095,MA1714.1,+,8.66e-06,MIRb,MIR,SINE
chr10,8760134,8760155,MA1714.1,-,8.66e-06,L1M2,L1,LINE
chr20,11885509,11885530,MA1714.1,-,8.66e-06,Charlie1,hAT-Charlie,DNA
chr5,12205475,12205496,MA1714.1,-,8.66e-06,L1PA15,L1,LINE
chr7,12743362,12743383,MA1714.1,+,8.66e-06,AluSx,Alu,SINE
chr10,14741541,14741562,MA1714.1,-,8.66e-06,MLT2B1,ERVL,LTR
chr8,15551518,15551539,MA1714.1,-,8.66e-06,L1PA15,L1,LINE
chr6,20633416,20633437,MA1714.1,-,8.66e-06,L1MB8,L1,LINE
chr9,21171185,21171206,MA1714.1,+,8.66e-06,L1MB3,L1,LINE
chr11,21498336,21498357,MA1714.1,+,8.66e-06,L1M1,L1,LINE
chr11,22909973,22909994,MA1714.1,+,8.66e-06,L1MC,L1,LINE
chr1,24761753,24761774,MA1714.1,+,8.66e-06,L1M4c,L1,LINE
chr14,25732794,25732815,MA1714.1,-,8.66e-06,L1PB2,L1,LINE
chr11,28023602,28023623,MA1714.1,+,8.66e-06,THE1B-int,ERVL-MaLR,LTR
chr11,30318126,30318147,MA1714.1,+,8.66e-06,L1PA15,L1,LINE
chr18,33921888,33921909,MA1714.1,+,8.66e-06,L1MB8,L1,LINE
chr2,34664483,34664504,MA1714.1,-,8.66e-06,L1MC4,L1,LINE
chr6,35882941,35882962,MA1714.1,+,8.66e-06,AluY,Alu,SINE
chr13,36001022,36001043,MA1714.1,-,8.66e-06,L1P1,L1,LINE
chr17,39636741,39636762,MA1714.1,+,8.66e-06,MIRb,MIR,SINE
chr22,39972290,39972311,MA1714.1,-,8.66e-06,MIRb,MIR,SINE
chr7,40229458,40229479,MA1714.1,-,8.66e-06,MIRb,MIR,SINE
chr21,42272665,42272686,MA1714.1,-,8.66e-06,MER34B,ERV1,LTR
chr6,43072220,43072241,MA1714.1,-,8.66e-06,AluSz,Alu,SINE
chr13,44769969,44769990,MA1714.1,+,8.66e-06,L2c,L2,LINE
chr11,45083740,45083761,MA1714.1,-,8.66e-06,Tigger3,TcMar-Tigger,DNA
chr1,45351120,45351141,MA1714.1,+,8.66e-06,L1ME4a,L1,LINE
chr1,45757683,45757704,MA1714.1,-,8.66e-06,MIRb,MIR,SINE
chr15,45909421,45909442,MA1714.1,+,8.66e-06,LTR16B2,ERVL,LTR
chr11,46672227,46672248,MA1714.1,-,8.66e-06,AluSg,Alu,SINE
chr12,46692917,46692938,MA1714.1,+,8.66e-06,MIRb,MIR,SINE
chr1,47448029,47448050,MA1714.1,-,8.66e-06,L1PA15,L1,LINE
chr8,48051117,48051138,MA1714.1,-,8.66e-06,AluJo,Alu,SINE
chr6,49825443,49825464,MA1714.1,+,8.66e-06,MLT1D,ERVL-MaLR,LTR
chr5,50007423,50007444,MA1714.1,+,8.66e-06,MLT1L,ERVL-MaLR,LTR
chr19,52018379,52018400,MA1714.1,+,8.66e-06,ERVL-E-int,ERVL,LTR
chr3,52423237,52423258,MA1714.1,-,8.66e-06,MIRb,MIR,SINE
chr5,52854590,52854611,MA1714.1,+,8.66e-06,L1MD1,L1,LINE
chr7,53600004,53600025,MA1714.1,-,8.66e-06,L1MA4,L1,LINE
chr8,53800783,53800804,MA1714.1,-,8.66e-06,L1MB8,L1,LINE
chr7,53809481,53809502,MA1714.1,+,8.66e-06,L1PA13,L1,LINE
chr1,54186128,54186149,MA1714.1,+,8.66e-06,L1MA4,L1,LINE
chr20,55495895,55495916,MA1714.1,-,8.66e-06,MLT1D,ERVL-MaLR,LTR
chr4,55764535,55764556,MA1714.1,+,8.66e-06,L2a,L2,LINE
chrX,56233580,56233601,MA1714.1,-,8.66e-06,THE1B-int,ERVL-MaLR,LTR
chr20,57106534,57106555,MA1714.1,-,8.66e-06,L1MCc,L1,LINE
chr8,58672388,58672409,MA1714.1,+,8.66e-06,L1PA13,L1,LINE
chr15,59546741,59546762,MA1714.1,+,8.66e-06,L1MC5,L1,LINE
chr12,59601887,59601908,MA1714.1,+,8.66e-06,L1MA7,L1,LINE
chr20,60185240,60185261,MA1714.1,-,8.66e-06,L1MA4,L1,LINE
chr12,60957970,60957991,MA1714.1,-,8.66e-06,L1PA15,L1,LINE
chr3,61670792,61670813,MA1714.1,+,8.66e-06,MIRb,MIR,SINE
chr12,62738739,62738760,MA1714.1,-,8.66e-06,THE1B-int,ERVL-MaLR,LTR
chrX,65722186,65722207,MA1714.1,+,8.66e-06,MER21-int,ERVL,LTR
chr14,66001889,66001910,MA1714.1,-,8.66e-06,AluSz,Alu,SINE
chr18,66122225,66122246,MA1714.1,-,8.66e-06,L1M3de,L1,LINE
chr10,71482264,71482285,MA1714.1,+,8.66e-06,MIR,MIR,SINE
chr16,72366270,72366291,MA1714.1,-,8.66e-06,L1PA13,L1,LINE
chr12,73958862,73958883,MA1714.1,+,8.66e-06,L1MC1,L1,LINE
chr13,78951982,78952003,MA1714.1,-,8.66e-06,L1MC4a,L1,LINE
chr3,80521787,80521808,MA1714.1,+,8.66e-06,THE1B-int,ERVL-MaLR,LTR
chr2,81355378,81355399,MA1714.1,-,8.66e-06,L1MA2,L1,LINE
chr3,82714307,82714328,MA1714.1,-,8.66e-06,Tigger1,TcMar-Tigger,DNA
chr16,83911728,83911749,MA1714.1,+,8.66e-06,MIRb,MIR,SINE
chr9,83929495,83929516,MA1714.1,+,8.66e-06,MLT2B3,ERVL,LTR
chr6,85026605,85026626,MA1714.1,-,8.66e-06,L1ME1,L1,LINE
chrX,85722933,85722954,MA1714.1,-,8.66e-06,THE1C,ERVL-MaLR,LTR
chr11,86272608,86272629,MA1714.1,-,8.66e-06,L1MC3,L1,LINE
chr6,87766183,87766204,MA1714.1,-,8.66e-06,MSTD,ERVL-MaLR,LTR
chr7,88752955,88752976,MA1714.1,-,8.66e-06,MIR,MIR,SINE
chr12,88906404,88906425,MA1714.1,+,8.66e-06,L1ME3E,L1,LINE
chr5,91282554,91282575,MA1714.1,+,8.66e-06,LTR33,ERVL,LTR
chr14,92276754,92276775,MA1714.1,+,8.66e-06,L1MEb,L1,LINE
chr13,94293772,94293793,MA1714.1,+,8.66e-06,MIR,MIR,SINE
chr12,94638409,94638430,MA1714.1,-,8.66e-06,MER30B,hAT-Charlie,DNA
chr7,95467689,95467710,MA1714.1,-,8.66e-06,L1M3de,L1,LINE
chr6,96103870,96103891,MA1714.1,+,8.66e-06,MLT2B3,ERVL,LTR
chr7,97724000,97724021,MA1714.1,-,8.66e-06,L1MB7,L1,LINE
chr13,98435644,98435665,MA1714.1,+,8.66e-06,MLT1A0-int,ERVL-MaLR,LTR
chrX,100408058,100408079,MA1714.1,-,8.66e-06,L1MB8,L1,LINE
chr5,105199157,105199178,MA1714.1,+,8.66e-06,AluJb,Alu,SINE
chr5,106179809,106179830,MA1714.1,+,8.66e-06,LTR78,ERV1,LTR
chr3,107394668,107394689,MA1714.1,+,8.66e-06,MIRb,MIR,SINE
chr11,108519072,108519093,MA1714.1,+,8.66e-06,L1M1,L1,LINE
chr7,110185781,110185802,MA1714.1,+,8.66e-06,L1MEd,L1,LINE
chr13,111751536,111751557,MA1714.1,+,8.66e-06,L1MC4,L1,LINE
chr10,113214490,113214511,MA1714.1,+,8.66e-06,MER103C,hAT-Charlie,DNA
chr5,113292463,113292484,MA1714.1,-,8.66e-06,L1MA4,L1,LINE
chr10,113409666,113409687,MA1714.1,+,8.66e-06,THE1B-int,ERVL-MaLR,LTR
chr3,114375193,114375214,MA1714.1,-,8.66e-06,L1ME2,L1,LINE
chr5,116404119,116404140,MA1714.1,-,8.66e-06,L1ME3D,L1,LINE
chr1,116690492,116690513,MA1714.1,+,8.66e-06,MIRc,MIR,SINE
chr5,117626817,117626838,MA1714.1,-,8.66e-06,L1PA15,L1,LINE
chr4,120299693,120299714,MA1714.1,-,8.66e-06,AluSx,Alu,SINE
chr6,120525131,120525152,MA1714.1,+,8.66e-06,L1PA15,L1,LINE
chr6,122771809,122771830,MA1714.1,+,8.66e-06,Tigger1,TcMar-Tigger,DNA
chr11,123612863,123612884,MA1714.1,+,8.66e-06,MIRb,MIR,SINE
chr9,125032891,125032912,MA1714.1,+,8.66e-06,MIRb,MIR,SINE
chr12,126989679,126989700,MA1714.1,-,8.66e-06,L1M4b,L1,LINE
chr12,127931757,127931778,MA1714.1,+,8.66e-06,ERV3-16A3_I-int,ERVL,LTR
chr9,129344061,129344082,MA1714.1,+,8.66e-06,MIRb,MIR,SINE
chr10,131895714,131895735,MA1714.1,+,8.66e-06,L1MB5,L1,LINE
chr6,137622835,137622856,MA1714.1,-,8.66e-06,AluY,Alu,SINE
chr4,138036900,138036921,MA1714.1,+,8.66e-06,L1MA2,L1,LINE
chr5,143107268,143107289,MA1714.1,-,8.66e-06,L1PA16,L1,LINE
chr2,144124976,144124997,MA1714.1,-,8.66e-06,X1_LINE,CR1,LINE
chr7,147363398,147363419,MA1714.1,+,8.66e-06,Tigger3,TcMar-Tigger,DNA
chr3,168112373,168112394,MA1714.1,+,8.66e-06,L1ME1,L1,LINE
chr1,170866557,170866578,MA1714.1,+,8.66e-06,L1MEe,L1,LINE
chr2,175130781,175130802,MA1714.1,+,8.66e-06,AluSx,Alu,SINE
chr2,182668870,182668891,MA1714.1,-,8.66e-06,L1PA6,L1,LINE
chr3,187378282,187378303,MA1714.1,-,8.66e-06,L1PA15,L1,LINE
chr3,188122935,188122956,MA1714.1,-,8.66e-06,MER20B,hAT-Charlie,DNA
chr3,189312361,189312382,MA1714.1,+,8.66e-06,L1MA9,L1,LINE
chr4,190393501,190393522,MA1714.1,-,8.66e-06,L1MA9,L1,LINE
chr2,203513712,203513733,MA1714.1,-,8.66e-06,AluSx,Alu,SINE
chr1,213569615,213569636,MA1714.1,+,8.66e-06,MIRb,MIR,SINE
chr1,246760634,246760655,MA1714.1,-,8.66e-06,L1MB7,L1,LINE
chr2,2081028,2081049,MA1714.1,+,8.71e-06,L1MB7,L1,LINE
chr2,2458451,2458472,MA1714.1,+,8.71e-06,L1MB8,L1,LINE
chr6_qbl_hap6,2677049,2677070,MA1714.1,-,8.71e-06,AluSz6,Alu,SINE
chr6_ssto_hap7,2717301,2717322,MA1714.1,-,8.71e-06,AluSz6,Alu,SINE
chr6_mann_hap4,2729933,2729954,MA1714.1,-,8.71e-06,AluSz6,Alu,SINE
chr6_cox_hap2,2896203,2896224,MA1714.1,-,8.71e-06,AluSz6,Alu,SINE
chrY,3771943,3771964,MA1714.1,+,8.71e-06,L1PA13,L1,LINE
chr20,4363306,4363327,MA1714.1,+,8.71e-06,L1ME3F,L1,LINE
chr17,4527932,4527953,MA1714.1,+,8.71e-06,MIRb,MIR,SINE
chr16,4820242,4820263,MA1714.1,+,8.71e-06,L1ME3C,L1,LINE
chr10,4956208,4956229,MA1714.1,+,8.71e-06,L1M5,L1,LINE
chr7,6387436,6387457,MA1714.1,+,8.71e-06,AluJr,Alu,SINE
chr19,6683070,6683091,MA1714.1,+,8.71e-06,Tigger6a,TcMar-Tigger,DNA
chr17,6747882,6747903,MA1714.1,-,8.71e-06,MIRb,MIR,SINE
chrY,6770663,6770684,MA1714.1,-,8.71e-06,AluSx,Alu,SINE
chr11,6982116,6982137,MA1714.1,-,8.71e-06,ERVL-E-int,ERVL,LTR
chr16,8180232,8180253,MA1714.1,+,8.71e-06,MER41E,ERV1,LTR
chr17,8555479,8555500,MA1714.1,-,8.71e-06,AluSx,Alu,SINE
chr17,10378901,10378922,MA1714.1,-,8.71e-06,MIR,MIR,SINE
chr17,11107512,11107533,MA1714.1,+,8.71e-06,AluSx,Alu,SINE
chr20,12397064,12397085,MA1714.1,+,8.71e-06,MLT1E1,ERVL-MaLR,LTR
chr9,13239050,13239071,MA1714.1,+,8.71e-06,Charlie1a,hAT-Charlie,DNA
chr16,16042384,16042405,MA1714.1,-,8.71e-06,AluSx1,Alu,SINE
chr19,16420928,16420949,MA1714.1,-,8.71e-06,AluSx1,Alu,SINE
chr10,17549212,17549233,MA1714.1,+,8.71e-06,MLT1H,ERVL-MaLR,LTR
chr12,19556819,19556840,MA1714.1,+,8.71e-06,AluY,Alu,SINE
chr14,20395633,20395654,MA1714.1,+,8.71e-06,ERVL-E-int,ERVL,LTR
chr1,21341488,21341509,MA1714.1,+,8.71e-06,L1M4c,L1,LINE
chr10,21927651,21927672,MA1714.1,-,8.71e-06,HERVL40-int,ERVL,LTR
chr1,22306896,22306917,MA1714.1,+,8.71e-06,AluSq2,Alu,SINE
chr1,22331516,22331537,MA1714.1,+,8.71e-06,AluSq2,Alu,SINE
chr18,23780283,23780304,MA1714.1,+,8.71e-06,AluJr,Alu,SINE
chr12,24638536,24638557,MA1714.1,+,8.71e-06,MIR,MIR,SINE
chr14,26659851,26659872,MA1714.1,-,8.71e-06,L2b,L2,LINE
chr1,28020822,28020843,MA1714.1,-,8.71e-06,AluSq2,Alu,SINE
chr13,29633196,29633217,MA1714.1,-,8.71e-06,L1PA15,L1,LINE
chr19,30226205,30226226,MA1714.1,-,8.71e-06,ERVL-E-int,ERVL,LTR
chr14,31281013,31281034,MA1714.1,+,8.71e-06,AluJo,Alu,SINE
chr6,31383503,31383524,MA1714.1,-,8.71e-06,AluSz6,Alu,SINE
chr2,31419833,31419854,MA1714.1,+,8.71e-06,MIRb,MIR,SINE
chr13,33198423,33198444,MA1714.1,-,8.71e-06,L1ME3A,L1,LINE
chr14,33251995,33252016,MA1714.1,+,8.71e-06,L1MEc,L1,LINE
chr9,33586301,33586322,MA1714.1,+,8.71e-06,MSTA-int,ERVL-MaLR,LTR
chr9,34856269,34856290,MA1714.1,-,8.71e-06,L1PA10,L1,LINE
chr18,35351125,35351146,MA1714.1,-,8.71e-06,MLT2F,ERVL,LTR
chr8,37314520,37314541,MA1714.1,-,8.71e-06,L1MEf,L1,LINE
chr10,37608578,37608599,MA1714.1,-,8.71e-06,L1PA13,L1,LINE
chr19,38490529,38490550,MA1714.1,+,8.71e-06,MIR,MIR,SINE
chr9,38557903,38557924,MA1714.1,-,8.71e-06,MSTA-int,ERVL-MaLR,LTR
chr5,38783503,38783524,MA1714.1,+,8.71e-06,MIR3,MIR,SINE
chr13,38884799,38884820,MA1714.1,+,8.71e-06,ERV3-16A3_I-int,ERVL,LTR
chr4,39076567,39076588,MA1714.1,+,8.71e-06,L3,CR1,LINE
chr3,41516820,41516841,MA1714.1,+,8.71e-06,L1MA7,L1,LINE
chr5,41680866,41680887,MA1714.1,+,8.71e-06,L1MEg,L1,LINE
chr15,43041720,43041741,MA1714.1,+,8.71e-06,L1M4c,L1,LINE
chr9,43683658,43683679,MA1714.1,-,8.71e-06,AluSc,Alu,SINE
chr1,43945109,43945130,MA1714.1,-,8.71e-06,L1MEe,L1,LINE
chr22,44140383,44140404,MA1714.1,+,8.71e-06,LTR78B,ERV1,LTR
chr17,45213258,45213279,MA1714.1,+,8.71e-06,AluY,Alu,SINE
chr4,46874686,46874707,MA1714.1,+,8.71e-06,MIR,MIR,SINE
chr4,46966242,46966263,MA1714.1,+,8.71e-06,L1MA1,L1,LINE
chr11,47168626,47168647,MA1714.1,+,8.71e-06,L1ME3C,L1,LINE
chr6,47710469,47710490,MA1714.1,-,8.71e-06,MIRc,MIR,SINE
chr12,47761385,47761406,MA1714.1,-,8.71e-06,LTR54B,ERV1,LTR
chr6,48687151,48687172,MA1714.1,-,8.71e-06,L1MA4,L1,LINE
chr13,50343793,50343814,MA1714.1,-,8.71e-06,L1MB7,L1,LINE
chr1,52295347,52295368,MA1714.1,-,8.71e-06,L1MEg,L1,LINE
chr17,54818466,54818487,MA1714.1,-,8.71e-06,MIRc,MIR,SINE
chr1,56439465,56439486,MA1714.1,+,8.71e-06,MIRb,MIR,SINE
chr16,58449568,58449589,MA1714.1,+,8.71e-06,AluJo,Alu,SINE
chr14,62495072,62495093,MA1714.1,-,8.71e-06,MIR,MIR,SINE
chrX,62616434,62616455,MA1714.1,-,8.71e-06,L1MB3,L1,LINE
chr5,63149606,63149627,MA1714.1,+,8.71e-06,MIRb,MIR,SINE
chr15,66563324,66563345,MA1714.1,+,8.71e-06,AluSz,Alu,SINE
chr18,66632104,66632125,MA1714.1,-,8.71e-06,L1MDa,L1,LINE
chr18,71432348,71432369,MA1714.1,-,8.71e-06,MIRb,MIR,SINE
chr13,71661142,71661163,MA1714.1,+,8.71e-06,L1PA13,L1,LINE
chr9,73216141,73216162,MA1714.1,+,8.71e-06,MIRc,MIR,SINE
chr11,74300948,74300969,MA1714.1,+,8.71e-06,MIRb,MIR,SINE
chr15,77110716,77110737,MA1714.1,+,8.71e-06,L1MC1,L1,LINE
chr3,77676680,77676701,MA1714.1,-,8.71e-06,AluSx,Alu,SINE
chr6,78127071,78127092,MA1714.1,-,8.71e-06,MLT1E1A,ERVL-MaLR,LTR
chr4,78598257,78598278,MA1714.1,+,8.71e-06,LTR33,ERVL,LTR
chr8,83141810,83141831,MA1714.1,+,8.71e-06,THE1B-int,ERVL-MaLR,LTR
chr15,84805964,84805985,MA1714.1,+,8.71e-06,AluSg7,Alu,SINE
chr9,85818219,85818240,MA1714.1,-,8.71e-06,AluSz,Alu,SINE
chr1,86473490,86473511,MA1714.1,+,8.71e-06,L1MC1,L1,LINE
chr12,86651731,86651752,MA1714.1,+,8.71e-06,MIRc,MIR,SINE
chr14,87441310,87441331,MA1714.1,+,8.71e-06,L1PA11,L1,LINE
chr8,88937668,88937689,MA1714.1,-,8.71e-06,L1M5,L1,LINE
chrX,89582147,89582168,MA1714.1,+,8.71e-06,L1PA13,L1,LINE
chr5,97658421,97658442,MA1714.1,-,8.71e-06,L1MC3,L1,LINE
chr10,98940066,98940087,MA1714.1,-,8.71e-06,MIRb,MIR,SINE
chr13,101984450,101984471,MA1714.1,+,8.71e-06,L1MEd,L1,LINE
chr6,103398285,103398306,MA1714.1,-,8.71e-06,L1MC3,L1,LINE
chrX,104613171,104613192,MA1714.1,-,8.71e-06,L1MA7,L1,LINE
chr7,105504208,105504229,MA1714.1,+,8.71e-06,MIR,MIR,SINE
chr7,108774742,108774763,MA1714.1,+,8.71e-06,L1MEf,L1,LINE
chr9,108854519,108854540,MA1714.1,-,8.71e-06,MLT1A1,ERVL-MaLR,LTR
chr10,109993267,109993288,MA1714.1,-,8.71e-06,ERV3-16A3_I-int,ERVL,LTR
chrX,113572663,113572684,MA1714.1,-,8.71e-06,AluSz,Alu,SINE
chr11,116536846,116536867,MA1714.1,+,8.71e-06,L1MA4,L1,LINE
chr10,118954943,118954964,MA1714.1,-,8.71e-06,AluSz6,Alu,SINE
chr7,119083405,119083426,MA1714.1,-,8.71e-06,L1PA15,L1,LINE
chr2,120136684,120136705,MA1714.1,-,8.71e-06,PABL_A-int,ERV1,LTR
chr6,120189640,120189661,MA1714.1,+,8.71e-06,MIRb,MIR,SINE
chr11,123165910,123165931,MA1714.1,-,8.71e-06,MIRc,MIR,SINE
chr10,123362181,123362202,MA1714.1,+,8.71e-06,MIR,MIR,SINE
chrX,125032802,125032823,MA1714.1,-,8.71e-06,L1PA16,L1,LINE
chr4,127158178,127158199,MA1714.1,-,8.71e-06,L1MEc,L1,LINE
chr3,129654229,129654250,MA1714.1,+,8.71e-06,L1MB4,L1,LINE
chr6,130903300,130903321,MA1714.1,+,8.71e-06,HAL1,L1,LINE
chr7,131367801,131367822,MA1714.1,-,8.71e-06,LTR82B,ERVL,LTR
chr4,133410287,133410308,MA1714.1,+,8.71e-06,L1MB3,L1,LINE
chr3,138345645,138345666,MA1714.1,-,8.71e-06,L1MC4a,L1,LINE
chrX,138758792,138758813,MA1714.1,+,8.71e-06,MIR,MIR,SINE
chr3,143798532,143798553,MA1714.1,-,8.71e-06,MIRb,MIR,SINE
chr5,146596061,146596082,MA1714.1,+,8.71e-06,L1PA7,L1,LINE
chr2,161186362,161186383,MA1714.1,+,8.71e-06,L3,CR1,LINE
chr6,161572668,161572689,MA1714.1,-,8.71e-06,MIRb,MIR,SINE
chr2,162940788,162940809,MA1714.1,-,8.71e-06,MER34D,ERV1,LTR
chr6,167055543,167055564,MA1714.1,+,8.71e-06,L1MEg,L1,LINE
chr2,168977249,168977270,MA1714.1,-,8.71e-06,MIR,MIR,SINE
chr2,169705421,169705442,MA1714.1,+,8.71e-06,L1MB3,L1,LINE
chr5,169957354,169957375,MA1714.1,-,8.71e-06,MIRb,MIR,SINE
chr2,174030810,174030831,MA1714.1,-,8.71e-06,L1MB4,L1,LINE
chr5,179880594,179880615,MA1714.1,+,8.71e-06,AluSx,Alu,SINE
chr3,183717317,183717338,MA1714.1,+,8.71e-06,AluJr4,Alu,SINE
chr1,212506480,212506501,MA1714.1,-,8.71e-06,AluSx,Alu,SINE
chr1,247164615,247164636,MA1714.1,+,8.71e-06,FLAM_C,Alu,SINE
chrUn_gl000246,10519,10540,MA1714.1,-,8.77e-06,L1MA8,L1,LINE
chr8,1975179,1975200,MA1714.1,-,8.77e-06,MLT1A,ERVL-MaLR,LTR
chrY,2667519,2667540,MA1714.1,-,8.77e-06,MER65C,ERV1,LTR
chr6,4007298,4007319,MA1714.1,+,8.77e-06,L1M5,L1,LINE
chr2,4197200,4197221,MA1714.1,-,8.77e-06,L1ME1,L1,LINE
chr4,5248044,5248065,MA1714.1,-,8.77e-06,L1PA4,L1,LINE
chr4,5408516,5408537,MA1714.1,-,8.77e-06,MSTA-int,ERVL-MaLR,LTR
chr3,7496176,7496197,MA1714.1,+,8.77e-06,L1MC4a,L1,LINE
chr9,7921173,7921194,MA1714.1,+,8.77e-06,L1MC4,L1,LINE
chr2,9203036,9203057,MA1714.1,+,8.77e-06,AluJo,Alu,SINE
chr9,10579259,10579280,MA1714.1,-,8.77e-06,L1PA16,L1,LINE
chrX,12527691,12527712,MA1714.1,+,8.77e-06,L1PB1,L1,LINE
chr17,13000131,13000152,MA1714.1,-,8.77e-06,MIR,MIR,SINE
chr2,13525507,13525528,MA1714.1,+,8.77e-06,HAL1b,L1,LINE
chr17,16889886,16889907,MA1714.1,+,8.77e-06,MSTD-int,ERVL-MaLR,LTR
chr21,16981019,16981040,MA1714.1,+,8.77e-06,L1MC1,L1,LINE
chr22,17267772,17267793,MA1714.1,+,8.77e-06,L1MA8,L1,LINE
chr1,18055006,18055027,MA1714.1,-,8.77e-06,MIRb,MIR,SINE
chr8,18896216,18896237,MA1714.1,-,8.77e-06,AluJb,Alu,SINE
chr7,20102680,20102701,MA1714.1,+,8.77e-06,L1ME1,L1,LINE
chr16,21331027,21331048,MA1714.1,-,8.77e-06,L1MEg,L1,LINE
chrY,24126979,24127000,MA1714.1,+,8.77e-06,HERV3-int,ERV1,LTR
chr16,24527092,24527113,MA1714.1,+,8.77e-06,AluJo,Alu,SINE
chrY,24751688,24751709,MA1714.1,-,8.77e-06,HERV3-int,ERV1,LTR
chrY,25736271,25736292,MA1714.1,+,8.77e-06,HERV3-int,ERV1,LTR
chr10,27105415,27105436,MA1714.1,+,8.77e-06,Tigger6a,TcMar-Tigger,DNA
chr1,27242183,27242204,MA1714.1,+,8.77e-06,MIRb,MIR,SINE
chrY,28226081,28226102,MA1714.1,-,8.77e-06,HERV3-int,ERV1,LTR
chr7,28236836,28236857,MA1714.1,-,8.77e-06,MLT1D,ERVL-MaLR,LTR
chr3,28980799,28980820,MA1714.1,+,8.77e-06,L1MA9,L1,LINE
chr7,29975445,29975466,MA1714.1,-,8.77e-06,MIR,MIR,SINE
chr2,30257962,30257983,MA1714.1,-,8.77e-06,MIRc,MIR,SINE
chr15,30303723,30303744,MA1714.1,-,8.77e-06,L1MC2,L1,LINE
chr21,30474241,30474262,MA1714.1,-,8.77e-06,Charlie7,hAT-Charlie,DNA
chr11,32395795,32395816,MA1714.1,-,8.77e-06,MIRb,MIR,SINE
chr5,32497258,32497279,MA1714.1,+,8.77e-06,MER21A,ERVL,LTR
chr21,33647444,33647465,MA1714.1,+,8.77e-06,FLAM_C,Alu,SINE
chr12,38350585,38350606,MA1714.1,-,8.77e-06,ALR/Alpha,centr,Satellite
chr10,38469725,38469746,MA1714.1,-,8.77e-06,HAL1,L1,LINE
chr13,38574265,38574286,MA1714.1,+,8.77e-06,HSMAR2,TcMar-Mariner,DNA
chr12,40792270,40792291,MA1714.1,-,8.77e-06,Tigger15a,TcMar-Tigger,DNA
chr19,41022281,41022302,MA1714.1,-,8.77e-06,AluJb,Alu,SINE
chr17,41758902,41758923,MA1714.1,+,8.77e-06,MIR,MIR,SINE
chr18,42145206,42145227,MA1714.1,-,8.77e-06,L1MEg,L1,LINE
chr7,42856740,42856761,MA1714.1,+,8.77e-06,L1MA7,L1,LINE
chr11,43141148,43141169,MA1714.1,-,8.77e-06,MIRb,MIR,SINE
chr8,43587641,43587662,MA1714.1,+,8.77e-06,ALR/Alpha,centr,Satellite
chr22,47039721,47039742,MA1714.1,-,8.77e-06,L1MC4,L1,LINE
chr3,48153310,48153331,MA1714.1,+,8.77e-06,MER21-int,ERVL,LTR
chr10,48469876,48469897,MA1714.1,+,8.77e-06,L1MC3,L1,LINE
chr6,49025679,49025700,MA1714.1,-,8.77e-06,MSTA-int,ERVL-MaLR,LTR
chr15,49899718,49899739,MA1714.1,+,8.77e-06,LTR89,ERVL,LTR
chr11,50011694,50011715,MA1714.1,-,8.77e-06,L1M4,L1,LINE
chr16,50084546,50084567,MA1714.1,+,8.77e-06,AluJb,Alu,SINE
chr15,51798341,51798362,MA1714.1,-,8.77e-06,AluJo,Alu,SINE
chr7,54178688,54178709,MA1714.1,-,8.77e-06,MER54B,ERVL,LTR
chr15,54219286,54219307,MA1714.1,-,8.77e-06,MIR,MIR,SINE
chr8,54243378,54243399,MA1714.1,-,8.77e-06,L1MB8,L1,LINE
chr14,54667888,54667909,MA1714.1,+,8.77e-06,MLT1L,ERVL-MaLR,LTR
chr13,56442737,56442758,MA1714.1,-,8.77e-06,MER52-int,ERV1,LTR
chr7,56677913,56677934,MA1714.1,+,8.77e-06,L1ME1,L1,LINE
chr5,56866934,56866955,MA1714.1,+,8.77e-06,MIR,MIR,SINE
chr8,60893291,60893312,MA1714.1,-,8.77e-06,L1MA8,L1,LINE
chr20,61164800,61164821,MA1714.1,-,8.77e-06,MER58B,hAT-Charlie,DNA
chr11,61935438,61935459,MA1714.1,-,8.77e-06,AluJb,Alu,SINE
chr3,65458740,65458761,MA1714.1,+,8.77e-06,MIR,MIR,SINE
chr16,67169409,67169430,MA1714.1,-,8.77e-06,AluJb,Alu,SINE
chr6,68732629,68732650,MA1714.1,+,8.77e-06,L1MB1,L1,LINE
chr2,71395909,71395930,MA1714.1,+,8.77e-06,L1M5,L1,LINE
chr6,71582720,71582741,MA1714.1,-,8.77e-06,L1M4,L1,LINE
chr16,73106535,73106556,MA1714.1,-,8.77e-06,AluJr,Alu,SINE
chr16,74164773,74164794,MA1714.1,+,8.77e-06,L1MA4,L1,LINE
chr15,74312119,74312140,MA1714.1,-,8.77e-06,MIR,MIR,SINE
chr11,74714291,74714312,MA1714.1,-,8.77e-06,L1MEg,L1,LINE
chr12,75319500,75319521,MA1714.1,+,8.77e-06,L1MA8,L1,LINE
chrX,77063002,77063023,MA1714.1,-,8.77e-06,L1PB2,L1,LINE
chr14,77551431,77551452,MA1714.1,+,8.77e-06,MIRb,MIR,SINE
chr15,85230481,85230502,MA1714.1,-,8.77e-06,AluJb,Alu,SINE
chr11,86559803,86559824,MA1714.1,+,8.77e-06,HERV30-int,ERV1,LTR
chr1,87542091,87542112,MA1714.1,+,8.77e-06,L1MC4,L1,LINE
chr11,88380275,88380296,MA1714.1,-,8.77e-06,MLT1C,ERVL-MaLR,LTR
chr14,88511724,88511745,MA1714.1,-,8.77e-06,ORSL,hAT-Tip100,DNA
chr3,89647988,89648009,MA1714.1,-,8.77e-06,ERVL-E-int,ERVL,LTR
chr10,90042208,90042229,MA1714.1,+,8.77e-06,MIRc,MIR,SINE
chr6,91438080,91438101,MA1714.1,+,8.77e-06,MLT1K,ERVL-MaLR,LTR
chr11,91474010,91474031,MA1714.1,+,8.77e-06,MER21B,ERVL,LTR
chr13,96687176,96687197,MA1714.1,+,8.77e-06,MER52A,ERV1,LTR
chr6,97034394,97034415,MA1714.1,+,8.77e-06,HSMAR2,TcMar-Mariner,DNA
chr8,98242247,98242268,MA1714.1,+,8.77e-06,LTR85b,Gypsy,LTR
chr15,98677728,98677749,MA1714.1,-,8.77e-06,MIRb,MIR,SINE
chr1,99046274,99046295,MA1714.1,-,8.77e-06,L1M5,L1,LINE
chr8,99272078,99272099,MA1714.1,+,8.77e-06,MLT1H,ERVL-MaLR,LTR
chr2,102936177,102936198,MA1714.1,-,8.77e-06,AluJb,Alu,SINE
chr3,103662259,103662280,MA1714.1,-,8.77e-06,L1MA5,L1,LINE
chr6,104098810,104098831,MA1714.1,-,8.77e-06,L1PA16,L1,LINE
chr8,104139851,104139872,MA1714.1,-,8.77e-06,HAL1,L1,LINE
chr8,109580449,109580470,MA1714.1,-,8.77e-06,L1M5,L1,LINE
chr8,109734135,109734156,MA1714.1,-,8.77e-06,L1ME2z,L1,LINE
chrX,109859372,109859393,MA1714.1,-,8.77e-06,L1PB1,L1,LINE
chr4,116967383,116967404,MA1714.1,+,8.77e-06,AluJb,Alu,SINE
chr9,117183123,117183144,MA1714.1,-,8.77e-06,MIR,MIR,SINE
chr1,117500382,117500403,MA1714.1,-,8.77e-06,L1MA8,L1,LINE
chrX,117688037,117688058,MA1714.1,-,8.77e-06,AluJo,Alu,SINE
chrX,118025179,118025200,MA1714.1,+,8.77e-06,HERVP71A-int,ERV1,LTR
chr8,119015478,119015499,MA1714.1,+,8.77e-06,L1PB1,L1,LINE
chr1,120679393,120679414,MA1714.1,+,8.77e-06,L1MB7,L1,LINE
chr5,121181964,121181985,MA1714.1,-,8.77e-06,AluJr,Alu,SINE
chr9,121737399,121737420,MA1714.1,+,8.77e-06,AluJb,Alu,SINE
chr3,121831852,121831873,MA1714.1,-,8.77e-06,L1PB2,L1,LINE
chr9,123029778,123029799,MA1714.1,+,8.77e-06,L1PB1,L1,LINE
chr6,123308783,123308804,MA1714.1,+,8.77e-06,L1P3,L1,LINE
chrX,125012926,125012947,MA1714.1,-,8.77e-06,L1MA2,L1,LINE
chr6,127477076,127477097,MA1714.1,-,8.77e-06,AluJr,Alu,SINE
chr2,128562125,128562146,MA1714.1,+,8.77e-06,L1MC4,L1,LINE
chr4,129697459,129697480,MA1714.1,-,8.77e-06,Charlie1b,hAT-Charlie,DNA
chr3,130765370,130765391,MA1714.1,-,8.77e-06,L1PBa,L1,LINE
chrX,131454747,131454768,MA1714.1,-,8.77e-06,L1MEc,L1,LINE
chrX,132230890,132230911,MA1714.1,+,8.77e-06,AluSx1,Alu,SINE
chr8,134876771,134876792,MA1714.1,+,8.77e-06,LTR89,ERVL,LTR
chr6,136073939,136073960,MA1714.1,+,8.77e-06,L1MA9,L1,LINE
chrX,141112993,141113014,MA1714.1,+,8.77e-06,MSTA-int,ERVL-MaLR,LTR
chrX,143623391,143623412,MA1714.1,+,8.77e-06,L1MA9,L1,LINE
chr1,145139961,145139982,MA1714.1,-,8.77e-06,L1M4,L1,LINE
chr6,151582473,151582494,MA1714.1,+,8.77e-06,AluSx1,Alu,SINE
chrX,152878682,152878703,MA1714.1,+,8.77e-06,MamRep38,hAT,DNA
chr6,156462110,156462131,MA1714.1,-,8.77e-06,L1ME1,L1,LINE
chr3,157633877,157633898,MA1714.1,+,8.77e-06,L2a,L2,LINE
chr3,159622221,159622242,MA1714.1,-,8.77e-06,L1MA3,L1,LINE
chr1,163928872,163928893,MA1714.1,-,8.77e-06,L1M3b,L1,LINE
chr4,166439538,166439559,MA1714.1,-,8.77e-06,AluJr,Alu,SINE
chr6,170597116,170597137,MA1714.1,+,8.77e-06,MIR3,MIR,SINE
chr4,171814908,171814929,MA1714.1,-,8.77e-06,THE1B-int,ERVL-MaLR,LTR
chr1,230176724,230176745,MA1714.1,-,8.77e-06,L1MEc,L1,LINE
chr2,233254899,233254920,MA1714.1,+,8.77e-06,AluJb,Alu,SINE
chr1,245395111,245395132,MA1714.1,+,8.77e-06,L1MC4,L1,LINE
chrY,3024630,3024651,MA1714.1,-,8.82e-06,MST-int,ERVL-MaLR,LTR
chr9,3029531,3029552,MA1714.1,-,8.82e-06,AluJb,Alu,SINE
chr3,4326064,4326085,MA1714.1,+,8.82e-06,AluJb,Alu,SINE
chr5,6352520,6352541,MA1714.1,+,8.82e-06,L1ME3A,L1,LINE
chr9,9061112,9061133,MA1714.1,+,8.82e-06,L1ME3A,L1,LINE
chr19,12136717,12136738,MA1714.1,+,8.82e-06,HERVK9-int,ERVK,LTR
chr12,13114568,13114589,MA1714.1,-,8.82e-06,AluJb,Alu,SINE
chr4,14305974,14305995,MA1714.1,+,8.82e-06,L1M3d,L1,LINE
chrY,16034306,16034327,MA1714.1,+,8.82e-06,AluJo,Alu,SINE
chr10,16144557,16144578,MA1714.1,-,8.82e-06,AluJr,Alu,SINE
chrX,16362853,16362874,MA1714.1,-,8.82e-06,L1PA16,L1,LINE
chr12,16852350,16852371,MA1714.1,+,8.82e-06,ORSL,hAT-Tip100,DNA
chr10,19879974,19879995,MA1714.1,-,8.82e-06,L1MC1,L1,LINE
chr6,20065728,20065749,MA1714.1,+,8.82e-06,L2c,L2,LINE
chr17,21977370,21977391,MA1714.1,-,8.82e-06,LTR49-int,ERV1,LTR
chr21,25017820,25017841,MA1714.1,-,8.82e-06,AluJb,Alu,SINE
chr1,25906968,25906989,MA1714.1,-,8.82e-06,MIRb,MIR,SINE
chr5,26270116,26270137,MA1714.1,-,8.82e-06,L1ME3,L1,LINE
chr16,26456772,26456793,MA1714.1,+,8.82e-06,MIRb,MIR,SINE
chr17,26477199,26477220,MA1714.1,+,8.82e-06,MIRb,MIR,SINE
chr12,27490966,27490987,MA1714.1,+,8.82e-06,L2c,L2,LINE
chr17,29793422,29793443,MA1714.1,+,8.82e-06,MIR,MIR,SINE
chrX,30675722,30675743,MA1714.1,-,8.82e-06,MIRb,MIR,SINE
chr22,32325303,32325324,MA1714.1,-,8.82e-06,L2a,L2,LINE
chr20,32862725,32862746,MA1714.1,+,8.82e-06,AluJo,Alu,SINE
chr11,35860257,35860278,MA1714.1,+,8.82e-06,MIR,MIR,SINE
chrX,36115010,36115031,MA1714.1,-,8.82e-06,L1MA2,L1,LINE
chr7,36869741,36869762,MA1714.1,+,8.82e-06,L1MB7,L1,LINE
chr19,37173153,37173174,MA1714.1,+,8.82e-06,AluJr4,Alu,SINE
chr15,37452425,37452446,MA1714.1,-,8.82e-06,AluSz,Alu,SINE
chr1,41136156,41136177,MA1714.1,+,8.82e-06,MIR,MIR,SINE
chr12,42692407,42692428,MA1714.1,+,8.82e-06,L1MEg,L1,LINE
chr6,42717085,42717106,MA1714.1,+,8.82e-06,L1MA4,L1,LINE
chr19,44133724,44133745,MA1714.1,-,8.82e-06,MIRb,MIR,SINE
chr18,44708575,44708596,MA1714.1,+,8.82e-06,THE1A-int,ERVL-MaLR,LTR
chr3,46394709,46394730,MA1714.1,+,8.82e-06,AluSx,Alu,SINE
chr16,48008837,48008858,MA1714.1,+,8.82e-06,AluJr,Alu,SINE
chr22,48803989,48804010,MA1714.1,-,8.82e-06,L1MC3,L1,LINE
chr15,48998872,48998893,MA1714.1,-,8.82e-06,L1MA6,L1,LINE
chrX,49089072,49089093,MA1714.1,+,8.82e-06,MIR,MIR,SINE
chr22,50139936,50139957,MA1714.1,-,8.82e-06,L1MB7,L1,LINE
chr15,50876432,50876453,MA1714.1,+,8.82e-06,HAL1,L1,LINE
chr15,51272861,51272882,MA1714.1,+,8.82e-06,MSTD-int,ERVL-MaLR,LTR
chr1,53316737,53316758,MA1714.1,-,8.82e-06,AluJb,Alu,SINE
chr17,55249645,55249666,MA1714.1,+,8.82e-06,MIRc,MIR,SINE
chr13,55287579,55287600,MA1714.1,-,8.82e-06,L1MA5A,L1,LINE
chr1,56638349,56638370,MA1714.1,-,8.82e-06,L1MEc,L1,LINE
chr3,56853866,56853887,MA1714.1,-,8.82e-06,AluJb,Alu,SINE
chr5,58275875,58275896,MA1714.1,-,8.82e-06,MIR,MIR,SINE
chr2,58438537,58438558,MA1714.1,-,8.82e-06,THE1B-int,ERVL-MaLR,LTR
chrX,63630906,63630927,MA1714.1,-,8.82e-06,L1PA14,L1,LINE
chr1,64192374,64192395,MA1714.1,-,8.82e-06,AluJo,Alu,SINE
chr17,65830747,65830768,MA1714.1,-,8.82e-06,L1M5,L1,LINE
chr18,66494824,66494845,MA1714.1,+,8.82e-06,L1MDa,L1,LINE
chr17,66734096,66734117,MA1714.1,+,8.82e-06,L1ME3,L1,LINE
chr4,68477400,68477421,MA1714.1,+,8.82e-06,L1ME3D,L1,LINE
chr12,70522308,70522329,MA1714.1,+,8.82e-06,AluSx,Alu,SINE
chr6,71069150,71069171,MA1714.1,-,8.82e-06,L1PA5,L1,LINE
chr2,73811938,73811959,MA1714.1,-,8.82e-06,L1PB2,L1,LINE
chr2,74387015,74387036,MA1714.1,-,8.82e-06,AluSz6,Alu,SINE
chr7,75430287,75430308,MA1714.1,-,8.82e-06,AluSx1,Alu,SINE
chr1,79157529,79157550,MA1714.1,+,8.82e-06,MIRb,MIR,SINE
chrX,79630422,79630443,MA1714.1,-,8.82e-06,Tigger4a,TcMar-Tigger,DNA
chr10,80193567,80193588,MA1714.1,-,8.82e-06,MIRc,MIR,SINE
chr17,80979924,80979945,MA1714.1,+,8.82e-06,L1MEg,L1,LINE
chr11,82712987,82713008,MA1714.1,-,8.82e-06,MIRb,MIR,SINE
chr9,84315099,84315120,MA1714.1,+,8.82e-06,AluSz6,Alu,SINE
chr16,86004359,86004380,MA1714.1,+,8.82e-06,MIR,MIR,SINE
chr6,86078363,86078384,MA1714.1,-,8.82e-06,MIR3,MIR,SINE
chr15,86734219,86734240,MA1714.1,+,8.82e-06,HAL1b,L1,LINE
chr6,87595804,87595825,MA1714.1,-,8.82e-06,AluJr,Alu,SINE
chr9,87905744,87905765,MA1714.1,+,8.82e-06,L1MC4a,L1,LINE
chrX,88755706,88755727,MA1714.1,-,8.82e-06,MST-int,ERVL-MaLR,LTR
chr5,90767972,90767993,MA1714.1,+,8.82e-06,MIR,MIR,SINE
chr11,90945507,90945528,MA1714.1,+,8.82e-06,L1MDa,L1,LINE
chr14,91328391,91328412,MA1714.1,+,8.82e-06,L1ME3,L1,LINE
chr10,92130000,92130021,MA1714.1,-,8.82e-06,L1PA6,L1,LINE
chrX,93274406,93274427,MA1714.1,-,8.82e-06,MIRb,MIR,SINE
chr3,96485618,96485639,MA1714.1,-,8.82e-06,LTR60,ERV1,LTR
chr1,96849083,96849104,MA1714.1,+,8.82e-06,L1PB1,L1,LINE
chr12,97076174,97076195,MA1714.1,-,8.82e-06,AluJb,Alu,SINE
chr12,98055748,98055769,MA1714.1,-,8.82e-06,THE1C-int,ERVL-MaLR,LTR
chr10,98461896,98461917,MA1714.1,+,8.82e-06,L1MA9,L1,LINE
chr14,103045253,103045274,MA1714.1,+,8.82e-06,AluJb,Alu,SINE
chr9,106469751,106469772,MA1714.1,-,8.82e-06,MLT1E1A-int,ERVL-MaLR,LTR
chr6,108642668,108642689,MA1714.1,-,8.82e-06,MER21C,ERVL,LTR
chr6,108780123,108780144,MA1714.1,-,8.82e-06,L1MEc,L1,LINE
chr2,110334649,110334670,MA1714.1,+,8.82e-06,L1MEg,L1,LINE
chr8,111630261,111630282,MA1714.1,-,8.82e-06,L1MC3,L1,LINE
chr5,111815996,111816017,MA1714.1,-,8.82e-06,MLT1J-int,ERVL-MaLR,LTR
chr1,114432981,114433002,MA1714.1,+,8.82e-06,AluJb,Alu,SINE
chr9,115247123,115247144,MA1714.1,-,8.82e-06,L1MB2,L1,LINE
chr11,117591475,117591496,MA1714.1,+,8.82e-06,MIRb,MIR,SINE
chr9,119330110,119330131,MA1714.1,-,8.82e-06,MIRb,MIR,SINE
chr8,119439656,119439677,MA1714.1,-,8.82e-06,L1ME2,L1,LINE
chr3,121019584,121019605,MA1714.1,+,8.82e-06,L1MEc,L1,LINE
chr11,121900101,121900122,MA1714.1,+,8.82e-06,MIRb,MIR,SINE
chr9,124921116,124921137,MA1714.1,+,8.82e-06,MIR,MIR,SINE
chr7,126002314,126002335,MA1714.1,-,8.82e-06,MIR,MIR,SINE
chr7,127869174,127869195,MA1714.1,+,8.82e-06,AluSx,Alu,SINE
chr4,136120812,136120833,MA1714.1,-,8.82e-06,LTR68,ERV1,LTR
chr8,139810987,139811008,MA1714.1,-,8.82e-06,L1MB8,L1,LINE
chr7,140067648,140067669,MA1714.1,-,8.82e-06,AluSz,Alu,SINE
chr6,140602985,140603006,MA1714.1,+,8.82e-06,L1MC2,L1,LINE
chr3,147386473,147386494,MA1714.1,+,8.82e-06,L4,RTE,LINE
chr7,147773456,147773477,MA1714.1,+,8.82e-06,MER20,hAT-Charlie,DNA
chr7,151401458,151401479,MA1714.1,-,8.82e-06,L1ME3A,L1,LINE
chr3,157224364,157224385,MA1714.1,+,8.82e-06,MLT1E1A,ERVL-MaLR,LTR
chr1,158375781,158375802,MA1714.1,-,8.82e-06,ERVL-E-int,ERVL,LTR
chr5,160364291,160364312,MA1714.1,-,8.82e-06,HERVL18-int,ERVL,LTR
chr2,174509651,174509672,MA1714.1,+,8.82e-06,Tigger4,TcMar-Tigger,DNA
chr4,175014404,175014425,MA1714.1,+,8.82e-06,L1MC3,L1,LINE
chr2,175052767,175052788,MA1714.1,+,8.82e-06,Tigger4,TcMar-Tigger,DNA
chr1,177221990,177222011,MA1714.1,-,8.82e-06,L1MA6,L1,LINE
chr1,179353621,179353642,MA1714.1,-,8.82e-06,L1MC4,L1,LINE
chr2,185943538,185943559,MA1714.1,+,8.82e-06,L1MA9,L1,LINE
chr3,193860376,193860397,MA1714.1,+,8.82e-06,MIR,MIR,SINE
chr1,219028755,219028776,MA1714.1,+,8.82e-06,MSTD-int,ERVL-MaLR,LTR
chr2,221486348,221486369,MA1714.1,-,8.82e-06,L1M5,L1,LINE
chr9_gl000200_random,127682,127703,MA1714.1,-,8.88e-06,L1M5,L1,LINE
chrX,2857744,2857765,MA1714.1,+,8.88e-06,Kanga1,TcMar-Tc2,DNA
chrY,4582667,4582688,MA1714.1,-,8.88e-06,L1M4c,L1,LINE
chr10,5181337,5181358,MA1714.1,+,8.88e-06,L1PA6,L1,LINE
chrX,6009061,6009082,MA1714.1,+,8.88e-06,HAL1-3A_ME,L1,LINE
chr16,6482034,6482055,MA1714.1,-,8.88e-06,AluJr4,Alu,SINE
chr5,7697174,7697195,MA1714.1,-,8.88e-06,MLT1C,ERVL-MaLR,LTR
chr3,11478149,11478170,MA1714.1,+,8.88e-06,L1MB8,L1,LINE
chr16,14009219,14009240,MA1714.1,-,8.88e-06,MIRb,MIR,SINE
chr19,15249986,15250007,MA1714.1,-,8.88e-06,LTR33,ERVL,LTR
chr9,15694965,15694986,MA1714.1,+,8.88e-06,MIR,MIR,SINE
chr16,16881152,16881173,MA1714.1,-,8.88e-06,L1ME1,L1,LINE
chr16,17877421,17877442,MA1714.1,+,8.88e-06,MIRb,MIR,SINE
chr11,18507806,18507827,MA1714.1,+,8.88e-06,LTR27B,ERV1,LTR
chr1,19367834,19367855,MA1714.1,+,8.88e-06,MER112,hAT-Charlie,DNA
chrY,19526247,19526268,MA1714.1,+,8.88e-06,HUERS-P1-int,ERV1,LTR
chr5,21029460,21029481,MA1714.1,+,8.88e-06,MIR,MIR,SINE
chrY,21452838,21452859,MA1714.1,-,8.88e-06,PRIMA4-int,ERV1,LTR
chr20,21906031,21906052,MA1714.1,-,8.88e-06,L1M5,L1,LINE
chr6,22862496,22862517,MA1714.1,-,8.88e-06,L2c,L2,LINE
chr3,24706931,24706952,MA1714.1,-,8.88e-06,L1MEe,L1,LINE
chr6,25425375,25425396,MA1714.1,+,8.88e-06,L2c,L2,LINE
chr22,26210795,26210816,MA1714.1,-,8.88e-06,MIRb,MIR,SINE
chr12,26797074,26797095,MA1714.1,+,8.88e-06,MLT1A0-int,ERVL-MaLR,LTR
chr17,30043073,30043094,MA1714.1,+,8.88e-06,L1ME2,L1,LINE
chr9,31097047,31097068,MA1714.1,+,8.88e-06,L1MD1,L1,LINE
chr9,32685827,32685848,MA1714.1,+,8.88e-06,L1PA4,L1,LINE
chr2,33219350,33219371,MA1714.1,-,8.88e-06,MIR,MIR,SINE
chr2,35506147,35506168,MA1714.1,-,8.88e-06,L1MD2,L1,LINE
chr9,36410863,36410884,MA1714.1,+,8.88e-06,L1MB3,L1,LINE
chr12,38860220,38860241,MA1714.1,+,8.88e-06,L1PB1,L1,LINE
chr3,39035795,39035816,MA1714.1,+,8.88e-06,LTR78,ERV1,LTR
chr6,39342945,39342966,MA1714.1,+,8.88e-06,L1MA7,L1,LINE
chr9,39635043,39635064,MA1714.1,+,8.88e-06,L1M5,L1,LINE
chr6,40279988,40280009,MA1714.1,+,8.88e-06,MLT1G1,ERVL-MaLR,LTR
chr7,40288373,40288394,MA1714.1,-,8.88e-06,L1MC4a,L1,LINE
chr8,40961038,40961059,MA1714.1,-,8.88e-06,AluJo,Alu,SINE
chr9,41049529,41049550,MA1714.1,-,8.88e-06,L1M5,L1,LINE
chr19,41538590,41538611,MA1714.1,+,8.88e-06,L1MB8,L1,LINE
chr17,41727752,41727773,MA1714.1,-,8.88e-06,MIRc,MIR,SINE
chr9,41780076,41780097,MA1714.1,+,8.88e-06,L1M5,L1,LINE
chr10,43419532,43419553,MA1714.1,-,8.88e-06,L1MC4,L1,LINE
chr9,43420417,43420438,MA1714.1,-,8.88e-06,L1M5,L1,LINE
chr12,43582454,43582475,MA1714.1,-,8.88e-06,L1M5,L1,LINE
chr7,43898483,43898504,MA1714.1,+,8.88e-06,THE1B-int,ERVL-MaLR,LTR
chr9,44579685,44579706,MA1714.1,-,8.88e-06,L1M5,L1,LINE
chr10,45776436,45776457,MA1714.1,+,8.88e-06,HERVK3-int,ERVK,LTR
chr11,46932670,46932691,MA1714.1,+,8.88e-06,MIR,MIR,SINE
chr9,47018662,47018683,MA1714.1,-,8.88e-06,L1M5,L1,LINE
chr21,47317570,47317591,MA1714.1,-,8.88e-06,L1MC4a,L1,LINE
chr20,47447593,47447614,MA1714.1,-,8.88e-06,MLT1L,ERVL-MaLR,LTR
chr13,48488518,48488539,MA1714.1,+,8.88e-06,L1MC4a,L1,LINE
chr13,49694188,49694209,MA1714.1,+,8.88e-06,L1PA7,L1,LINE
chr16,50298647,50298668,MA1714.1,-,8.88e-06,L1ME3,L1,LINE
chr12,52384550,52384571,MA1714.1,-,8.88e-06,L1MC5,L1,LINE
chr13,52827214,52827235,MA1714.1,+,8.88e-06,L1MA8,L1,LINE
chr13,53127505,53127526,MA1714.1,-,8.88e-06,L1MA8,L1,LINE
chr4,55239695,55239716,MA1714.1,+,8.88e-06,L1MB8,L1,LINE
chr17,55420787,55420808,MA1714.1,-,8.88e-06,L1MC4,L1,LINE
chr13,55921932,55921953,MA1714.1,-,8.88e-06,MER92B,ERV1,LTR
chr7,57050621,57050642,MA1714.1,+,8.88e-06,MER65C,ERV1,LTR
chr16,59270173,59270194,MA1714.1,+,8.88e-06,LTR29,ERV1,LTR
chr13,60018908,60018929,MA1714.1,-,8.88e-06,MIRb,MIR,SINE
chr12,60278310,60278331,MA1714.1,-,8.88e-06,L1MA9,L1,LINE
chr7,62316855,62316876,MA1714.1,+,8.88e-06,ALR/Alpha,centr,Satellite
chr7,63054398,63054419,MA1714.1,-,8.88e-06,MER65C,ERV1,LTR
chr4,64283666,64283687,MA1714.1,-,8.88e-06,MER1A,hAT-Charlie,DNA
chr12,64566245,64566266,MA1714.1,+,8.88e-06,HAL1-3A_ME,L1,LINE
chr1,65171928,65171949,MA1714.1,+,8.88e-06,MIR,MIR,SINE
chr9,66079289,66079310,MA1714.1,-,8.88e-06,L1M5,L1,LINE
chr11,67838614,67838635,MA1714.1,-,8.88e-06,L3,CR1,LINE
chr7,71016462,71016483,MA1714.1,-,8.88e-06,L1MEg,L1,LINE
chr2,74989692,74989713,MA1714.1,-,8.88e-06,MIRb,MIR,SINE
chrX,75956544,75956565,MA1714.1,+,8.88e-06,MIRb,MIR,SINE
chr11,76209579,76209600,MA1714.1,-,8.88e-06,L1MDa,L1,LINE
chr11,76591658,76591679,MA1714.1,-,8.88e-06,MER39,ERV1,LTR
chr15,76754433,76754454,MA1714.1,-,8.88e-06,L1MC4a,L1,LINE
chr2,77425305,77425326,MA1714.1,-,8.88e-06,MLT1I,ERVL-MaLR,LTR
chr8,79184841,79184862,MA1714.1,+,8.88e-06,L1MC2,L1,LINE
chr7,79200939,79200960,MA1714.1,+,8.88e-06,L1MC4,L1,LINE
chr16,80272131,80272152,MA1714.1,-,8.88e-06,L1MEf,L1,LINE
chr6,80506410,80506431,MA1714.1,+,8.88e-06,MER34,ERV1,LTR
chr14,80640920,80640941,MA1714.1,-,8.88e-06,L1M6,L1,LINE
chr11,80911224,80911245,MA1714.1,+,8.88e-06,HERVP71A-int,ERV1,LTR
chr10,81705672,81705693,MA1714.1,+,8.88e-06,MIRb,MIR,SINE
chr4,87454393,87454414,MA1714.1,+,8.88e-06,L1MB4,L1,LINE
chr6,89110439,89110460,MA1714.1,-,8.88e-06,L1ME3A,L1,LINE
chrX,90504727,90504748,MA1714.1,-,8.88e-06,L1M4c,L1,LINE
chr12,92046778,92046799,MA1714.1,-,8.88e-06,MLT1D,ERVL-MaLR,LTR
chr9,93173290,93173311,MA1714.1,+,8.88e-06,AluJb,Alu,SINE
chr9,95689036,95689057,MA1714.1,-,8.88e-06,Charlie6,hAT-Charlie,DNA
chr13,95754218,95754239,MA1714.1,-,8.88e-06,MIRb,MIR,SINE
chr10,96158323,96158344,MA1714.1,-,8.88e-06,L1MB5,L1,LINE
chr1,96533327,96533348,MA1714.1,-,8.88e-06,L1PB4,L1,LINE
chr14,97021944,97021965,MA1714.1,-,8.88e-06,MER3,hAT-Charlie,DNA
chr5,97521996,97522017,MA1714.1,+,8.88e-06,L1PB1,L1,LINE
chr1,97539321,97539342,MA1714.1,-,8.88e-06,MIRc,MIR,SINE
chr13,98857335,98857356,MA1714.1,-,8.88e-06,L1M7,L1,LINE
chr5,98937977,98937998,MA1714.1,+,8.88e-06,MLT1E2-int,ERVL-MaLR,LTR
chrX,100903896,100903917,MA1714.1,-,8.88e-06,L1ME5,L1,LINE
chr1,101188229,101188250,MA1714.1,+,8.88e-06,MIRb,MIR,SINE
chrX,101597477,101597498,MA1714.1,+,8.88e-06,LTR81,Gypsy,LTR
chr2,105145934,105145955,MA1714.1,+,8.88e-06,L1PA10,L1,LINE
chr12,105254423,105254444,MA1714.1,-,8.88e-06,AluJo,Alu,SINE
chr12,109451892,109451913,MA1714.1,-,8.88e-06,AluSg,Alu,SINE
chrX,113650239,113650260,MA1714.1,+,8.88e-06,L1MEb,L1,LINE
chr7,116309391,116309412,MA1714.1,-,8.88e-06,MIR,MIR,SINE
chr9,117401487,117401508,MA1714.1,-,8.88e-06,AluJb,Alu,SINE
chrX,117596793,117596814,MA1714.1,+,8.88e-06,L1MC4,L1,LINE
chr3,118126322,118126343,MA1714.1,-,8.88e-06,CR1_Mam,CR1,LINE
chr12,118215257,118215278,MA1714.1,+,8.88e-06,MER82,TcMar-Tigger,DNA
chr7,121786235,121786256,MA1714.1,+,8.88e-06,MIRc,MIR,SINE
chr3,126441967,126441988,MA1714.1,-,8.88e-06,L1MB8,L1,LINE
chr11,130171871,130171892,MA1714.1,+,8.88e-06,AluJo,Alu,SINE
chr8,130754243,130754264,MA1714.1,+,8.88e-06,L1MA7,L1,LINE
chrX,131016000,131016021,MA1714.1,+,8.88e-06,L1MDa,L1,LINE
chr5,131368665,131368686,MA1714.1,+,8.88e-06,L1ME3B,L1,LINE
chr5,131954579,131954600,MA1714.1,-,8.88e-06,L1ME3F,L1,LINE
chr12,132370368,132370389,MA1714.1,+,8.88e-06,L1MB3,L1,LINE
chr7,134122570,134122591,MA1714.1,-,8.88e-06,L1MC3,L1,LINE
chr2,134207842,134207863,MA1714.1,-,8.88e-06,L3,CR1,LINE
chr2,134961341,134961362,MA1714.1,-,8.88e-06,ORSL,hAT-Tip100,DNA
chr2,135934375,135934396,MA1714.1,+,8.88e-06,L1MA6,L1,LINE
chr5,137112187,137112208,MA1714.1,+,8.88e-06,L1MB8,L1,LINE
chr3,139761071,139761092,MA1714.1,-,8.88e-06,L1MB7,L1,LINE
chr8,142504752,142504773,MA1714.1,+,8.88e-06,MIRc,MIR,SINE
chrX,150260805,150260826,MA1714.1,+,8.88e-06,X8_LINE,CR1,LINE
chr6,151243978,151243999,MA1714.1,-,8.88e-06,AluSx,Alu,SINE
chr5,151952520,151952541,MA1714.1,+,8.88e-06,THE1B-int,ERVL-MaLR,LTR
chrX,152680961,152680982,MA1714.1,-,8.88e-06,L1MB5,L1,LINE
chr5,153955056,153955077,MA1714.1,-,8.88e-06,MIRb,MIR,SINE
chr2,158294884,158294905,MA1714.1,+,8.88e-06,L1MA5A,L1,LINE
chr5,170577576,170577597,MA1714.1,-,8.88e-06,MIRb,MIR,SINE
chr1,173364284,173364305,MA1714.1,+,8.88e-06,ERVL-B4-int,ERVL,LTR
chr3,177579342,177579363,MA1714.1,-,8.88e-06,L1M3b,L1,LINE
chr2,202388931,202388952,MA1714.1,+,8.88e-06,L1PA15,L1,LINE
chr1,219482880,219482901,MA1714.1,+,8.88e-06,THE1A,ERVL-MaLR,LTR
chr1,222315876,222315897,MA1714.1,+,8.88e-06,L1MA3,L1,LINE
chr1,241819269,241819290,MA1714.1,+,8.88e-06,L2c,L2,LINE
chr7,99483,99504,MA1714.1,+,8.93e-06,L1M4c,L1,LINE
chr10,501206,501227,MA1714.1,+,8.93e-06,MIR,MIR,SINE
chr16,3734860,3734881,MA1714.1,+,8.93e-06,L1MC3,L1,LINE
chr2,7374364,7374385,MA1714.1,-,8.93e-06,AluJb,Alu,SINE
chr10,7445528,7445549,MA1714.1,+,8.93e-06,AluSz,Alu,SINE
chr2,7904024,7904045,MA1714.1,-,8.93e-06,THE1B-int,ERVL-MaLR,LTR
chr18,7919896,7919917,MA1714.1,-,8.93e-06,L1MA4,L1,LINE
chr7,8090379,8090400,MA1714.1,+,8.93e-06,MIR,MIR,SINE
chrX,8627351,8627372,MA1714.1,+,8.93e-06,AluJb,Alu,SINE
chr7,8890189,8890210,MA1714.1,+,8.93e-06,MIRb,MIR,SINE
chr19,14236436,14236457,MA1714.1,-,8.93e-06,AluJr,Alu,SINE
chr21,15618889,15618910,MA1714.1,+,8.93e-06,L2,L2,LINE
chr9,19389013,19389034,MA1714.1,+,8.93e-06,L1PA13,L1,LINE
chrX,19451486,19451507,MA1714.1,+,8.93e-06,MLT2B2,ERVL,LTR
chr19,20938261,20938282,MA1714.1,-,8.93e-06,LTR2C,ERV1,LTR
chr6,22424966,22424987,MA1714.1,+,8.93e-06,MIR,MIR,SINE
chr2,22482016,22482037,MA1714.1,-,8.93e-06,L1PB1,L1,LINE
chr19,22874517,22874538,MA1714.1,-,8.93e-06,L1MA8,L1,LINE
chr6,23684652,23684673,MA1714.1,-,8.93e-06,MSTD-int,ERVL-MaLR,LTR
chr16,23693744,23693765,MA1714.1,+,8.93e-06,MIRc,MIR,SINE
chr6,25601225,25601246,MA1714.1,-,8.93e-06,L1MA4,L1,LINE
chr3,26118324,26118345,MA1714.1,+,8.93e-06,LTR88b,Gypsy,LTR
chr5,30255848,30255869,MA1714.1,-,8.93e-06,THE1B-int,ERVL-MaLR,LTR
chr7,31131620,31131641,MA1714.1,-,8.93e-06,L1MD,L1,LINE
chr5,31503217,31503238,MA1714.1,+,8.93e-06,ERV3-16A3_I-int,ERVL,LTR
chr7,31762647,31762668,MA1714.1,-,8.93e-06,L1MEg,L1,LINE
chr5,33634470,33634491,MA1714.1,+,8.93e-06,MER45R,hAT-Tip100,DNA
chr14,33768152,33768173,MA1714.1,-,8.93e-06,MamRep1879,hAT,DNA
chr9,33901419,33901440,MA1714.1,-,8.93e-06,L1MC3,L1,LINE
chr19,34512186,34512207,MA1714.1,-,8.93e-06,L1MC4,L1,LINE
chr12,34738407,34738428,MA1714.1,-,8.93e-06,ALR/Alpha,centr,Satellite
chr8,35810021,35810042,MA1714.1,+,8.93e-06,HERVE-int,ERV1,LTR
chr14,38814122,38814143,MA1714.1,+,8.93e-06,L1MA2,L1,LINE
chr18,39784607,39784628,MA1714.1,+,8.93e-06,THE1B-int,ERVL-MaLR,LTR
chr18,41570610,41570631,MA1714.1,-,8.93e-06,L1PA16,L1,LINE
chr11,42258640,42258661,MA1714.1,-,8.93e-06,L1MA6,L1,LINE
chr17,42603267,42603288,MA1714.1,+,8.93e-06,L1MEg,L1,LINE
chr3,44950820,44950841,MA1714.1,-,8.93e-06,L1M4,L1,LINE
chr3,45330711,45330732,MA1714.1,-,8.93e-06,MIRb,MIR,SINE
chrX,45563558,45563579,MA1714.1,+,8.93e-06,AluJo,Alu,SINE
chr2,46023777,46023798,MA1714.1,+,8.93e-06,MIR,MIR,SINE
chr2,47847963,47847984,MA1714.1,-,8.93e-06,MIRb,MIR,SINE
chr17,50775350,50775371,MA1714.1,-,8.93e-06,MER82,TcMar-Tigger,DNA
chr14,52648255,52648276,MA1714.1,-,8.93e-06,THE1B-int,ERVL-MaLR,LTR
chr18,55059027,55059048,MA1714.1,+,8.93e-06,L1MA2,L1,LINE
chr5,57836928,57836949,MA1714.1,-,8.93e-06,L1PA3,L1,LINE
chrX,57866063,57866084,MA1714.1,-,8.93e-06,L1PA15,L1,LINE
chr13,61254604,61254625,MA1714.1,+,8.93e-06,MER76,ERVL,LTR
chr18,61359772,61359793,MA1714.1,+,8.93e-06,L1PA10,L1,LINE
chr20,61768907,61768928,MA1714.1,-,8.93e-06,L1MB7,L1,LINE
chr6,62212909,62212930,MA1714.1,-,8.93e-06,ALR/Alpha,centr,Satellite
chr3,64612212,64612233,MA1714.1,+,8.93e-06,L1PB4,L1,LINE
chr6,65023488,65023509,MA1714.1,+,8.93e-06,L1PA7,L1,LINE
chr17,65620399,65620420,MA1714.1,-,8.93e-06,AluJb,Alu,SINE
chr3,66666487,66666508,MA1714.1,-,8.93e-06,MIRb,MIR,SINE
chr17,66808773,66808794,MA1714.1,+,8.93e-06,LTR89,ERVL,LTR
chr16,67603660,67603681,MA1714.1,-,8.93e-06,AluSx,Alu,SINE
chr5,67783622,67783643,MA1714.1,-,8.93e-06,L1MA9,L1,LINE
chr14,69842850,69842871,MA1714.1,-,8.93e-06,AluJo,Alu,SINE
chr9,71353373,71353394,MA1714.1,+,8.93e-06,MIRc,MIR,SINE
chr15,73452757,73452778,MA1714.1,-,8.93e-06,MER21C,ERVL,LTR
chr2,74312098,74312119,MA1714.1,+,8.93e-06,L1MB3,L1,LINE
chr9,75718733,75718754,MA1714.1,-,8.93e-06,L1MEf,L1,LINE
chr12,76119907,76119928,MA1714.1,+,8.93e-06,MIR3,MIR,SINE
chr1,78014615,78014636,MA1714.1,-,8.93e-06,AluSx1,Alu,SINE
chr15,78307607,78307628,MA1714.1,+,8.93e-06,L1MC5,L1,LINE
chr17,80864908,80864929,MA1714.1,-,8.93e-06,MER68,ERVL,LTR
chr8,81810311,81810332,MA1714.1,-,8.93e-06,L1MB7,L1,LINE
chr12,82204757,82204778,MA1714.1,-,8.93e-06,Arthur1B,hAT-Tip100,DNA
chr8,82965220,82965241,MA1714.1,+,8.93e-06,FLAM_C,Alu,SINE
chr5,83029629,83029650,MA1714.1,-,8.93e-06,L1P3b,L1,LINE
chr4,83336951,83336972,MA1714.1,-,8.93e-06,L1M4,L1,LINE
chr6,83897447,83897468,MA1714.1,+,8.93e-06,AluSc,Alu,SINE
chr6,91180234,91180255,MA1714.1,-,8.93e-06,MIR3,MIR,SINE
chr1,91327678,91327699,MA1714.1,-,8.93e-06,THE1A-int,ERVL-MaLR,LTR
chr15,92277284,92277305,MA1714.1,+,8.93e-06,ERVL-E-int,ERVL,LTR
chr9,94926802,94926823,MA1714.1,+,8.93e-06,L1M4c,L1,LINE
chr1,97389183,97389204,MA1714.1,+,8.93e-06,L1MEd,L1,LINE
chr11,100272012,100272033,MA1714.1,-,8.93e-06,L1MA9,L1,LINE
chr13,101005027,101005048,MA1714.1,-,8.93e-06,AluJr4,Alu,SINE
chr15,101521937,101521958,MA1714.1,+,8.93e-06,MIRb,MIR,SINE
chr1,102087360,102087381,MA1714.1,-,8.93e-06,Arthur1B,hAT-Tip100,DNA
chrX,103580452,103580473,MA1714.1,-,8.93e-06,L1MC4,L1,LINE
chr5,103909128,103909149,MA1714.1,-,8.93e-06,L3,CR1,LINE
chr7,108332494,108332515,MA1714.1,-,8.93e-06,L1MA1,L1,LINE
chr11,108614082,108614103,MA1714.1,+,8.93e-06,L1PREC2,L1,LINE
chr12,110807793,110807814,MA1714.1,-,8.93e-06,L1MB3,L1,LINE
chrX,110998001,110998022,MA1714.1,+,8.93e-06,L1PA7,L1,LINE
chr7,112525250,112525271,MA1714.1,-,8.93e-06,THE1C-int,ERVL-MaLR,LTR
chr5,112806840,112806861,MA1714.1,-,8.93e-06,L1PA4,L1,LINE
chr12,113060038,113060059,MA1714.1,+,8.93e-06,L1PA2,L1,LINE
chr3,113487305,113487326,MA1714.1,-,8.93e-06,MLT1L,ERVL-MaLR,LTR
chr9,114007196,114007217,MA1714.1,+,8.93e-06,L1MC4,L1,LINE
chr6,115581962,115581983,MA1714.1,+,8.93e-06,Charlie16a,hAT-Charlie,DNA
chr6,120339749,120339770,MA1714.1,-,8.93e-06,THE1A-int,ERVL-MaLR,LTR
chr9,120744069,120744090,MA1714.1,+,8.93e-06,AluSx3,Alu,SINE
chr7,123614249,123614270,MA1714.1,-,8.93e-06,MIRb,MIR,SINE
chr7,124582612,124582633,MA1714.1,+,8.93e-06,THE1C-int,ERVL-MaLR,LTR
chr8,125994576,125994597,MA1714.1,-,8.93e-06,Tigger7,TcMar-Tigger,DNA
chr11,128309437,128309458,MA1714.1,+,8.93e-06,L1ME1,L1,LINE
chr5,129825973,129825994,MA1714.1,+,8.93e-06,L1MA2,L1,LINE
chrX,135914083,135914104,MA1714.1,-,8.93e-06,L1MB8,L1,LINE
chr5,136282096,136282117,MA1714.1,-,8.93e-06,L1PA4,L1,LINE
chr7,140865035,140865056,MA1714.1,-,8.93e-06,L1MD3,L1,LINE
chr5,144521594,144521615,MA1714.1,-,8.93e-06,L1MA2,L1,LINE
chr4,145862537,145862558,MA1714.1,+,8.93e-06,AluSx,Alu,SINE
chr3,148044129,148044150,MA1714.1,+,8.93e-06,L1MB3,L1,LINE
chr1,150262767,150262788,MA1714.1,-,8.93e-06,AluSg7,Alu,SINE
chrX,152203560,152203581,MA1714.1,-,8.93e-06,LTR61,ERV1,LTR
chrX,152683514,152683535,MA1714.1,+,8.93e-06,MLT1C,ERVL-MaLR,LTR
chr6,155041389,155041410,MA1714.1,-,8.93e-06,L1MEd,L1,LINE
chr4,155399578,155399599,MA1714.1,+,8.93e-06,L1MEf,L1,LINE
chr5,157823972,157823993,MA1714.1,+,8.93e-06,MIRb,MIR,SINE
chr1,158421263,158421284,MA1714.1,+,8.93e-06,L1PB,L1,LINE
chr1,161406144,161406165,MA1714.1,-,8.93e-06,HERVL-int,ERVL,LTR
chr4,163280829,163280850,MA1714.1,-,8.93e-06,L1MDa,L1,LINE
chr4,167149555,167149576,MA1714.1,+,8.93e-06,MER52A,ERV1,LTR
chr2,169400918,169400939,MA1714.1,+,8.93e-06,MIR,MIR,SINE
chr3,176845198,176845219,MA1714.1,+,8.93e-06,L2a,L2,LINE
chr2,177245156,177245177,MA1714.1,-,8.93e-06,L1ME1,L1,LINE
chr2,202088316,202088337,MA1714.1,-,8.93e-06,L3,CR1,LINE
chr2,203325346,203325367,MA1714.1,+,8.93e-06,L1M6,L1,LINE
chr1,217547393,217547414,MA1714.1,+,8.93e-06,MER52A,ERV1,LTR
chr1,223357800,223357821,MA1714.1,+,8.93e-06,L1MD1,L1,LINE
chr20,2406638,2406659,MA1714.1,-,8.99e-06,L1MA4,L1,LINE
chr8,3338262,3338283,MA1714.1,+,8.99e-06,L1MD2,L1,LINE
chr20,3950190,3950211,MA1714.1,+,8.99e-06,L1MD1,L1,LINE
chr7,4675556,4675577,MA1714.1,-,8.99e-06,AluJb,Alu,SINE
chr16,4732091,4732112,MA1714.1,-,8.99e-06,MER68B,ERVL,LTR
chr4,8698965,8698986,MA1714.1,-,8.99e-06,L1MB8,L1,LINE
chr12,8873933,8873954,MA1714.1,-,8.99e-06,Tigger1,TcMar-Tigger,DNA
chr19,11331908,11331929,MA1714.1,+,8.99e-06,L1MEg,L1,LINE
chr10,14789532,14789553,MA1714.1,-,8.99e-06,L1PA10,L1,LINE
chr6,16986714,16986735,MA1714.1,+,8.99e-06,X1_LINE,CR1,LINE
chr12,17861782,17861803,MA1714.1,+,8.99e-06,L1MC4,L1,LINE
chr6,23100066,23100087,MA1714.1,-,8.99e-06,L1ME2,L1,LINE
chr18,24834109,24834130,MA1714.1,+,8.99e-06,MIRb,MIR,SINE
chr6,25131398,25131419,MA1714.1,+,8.99e-06,MER4-int,ERV1,LTR
chr13,27304785,27304806,MA1714.1,-,8.99e-06,L1PB4,L1,LINE
chr3,27825478,27825499,MA1714.1,+,8.99e-06,MIR,MIR,SINE
chr3,28314830,28314851,MA1714.1,-,8.99e-06,L1PA10,L1,LINE
chr1,28470502,28470523,MA1714.1,+,8.99e-06,MIRb,MIR,SINE
chr5,28865999,28866020,MA1714.1,+,8.99e-06,L1MB8,L1,LINE
chr1,30313712,30313733,MA1714.1,+,8.99e-06,L1MEe,L1,LINE
chr13,31638111,31638132,MA1714.1,-,8.99e-06,MLT1L,ERVL-MaLR,LTR
chr19,31776146,31776167,MA1714.1,+,8.99e-06,AluJo,Alu,SINE
chr2,33247715,33247736,MA1714.1,-,8.99e-06,MIR,MIR,SINE
chr1,35323803,35323824,MA1714.1,-,8.99e-06,MIRb,MIR,SINE
chr13,35720605,35720626,MA1714.1,-,8.99e-06,HERV4_I-int,ERV1,LTR
chr7,36518172,36518193,MA1714.1,+,8.99e-06,AluSq,Alu,SINE
chr7,36581851,36581872,MA1714.1,+,8.99e-06,MLT1C,ERVL-MaLR,LTR
chr21,40674279,40674300,MA1714.1,+,8.99e-06,L1MEg,L1,LINE
chr13,41745787,41745808,MA1714.1,-,8.99e-06,L1MDa,L1,LINE
chr10,44520943,44520964,MA1714.1,+,8.99e-06,L1MEd,L1,LINE
chrX,45040289,45040310,MA1714.1,+,8.99e-06,L1ME3,L1,LINE
chr17,46163188,46163209,MA1714.1,+,8.99e-06,AluSx,Alu,SINE
chr8,47200949,47200970,MA1714.1,-,8.99e-06,ALR/Alpha,centr,Satellite
chr19,53330213,53330234,MA1714.1,+,8.99e-06,AluJr,Alu,SINE
chr15,55119422,55119443,MA1714.1,-,8.99e-06,L1M2,L1,LINE
chr1,56488181,56488202,MA1714.1,-,8.99e-06,THE1A-int,ERVL-MaLR,LTR
chr15,57917749,57917770,MA1714.1,+,8.99e-06,MIRc,MIR,SINE
chr18,58161765,58161786,MA1714.1,-,8.99e-06,MIR,MIR,SINE
chr8,58448809,58448830,MA1714.1,-,8.99e-06,AluSx1,Alu,SINE
chr5,60357395,60357416,MA1714.1,+,8.99e-06,L1M2,L1,LINE
chr18,60462494,60462515,MA1714.1,+,8.99e-06,AluSx3,Alu,SINE
chr14,63063814,63063835,MA1714.1,+,8.99e-06,L1PA13,L1,LINE
chr17,67326070,67326091,MA1714.1,+,8.99e-06,THE1C,ERVL-MaLR,LTR
chr6,70548166,70548187,MA1714.1,-,8.99e-06,MIRc,MIR,SINE
chr12,70771003,70771024,MA1714.1,+,8.99e-06,L1MB8,L1,LINE
chr9,71360215,71360236,MA1714.1,-,8.99e-06,LTR78,ERV1,LTR
chr16,72369433,72369454,MA1714.1,-,8.99e-06,L1MEg,L1,LINE
chr15,73174194,73174215,MA1714.1,-,8.99e-06,L1ME1,L1,LINE
chr2,75006314,75006335,MA1714.1,+,8.99e-06,MIR3,MIR,SINE
chr17,75930521,75930542,MA1714.1,+,8.99e-06,AluSz6,Alu,SINE
chr4,75941764,75941785,MA1714.1,-,8.99e-06,L1PA16,L1,LINE
chr8,76152620,76152641,MA1714.1,+,8.99e-06,LTR33,ERVL,LTR
chr15,76747096,76747117,MA1714.1,-,8.99e-06,L1MEf,L1,LINE
chr7,79161701,79161722,MA1714.1,-,8.99e-06,ERVL-B4-int,ERVL,LTR
chr8,81238270,81238291,MA1714.1,-,8.99e-06,MLT1D,ERVL-MaLR,LTR
chr8,83069520,83069541,MA1714.1,-,8.99e-06,L1MC1,L1,LINE
chr4,86403914,86403935,MA1714.1,-,8.99e-06,MIR,MIR,SINE
chrX,86487764,86487785,MA1714.1,-,8.99e-06,L1M6,L1,LINE
chr7,87787065,87787086,MA1714.1,+,8.99e-06,HAL1,L1,LINE
chr1,90413082,90413103,MA1714.1,+,8.99e-06,AluSx,Alu,SINE
chr14,96114261,96114282,MA1714.1,+,8.99e-06,L1MD2,L1,LINE
chr6,102864911,102864932,MA1714.1,-,8.99e-06,L1MC3,L1,LINE
chr2,105341557,105341578,MA1714.1,+,8.99e-06,ERVL-E-int,ERVL,LTR
chr8,106251167,106251188,MA1714.1,-,8.99e-06,MamGyp-int,Gypsy,LTR
chr12,113254744,113254765,MA1714.1,-,8.99e-06,MIR,MIR,SINE
chrX,113591159,113591180,MA1714.1,+,8.99e-06,L1M4,L1,LINE
chr7,118273298,118273319,MA1714.1,-,8.99e-06,AluSg4,Alu,SINE
chr8,118770512,118770533,MA1714.1,+,8.99e-06,Charlie1a,hAT-Charlie,DNA
chr7,123947434,123947455,MA1714.1,+,8.99e-06,MIRb,MIR,SINE
chr10,130737316,130737337,MA1714.1,-,8.99e-06,MIRc,MIR,SINE
chr8,132232997,132233018,MA1714.1,-,8.99e-06,MIRb,MIR,SINE
chr9,132587960,132587981,MA1714.1,-,8.99e-06,L1MC3,L1,LINE
chr7,138343866,138343887,MA1714.1,+,8.99e-06,MER4B,ERV1,LTR
chr4,143551801,143551822,MA1714.1,+,8.99e-06,L1ME3B,L1,LINE
chrX,144120227,144120248,MA1714.1,+,8.99e-06,L1MC2,L1,LINE
chrX,144846642,144846663,MA1714.1,+,8.99e-06,Tigger1,TcMar-Tigger,DNA
chr7,145016340,145016361,MA1714.1,+,8.99e-06,L1M5,L1,LINE
chr3,146034712,146034733,MA1714.1,-,8.99e-06,THE1C-int,ERVL-MaLR,LTR
chr2,147947097,147947118,MA1714.1,+,8.99e-06,L1MB2,L1,LINE
chr4,150097889,150097910,MA1714.1,+,8.99e-06,L1PA7,L1,LINE
chr2,152511197,152511218,MA1714.1,-,8.99e-06,MIRb,MIR,SINE
chr6,153491254,153491275,MA1714.1,-,8.99e-06,LTR78B,ERV1,LTR
chr5,154599788,154599809,MA1714.1,-,8.99e-06,MIRb,MIR,SINE
chr2,164682622,164682643,MA1714.1,-,8.99e-06,L1MA1,L1,LINE
chr6,165456004,165456025,MA1714.1,+,8.99e-06,L1MDb,L1,LINE
chr3,166359200,166359221,MA1714.1,-,8.99e-06,MIRb,MIR,SINE
chr1,167852150,167852171,MA1714.1,+,8.99e-06,MIR,MIR,SINE
chr3,171045332,171045353,MA1714.1,+,8.99e-06,MLT1J2,ERVL-MaLR,LTR
chr3,179347733,179347754,MA1714.1,+,8.99e-06,MER106A,hAT-Charlie,DNA
chr3,180384569,180384590,MA1714.1,+,8.99e-06,HAL1,L1,LINE
chr2,183249721,183249742,MA1714.1,+,8.99e-06,L1M1,L1,LINE
chr4,184307621,184307642,MA1714.1,-,8.99e-06,MIRb,MIR,SINE
chr3,186758933,186758954,MA1714.1,-,8.99e-06,MIRc,MIR,SINE
chr1,193301626,193301647,MA1714.1,-,8.99e-06,L1MA8,L1,LINE
chr1,227047333,227047354,MA1714.1,+,8.99e-06,Charlie1a,hAT-Charlie,DNA
chr1,235152312,235152333,MA1714.1,+,8.99e-06,AluSz,Alu,SINE
chr5,1378056,1378077,MA1714.1,-,9.04e-06,L1MC4a,L1,LINE
chr20,2364957,2364978,MA1714.1,-,9.04e-06,MIRb,MIR,SINE
chr5,3332461,3332482,MA1714.1,+,9.04e-06,MLT2B3,ERVL,LTR
chr12,5222224,5222245,MA1714.1,-,9.04e-06,MIRb,MIR,SINE
chr7,8923284,8923305,MA1714.1,+,9.04e-06,L1MC1,L1,LINE
chr16,10231600,10231621,MA1714.1,+,9.04e-06,MIRb,MIR,SINE
chr9,10301643,10301664,MA1714.1,+,9.04e-06,L1PA7,L1,LINE
chr3,10425388,10425409,MA1714.1,+,9.04e-06,MIRb,MIR,SINE
chr9,10672801,10672822,MA1714.1,-,9.04e-06,L1PA15,L1,LINE
chr7,10921475,10921496,MA1714.1,+,9.04e-06,L1PA11,L1,LINE
chr19,11299877,11299898,MA1714.1,-,9.04e-06,AluJr4,Alu,SINE
chr6,12892161,12892182,MA1714.1,+,9.04e-06,MIRb,MIR,SINE
chr6,12966525,12966546,MA1714.1,-,9.04e-06,MIRb,MIR,SINE
chr2,15009730,15009751,MA1714.1,-,9.04e-06,HERV16-int,ERVL,LTR
chr20,15742947,15742968,MA1714.1,-,9.04e-06,MIRb,MIR,SINE
chrX,17025469,17025490,MA1714.1,-,9.04e-06,MIR,MIR,SINE
chrX,20299338,20299359,MA1714.1,-,9.04e-06,L1MB2,L1,LINE
chr21,20932254,20932275,MA1714.1,-,9.04e-06,L1MEc,L1,LINE
chr22,23303126,23303147,MA1714.1,+,9.04e-06,L1MEc,L1,LINE
chr18,23369805,23369826,MA1714.1,+,9.04e-06,L1ME3C,L1,LINE
chr14,24336677,24336698,MA1714.1,-,9.04e-06,L1MB3,L1,LINE
chr21,24545713,24545734,MA1714.1,-,9.04e-06,MSTC,ERVL-MaLR,LTR
chr18,24981729,24981750,MA1714.1,+,9.04e-06,MIRb,MIR,SINE
chr2,25248877,25248898,MA1714.1,+,9.04e-06,ERVL-E-int,ERVL,LTR
chr1,27940460,27940481,MA1714.1,-,9.04e-06,MIR,MIR,SINE
chr13,28417879,28417900,MA1714.1,+,9.04e-06,L1MB7,L1,LINE
chr17,28453709,28453730,MA1714.1,-,9.04e-06,AluJb,Alu,SINE
chr5,28662629,28662650,MA1714.1,-,9.04e-06,MLT1D,ERVL-MaLR,LTR
chrX,29571826,29571847,MA1714.1,-,9.04e-06,L1MCb,L1,LINE
chr10,30532535,30532556,MA1714.1,+,9.04e-06,L1MC4a,L1,LINE
chr20,32895747,32895768,MA1714.1,-,9.04e-06,L1PA13,L1,LINE
chr5,33039977,33039998,MA1714.1,+,9.04e-06,ERVL-E-int,ERVL,LTR
chr22,36099350,36099371,MA1714.1,-,9.04e-06,SATR1,Satellite,Satellite
chr9,36632371,36632392,MA1714.1,+,9.04e-06,MIRc,MIR,SINE
chr13,36715673,36715694,MA1714.1,+,9.04e-06,L1ME3E,L1,LINE
chrX,37794408,37794429,MA1714.1,+,9.04e-06,L1M4,L1,LINE
chr1,38154562,38154583,MA1714.1,+,9.04e-06,AluJr,Alu,SINE
chr19,38196076,38196097,MA1714.1,+,9.04e-06,L1MEf,L1,LINE
chr4,40177043,40177064,MA1714.1,+,9.04e-06,L1MA6,L1,LINE
chr4,40203667,40203688,MA1714.1,-,9.04e-06,AluJb,Alu,SINE
chr3,41142376,41142397,MA1714.1,-,9.04e-06,MIR,MIR,SINE
chr12,44070254,44070275,MA1714.1,+,9.04e-06,L1PA15-16,L1,LINE
chrX,45238201,45238222,MA1714.1,+,9.04e-06,L1MA7,L1,LINE
chr18,45485864,45485885,MA1714.1,+,9.04e-06,MIRb,MIR,SINE
chr12,47771295,47771316,MA1714.1,-,9.04e-06,MIRb,MIR,SINE
chr19,47857595,47857616,MA1714.1,+,9.04e-06,MIR,MIR,SINE
chr14,49208211,49208232,MA1714.1,-,9.04e-06,MIRc,MIR,SINE
chr12,51978639,51978660,MA1714.1,+,9.04e-06,L1ME1,L1,LINE
chr1,52935179,52935200,MA1714.1,+,9.04e-06,L1MC3,L1,LINE
chr16,53018822,53018843,MA1714.1,+,9.04e-06,MER33,hAT-Charlie,DNA
chr4,53195512,53195533,MA1714.1,-,9.04e-06,L1MA6,L1,LINE
chr7,55034163,55034184,MA1714.1,-,9.04e-06,MIR,MIR,SINE
chr7,55034635,55034656,MA1714.1,+,9.04e-06,MIR,MIR,SINE
chr17,57669034,57669055,MA1714.1,-,9.04e-06,L1ME2z,L1,LINE
chr2,57767890,57767911,MA1714.1,-,9.04e-06,L1MEf,L1,LINE
chr17,58061175,58061196,MA1714.1,+,9.04e-06,L1ME2z,L1,LINE
chr14,62710009,62710030,MA1714.1,+,9.04e-06,MLT1D-int,ERVL-MaLR,LTR
chr17,64810422,64810443,MA1714.1,-,9.04e-06,MIRb,MIR,SINE
chr18,71486957,71486978,MA1714.1,+,9.04e-06,L1M5,L1,LINE
chr16,72070694,72070715,MA1714.1,+,9.04e-06,MIR3,MIR,SINE
chr11,72186612,72186633,MA1714.1,+,9.04e-06,ERVL-E-int,ERVL,LTR
chr8,73339754,73339775,MA1714.1,-,9.04e-06,L1MD2,L1,LINE
chr14,74945564,74945585,MA1714.1,-,9.04e-06,MIR,MIR,SINE
chr11,76008059,76008080,MA1714.1,+,9.04e-06,L3,CR1,LINE
chr11,76309624,76309645,MA1714.1,+,9.04e-06,MIRb,MIR,SINE
chr5,76881636,76881657,MA1714.1,+,9.04e-06,L1PB1,L1,LINE
chr14,77376853,77376874,MA1714.1,+,9.04e-06,MLT1K,ERVL-MaLR,LTR
chrX,77886800,77886821,MA1714.1,+,9.04e-06,THE1C-int,ERVL-MaLR,LTR
chr17,79604884,79604905,MA1714.1,+,9.04e-06,AluSx1,Alu,SINE
chr4,81038555,81038576,MA1714.1,+,9.04e-06,L1PA11,L1,LINE
chr9,83089636,83089657,MA1714.1,-,9.04e-06,Arthur1,hAT-Tip100,DNA
chrX,86214533,86214554,MA1714.1,-,9.04e-06,L1PA13,L1,LINE
chr9,91563754,91563775,MA1714.1,-,9.04e-06,AluJr,Alu,SINE
chr4,92375479,92375500,MA1714.1,-,9.04e-06,MLT1D,ERVL-MaLR,LTR
chr10,92628006,92628027,MA1714.1,-,9.04e-06,AluJr4,Alu,SINE
chr7,92665124,92665145,MA1714.1,+,9.04e-06,L1PREC2,L1,LINE
chr1,95754473,95754494,MA1714.1,-,9.04e-06,MER106A,hAT-Charlie,DNA
chr14,96085085,96085106,MA1714.1,-,9.04e-06,MLT1C,ERVL-MaLR,LTR
chr4,99360659,99360680,MA1714.1,-,9.04e-06,L1MA4A,L1,LINE
chr14,100097157,100097178,MA1714.1,-,9.04e-06,MLT1C,ERVL-MaLR,LTR
chr3,103144840,103144861,MA1714.1,+,9.04e-06,LTR40a,ERVL,LTR
chr2,104855992,104856013,MA1714.1,-,9.04e-06,LTR33,ERVL,LTR
chr12,106182386,106182407,MA1714.1,+,9.04e-06,MIRb,MIR,SINE
chr6,106927922,106927943,MA1714.1,-,9.04e-06,L1MB7,L1,LINE
chr10,106937545,106937566,MA1714.1,-,9.04e-06,AmnSINE2,Deu,SINE
chr7,108086626,108086647,MA1714.1,-,9.04e-06,MER135,DNA,DNA
chr1,108828754,108828775,MA1714.1,-,9.04e-06,L1ME5,L1,LINE
chr1,108950847,108950868,MA1714.1,+,9.04e-06,L1ME5,L1,LINE
chr13,111588464,111588485,MA1714.1,+,9.04e-06,HERVP71A-int,ERV1,LTR
chr5,111679639,111679660,MA1714.1,+,9.04e-06,FAM,Alu,SINE
chr1,111698665,111698686,MA1714.1,-,9.04e-06,L1MA5,L1,LINE
chr12,113418197,113418218,MA1714.1,-,9.04e-06,L1MA4,L1,LINE
chr12,114106688,114106709,MA1714.1,-,9.04e-06,MIR,MIR,SINE
chrX,114179563,114179584,MA1714.1,-,9.04e-06,L1MEg,L1,LINE
chr12,115626243,115626264,MA1714.1,+,9.04e-06,MLT1D,ERVL-MaLR,LTR
chr3,116400489,116400510,MA1714.1,+,9.04e-06,L1MD,L1,LINE
chr6,117987890,117987911,MA1714.1,-,9.04e-06,MER31-int,ERV1,LTR
chr10,122990487,122990508,MA1714.1,-,9.04e-06,MSTD,ERVL-MaLR,LTR
chr4,125478023,125478044,MA1714.1,+,9.04e-06,L1MEg,L1,LINE
chr7,127789408,127789429,MA1714.1,+,9.04e-06,L1ME4a,L1,LINE
chr10,128170520,128170541,MA1714.1,+,9.04e-06,MER39,ERV1,LTR
chr2,130458665,130458686,MA1714.1,-,9.04e-06,L1MA6,L1,LINE
chr4,131185122,131185143,MA1714.1,-,9.04e-06,L1MD1,L1,LINE
chr4,131904403,131904424,MA1714.1,+,9.04e-06,AluJr,Alu,SINE
chr4,133311097,133311118,MA1714.1,+,9.04e-06,THE1B-int,ERVL-MaLR,LTR
chrX,139468750,139468771,MA1714.1,-,9.04e-06,L1PB2,L1,LINE
chr3,139851444,139851465,MA1714.1,+,9.04e-06,MIRb,MIR,SINE
chr5,142646694,142646715,MA1714.1,-,9.04e-06,L1MC1,L1,LINE
chr1,150291846,150291867,MA1714.1,-,9.04e-06,MIRb,MIR,SINE
chr2,153127159,153127180,MA1714.1,+,9.04e-06,L1MB1,L1,LINE
chr5,157404272,157404293,MA1714.1,+,9.04e-06,MER39,ERV1,LTR
chr7,158580366,158580387,MA1714.1,+,9.04e-06,MIR,MIR,SINE
chr6,160907326,160907347,MA1714.1,+,9.04e-06,L1MCc,L1,LINE
chr5,162587864,162587885,MA1714.1,+,9.04e-06,L1MC2,L1,LINE
chr2,163859076,163859097,MA1714.1,+,9.04e-06,L1MA9,L1,LINE
chr2,168018163,168018184,MA1714.1,-,9.04e-06,THE1B-int,ERVL-MaLR,LTR
chr3,170216135,170216156,MA1714.1,+,9.04e-06,MIRb,MIR,SINE
chr2,175277396,175277417,MA1714.1,+,9.04e-06,L1MD2,L1,LINE
chr1,213040718,213040739,MA1714.1,-,9.04e-06,MIR,MIR,SINE
chr1,219093070,219093091,MA1714.1,-,9.04e-06,Tigger1,TcMar-Tigger,DNA
chr2,229733182,229733203,MA1714.1,-,9.04e-06,L1MEc,L1,LINE
chr1,245885013,245885034,MA1714.1,+,9.04e-06,L1MA3,L1,LINE
chr3,1617872,1617893,MA1714.1,+,9.1e-06,L1M7,L1,LINE
chr10,2002067,2002088,MA1714.1,-,9.1e-06,L1MCa,L1,LINE
chr12,2072163,2072184,MA1714.1,-,9.1e-06,L1MC5,L1,LINE
chr19,6298732,6298753,MA1714.1,+,9.1e-06,MER52A,ERV1,LTR
chr8,6491992,6492013,MA1714.1,+,9.1e-06,Tigger4,TcMar-Tigger,DNA
chr11,6902059,6902080,MA1714.1,+,9.1e-06,MLT1D,ERVL-MaLR,LTR
chr19,8141674,8141695,MA1714.1,-,9.1e-06,AluJb,Alu,SINE
chr16,11163363,11163384,MA1714.1,-,9.1e-06,AluJo,Alu,SINE
chr2,11283538,11283559,MA1714.1,+,9.1e-06,L1ME3A,L1,LINE
chr16,12413275,12413296,MA1714.1,+,9.1e-06,AluJb,Alu,SINE
chr7,14279176,14279197,MA1714.1,-,9.1e-06,MIRc,MIR,SINE
chrY,15330677,15330698,MA1714.1,+,9.1e-06,AluJb,Alu,SINE
chrY,17458210,17458231,MA1714.1,+,9.1e-06,MER21C,ERVL,LTR
chr1,18393818,18393839,MA1714.1,-,9.1e-06,MIRb,MIR,SINE
chr1,19209316,19209337,MA1714.1,-,9.1e-06,MIRb,MIR,SINE
chrX,19896493,19896514,MA1714.1,-,9.1e-06,AluSc8,Alu,SINE
chr1,19989456,19989477,MA1714.1,-,9.1e-06,MIRc,MIR,SINE
chr1,22035431,22035452,MA1714.1,-,9.1e-06,AluJr,Alu,SINE
chr2,22122593,22122614,MA1714.1,+,9.1e-06,L1M6,L1,LINE
chr3,22699093,22699114,MA1714.1,+,9.1e-06,MLT1C,ERVL-MaLR,LTR
chr13,22820728,22820749,MA1714.1,-,9.1e-06,MLT1A0,ERVL-MaLR,LTR
chr20,25669032,25669053,MA1714.1,-,9.1e-06,L1M4b,L1,LINE
chr1,26212757,26212778,MA1714.1,+,9.1e-06,MIR3,MIR,SINE
chr3,26605776,26605797,MA1714.1,-,9.1e-06,L1MA3,L1,LINE
chr11,28301696,28301717,MA1714.1,-,9.1e-06,L1MEg,L1,LINE
chr7,29371911,29371932,MA1714.1,+,9.1e-06,MIR,MIR,SINE
chr19,29667041,29667062,MA1714.1,+,9.1e-06,L1MA2,L1,LINE
chr2,30521679,30521700,MA1714.1,-,9.1e-06,L1ME1,L1,LINE
chr5,31547880,31547901,MA1714.1,-,9.1e-06,THE1B-int,ERVL-MaLR,LTR
chr19,32020656,32020677,MA1714.1,-,9.1e-06,L1MA4A,L1,LINE
chr6,34491743,34491764,MA1714.1,-,9.1e-06,MIRb,MIR,SINE
chr1,34861740,34861761,MA1714.1,+,9.1e-06,MLT2B1,ERVL,LTR
chr15,35013523,35013544,MA1714.1,-,9.1e-06,L1MB3,L1,LINE
chr1,35419575,35419596,MA1714.1,+,9.1e-06,L1MEc,L1,LINE
chr19,39796407,39796428,MA1714.1,+,9.1e-06,MIR,MIR,SINE
chr4,40131747,40131768,MA1714.1,-,9.1e-06,AluJr,Alu,SINE
chrX,41699442,41699463,MA1714.1,-,9.1e-06,L1MC,L1,LINE
chr10,42499867,42499888,MA1714.1,-,9.1e-06,ALR/Alpha,centr,Satellite
chr21,42891454,42891475,MA1714.1,+,9.1e-06,L1ME3E,L1,LINE
chr15,43150578,43150599,MA1714.1,+,9.1e-06,L1MC5,L1,LINE
chr12,45052214,45052235,MA1714.1,+,9.1e-06,L1P3,L1,LINE
chr4,45132203,45132224,MA1714.1,-,9.1e-06,L1MC5,L1,LINE
chr22,45198675,45198696,MA1714.1,-,9.1e-06,MLT1C,ERVL-MaLR,LTR
chr4,46422509,46422530,MA1714.1,+,9.1e-06,MIRc,MIR,SINE
chr17,46527533,46527554,MA1714.1,-,9.1e-06,MIR,MIR,SINE
chr21,47756317,47756338,MA1714.1,-,9.1e-06,AluJb,Alu,SINE
chr18,49261732,49261753,MA1714.1,-,9.1e-06,L1ME4a,L1,LINE
chr18,51027595,51027616,MA1714.1,-,9.1e-06,MIR,MIR,SINE
chrX,51426740,51426761,MA1714.1,-,9.1e-06,L1MDa,L1,LINE
chrX,51452610,51452631,MA1714.1,+,9.1e-06,L1MDa,L1,LINE
chr20,53713066,53713087,MA1714.1,-,9.1e-06,MER117,hAT-Charlie,DNA
chr14,55334432,55334453,MA1714.1,+,9.1e-06,MIR,MIR,SINE
chr7,57419047,57419068,MA1714.1,-,9.1e-06,AluJr,Alu,SINE
chr1,58889444,58889465,MA1714.1,+,9.1e-06,LTR33,ERVL,LTR
chr8,59692316,59692337,MA1714.1,-,9.1e-06,L1MA4A,L1,LINE
chr4,60117074,60117095,MA1714.1,-,9.1e-06,LTR40a,ERVL,LTR
chr16,60522623,60522644,MA1714.1,+,9.1e-06,L1MC2,L1,LINE
chr20,60657098,60657119,MA1714.1,+,9.1e-06,L1MB2,L1,LINE
chr16,60846531,60846552,MA1714.1,-,9.1e-06,LTR16C,ERVL,LTR
chr2,61826533,61826554,MA1714.1,+,9.1e-06,AluJr,Alu,SINE
chr4,62461943,62461964,MA1714.1,-,9.1e-06,L1M1,L1,LINE
chr3,62949353,62949374,MA1714.1,-,9.1e-06,MIRc,MIR,SINE
chr2,63102770,63102791,MA1714.1,+,9.1e-06,L1PA15,L1,LINE
chrX,64457286,64457307,MA1714.1,-,9.1e-06,L1PA10,L1,LINE
chrX,64834402,64834423,MA1714.1,-,9.1e-06,L1PA7,L1,LINE
chr13,65253984,65254005,MA1714.1,-,9.1e-06,L1MB8,L1,LINE
chr4,67133799,67133820,MA1714.1,+,9.1e-06,L1PA8A,L1,LINE
chr15,67262773,67262794,MA1714.1,-,9.1e-06,HERV17-int,ERV1,LTR
chr1,67265155,67265176,MA1714.1,+,9.1e-06,L1MA8,L1,LINE
chr2,68203087,68203108,MA1714.1,+,9.1e-06,MIRc,MIR,SINE
chr4,68867404,68867425,MA1714.1,+,9.1e-06,L1MDa,L1,LINE
chr13,69817641,69817662,MA1714.1,-,9.1e-06,ERVL-int,ERVL,LTR
chr3,71343254,71343275,MA1714.1,+,9.1e-06,L1MB8,L1,LINE
chr13,72508919,72508940,MA1714.1,-,9.1e-06,L3,CR1,LINE
chr1,72647567,72647588,MA1714.1,+,9.1e-06,L1MA9,L1,LINE
chrX,74570118,74570139,MA1714.1,-,9.1e-06,L1PA7,L1,LINE
chrX,75341008,75341029,MA1714.1,+,9.1e-06,MSTB,ERVL-MaLR,LTR
chr5,77569377,77569398,MA1714.1,+,9.1e-06,L1MEg,L1,LINE
chr1,77885379,77885400,MA1714.1,+,9.1e-06,L1MEd,L1,LINE
chrX,78320369,78320390,MA1714.1,-,9.1e-06,L1M1,L1,LINE
chr8,79067765,79067786,MA1714.1,+,9.1e-06,MLT1H1,ERVL-MaLR,LTR
chr12,79324674,79324695,MA1714.1,+,9.1e-06,MIR,MIR,SINE
chr2,79457364,79457385,MA1714.1,+,9.1e-06,THE1A-int,ERVL-MaLR,LTR
chr7,81011419,81011440,MA1714.1,-,9.1e-06,MER39,ERV1,LTR
chr13,81464232,81464253,MA1714.1,+,9.1e-06,L1MEc,L1,LINE
chr5,81851471,81851492,MA1714.1,-,9.1e-06,L1MB1,L1,LINE
chr12,82504222,82504243,MA1714.1,-,9.1e-06,MLT2B1,ERVL,LTR
chr16,82517796,82517817,MA1714.1,+,9.1e-06,L1MDa,L1,LINE
chr12,84112922,84112943,MA1714.1,+,9.1e-06,THE1B-int,ERVL-MaLR,LTR
chr15,84518933,84518954,MA1714.1,+,9.1e-06,L2,L2,LINE
chr16,85368326,85368347,MA1714.1,+,9.1e-06,MER34C2,ERV1,LTR
chr9,85694343,85694364,MA1714.1,-,9.1e-06,L1PREC2,L1,LINE
chr2,88254301,88254322,MA1714.1,-,9.1e-06,HAL1,L1,LINE
chr6,90146374,90146395,MA1714.1,+,9.1e-06,L1MB3,L1,LINE
chr11,90654439,90654460,MA1714.1,+,9.1e-06,MER47B,TcMar-Tigger,DNA
chr8,91826296,91826317,MA1714.1,-,9.1e-06,L1MC3,L1,LINE
chr1,93138611,93138632,MA1714.1,+,9.1e-06,MIRb,MIR,SINE
chr10,93677501,93677522,MA1714.1,-,9.1e-06,L1MB3,L1,LINE
chr7,96826662,96826683,MA1714.1,+,9.1e-06,L1ME3B,L1,LINE
chr5,98051106,98051127,MA1714.1,-,9.1e-06,AluSc,Alu,SINE
chr8,100588200,100588221,MA1714.1,-,9.1e-06,MIR,MIR,SINE
chr12,101219130,101219151,MA1714.1,-,9.1e-06,MIRb,MIR,SINE
chr5,103879693,103879714,MA1714.1,-,9.1e-06,L3,CR1,LINE
chr6,107430571,107430592,MA1714.1,+,9.1e-06,AluSz6,Alu,SINE
chr12,108937220,108937241,MA1714.1,-,9.1e-06,MIR,MIR,SINE
chr5,109826057,109826078,MA1714.1,+,9.1e-06,L1MB7,L1,LINE
chr11,111823964,111823985,MA1714.1,+,9.1e-06,L1MC4a,L1,LINE
chr2,111841435,111841456,MA1714.1,+,9.1e-06,MIRb,MIR,SINE
chr4,112089681,112089702,MA1714.1,+,9.1e-06,L1PA7,L1,LINE
chrX,113166961,113166982,MA1714.1,-,9.1e-06,L1MA4,L1,LINE
chrX,116178730,116178751,MA1714.1,+,9.1e-06,L1MA2,L1,LINE
chr6,119523031,119523052,MA1714.1,-,9.1e-06,Tigger3b,TcMar-Tigger,DNA
chr4,120769651,120769672,MA1714.1,-,9.1e-06,THE1B-int,ERVL-MaLR,LTR
chr6,125352343,125352364,MA1714.1,-,9.1e-06,THE1A-int,ERVL-MaLR,LTR
chr12,125422540,125422561,MA1714.1,+,9.1e-06,HERVIP10F-int,ERV1,LTR
chr12,126397928,126397949,MA1714.1,+,9.1e-06,MIR,MIR,SINE
chrX,127300293,127300314,MA1714.1,+,9.1e-06,ERV3-16A3_I-int,ERVL,LTR
chr10,128104673,128104694,MA1714.1,+,9.1e-06,L1PREC2,L1,LINE
chr6,131629061,131629082,MA1714.1,-,9.1e-06,LTR88a,Gypsy,LTR
chr8,133750369,133750390,MA1714.1,-,9.1e-06,MIRb,MIR,SINE
chrX,133930481,133930502,MA1714.1,+,9.1e-06,HAL1-3A_ME,L1,LINE
chrX,134189194,134189215,MA1714.1,+,9.1e-06,MLT1A,ERVL-MaLR,LTR
chrX,138127464,138127485,MA1714.1,-,9.1e-06,MSTA-int,ERVL-MaLR,LTR
chr3,140081373,140081394,MA1714.1,+,9.1e-06,L1MB8,L1,LINE
chr9,140295509,140295530,MA1714.1,-,9.1e-06,THE1A-int,ERVL-MaLR,LTR
chr3,141437680,141437701,MA1714.1,-,9.1e-06,L1MEc,L1,LINE
chrX,143167453,143167474,MA1714.1,+,9.1e-06,HAL1,L1,LINE
chrX,144188492,144188513,MA1714.1,-,9.1e-06,L2a,L2,LINE
chr7,144326321,144326342,MA1714.1,+,9.1e-06,THE1D-int,ERVL-MaLR,LTR
chrX,144796227,144796248,MA1714.1,+,9.1e-06,MIRb,MIR,SINE
chr6,145937262,145937283,MA1714.1,+,9.1e-06,THE1B-int,ERVL-MaLR,LTR
chr2,149361248,149361269,MA1714.1,-,9.1e-06,L1ME2,L1,LINE
chr7,149383062,149383083,MA1714.1,-,9.1e-06,MER41-int,ERV1,LTR
chr5,153314307,153314328,MA1714.1,-,9.1e-06,THE1A-int,ERVL-MaLR,LTR
chr3,156026504,156026525,MA1714.1,+,9.1e-06,MIR,MIR,SINE
chr5,169421003,169421024,MA1714.1,-,9.1e-06,L2,L2,LINE
chr2,172091885,172091906,MA1714.1,-,9.1e-06,MER39,ERV1,LTR
chr2,172095521,172095542,MA1714.1,+,9.1e-06,MER1B,hAT-Charlie,DNA
chr2,183934784,183934805,MA1714.1,+,9.1e-06,MER52A,ERV1,LTR
chr3,186978776,186978797,MA1714.1,-,9.1e-06,MIRb,MIR,SINE
chr1,188530523,188530544,MA1714.1,-,9.1e-06,L1MA7,L1,LINE
chr4,189272961,189272982,MA1714.1,-,9.1e-06,L1MA7,L1,LINE
chr3,189825282,189825303,MA1714.1,-,9.1e-06,MIRc,MIR,SINE
chr1,199866608,199866629,MA1714.1,+,9.1e-06,LTR81A,Gypsy,LTR
chr1,224529829,224529850,MA1714.1,-,9.1e-06,AluSc,Alu,SINE
chr8,376181,376202,MA1714.1,-,9.16e-06,L1M7,L1,LINE
chr1,750710,750731,MA1714.1,+,9.16e-06,L1M7,L1,LINE
chr6_qbl_hap6,1664399,1664420,MA1714.1,-,9.16e-06,LTR39,ERV1,LTR
chr6_dbb_hap3,1665152,1665173,MA1714.1,-,9.16e-06,LTR39,ERV1,LTR
chr6_apd_hap1,1683129,1683150,MA1714.1,-,9.16e-06,LTR39,ERV1,LTR
chr6_ssto_hap7,1701473,1701494,MA1714.1,-,9.16e-06,LTR39,ERV1,LTR
chr6_mann_hap4,1719574,1719595,MA1714.1,-,9.16e-06,LTR39,ERV1,LTR
chr6_mcf_hap5,1753343,1753364,MA1714.1,-,9.16e-06,LTR39,ERV1,LTR
chr6_cox_hap2,1883507,1883528,MA1714.1,-,9.16e-06,LTR39,ERV1,LTR
chr2,8362071,8362092,MA1714.1,+,9.16e-06,MIRc,MIR,SINE
chr4,11115469,11115490,MA1714.1,-,9.16e-06,MIRc,MIR,SINE
chr7,11930274,11930295,MA1714.1,-,9.16e-06,MIR,MIR,SINE
chr18,15336999,15337020,MA1714.1,+,9.16e-06,L1MA9,L1,LINE
chr10,15347560,15347581,MA1714.1,+,9.16e-06,AluJr,Alu,SINE
chrY,15661424,15661445,MA1714.1,+,9.16e-06,MLT1D,ERVL-MaLR,LTR
chr20,18766370,18766391,MA1714.1,-,9.16e-06,L1MC1,L1,LINE
chrX,18768433,18768454,MA1714.1,-,9.16e-06,L1MB7,L1,LINE
chr20,19969661,19969682,MA1714.1,-,9.16e-06,L1MC4,L1,LINE
chrX,23471734,23471755,MA1714.1,-,9.16e-06,L1MA2,L1,LINE
chr14,23613467,23613488,MA1714.1,-,9.16e-06,L1ME1,L1,LINE
chr20,23951382,23951403,MA1714.1,-,9.16e-06,L1MC4,L1,LINE
chrY,24224150,24224171,MA1714.1,-,9.16e-06,L1M4,L1,LINE
chrY,24654526,24654547,MA1714.1,+,9.16e-06,L1M4,L1,LINE
chrY,25833827,25833848,MA1714.1,-,9.16e-06,L1M4,L1,LINE
chrY,26024659,26024680,MA1714.1,-,9.16e-06,AluSx,Alu,SINE
chr10,27395176,27395197,MA1714.1,-,9.16e-06,LTR78,ERV1,LTR
chrY,27937721,27937742,MA1714.1,+,9.16e-06,AluSx,Alu,SINE
chrY,28128521,28128542,MA1714.1,+,9.16e-06,L1M4,L1,LINE
chr13,28516136,28516157,MA1714.1,-,9.16e-06,LTR67B,ERVL,LTR
chr10,29455635,29455656,MA1714.1,+,9.16e-06,L1MEc,L1,LINE
chr17,29555635,29555656,MA1714.1,-,9.16e-06,L1MB8,L1,LINE
chr6,30371494,30371515,MA1714.1,-,9.16e-06,LTR39,ERV1,LTR
chr14,33212649,33212670,MA1714.1,-,9.16e-06,L1MA2,L1,LINE
chr8,33723676,33723697,MA1714.1,+,9.16e-06,MIR3,MIR,SINE
chr22,34551417,34551438,MA1714.1,-,9.16e-06,MIRc,MIR,SINE
chr3,34590606,34590627,MA1714.1,-,9.16e-06,AluJb,Alu,SINE
chr13,35274261,35274282,MA1714.1,+,9.16e-06,MER34C2,ERV1,LTR
chr21,35585787,35585808,MA1714.1,-,9.16e-06,L1MEd,L1,LINE
chr14,36442151,36442172,MA1714.1,-,9.16e-06,L1MEg,L1,LINE
chr3,36635854,36635875,MA1714.1,+,9.16e-06,MIRb,MIR,SINE
chr11,37493953,37493974,MA1714.1,+,9.16e-06,L1MEg,L1,LINE
chr19,38564013,38564034,MA1714.1,+,9.16e-06,MLT1L,ERVL-MaLR,LTR
chr2,38818033,38818054,MA1714.1,+,9.16e-06,AluJr,Alu,SINE
chr21,39581900,39581921,MA1714.1,+,9.16e-06,L1MC4,L1,LINE
chr3,41187488,41187509,MA1714.1,+,9.16e-06,L1ME5,L1,LINE
chr20,43261892,43261913,MA1714.1,+,9.16e-06,MIRb,MIR,SINE
chr12,43698698,43698719,MA1714.1,+,9.16e-06,AluJb,Alu,SINE
chr8,43706704,43706725,MA1714.1,+,9.16e-06,ALR/Alpha,centr,Satellite
chrX,46151980,46152001,MA1714.1,-,9.16e-06,LTR88a,Gypsy,LTR
chr12,46163635,46163656,MA1714.1,+,9.16e-06,L1M4b,L1,LINE
chr21,46936926,46936947,MA1714.1,+,9.16e-06,L1MD1,L1,LINE
chr21,47007131,47007152,MA1714.1,-,9.16e-06,MLT1G3-int,ERVL-MaLR,LTR
chr14,48166587,48166608,MA1714.1,+,9.16e-06,L1MEg,L1,LINE
chr4,48319588,48319609,MA1714.1,-,9.16e-06,L1MC4,L1,LINE
chr14,48366789,48366810,MA1714.1,+,9.16e-06,L1PA12,L1,LINE
chr14,49469048,49469069,MA1714.1,+,9.16e-06,MLT1J,ERVL-MaLR,LTR
chr8,50087255,50087276,MA1714.1,+,9.16e-06,L1MA2,L1,LINE
chr5,52806718,52806739,MA1714.1,-,9.16e-06,L1M1,L1,LINE
chr13,57549947,57549968,MA1714.1,-,9.16e-06,THE1B-int,ERVL-MaLR,LTR
chr14,58758230,58758251,MA1714.1,-,9.16e-06,AluSq,Alu,SINE
chr2,61929417,61929438,MA1714.1,-,9.16e-06,L1M5,L1,LINE
chr1,63143280,63143301,MA1714.1,+,9.16e-06,LTR16D,ERVL,LTR
chr10,63746048,63746069,MA1714.1,+,9.16e-06,MIRc,MIR,SINE
chr12,63893470,63893491,MA1714.1,-,9.16e-06,LTR27B,ERV1,LTR
chr3,64285367,64285388,MA1714.1,+,9.16e-06,L1MB7,L1,LINE
chrX,65499390,65499411,MA1714.1,-,9.16e-06,THE1D-int,ERVL-MaLR,LTR
chr13,68185454,68185475,MA1714.1,-,9.16e-06,MIRb,MIR,SINE
chr18,69904333,69904354,MA1714.1,+,9.16e-06,L1M4,L1,LINE
chr6,71422099,71422120,MA1714.1,-,9.16e-06,L1MA9,L1,LINE
chr5,74887986,74888007,MA1714.1,-,9.16e-06,L1MB3,L1,LINE
chrX,75754851,75754872,MA1714.1,-,9.16e-06,L1M1,L1,LINE
chr3,75862038,75862059,MA1714.1,+,9.16e-06,L1P4,L1,LINE
chr18,76830658,76830679,MA1714.1,-,9.16e-06,L1MDb,L1,LINE
chr3,78578444,78578465,MA1714.1,+,9.16e-06,L1MEf,L1,LINE
chr6,80331717,80331738,MA1714.1,+,9.16e-06,MLT1L,ERVL-MaLR,LTR
chr6,81243414,81243435,MA1714.1,+,9.16e-06,L1M5,L1,LINE
chr1,82784849,82784870,MA1714.1,-,9.16e-06,MLT1B,ERVL-MaLR,LTR
chr11,83148999,83149020,MA1714.1,-,9.16e-06,LTR81B,Gypsy,LTR
chr13,84174041,84174062,MA1714.1,-,9.16e-06,LTR40a,ERVL,LTR
chrX,86520728,86520749,MA1714.1,-,9.16e-06,MER50C,ERV1,LTR
chr3,86652614,86652635,MA1714.1,+,9.16e-06,THE1C-int,ERVL-MaLR,LTR
chr6,87060761,87060782,MA1714.1,+,9.16e-06,MIRc,MIR,SINE
chr3,87896876,87896897,MA1714.1,-,9.16e-06,L1MA4A,L1,LINE
chr5,90585309,90585330,MA1714.1,-,9.16e-06,AluJr,Alu,SINE
chr1,90826986,90827007,MA1714.1,-,9.16e-06,MIR,MIR,SINE
chr11,92663798,92663819,MA1714.1,-,9.16e-06,MER50,ERV1,LTR
chr3,94153080,94153101,MA1714.1,-,9.16e-06,HAL1,L1,LINE
chr6,94210721,94210742,MA1714.1,+,9.16e-06,L1ME3A,L1,LINE
chr15,95798411,95798432,MA1714.1,-,9.16e-06,L1MDa,L1,LINE
chr8,96588602,96588623,MA1714.1,+,9.16e-06,L1MB8,L1,LINE
chr8,96775677,96775698,MA1714.1,-,9.16e-06,Plat_L3,CR1,LINE
chr4,98476513,98476534,MA1714.1,+,9.16e-06,MER34C_,ERV1,LTR
chr3,99979214,99979235,MA1714.1,+,9.16e-06,MER115,hAT-Tip100,DNA
chr10,101025199,101025220,MA1714.1,+,9.16e-06,L1PA11,L1,LINE
chr4,102048716,102048737,MA1714.1,+,9.16e-06,MLT1C,ERVL-MaLR,LTR
chr5,104094834,104094855,MA1714.1,+,9.16e-06,L1MCa,L1,LINE
chr11,108101789,108101810,MA1714.1,-,9.16e-06,L3,CR1,LINE
chr2,108350994,108351015,MA1714.1,-,9.16e-06,MLT1J2,ERVL-MaLR,LTR
chr13,109727640,109727661,MA1714.1,-,9.16e-06,L1ME1,L1,LINE
chr7,112019682,112019703,MA1714.1,-,9.16e-06,L1MC4a,L1,LINE
chr2,112720336,112720357,MA1714.1,-,9.16e-06,L1MC3,L1,LINE
chr10,113107466,113107487,MA1714.1,+,9.16e-06,MLT1E2,ERVL-MaLR,LTR
chr3,114528120,114528141,MA1714.1,-,9.16e-06,L1MB8,L1,LINE
chr11,115439408,115439429,MA1714.1,-,9.16e-06,MIRc,MIR,SINE
chr12,115847985,115848006,MA1714.1,+,9.16e-06,MLT2A2,ERVL,LTR
chr3,118517998,118518019,MA1714.1,-,9.16e-06,L2a,L2,LINE
chr9,118996919,118996940,MA1714.1,+,9.16e-06,MIRb,MIR,SINE
chr5,123802171,123802192,MA1714.1,+,9.16e-06,L1M2a,L1,LINE
chr12,128138174,128138195,MA1714.1,-,9.16e-06,THE1D,ERVL-MaLR,LTR
chr2,131683229,131683250,MA1714.1,-,9.16e-06,L1ME3B,L1,LINE
chr10,132392370,132392391,MA1714.1,-,9.16e-06,L1MB8,L1,LINE
chr2,132926033,132926054,MA1714.1,+,9.16e-06,L1MA9,L1,LINE
chr5,133396343,133396364,MA1714.1,+,9.16e-06,L1ME3F,L1,LINE
chrX,135130167,135130188,MA1714.1,-,9.16e-06,MIRb,MIR,SINE
chr9,138366075,138366096,MA1714.1,+,9.16e-06,LTR16A,ERVL,LTR
chrX,138409594,138409615,MA1714.1,+,9.16e-06,L1M1,L1,LINE
chr3,138413984,138414005,MA1714.1,+,9.16e-06,MER106B,hAT-Charlie,DNA
chrX,144607921,144607942,MA1714.1,+,9.16e-06,L1M1,L1,LINE
chr3,147419964,147419985,MA1714.1,-,9.16e-06,AluJb,Alu,SINE
chrX,148966628,148966649,MA1714.1,+,9.16e-06,L1MCb,L1,LINE
chr4,158027165,158027186,MA1714.1,-,9.16e-06,L1MB1,L1,LINE
chr7,158768008,158768029,MA1714.1,+,9.16e-06,L1MC,L1,LINE
chr5,162349568,162349589,MA1714.1,-,9.16e-06,L1MB1,L1,LINE
chr5,173914895,173914916,MA1714.1,+,9.16e-06,L1MC3,L1,LINE
chr1,188757063,188757084,MA1714.1,-,9.16e-06,L1P4,L1,LINE
chr2,191121731,191121752,MA1714.1,+,9.16e-06,L1MEc,L1,LINE
chr2,193351708,193351729,MA1714.1,+,9.16e-06,L1M3,L1,LINE
chr2,206588262,206588283,MA1714.1,+,9.16e-06,MIRc,MIR,SINE
chr2,217588019,217588040,MA1714.1,-,9.16e-06,L3b,CR1,LINE
chr2,217616551,217616572,MA1714.1,+,9.16e-06,L1PB1,L1,LINE
chr1,224227909,224227930,MA1714.1,+,9.16e-06,L1M7,L1,LINE
chrY,2441678,2441699,MA1714.1,+,9.21e-06,AluSc,Alu,SINE
chrX,2491678,2491699,MA1714.1,+,9.21e-06,AluSc,Alu,SINE
chr6_dbb_hap3,3781535,3781556,MA1714.1,+,9.21e-06,HERVK14-int,ERVK,LTR
chr6_ssto_hap7,3941017,3941038,MA1714.1,+,9.21e-06,HERVK14-int,ERVK,LTR
chr6_mann_hap4,3957127,3957148,MA1714.1,+,9.21e-06,HERVK14-int,ERVK,LTR
chr11,4214991,4215012,MA1714.1,-,9.21e-06,AluJo,Alu,SINE
chr5,5000918,5000939,MA1714.1,-,9.21e-06,THE1B,ERVL-MaLR,LTR
chr20,5535247,5535268,MA1714.1,+,9.21e-06,Tigger1,TcMar-Tigger,DNA
chrY,6058175,6058196,MA1714.1,+,9.21e-06,MIRc,MIR,SINE
chr10,6129627,6129648,MA1714.1,-,9.21e-06,L1MC4,L1,LINE
chr7,7242174,7242195,MA1714.1,-,9.21e-06,L1MB3,L1,LINE
chr11,8987013,8987034,MA1714.1,-,9.21e-06,AluY,Alu,SINE
chr3,9682042,9682063,MA1714.1,-,9.21e-06,HUERS-P1-int,ERV1,LTR
chr4,9959144,9959165,MA1714.1,+,9.21e-06,HAL1,L1,LINE
chr7,10378993,10379014,MA1714.1,+,9.21e-06,L1M7,L1,LINE
chrY,13578904,13578925,MA1714.1,+,9.21e-06,MLT1K,ERVL-MaLR,LTR
chr11,15559034,15559055,MA1714.1,-,9.21e-06,L1ME4a,L1,LINE
chr7,15914125,15914146,MA1714.1,+,9.21e-06,Charlie1b,hAT-Charlie,DNA
chr5,17719527,17719548,MA1714.1,-,9.21e-06,AluY,Alu,SINE
chr8,18045217,18045238,MA1714.1,+,9.21e-06,L1PREC2,L1,LINE
chr10,19187777,19187798,MA1714.1,-,9.21e-06,L1ME3,L1,LINE
chr21,19463591,19463612,MA1714.1,+,9.21e-06,L1MA2,L1,LINE
chrX,20401456,20401477,MA1714.1,+,9.21e-06,BLACKJACK,hAT-Blackjack,DNA
chr18,21126791,21126812,MA1714.1,+,9.21e-06,L1MB7,L1,LINE
chr10,25070301,25070322,MA1714.1,+,9.21e-06,L3,CR1,LINE
chr9,25201376,25201397,MA1714.1,+,9.21e-06,L1MEd,L1,LINE
chr15,26136734,26136755,MA1714.1,-,9.21e-06,L1MC4a,L1,LINE
chr15,26497414,26497435,MA1714.1,-,9.21e-06,L1MB3,L1,LINE
chr13,26666080,26666101,MA1714.1,-,9.21e-06,L1MEc,L1,LINE
chr4,29789319,29789340,MA1714.1,-,9.21e-06,THE1B-int,ERVL-MaLR,LTR
chr5,30441443,30441464,MA1714.1,+,9.21e-06,L1M1,L1,LINE
chrX,30767229,30767250,MA1714.1,-,9.21e-06,L1MA9,L1,LINE
chr7,31050845,31050866,MA1714.1,-,9.21e-06,HAL1,L1,LINE
chr2,32648530,32648551,MA1714.1,-,9.21e-06,L1MB4,L1,LINE
chr7,32985057,32985078,MA1714.1,-,9.21e-06,L1M4c,L1,LINE
chr10,33762884,33762905,MA1714.1,-,9.21e-06,MIRb,MIR,SINE
chr10,33904036,33904057,MA1714.1,+,9.21e-06,LTR8A,ERV1,LTR
chr13,34417774,34417795,MA1714.1,-,9.21e-06,MIRb,MIR,SINE
chr18,34419857,34419878,MA1714.1,-,9.21e-06,L1MEc,L1,LINE
chrX,34451063,34451084,MA1714.1,-,9.21e-06,L3,CR1,LINE
chr9,37122901,37122922,MA1714.1,+,9.21e-06,AluSg,Alu,SINE
chr15,39426307,39426328,MA1714.1,+,9.21e-06,ERV3-16A3_I-int,ERVL,LTR
chr11,40992786,40992807,MA1714.1,+,9.21e-06,MSTA-int,ERVL-MaLR,LTR
chr13,41334848,41334869,MA1714.1,-,9.21e-06,AluJb,Alu,SINE
chr6,41963387,41963408,MA1714.1,+,9.21e-06,L1ME4a,L1,LINE
chr9,42358798,42358819,MA1714.1,-,9.21e-06,AluSc5,Alu,SINE
chr9,43143114,43143135,MA1714.1,+,9.21e-06,AluSc5,Alu,SINE
chr9,44128093,44128114,MA1714.1,+,9.21e-06,AluSc5,Alu,SINE
chr11,48160460,48160481,MA1714.1,+,9.21e-06,AluSc,Alu,SINE
chr14,48346813,48346834,MA1714.1,+,9.21e-06,L1PA15,L1,LINE
chr20,49782523,49782544,MA1714.1,+,9.21e-06,MIR,MIR,SINE
chr15,51071900,51071921,MA1714.1,+,9.21e-06,AluJo,Alu,SINE
chr16,53457680,53457701,MA1714.1,-,9.21e-06,MER57-int,ERV1,LTR
chr13,57217991,57218012,MA1714.1,-,9.21e-06,L3,CR1,LINE
chr17,58310867,58310888,MA1714.1,-,9.21e-06,MIR,MIR,SINE
chrX,58311323,58311344,MA1714.1,-,9.21e-06,GSATX,centr,Satellite
chr5,59774791,59774812,MA1714.1,-,9.21e-06,MIRc,MIR,SINE
chr2,62180068,62180089,MA1714.1,-,9.21e-06,L1ME1,L1,LINE
chr10,65859953,65859974,MA1714.1,-,9.21e-06,AluSx,Alu,SINE
chr13,65897346,65897367,MA1714.1,-,9.21e-06,AluY,Alu,SINE
chr15,67186256,67186277,MA1714.1,-,9.21e-06,HUERS-P1-int,ERV1,LTR
chr3,68556187,68556208,MA1714.1,-,9.21e-06,MER117,hAT-Charlie,DNA
chr9,69372411,69372432,MA1714.1,-,9.21e-06,AluSc5,Alu,SINE
chr15,69624571,69624592,MA1714.1,+,9.21e-06,HUERS-P1-int,ERV1,LTR
chr2,69928983,69929004,MA1714.1,-,9.21e-06,L1M5,L1,LINE
chr5,70987765,70987786,MA1714.1,-,9.21e-06,L1MEc,L1,LINE
chr16,72790087,72790108,MA1714.1,-,9.21e-06,L1MB7,L1,LINE
chr14,74858567,74858588,MA1714.1,-,9.21e-06,AluJb,Alu,SINE
chr2,76011276,76011297,MA1714.1,-,9.21e-06,LTR78B,ERV1,LTR
chr14,76212114,76212135,MA1714.1,-,9.21e-06,L1ME3F,L1,LINE
chr1,77438452,77438473,MA1714.1,-,9.21e-06,L1MC4a,L1,LINE
chr6,77451256,77451277,MA1714.1,-,9.21e-06,L1PB1,L1,LINE
chr13,77660720,77660741,MA1714.1,-,9.21e-06,L1MC4a,L1,LINE
chr16,80142032,80142053,MA1714.1,+,9.21e-06,L1MC3,L1,LINE
chr12,82345843,82345864,MA1714.1,+,9.21e-06,MLT1H,ERVL-MaLR,LTR
chr3,83769809,83769830,MA1714.1,-,9.21e-06,L1MC5,L1,LINE
chr13,83916922,83916943,MA1714.1,+,9.21e-06,THE1B-int,ERVL-MaLR,LTR
chr10,84166113,84166134,MA1714.1,-,9.21e-06,MIRc,MIR,SINE
chr5,84505248,84505269,MA1714.1,+,9.21e-06,L1ME3A,L1,LINE
chr6,85096249,85096270,MA1714.1,+,9.21e-06,L1PB1,L1,LINE
chr2,85943802,85943823,MA1714.1,-,9.21e-06,LTR33C,ERVL,LTR
chr14,92259404,92259425,MA1714.1,-,9.21e-06,L3,CR1,LINE
chrX,92333255,92333276,MA1714.1,+,9.21e-06,MIRc,MIR,SINE
chr3,94516604,94516625,MA1714.1,-,9.21e-06,MER50,ERV1,LTR
chr2,95596251,95596272,MA1714.1,+,9.21e-06,AluSc5,Alu,SINE
chr4,99899499,99899520,MA1714.1,-,9.21e-06,L1MB7,L1,LINE
chr15,100002516,100002537,MA1714.1,+,9.21e-06,L1MC3,L1,LINE
chr3,101214543,101214564,MA1714.1,+,9.21e-06,L1PA11,L1,LINE
chr11,103589313,103589334,MA1714.1,-,9.21e-06,L1PREC2,L1,LINE
chr3,104736859,104736880,MA1714.1,-,9.21e-06,MIRb,MIR,SINE
chr1,104874247,104874268,MA1714.1,-,9.21e-06,L1MEg,L1,LINE
chr7,111329639,111329660,MA1714.1,+,9.21e-06,L1ME3E,L1,LINE
chr4,113336389,113336410,MA1714.1,+,9.21e-06,L1MEd,L1,LINE
chr9,118577701,118577722,MA1714.1,+,9.21e-06,MIR3,MIR,SINE
chr6,118875545,118875566,MA1714.1,-,9.21e-06,AluJo,Alu,SINE
chr2,118995772,118995793,MA1714.1,+,9.21e-06,MIRc,MIR,SINE
chr9,119438670,119438691,MA1714.1,+,9.21e-06,HUERS-P1-int,ERV1,LTR
chr6,120950143,120950164,MA1714.1,+,9.21e-06,L1MA9,L1,LINE
chr9,121264883,121264904,MA1714.1,-,9.21e-06,L1PB4,L1,LINE
chr6,123086854,123086875,MA1714.1,-,9.21e-06,L1M4b,L1,LINE
chr8,124291266,124291287,MA1714.1,-,9.21e-06,MIRb,MIR,SINE
chr10,127955822,127955843,MA1714.1,-,9.21e-06,MER1A,hAT-Charlie,DNA
chr10,129424418,129424439,MA1714.1,-,9.21e-06,L1MC3,L1,LINE
chr6,131509788,131509809,MA1714.1,-,9.21e-06,AluJb,Alu,SINE
chr7,133939162,133939183,MA1714.1,-,9.21e-06,MLT1A0,ERVL-MaLR,LTR
chr4,134754766,134754787,MA1714.1,-,9.21e-06,L1MD2,L1,LINE
chr7,138845568,138845589,MA1714.1,+,9.21e-06,MIRc,MIR,SINE
chr4,141466578,141466599,MA1714.1,+,9.21e-06,L2,L2,LINE
chr5,142674197,142674218,MA1714.1,-,9.21e-06,L1MC1,L1,LINE
chr3,142701067,142701088,MA1714.1,-,9.21e-06,MIRb,MIR,SINE
chr1,146824678,146824699,MA1714.1,-,9.21e-06,L1MB7,L1,LINE
chr6,149672725,149672746,MA1714.1,-,9.21e-06,MIR,MIR,SINE
chr1,153000105,153000126,MA1714.1,-,9.21e-06,MIR,MIR,SINE
chr5,157410262,157410283,MA1714.1,-,9.21e-06,L1M5,L1,LINE
chr5,160866836,160866857,MA1714.1,+,9.21e-06,L1PA11,L1,LINE
chr4,161096846,161096867,MA1714.1,+,9.21e-06,L1PA14,L1,LINE
chr5,162915360,162915381,MA1714.1,-,9.21e-06,L1MB8,L1,LINE
chr2,169001377,169001398,MA1714.1,+,9.21e-06,FRAM,Alu,SINE
chr3,182233343,182233364,MA1714.1,+,9.21e-06,MLT1K,ERVL-MaLR,LTR
chr3,184423536,184423557,MA1714.1,-,9.21e-06,HUERS-P1-int,ERV1,LTR
chr1,190199247,190199268,MA1714.1,+,9.21e-06,L1MEg,L1,LINE
chr2,205127952,205127973,MA1714.1,+,9.21e-06,L1ME1,L1,LINE
chr1_gl000192_random,462358,462379,MA1714.1,+,9.27e-06,L1MCa,L1,LINE
chr2,2201893,2201914,MA1714.1,+,9.27e-06,L1MA6,L1,LINE
chr17,2385297,2385318,MA1714.1,+,9.27e-06,L1M7,L1,LINE
chrY,2640587,2640608,MA1714.1,+,9.27e-06,L1MB5,L1,LINE
chrX,2690587,2690608,MA1714.1,+,9.27e-06,L1MB5,L1,LINE
chr20,4648690,4648711,MA1714.1,-,9.27e-06,MLT1A,ERVL-MaLR,LTR
chr18,5833145,5833166,MA1714.1,+,9.27e-06,MLT1A0,ERVL-MaLR,LTR
chr20,7033091,7033112,MA1714.1,-,9.27e-06,L1ME3A,L1,LINE
chrX,10387864,10387885,MA1714.1,+,9.27e-06,L4,RTE,LINE
chr10,11016110,11016131,MA1714.1,+,9.27e-06,MIRb,MIR,SINE
chr2,12117894,12117915,MA1714.1,-,9.27e-06,MIRc,MIR,SINE
chr12,12833858,12833879,MA1714.1,-,9.27e-06,AluSx1,Alu,SINE
chr10,13103105,13103126,MA1714.1,+,9.27e-06,MIRb,MIR,SINE
chr7,13345744,13345765,MA1714.1,+,9.27e-06,L1PA8,L1,LINE
chr6,13603038,13603059,MA1714.1,+,9.27e-06,L1MB8,L1,LINE
chr20,15296157,15296178,MA1714.1,+,9.27e-06,L1M4c,L1,LINE
chr10,16360266,16360287,MA1714.1,+,9.27e-06,AluJr,Alu,SINE
chr3,16702133,16702154,MA1714.1,+,9.27e-06,MER39,ERV1,LTR
chr19,17399306,17399327,MA1714.1,+,9.27e-06,AluJo,Alu,SINE
chr11,18660731,18660752,MA1714.1,+,9.27e-06,MLT1B,ERVL-MaLR,LTR
chr19,20517663,20517684,MA1714.1,+,9.27e-06,L1MB2,L1,LINE
chr19,20589676,20589697,MA1714.1,+,9.27e-06,L1MB2,L1,LINE
chr11,21412401,21412422,MA1714.1,-,9.27e-06,HAL1,L1,LINE
chr14,22717414,22717435,MA1714.1,-,9.27e-06,L1MC1,L1,LINE
chr12,23057385,23057406,MA1714.1,+,9.27e-06,L1MA7,L1,LINE
chr10,23720891,23720912,MA1714.1,-,9.27e-06,AluJr,Alu,SINE
chr21,24155273,24155294,MA1714.1,+,9.27e-06,MLT1B,ERVL-MaLR,LTR
chr9,25080447,25080468,MA1714.1,+,9.27e-06,Tigger3b,TcMar-Tigger,DNA
chrX,25874104,25874125,MA1714.1,-,9.27e-06,L3,CR1,LINE
chr5,27060408,27060429,MA1714.1,+,9.27e-06,LTR33B,ERVL,LTR
chr22,28076382,28076403,MA1714.1,-,9.27e-06,MLT1J2,ERVL-MaLR,LTR
chr21,28932966,28932987,MA1714.1,+,9.27e-06,MLT1B,ERVL-MaLR,LTR
chr19,29210128,29210149,MA1714.1,+,9.27e-06,L1MA1,L1,LINE
chr11,29807184,29807205,MA1714.1,-,9.27e-06,L1MC2,L1,LINE
chr1,33394568,33394589,MA1714.1,-,9.27e-06,ERVL-E-int,ERVL,LTR
chr11,34995081,34995102,MA1714.1,-,9.27e-06,L1MEf,L1,LINE
chr15,36920411,36920432,MA1714.1,-,9.27e-06,L1ME1,L1,LINE
chrX,39156293,39156314,MA1714.1,-,9.27e-06,MIRb,MIR,SINE
chrX,40301194,40301215,MA1714.1,+,9.27e-06,L1ME1,L1,LINE
chr4,41507058,41507079,MA1714.1,+,9.27e-06,MIR,MIR,SINE
chrX,42221156,42221177,MA1714.1,+,9.27e-06,MamRep605,MamRep605,Unknown
chr3,42758426,42758447,MA1714.1,+,9.27e-06,L1MB4,L1,LINE
chr14,43256765,43256786,MA1714.1,+,9.27e-06,L1MC4a,L1,LINE
chr1,43458515,43458536,MA1714.1,-,9.27e-06,MIRb,MIR,SINE
chr7,44126360,44126381,MA1714.1,+,9.27e-06,L1ME4a,L1,LINE
chr11,44987675,44987696,MA1714.1,+,9.27e-06,Charlie7,hAT-Charlie,DNA
chr10,46477907,46477928,MA1714.1,+,9.27e-06,L1MC3,L1,LINE
chr3,46626745,46626766,MA1714.1,-,9.27e-06,ERV3-16A3_I-int,ERVL,LTR
chr1,46734790,46734811,MA1714.1,-,9.27e-06,L1ME3A,L1,LINE
chr10,48665247,48665268,MA1714.1,+,9.27e-06,L1MC3,L1,LINE
chr13,49790422,49790443,MA1714.1,+,9.27e-06,MIR,MIR,SINE
chr20,50852198,50852219,MA1714.1,-,9.27e-06,MIR,MIR,SINE
chr14,51783195,51783216,MA1714.1,+,9.27e-06,MLT1A,ERVL-MaLR,LTR
chr11,55398239,55398260,MA1714.1,+,9.27e-06,L1PB1,L1,LINE
chr4,55662600,55662621,MA1714.1,-,9.27e-06,MER20B,hAT-Charlie,DNA
chr17,59145730,59145751,MA1714.1,-,9.27e-06,MamGypLTR1a,Gypsy,LTR
chr2,59856276,59856297,MA1714.1,+,9.27e-06,L1ME3A,L1,LINE
chr14,61634552,61634573,MA1714.1,+,9.27e-06,L1ME1,L1,LINE
chrX,62558989,62559010,MA1714.1,+,9.27e-06,L1PREC2,L1,LINE
chr16,63378907,63378928,MA1714.1,+,9.27e-06,MIR,MIR,SINE
chr12,63870188,63870209,MA1714.1,+,9.27e-06,AluJr,Alu,SINE
chr16,64249831,64249852,MA1714.1,-,9.27e-06,MLT1B,ERVL-MaLR,LTR
chr4,65080273,65080294,MA1714.1,+,9.27e-06,L1MC3,L1,LINE
chr17,68590794,68590815,MA1714.1,+,9.27e-06,L1MEg1,L1,LINE
chr14,70344202,70344223,MA1714.1,+,9.27e-06,MIRc,MIR,SINE
chr11,72199472,72199493,MA1714.1,+,9.27e-06,L1MDa,L1,LINE
chr14,73151664,73151685,MA1714.1,+,9.27e-06,MLT1A,ERVL-MaLR,LTR
chr11,73845187,73845208,MA1714.1,-,9.27e-06,MIR,MIR,SINE
chr7,78413902,78413923,MA1714.1,+,9.27e-06,MER39,ERV1,LTR
chr2,81276540,81276561,MA1714.1,-,9.27e-06,MST-int,ERVL-MaLR,LTR
chr11,81694472,81694493,MA1714.1,-,9.27e-06,L1MC3,L1,LINE
chr15,83529117,83529138,MA1714.1,+,9.27e-06,L1MC5,L1,LINE
chr9,85194055,85194076,MA1714.1,-,9.27e-06,AluJb,Alu,SINE
chr9,86377312,86377333,MA1714.1,+,9.27e-06,L1MA2,L1,LINE
chr6,86730558,86730579,MA1714.1,-,9.27e-06,MIRc,MIR,SINE
chr11,87681063,87681084,MA1714.1,+,9.27e-06,MER96B,hAT,DNA
chr11,90858659,90858680,MA1714.1,-,9.27e-06,L1MA7,L1,LINE
chr6,91615555,91615576,MA1714.1,-,9.27e-06,L1M1,L1,LINE
chr9,93098944,93098965,MA1714.1,+,9.27e-06,L1MCa,L1,LINE
chr4,94566363,94566384,MA1714.1,-,9.27e-06,L2,L2,LINE
chr8,95485719,95485740,MA1714.1,+,9.27e-06,MIR,MIR,SINE
chr7,97491771,97491792,MA1714.1,+,9.27e-06,L1MC2,L1,LINE
chr9,98444784,98444805,MA1714.1,+,9.27e-06,L1MA9,L1,LINE
chr14,105373766,105373787,MA1714.1,+,9.27e-06,L1MEe,L1,LINE
chr8,105542683,105542704,MA1714.1,+,9.27e-06,MLT1B,ERVL-MaLR,LTR
chr12,105974790,105974811,MA1714.1,+,9.27e-06,MIRb,MIR,SINE
chrX,108875310,108875331,MA1714.1,-,9.27e-06,L1ME2z,L1,LINE
chr7,109373346,109373367,MA1714.1,+,9.27e-06,MLT1B,ERVL-MaLR,LTR
chr7,109904954,109904975,MA1714.1,-,9.27e-06,MER39,ERV1,LTR
chr13,109969444,109969465,MA1714.1,+,9.27e-06,L1PB1,L1,LINE
chr3,110289378,110289399,MA1714.1,+,9.27e-06,L1MEf,L1,LINE
chr6,114239068,114239089,MA1714.1,-,9.27e-06,MIRb,MIR,SINE
chr7,117111260,117111281,MA1714.1,+,9.27e-06,MamRep4096,hAT,DNA
chr9,119577181,119577202,MA1714.1,-,9.27e-06,L4,RTE,LINE
chrX,120989588,120989609,MA1714.1,+,9.27e-06,L1M3,L1,LINE
chr4,123525516,123525537,MA1714.1,+,9.27e-06,LTR16A2,ERVL,LTR
chr7,125734458,125734479,MA1714.1,-,9.27e-06,MSTB-int,ERVL-MaLR,LTR
chr6,127158240,127158261,MA1714.1,-,9.27e-06,L1ME1,L1,LINE
chr10,127311047,127311068,MA1714.1,-,9.27e-06,HERVL-int,ERVL,LTR
chr6,129424137,129424158,MA1714.1,-,9.27e-06,L1MEg,L1,LINE
chr8,134248257,134248278,MA1714.1,+,9.27e-06,L1MC3,L1,LINE
chr5,135262259,135262280,MA1714.1,-,9.27e-06,MER39,ERV1,LTR
chr3,140243873,140243894,MA1714.1,+,9.27e-06,L1PA16,L1,LINE
chr5,141899724,141899745,MA1714.1,-,9.27e-06,L1PB1,L1,LINE
chrX,142993480,142993501,MA1714.1,-,9.27e-06,MST-int,ERVL-MaLR,LTR
chr8,144498497,144498518,MA1714.1,+,9.27e-06,HAL1,L1,LINE
chr8,146191301,146191322,MA1714.1,-,9.27e-06,L1PBa,L1,LINE
chr1,147713024,147713045,MA1714.1,+,9.27e-06,L1MCa,L1,LINE
chr5,154029748,154029769,MA1714.1,-,9.27e-06,MIRb,MIR,SINE
chr6,155356599,155356620,MA1714.1,-,9.27e-06,AluSx,Alu,SINE
chr2,156365265,156365286,MA1714.1,+,9.27e-06,L1MC4,L1,LINE
chr4,156880837,156880858,MA1714.1,+,9.27e-06,LTR78B,ERV1,LTR
chr3,158603289,158603310,MA1714.1,+,9.27e-06,MSTB-int,ERVL-MaLR,LTR
chr1,165639453,165639474,MA1714.1,+,9.27e-06,AluJb,Alu,SINE
chr3,167589000,167589021,MA1714.1,-,9.27e-06,MER39,ERV1,LTR
chr2,170970459,170970480,MA1714.1,+,9.27e-06,HERVK22-int,ERVK,LTR
chr2,177122088,177122109,MA1714.1,+,9.27e-06,L1MC4a,L1,LINE
chr3,178348289,178348310,MA1714.1,-,9.27e-06,LTR88a,Gypsy,LTR
chr4,184131465,184131486,MA1714.1,+,9.27e-06,L1MA9,L1,LINE
chr4,185791045,185791066,MA1714.1,-,9.27e-06,LTR40b,ERVL,LTR
chr1,212561954,212561975,MA1714.1,+,9.27e-06,MLT1B,ERVL-MaLR,LTR
chr2,215941768,215941789,MA1714.1,+,9.27e-06,L1ME3C,L1,LINE
chr1,236725172,236725193,MA1714.1,-,9.27e-06,L1ME3C,L1,LINE
chr6_qbl_hap6,210011,210032,MA1714.1,-,9.33e-06,HAL1,L1,LINE
chr6_mann_hap4,210016,210037,MA1714.1,-,9.33e-06,HAL1,L1,LINE
chr6_mcf_hap5,210171,210192,MA1714.1,-,9.33e-06,HAL1,L1,LINE
chr4,215613,215634,MA1714.1,-,9.33e-06,L1MA9,L1,LINE
chr6_ssto_hap7,247525,247546,MA1714.1,-,9.33e-06,HAL1,L1,LINE
chr6_cox_hap2,425345,425366,MA1714.1,-,9.33e-06,HAL1,L1,LINE
chr3,949822,949843,MA1714.1,-,9.33e-06,L1MC2,L1,LINE
chr10,1113285,1113306,MA1714.1,+,9.33e-06,L1MD2,L1,LINE
chr17,3616319,3616340,MA1714.1,+,9.33e-06,L1M5,L1,LINE
chr20,4860253,4860274,MA1714.1,+,9.33e-06,AluSz6,Alu,SINE
chr11,6906028,6906049,MA1714.1,+,9.33e-06,L1MEg,L1,LINE
chr11,6935645,6935666,MA1714.1,-,9.33e-06,L1MEc,L1,LINE
chr3,7050649,7050670,MA1714.1,+,9.33e-06,MIRb,MIR,SINE
chr1,7054557,7054578,MA1714.1,-,9.33e-06,L1ME2z,L1,LINE
chr12,7142362,7142383,MA1714.1,+,9.33e-06,ERVL-B4-int,ERVL,LTR
chrX,8128104,8128125,MA1714.1,-,9.33e-06,L1PB1,L1,LINE
chr12,8977285,8977306,MA1714.1,-,9.33e-06,L1MA3,L1,LINE
chr11,9404651,9404672,MA1714.1,+,9.33e-06,MIRc,MIR,SINE
chr10,9915511,9915532,MA1714.1,+,9.33e-06,L1MEg,L1,LINE
chr1,10306065,10306086,MA1714.1,+,9.33e-06,L2a,L2,LINE
chr17,11667810,11667831,MA1714.1,-,9.33e-06,L1MB1,L1,LINE
chr8,14156227,14156248,MA1714.1,+,9.33e-06,L1ME2,L1,LINE
chr10,15505279,15505300,MA1714.1,-,9.33e-06,L1M4b,L1,LINE
chr16,16083642,16083663,MA1714.1,+,9.33e-06,MIR,MIR,SINE
chr7,17898146,17898167,MA1714.1,+,9.33e-06,L1M1,L1,LINE
chr22,18622340,18622361,MA1714.1,-,9.33e-06,L1MDa,L1,LINE
chr9,18963452,18963473,MA1714.1,-,9.33e-06,L1P3,L1,LINE
chr17,19364598,19364619,MA1714.1,+,9.33e-06,MSTB-int,ERVL-MaLR,LTR
chr18,20206512,20206533,MA1714.1,+,9.33e-06,L1M6,L1,LINE
chrX,21295117,21295138,MA1714.1,+,9.33e-06,L1PA14,L1,LINE
chr8,21451207,21451228,MA1714.1,+,9.33e-06,L1ME1,L1,LINE
chr5,21850250,21850271,MA1714.1,+,9.33e-06,L1MA9,L1,LINE
chr12,22308758,22308779,MA1714.1,+,9.33e-06,L1ME1,L1,LINE
chr3,23159924,23159945,MA1714.1,+,9.33e-06,AluSx1,Alu,SINE
chr18,23876231,23876252,MA1714.1,-,9.33e-06,L1MC4,L1,LINE
chr1,24031673,24031694,MA1714.1,-,9.33e-06,L3b,CR1,LINE
chr22,26807688,26807709,MA1714.1,+,9.33e-06,LTR16D,ERVL,LTR
chr6,28413833,28413854,MA1714.1,-,9.33e-06,L1MC4,L1,LINE
chr6,28906610,28906631,MA1714.1,-,9.33e-06,HAL1,L1,LINE
chr11,29909303,29909324,MA1714.1,-,9.33e-06,L1MEd,L1,LINE
chr10,30460136,30460157,MA1714.1,-,9.33e-06,ORSL,hAT-Tip100,DNA
chr5,30704258,30704279,MA1714.1,-,9.33e-06,THE1D,ERVL-MaLR,LTR
chr22,31571492,31571513,MA1714.1,+,9.33e-06,L1MC,L1,LINE
chr5,32182087,32182108,MA1714.1,+,9.33e-06,MLT1E1,ERVL-MaLR,LTR
chr12,33246735,33246756,MA1714.1,-,9.33e-06,L1MA6,L1,LINE
chr7,33797874,33797895,MA1714.1,-,9.33e-06,Charlie19a,hAT-Charlie,DNA
chr19,35902425,35902446,MA1714.1,-,9.33e-06,L1MEe,L1,LINE
chrX,36661123,36661144,MA1714.1,-,9.33e-06,L1M4,L1,LINE
chr8,37459371,37459392,MA1714.1,-,9.33e-06,MIRb,MIR,SINE
chr13,43286048,43286069,MA1714.1,-,9.33e-06,HAL1b,L1,LINE
chr8,43287479,43287500,MA1714.1,+,9.33e-06,HUERS-P3-int,ERV1,LTR
chr21,46040036,46040057,MA1714.1,+,9.33e-06,L1M4,L1,LINE
chr3,46577039,46577060,MA1714.1,-,9.33e-06,MIR3,MIR,SINE
chr12,47688501,47688522,MA1714.1,-,9.33e-06,L1PA16,L1,LINE
chr4,53374971,53374992,MA1714.1,+,9.33e-06,L1PB1,L1,LINE
chr13,53396125,53396146,MA1714.1,+,9.33e-06,L1ME4a,L1,LINE
chr4,53398045,53398066,MA1714.1,+,9.33e-06,L2,L2,LINE
chr20,53835720,53835741,MA1714.1,-,9.33e-06,L1MC3,L1,LINE
chrX,57114936,57114957,MA1714.1,-,9.33e-06,L1P1,L1,LINE
chr15,58325540,58325561,MA1714.1,-,9.33e-06,L1MEe,L1,LINE
chr18,61173655,61173676,MA1714.1,-,9.33e-06,MIR,MIR,SINE
chr6,62071872,62071893,MA1714.1,+,9.33e-06,L1PA3,L1,LINE
chr5,62481408,62481429,MA1714.1,+,9.33e-06,MSTA-int,ERVL-MaLR,LTR
chr10,64525906,64525927,MA1714.1,+,9.33e-06,MIRb,MIR,SINE
chr4,64689674,64689695,MA1714.1,-,9.33e-06,L1MA7,L1,LINE
chrX,66314090,66314111,MA1714.1,+,9.33e-06,MSTB-int,ERVL-MaLR,LTR
chr2,67993488,67993509,MA1714.1,-,9.33e-06,MER5B,hAT-Charlie,DNA
chr17,68492150,68492171,MA1714.1,+,9.33e-06,L1MA9,L1,LINE
chr6,68608220,68608241,MA1714.1,-,9.33e-06,L2a,L2,LINE
chr14,68885867,68885888,MA1714.1,-,9.33e-06,MIR3,MIR,SINE
chr6,69179501,69179522,MA1714.1,-,9.33e-06,MIR,MIR,SINE
chr15,69768695,69768716,MA1714.1,+,9.33e-06,MIRb,MIR,SINE
chr11,69835243,69835264,MA1714.1,-,9.33e-06,MIR,MIR,SINE
chr16,70227944,70227965,MA1714.1,-,9.33e-06,MIR,MIR,SINE
chr18,70765570,70765591,MA1714.1,+,9.33e-06,L1MEg,L1,LINE
chr13,71433295,71433316,MA1714.1,+,9.33e-06,HERV16-int,ERVL,LTR
chr6,71942087,71942108,MA1714.1,-,9.33e-06,HAL1b,L1,LINE
chr10,72607990,72608011,MA1714.1,+,9.33e-06,MIRc,MIR,SINE
chr2,73085548,73085569,MA1714.1,-,9.33e-06,L1MB8,L1,LINE
chr16,74435370,74435391,MA1714.1,+,9.33e-06,MIR,MIR,SINE
chr16,74473982,74474003,MA1714.1,+,9.33e-06,L1MB7,L1,LINE
chr4,74693437,74693458,MA1714.1,+,9.33e-06,L1M5,L1,LINE
chr17,74702977,74702998,MA1714.1,-,9.33e-06,L1MC4,L1,LINE
chr9,76546009,76546030,MA1714.1,+,9.33e-06,L1MB2,L1,LINE
chr9,78366336,78366357,MA1714.1,+,9.33e-06,L1MB8,L1,LINE
chr15,78995311,78995332,MA1714.1,-,9.33e-06,L1MA2,L1,LINE
chr10,79503432,79503453,MA1714.1,+,9.33e-06,L1MC4,L1,LINE
chr9,79990615,79990636,MA1714.1,+,9.33e-06,L1MEe,L1,LINE
chrX,80172678,80172699,MA1714.1,+,9.33e-06,L1MA9,L1,LINE
chr10,82091211,82091232,MA1714.1,+,9.33e-06,L1M4c,L1,LINE
chr9,82096548,82096569,MA1714.1,+,9.33e-06,MIRc,MIR,SINE
chr2,82111512,82111533,MA1714.1,-,9.33e-06,L1MA9,L1,LINE
chr8,84026760,84026781,MA1714.1,-,9.33e-06,L1ME3A,L1,LINE
chr16,85067910,85067931,MA1714.1,+,9.33e-06,AluSq2,Alu,SINE
chr12,85888525,85888546,MA1714.1,-,9.33e-06,L1MA8,L1,LINE
chr11,86116043,86116064,MA1714.1,-,9.33e-06,L1MEe,L1,LINE
chrX,86382343,86382364,MA1714.1,+,9.33e-06,L1M1,L1,LINE
chr11,86491114,86491135,MA1714.1,-,9.33e-06,MIRb,MIR,SINE
chrX,87436009,87436030,MA1714.1,-,9.33e-06,L1M1,L1,LINE
chrX,88225804,88225825,MA1714.1,-,9.33e-06,THE1D-int,ERVL-MaLR,LTR
chr7,89530950,89530971,MA1714.1,-,9.33e-06,L1PA3,L1,LINE
chr9,89617365,89617386,MA1714.1,-,9.33e-06,L1MEc,L1,LINE
chr7,90738862,90738883,MA1714.1,+,9.33e-06,L1MEd,L1,LINE
chr5,90991705,90991726,MA1714.1,+,9.33e-06,L3,CR1,LINE
chr12,92261423,92261444,MA1714.1,-,9.33e-06,MIRb,MIR,SINE
chr14,92298950,92298971,MA1714.1,+,9.33e-06,L1ME3E,L1,LINE
chrX,93445193,93445214,MA1714.1,-,9.33e-06,HAL1,L1,LINE
chr14,95439763,95439784,MA1714.1,+,9.33e-06,L1ME4a,L1,LINE
chr2,95442368,95442389,MA1714.1,-,9.33e-06,MSTA-int,ERVL-MaLR,LTR
chr10,96365146,96365167,MA1714.1,-,9.33e-06,HAL1,L1,LINE
chr7,98129567,98129588,MA1714.1,-,9.33e-06,THE1A,ERVL-MaLR,LTR
chr5,99570783,99570804,MA1714.1,-,9.33e-06,L1PREC2,L1,LINE
chr13,100986940,100986961,MA1714.1,+,9.33e-06,L1M6,L1,LINE
chr4,101192048,101192069,MA1714.1,-,9.33e-06,MLT1D,ERVL-MaLR,LTR
chr2,101275030,101275051,MA1714.1,-,9.33e-06,L1MD2,L1,LINE
chr6,101506718,101506739,MA1714.1,-,9.33e-06,MLT1E,ERVL-MaLR,LTR
chr1,102784022,102784043,MA1714.1,+,9.33e-06,L2,L2,LINE
chr2,105266836,105266857,MA1714.1,+,9.33e-06,HAL1-3A_ME,L1,LINE
chr6,105799285,105799306,MA1714.1,-,9.33e-06,L3,CR1,LINE
chr7,106273211,106273232,MA1714.1,-,9.33e-06,MLT1D,ERVL-MaLR,LTR
chr6,107021456,107021477,MA1714.1,-,9.33e-06,MIR,MIR,SINE
chr3,108165905,108165926,MA1714.1,+,9.33e-06,L1MA9,L1,LINE
chr11,109101371,109101392,MA1714.1,+,9.33e-06,L1ME3A,L1,LINE
chr8,111803175,111803196,MA1714.1,+,9.33e-06,MER21-int,ERVL,LTR
chr4,112165191,112165212,MA1714.1,+,9.33e-06,L1PBa1,L1,LINE
chr8,119597515,119597536,MA1714.1,+,9.33e-06,L1MB3,L1,LINE
chr8,120368154,120368175,MA1714.1,-,9.33e-06,MIRb,MIR,SINE
chr10,120675989,120676010,MA1714.1,+,9.33e-06,MLT1K,ERVL-MaLR,LTR
chr5,120921046,120921067,MA1714.1,-,9.33e-06,MLT1A0-int,ERVL-MaLR,LTR
chr9,123902033,123902054,MA1714.1,-,9.33e-06,L1MC5,L1,LINE
chr4,124630077,124630098,MA1714.1,+,9.33e-06,L1PBa,L1,LINE
chr4,125410724,125410745,MA1714.1,+,9.33e-06,L1MA10,L1,LINE
chr3,129993183,129993204,MA1714.1,-,9.33e-06,MLT1B,ERVL-MaLR,LTR
chr3,131340751,131340772,MA1714.1,+,9.33e-06,AluJb,Alu,SINE
chr4,145715364,145715385,MA1714.1,+,9.33e-06,L1P1,L1,LINE
chr3,146285077,146285098,MA1714.1,-,9.33e-06,THE1B-int,ERVL-MaLR,LTR
chrX,147403642,147403663,MA1714.1,-,9.33e-06,MLT1A,ERVL-MaLR,LTR
chr4,148761566,148761587,MA1714.1,-,9.33e-06,L3,CR1,LINE
chr7,149268960,149268981,MA1714.1,+,9.33e-06,Harlequin-int,ERV1,LTR
chr6,151524099,151524120,MA1714.1,+,9.33e-06,L1MB2,L1,LINE
chr7,154833090,154833111,MA1714.1,+,9.33e-06,L1ME3A,L1,LINE
chr7,158797190,158797211,MA1714.1,-,9.33e-06,L1M5,L1,LINE
chr5,166270521,166270542,MA1714.1,+,9.33e-06,HAL1-3A_ME,L1,LINE
chr1,174344864,174344885,MA1714.1,+,9.33e-06,L1MD,L1,LINE
chr4,181020972,181020993,MA1714.1,-,9.33e-06,L1PA15,L1,LINE
chr2,185448394,185448415,MA1714.1,+,9.33e-06,L1MC2,L1,LINE
chr2,190065606,190065627,MA1714.1,+,9.33e-06,L1MEf,L1,LINE
chr3,197101059,197101080,MA1714.1,-,9.33e-06,L3,CR1,LINE
chr2,215448445,215448466,MA1714.1,-,9.33e-06,L2b,L2,LINE
chr9,697131,697152,MA1714.1,-,9.39e-06,L1MC4,L1,LINE
chr2,1908027,1908048,MA1714.1,-,9.39e-06,L1MC4a,L1,LINE
chr16,2587694,2587715,MA1714.1,+,9.39e-06,MIR3,MIR,SINE
chr12,4067175,4067196,MA1714.1,-,9.39e-06,AluSz,Alu,SINE
chr2,4167040,4167061,MA1714.1,-,9.39e-06,L1PA7,L1,LINE
chr3,5029841,5029862,MA1714.1,-,9.39e-06,MIRb,MIR,SINE
chr3,5182519,5182540,MA1714.1,-,9.39e-06,LTR71A,ERV1,LTR
chr2,5518194,5518215,MA1714.1,-,9.39e-06,MIRc,MIR,SINE
chr9,6784444,6784465,MA1714.1,-,9.39e-06,AluSx3,Alu,SINE
chr20,8450799,8450820,MA1714.1,-,9.39e-06,L1MB8,L1,LINE
chrX,9108785,9108806,MA1714.1,-,9.39e-06,L1MC2,L1,LINE
chr5,9681098,9681119,MA1714.1,+,9.39e-06,AluSx1,Alu,SINE
chr1,10598058,10598079,MA1714.1,-,9.39e-06,L2a,L2,LINE
chr16,11291987,11292008,MA1714.1,-,9.39e-06,MIR,MIR,SINE
chr12,11371872,11371893,MA1714.1,+,9.39e-06,L1PB1,L1,LINE
chr8,13192406,13192427,MA1714.1,-,9.39e-06,MIR,MIR,SINE
chr3,14196972,14196993,MA1714.1,-,9.39e-06,HAL1-2a_MD,L1,LINE
chr9,17299215,17299236,MA1714.1,+,9.39e-06,AluSc,Alu,SINE
chr13,20023259,20023280,MA1714.1,+,9.39e-06,L1MA8,L1,LINE
chr13,22517970,22517991,MA1714.1,-,9.39e-06,THE1D,ERVL-MaLR,LTR
chrY,22564199,22564220,MA1714.1,-,9.39e-06,THE1B-int,ERVL-MaLR,LTR
chr10,22968800,22968821,MA1714.1,+,9.39e-06,L1MB7,L1,LINE
chr15,23083180,23083201,MA1714.1,+,9.39e-06,AluSx,Alu,SINE
chr19,23819020,23819041,MA1714.1,+,9.39e-06,L1PB1,L1,LINE
chr11,26387307,26387328,MA1714.1,-,9.39e-06,MSTA-int,ERVL-MaLR,LTR
chr1,26626744,26626765,MA1714.1,-,9.39e-06,MIRb,MIR,SINE
chr14,28438102,28438123,MA1714.1,+,9.39e-06,L1PA7,L1,LINE
chrY,28705221,28705242,MA1714.1,-,9.39e-06,L1MA8,L1,LINE
chr16,28827691,28827712,MA1714.1,-,9.39e-06,L1MA3,L1,LINE
chr21,29651440,29651461,MA1714.1,+,9.39e-06,MIR,MIR,SINE
chr18,29827234,29827255,MA1714.1,-,9.39e-06,L1PA10,L1,LINE
chr18,30864265,30864286,MA1714.1,+,9.39e-06,L1PA13,L1,LINE
chr3,31085496,31085517,MA1714.1,+,9.39e-06,MER61-int,ERV1,LTR
chr18,34052530,34052551,MA1714.1,-,9.39e-06,L1MB7,L1,LINE
chr21,34183428,34183449,MA1714.1,-,9.39e-06,MIRb,MIR,SINE
chr22,34547052,34547073,MA1714.1,+,9.39e-06,L3,CR1,LINE
chr19,35368854,35368875,MA1714.1,-,9.39e-06,L1PREC2,L1,LINE
chr3,36587376,36587397,MA1714.1,-,9.39e-06,MIRb,MIR,SINE
chr10,37063592,37063613,MA1714.1,-,9.39e-06,L1MEd,L1,LINE
chr15,38754400,38754421,MA1714.1,+,9.39e-06,L1MC4a,L1,LINE
chr22,39206539,39206560,MA1714.1,-,9.39e-06,L1MEg,L1,LINE
chr13,39813589,39813610,MA1714.1,-,9.39e-06,L1P2,L1,LINE
chr8,40756824,40756845,MA1714.1,+,9.39e-06,L1MA3,L1,LINE
chrX,41114682,41114703,MA1714.1,+,9.39e-06,AluSz,Alu,SINE
chr22,41476933,41476954,MA1714.1,+,9.39e-06,AluJb,Alu,SINE
chr5,41500524,41500545,MA1714.1,+,9.39e-06,L1PB4,L1,LINE
chr22,41516030,41516051,MA1714.1,-,9.39e-06,AluSz,Alu,SINE
chr9,42464249,42464270,MA1714.1,+,9.39e-06,MSTA-int,ERVL-MaLR,LTR
chr6,42586848,42586869,MA1714.1,-,9.39e-06,L1M5,L1,LINE
chr9,43037630,43037651,MA1714.1,-,9.39e-06,MSTA-int,ERVL-MaLR,LTR
chr9,44026819,44026840,MA1714.1,-,9.39e-06,MSTA-int,ERVL-MaLR,LTR
chr6,45549208,45549229,MA1714.1,-,9.39e-06,L1MEe,L1,LINE
chr17,46273409,46273430,MA1714.1,-,9.39e-06,MIR,MIR,SINE
chr6,48407066,48407087,MA1714.1,+,9.39e-06,MSTB-int,ERVL-MaLR,LTR
chr12,51315802,51315823,MA1714.1,-,9.39e-06,L1ME3,L1,LINE
chr1,52106527,52106548,MA1714.1,-,9.39e-06,AluJr4,Alu,SINE
chr3,55851658,55851679,MA1714.1,+,9.39e-06,MIRb,MIR,SINE
chr20,56388121,56388142,MA1714.1,-,9.39e-06,L1PREC2,L1,LINE
chr3,58715815,58715836,MA1714.1,-,9.39e-06,L2,L2,LINE
chr20,60874575,60874596,MA1714.1,+,9.39e-06,AluSz,Alu,SINE
chr1,62140495,62140516,MA1714.1,+,9.39e-06,L1MDa,L1,LINE
chr8,62609842,62609863,MA1714.1,-,9.39e-06,MER21B,ERVL,LTR
chr9,66374256,66374277,MA1714.1,-,9.39e-06,MSTA-int,ERVL-MaLR,LTR
chrX,66957467,66957488,MA1714.1,+,9.39e-06,L1MEd,L1,LINE
chr5,67989112,67989133,MA1714.1,+,9.39e-06,L1PA5,L1,LINE
chr10,69033230,69033251,MA1714.1,+,9.39e-06,L1ME2z,L1,LINE
chr9,69471677,69471698,MA1714.1,+,9.39e-06,MSTA-int,ERVL-MaLR,LTR
chr14,69828000,69828021,MA1714.1,-,9.39e-06,MIR,MIR,SINE
chr13,70075602,70075623,MA1714.1,-,9.39e-06,HERVL-int,ERVL,LTR
chr4,70100974,70100995,MA1714.1,+,9.39e-06,L1P3,L1,LINE
chr15,72253855,72253876,MA1714.1,-,9.39e-06,MIR,MIR,SINE
chr4,77932471,77932492,MA1714.1,+,9.39e-06,MER117,hAT-Charlie,DNA
chr16,79037273,79037294,MA1714.1,-,9.39e-06,MIRb,MIR,SINE
chr12,79913089,79913110,MA1714.1,-,9.39e-06,MIRc,MIR,SINE
chr15,80349645,80349666,MA1714.1,+,9.39e-06,L1MB8,L1,LINE
chr11,80393212,80393233,MA1714.1,+,9.39e-06,L3,CR1,LINE
chrX,80594089,80594110,MA1714.1,-,9.39e-06,L1PREC2,L1,LINE
chr14,82661902,82661923,MA1714.1,-,9.39e-06,L1M7,L1,LINE
chr8,83172993,83173014,MA1714.1,-,9.39e-06,MIR,MIR,SINE
chr2,86172543,86172564,MA1714.1,+,9.39e-06,MLT1J-int,ERVL-MaLR,LTR
chr6,87679586,87679607,MA1714.1,+,9.39e-06,MLT1K,ERVL-MaLR,LTR
chr10,88944778,88944799,MA1714.1,-,9.39e-06,L1MB8,L1,LINE
chr5,91390700,91390721,MA1714.1,-,9.39e-06,L1PA15,L1,LINE
chr13,95287554,95287575,MA1714.1,-,9.39e-06,LTR40c,ERVL,LTR
chr13,97674027,97674048,MA1714.1,+,9.39e-06,L1M4c,L1,LINE
chr10,99364926,99364947,MA1714.1,+,9.39e-06,AluJb,Alu,SINE
chr9,101132785,101132806,MA1714.1,+,9.39e-06,LTR78,ERV1,LTR
chr3,101746988,101747009,MA1714.1,+,9.39e-06,L1ME1,L1,LINE
chr10,103805940,103805961,MA1714.1,-,9.39e-06,MIR,MIR,SINE
chr11,104328163,104328184,MA1714.1,+,9.39e-06,Tigger4,TcMar-Tigger,DNA
chrX,107337712,107337733,MA1714.1,-,9.39e-06,L1MC3,L1,LINE
chr7,114421394,114421415,MA1714.1,-,9.39e-06,LTR81B,Gypsy,LTR
chr11,114802925,114802946,MA1714.1,-,9.39e-06,L1PREC2,L1,LINE
chr5,115442803,115442824,MA1714.1,-,9.39e-06,L1PA7,L1,LINE
chr4,118404375,118404396,MA1714.1,-,9.39e-06,MLT1C,ERVL-MaLR,LTR
chr10,123412699,123412720,MA1714.1,+,9.39e-06,L1PB1,L1,LINE
chr3,125203208,125203229,MA1714.1,-,9.39e-06,AluSz,Alu,SINE
chr6,126896057,126896078,MA1714.1,+,9.39e-06,L1MEd,L1,LINE
chr12,130138484,130138505,MA1714.1,-,9.39e-06,L1MC3,L1,LINE
chr7,130333608,130333629,MA1714.1,-,9.39e-06,MLT1D-int,ERVL-MaLR,LTR
chr4,131413363,131413384,MA1714.1,+,9.39e-06,THE1D-int,ERVL-MaLR,LTR
chr2,131540217,131540238,MA1714.1,+,9.39e-06,L1MEc,L1,LINE
chr9,136968386,136968407,MA1714.1,+,9.39e-06,MIRb,MIR,SINE
chr2,137500064,137500085,MA1714.1,+,9.39e-06,Tigger5,TcMar-Tigger,DNA
chr2,138518103,138518124,MA1714.1,+,9.39e-06,L1PA15,L1,LINE
chr2,138962867,138962888,MA1714.1,-,9.39e-06,THE1B-int,ERVL-MaLR,LTR
chr6,139639737,139639758,MA1714.1,+,9.39e-06,L1MEg,L1,LINE
chr6,146995171,146995192,MA1714.1,-,9.39e-06,L2,L2,LINE
chr7,148120774,148120795,MA1714.1,+,9.39e-06,CR1_Mam,CR1,LINE
chr2,148259235,148259256,MA1714.1,-,9.39e-06,MER5A1,hAT-Charlie,DNA
chr2,150834210,150834231,MA1714.1,+,9.39e-06,Tigger3b,TcMar-Tigger,DNA
chrX,151364499,151364520,MA1714.1,-,9.39e-06,L1MEd,L1,LINE
chr5,153279167,153279188,MA1714.1,-,9.39e-06,MLT1E1A,ERVL-MaLR,LTR
chr5,159918319,159918340,MA1714.1,-,9.39e-06,MIR,MIR,SINE
chr4,163528876,163528897,MA1714.1,+,9.39e-06,MSTA-int,ERVL-MaLR,LTR
chr5,167404237,167404258,MA1714.1,+,9.39e-06,L1PREC2,L1,LINE
chr1,172337796,172337817,MA1714.1,+,9.39e-06,L1M2,L1,LINE
chr4,175837708,175837729,MA1714.1,+,9.39e-06,L1MC3,L1,LINE
chr2,220749257,220749278,MA1714.1,-,9.39e-06,L1MEg,L1,LINE
chr2,223668990,223669011,MA1714.1,-,9.39e-06,L1MB8,L1,LINE
chr2,226661702,226661723,MA1714.1,+,9.39e-06,L1MEc,L1,LINE
chr2,230827757,230827778,MA1714.1,-,9.39e-06,L1MC4a,L1,LINE
chr1,237636385,237636406,MA1714.1,+,9.39e-06,MIR,MIR,SINE
chr1,240873872,240873893,MA1714.1,-,9.39e-06,L1MA2,L1,LINE
chr1,244675798,244675819,MA1714.1,-,9.39e-06,L1M2,L1,LINE
chr1,248127531,248127552,MA1714.1,-,9.39e-06,L1ME3B,L1,LINE
chr8,789093,789114,MA1714.1,+,9.44e-06,L1MA7,L1,LINE
chrY,1794543,1794564,MA1714.1,+,9.44e-06,MLT1D,ERVL-MaLR,LTR
chrX,1844543,1844564,MA1714.1,+,9.44e-06,MLT1D,ERVL-MaLR,LTR
chr6,3043968,3043989,MA1714.1,-,9.44e-06,FLAM_C,Alu,SINE
chr17,3527976,3527997,MA1714.1,-,9.44e-06,AluSx3,Alu,SINE
chr18,5556837,5556858,MA1714.1,+,9.44e-06,MIRb,MIR,SINE
chr5,6616151,6616172,MA1714.1,+,9.44e-06,L1MB3,L1,LINE
chr2,7882024,7882045,MA1714.1,+,9.44e-06,L1M3,L1,LINE
chr6,10475868,10475889,MA1714.1,+,9.44e-06,ERV3-16A3_I-int,ERVL,LTR
chr5,12720438,12720459,MA1714.1,+,9.44e-06,L1M5,L1,LINE
chr19,13403397,13403418,MA1714.1,+,9.44e-06,AluJb,Alu,SINE
chr19,13482219,13482240,MA1714.1,+,9.44e-06,MIRb,MIR,SINE
chr6,14608834,14608855,MA1714.1,-,9.44e-06,Charlie1a,hAT-Charlie,DNA
chr3,15225444,15225465,MA1714.1,+,9.44e-06,L1MC4,L1,LINE
chr17,15719849,15719870,MA1714.1,+,9.44e-06,L1PA17,L1,LINE
chr17,16795478,16795499,MA1714.1,+,9.44e-06,L1PA17,L1,LINE
chr16,16992155,16992176,MA1714.1,-,9.44e-06,L1MA6,L1,LINE
chr2,23643921,23643942,MA1714.1,-,9.44e-06,MIRb,MIR,SINE
chr2,25197663,25197684,MA1714.1,-,9.44e-06,L1MC4a,L1,LINE
chrX,26066212,26066233,MA1714.1,+,9.44e-06,L1MB1,L1,LINE
chr10,26258518,26258539,MA1714.1,+,9.44e-06,L1MEf,L1,LINE
chr8,29324796,29324817,MA1714.1,-,9.44e-06,L1ME4a,L1,LINE
chr13,29993111,29993132,MA1714.1,-,9.44e-06,ERVL-B4-int,ERVL,LTR
chr7,30610663,30610684,MA1714.1,+,9.44e-06,MER4-int,ERV1,LTR
chr14,32814958,32814979,MA1714.1,+,9.44e-06,LTR88b,Gypsy,LTR
chr13,34968488,34968509,MA1714.1,+,9.44e-06,L1MEg,L1,LINE
chr9,37661378,37661399,MA1714.1,+,9.44e-06,L3,CR1,LINE
chr15,38686978,38686999,MA1714.1,-,9.44e-06,L1MB7,L1,LINE
chr22,41343088,41343109,MA1714.1,-,9.44e-06,L1MDa,L1,LINE
chr11,43321689,43321710,MA1714.1,-,9.44e-06,AluJb,Alu,SINE
chr5,44973034,44973055,MA1714.1,-,9.44e-06,L1MD3,L1,LINE
chr4,45909616,45909637,MA1714.1,+,9.44e-06,L1MA4,L1,LINE
chr7,46470421,46470442,MA1714.1,-,9.44e-06,THE1A-int,ERVL-MaLR,LTR
chr13,46754373,46754394,MA1714.1,+,9.44e-06,MIRb,MIR,SINE
chr6,47610408,47610429,MA1714.1,+,9.44e-06,Harlequin-int,ERV1,LTR
chr15,49119582,49119603,MA1714.1,+,9.44e-06,L1MC4,L1,LINE
chr20,49988203,49988224,MA1714.1,-,9.44e-06,LTR8,ERV1,LTR
chr16,51086495,51086516,MA1714.1,+,9.44e-06,MIRb,MIR,SINE
chr6,52025918,52025939,MA1714.1,+,9.44e-06,THE1D-int,ERVL-MaLR,LTR
chr20,52155561,52155582,MA1714.1,-,9.44e-06,AluJb,Alu,SINE
chr17,55020576,55020597,MA1714.1,-,9.44e-06,Tigger6a,TcMar-Tigger,DNA
chr13,58737666,58737687,MA1714.1,+,9.44e-06,AluJo,Alu,SINE
chr10,59001827,59001848,MA1714.1,+,9.44e-06,AluSq2,Alu,SINE
chr17,59717625,59717646,MA1714.1,+,9.44e-06,L1MA3,L1,LINE
chr3,64165162,64165183,MA1714.1,+,9.44e-06,MER82,TcMar-Tigger,DNA
chr8,66408833,66408854,MA1714.1,+,9.44e-06,MIRb,MIR,SINE
chr7,66457295,66457316,MA1714.1,+,9.44e-06,L1MB7,L1,LINE
chr7,72303277,72303298,MA1714.1,-,9.44e-06,L1MB7,L1,LINE
chr8,72939331,72939352,MA1714.1,-,9.44e-06,L1M6,L1,LINE
chr3,75610696,75610717,MA1714.1,-,9.44e-06,AluSc,Alu,SINE
chr17,78665457,78665478,MA1714.1,-,9.44e-06,L1MC5,L1,LINE
chr10,79546158,79546179,MA1714.1,+,9.44e-06,HAL1,L1,LINE
chr7,82560768,82560789,MA1714.1,-,9.44e-06,MLT1F2,ERVL-MaLR,LTR
chr8,82596135,82596156,MA1714.1,-,9.44e-06,MER39,ERV1,LTR
chr8,82596135,82596156,MA1714.1,-,9.44e-06,MER21A,ERVL,LTR
chr8,82596135,82596156,MA1714.1,-,9.44e-06,MER39,ERV1,LTR
chr8,82596135,82596156,MA1714.1,-,9.44e-06,MER21A,ERVL,LTR
chr16,84885979,84886000,MA1714.1,-,9.44e-06,L1ME3,L1,LINE
chr12,86520602,86520623,MA1714.1,-,9.44e-06,MER1B,hAT-Charlie,DNA
chr9,87299246,87299267,MA1714.1,-,9.44e-06,L1PA8,L1,LINE
chr10,87308150,87308171,MA1714.1,+,9.44e-06,L1ME1,L1,LINE
chr15,88860778,88860799,MA1714.1,+,9.44e-06,L1MC4,L1,LINE
chr16,89540785,89540806,MA1714.1,+,9.44e-06,FLAM_C,Alu,SINE
chr13,92538034,92538055,MA1714.1,-,9.44e-06,L1M6,L1,LINE
chr14,95498631,95498652,MA1714.1,-,9.44e-06,L1MB7,L1,LINE
chr10,96169162,96169183,MA1714.1,-,9.44e-06,AluJb,Alu,SINE
chr14,96480842,96480863,MA1714.1,+,9.44e-06,MER65C,ERV1,LTR
chr15,97530581,97530602,MA1714.1,-,9.44e-06,L1MCa,L1,LINE
chr8,99764686,99764707,MA1714.1,+,9.44e-06,L1PA13,L1,LINE
chr8,100264987,100265008,MA1714.1,-,9.44e-06,L1MB5,L1,LINE
chr6,101470536,101470557,MA1714.1,+,9.44e-06,L1M2b,L1,LINE
chr2,102702729,102702750,MA1714.1,-,9.44e-06,L1ME3A,L1,LINE
chr6,103565859,103565880,MA1714.1,-,9.44e-06,L1MEc,L1,LINE
chr10,103956604,103956625,MA1714.1,-,9.44e-06,HERVP71A-int,ERV1,LTR
chr3,104293734,104293755,MA1714.1,-,9.44e-06,L1PA10,L1,LINE
chr8,106832732,106832753,MA1714.1,-,9.44e-06,L1MA1,L1,LINE
chr5,108719047,108719068,MA1714.1,+,9.44e-06,Charlie7,hAT-Charlie,DNA
chr7,111442547,111442568,MA1714.1,+,9.44e-06,MamGypLTR1a,Gypsy,LTR
chr12,112027197,112027218,MA1714.1,+,9.44e-06,AluJb,Alu,SINE
chr5,116175602,116175623,MA1714.1,+,9.44e-06,L1ME1,L1,LINE
chr10,117308303,117308324,MA1714.1,-,9.44e-06,MER20,hAT-Charlie,DNA
chrX,117426659,117426680,MA1714.1,+,9.44e-06,L1MDa,L1,LINE
chr8,119900153,119900174,MA1714.1,+,9.44e-06,L1M3d,L1,LINE
chr5,123161258,123161279,MA1714.1,+,9.44e-06,THE1C-int,ERVL-MaLR,LTR
chr11,123949469,123949490,MA1714.1,-,9.44e-06,MER21A,ERVL,LTR
chr3,125504029,125504050,MA1714.1,+,9.44e-06,AluSc,Alu,SINE
chr10,125937356,125937377,MA1714.1,+,9.44e-06,MLT1C,ERVL-MaLR,LTR
chr6,127676388,127676409,MA1714.1,+,9.44e-06,L1M2,L1,LINE
chr2,128923364,128923385,MA1714.1,-,9.44e-06,AluJb,Alu,SINE
chr11,129389469,129389490,MA1714.1,-,9.44e-06,L1MD1,L1,LINE
chr3,130052455,130052476,MA1714.1,+,9.44e-06,L1MB1,L1,LINE
chr5,131150504,131150525,MA1714.1,+,9.44e-06,ERVL-B4-int,ERVL,LTR
chr10,132253042,132253063,MA1714.1,+,9.44e-06,LTR16E1,ERVL,LTR
chr6,135766739,135766760,MA1714.1,-,9.44e-06,AluJo,Alu,SINE
chr3,137364743,137364764,MA1714.1,-,9.44e-06,L1M5,L1,LINE
chrX,138496983,138497004,MA1714.1,-,9.44e-06,L1MA2,L1,LINE
chr8,138906608,138906629,MA1714.1,-,9.44e-06,MLT1G1-int,ERVL-MaLR,LTR
chr7,144673573,144673594,MA1714.1,+,9.44e-06,ERV3-16A3_I-int,ERVL,LTR
chr1,146886503,146886524,MA1714.1,-,9.44e-06,MLT1E2,ERVL-MaLR,LTR
chr4,153581662,153581683,MA1714.1,-,9.44e-06,MIR,MIR,SINE
chr4,154834088,154834109,MA1714.1,+,9.44e-06,L1M5,L1,LINE
chr2,154939562,154939583,MA1714.1,-,9.44e-06,L1P3,L1,LINE
chr5,160903800,160903821,MA1714.1,+,9.44e-06,L1MB2,L1,LINE
chr4,170301021,170301042,MA1714.1,+,9.44e-06,L1MA4,L1,LINE
chr6,170821131,170821152,MA1714.1,-,9.44e-06,Charlie13a,hAT-Charlie,DNA
chr5,174464920,174464941,MA1714.1,-,9.44e-06,MLT1H,ERVL-MaLR,LTR
chr4,180818242,180818263,MA1714.1,-,9.44e-06,MER34A,ERV1,LTR
chr2,183527418,183527439,MA1714.1,+,9.44e-06,L1PA13,L1,LINE
chr4,187487280,187487301,MA1714.1,+,9.44e-06,L1MA9,L1,LINE
chr1,247870371,247870392,MA1714.1,-,9.44e-06,HERVL-int,ERVL,LTR
chrUn_gl000232,5296,5317,MA1714.1,+,9.5e-06,L1MA2,L1,LINE
chr17_gl000204_random,60756,60777,MA1714.1,+,9.5e-06,HAL1,L1,LINE
chr18,372039,372060,MA1714.1,-,9.5e-06,MER91A,hAT-Tip100,DNA
chr3,716310,716331,MA1714.1,+,9.5e-06,L1MA8,L1,LINE
chr3,1290586,1290607,MA1714.1,-,9.5e-06,MIR,MIR,SINE
chr3,4419813,4419834,MA1714.1,-,9.5e-06,MER47A,TcMar-Tigger,DNA
chr17,5808578,5808599,MA1714.1,+,9.5e-06,L1MEf,L1,LINE
chr6,6615600,6615621,MA1714.1,+,9.5e-06,LTR85a,Gypsy,LTR
chr5,7882108,7882129,MA1714.1,-,9.5e-06,ERV3-16A3_I-int,ERVL,LTR
chr18,8306261,8306282,MA1714.1,-,9.5e-06,MIRb,MIR,SINE
chrY,9958772,9958793,MA1714.1,+,9.5e-06,L1MA2,L1,LINE
chr10,11035149,11035170,MA1714.1,-,9.5e-06,MLT2F,ERVL,LTR
chrX,11133762,11133783,MA1714.1,+,9.5e-06,L3,CR1,LINE
chr17,12523150,12523171,MA1714.1,+,9.5e-06,Charlie15a,hAT-Charlie,DNA
chr18,13094481,13094502,MA1714.1,-,9.5e-06,L1MC4,L1,LINE
chr19,13451151,13451172,MA1714.1,-,9.5e-06,MIR,MIR,SINE
chr6,13854234,13854255,MA1714.1,-,9.5e-06,LTR12C,ERV1,LTR
chr11,15501848,15501869,MA1714.1,-,9.5e-06,L3,CR1,LINE
chrX,16559261,16559282,MA1714.1,+,9.5e-06,L1PA16,L1,LINE
chr11,17062180,17062201,MA1714.1,-,9.5e-06,SATR1,Satellite,Satellite
chr5,17473146,17473167,MA1714.1,+,9.5e-06,AluJr,Alu,SINE
chr16,17524930,17524951,MA1714.1,-,9.5e-06,MER58A,hAT-Charlie,DNA
chr8,18746020,18746041,MA1714.1,+,9.5e-06,MIR,MIR,SINE
chr18,19928210,19928231,MA1714.1,-,9.5e-06,MIR3,MIR,SINE
chr1,20313225,20313246,MA1714.1,-,9.5e-06,L1MC4a,L1,LINE
chr17,22185094,22185115,MA1714.1,-,9.5e-06,ALR/Alpha,centr,Satellite
chr8,22837086,22837107,MA1714.1,-,9.5e-06,L1ME4a,L1,LINE
chr22,24000184,24000205,MA1714.1,-,9.5e-06,AluY,Alu,SINE
chr8,24503898,24503919,MA1714.1,+,9.5e-06,HAL1,L1,LINE
chrX,25964706,25964727,MA1714.1,+,9.5e-06,L1MA8,L1,LINE
chr11,26170071,26170092,MA1714.1,-,9.5e-06,HUERS-P2-int,ERV1,LTR
chr9,26286243,26286264,MA1714.1,-,9.5e-06,L1M4,L1,LINE
chr11,26721672,26721693,MA1714.1,+,9.5e-06,MIRc,MIR,SINE
chr10,28297023,28297044,MA1714.1,-,9.5e-06,LTR78,ERV1,LTR
chr13,28582537,28582558,MA1714.1,-,9.5e-06,L1M5,L1,LINE
chr18,28964921,28964942,MA1714.1,+,9.5e-06,L2b,L2,LINE
chrX,29727395,29727416,MA1714.1,-,9.5e-06,L1MA7,L1,LINE
chr18,30164912,30164933,MA1714.1,+,9.5e-06,MER82,TcMar-Tigger,DNA
chr22,30778851,30778872,MA1714.1,+,9.5e-06,AluJb,Alu,SINE
chr2,31556296,31556317,MA1714.1,+,9.5e-06,MIRb,MIR,SINE
chr5,34486870,34486891,MA1714.1,-,9.5e-06,MER47B,TcMar-Tigger,DNA
chr4,35638989,35639010,MA1714.1,+,9.5e-06,L1PREC2,L1,LINE
chr17,36781142,36781163,MA1714.1,+,9.5e-06,L1ME1,L1,LINE
chr2,37314250,37314271,MA1714.1,-,9.5e-06,MLT1K,ERVL-MaLR,LTR
chr15,38682812,38682833,MA1714.1,-,9.5e-06,L1MD2,L1,LINE
chr1,39259449,39259470,MA1714.1,+,9.5e-06,AluJo,Alu,SINE
chr15,42124478,42124499,MA1714.1,+,9.5e-06,MER52A,ERV1,LTR
chr11,44945852,44945873,MA1714.1,-,9.5e-06,MIR,MIR,SINE
chr18,52444242,52444263,MA1714.1,+,9.5e-06,AluSz,Alu,SINE
chr8,52877081,52877102,MA1714.1,-,9.5e-06,L1MB7,L1,LINE
chr15,52958683,52958704,MA1714.1,-,9.5e-06,MIRc,MIR,SINE
chr13,53851735,53851756,MA1714.1,+,9.5e-06,MIR,MIR,SINE
chr20,53898275,53898296,MA1714.1,+,9.5e-06,L1MDa,L1,LINE
chr19,53930649,53930670,MA1714.1,-,9.5e-06,L1M3,L1,LINE
chr19,54016760,54016781,MA1714.1,-,9.5e-06,L1M3,L1,LINE
chr13,55049542,55049563,MA1714.1,-,9.5e-06,MER21A,ERVL,LTR
chr16,56737151,56737172,MA1714.1,-,9.5e-06,MER47A,TcMar-Tigger,DNA
chr1,58048654,58048675,MA1714.1,+,9.5e-06,MLT1L,ERVL-MaLR,LTR
chr17,58930499,58930520,MA1714.1,+,9.5e-06,L1MC1,L1,LINE
chr12,59653603,59653624,MA1714.1,+,9.5e-06,MIR,MIR,SINE
chr18,60069971,60069992,MA1714.1,-,9.5e-06,MLT1B,ERVL-MaLR,LTR
chr20,62357134,62357155,MA1714.1,-,9.5e-06,AluSx,Alu,SINE
chr6,62798215,62798236,MA1714.1,-,9.5e-06,L1P3,L1,LINE
chr11,64936208,64936229,MA1714.1,+,9.5e-06,AluSc8,Alu,SINE
chr3,65160351,65160372,MA1714.1,-,9.5e-06,MLT1K,ERVL-MaLR,LTR
chrX,65372604,65372625,MA1714.1,-,9.5e-06,L1MA7,L1,LINE
chr3,67375975,67375996,MA1714.1,-,9.5e-06,MER47B,TcMar-Tigger,DNA
chrX,67538910,67538931,MA1714.1,-,9.5e-06,L1MC3,L1,LINE
chr3,67542017,67542038,MA1714.1,-,9.5e-06,AluSq2,Alu,SINE
chr6,68259656,68259677,MA1714.1,-,9.5e-06,L1MA3,L1,LINE
chr5,69373084,69373105,MA1714.1,+,9.5e-06,L1MC4,L1,LINE
chr5,70248504,70248525,MA1714.1,+,9.5e-06,L1MC4,L1,LINE
chr7,70268489,70268510,MA1714.1,+,9.5e-06,L1MA9,L1,LINE
chr1,71186864,71186885,MA1714.1,+,9.5e-06,MIRc,MIR,SINE
chr8,72118910,72118931,MA1714.1,+,9.5e-06,MIRb,MIR,SINE
chr9,74981653,74981674,MA1714.1,-,9.5e-06,MIRb,MIR,SINE
chr12,76202600,76202621,MA1714.1,+,9.5e-06,THE1C,ERVL-MaLR,LTR
chr14,76607975,76607996,MA1714.1,+,9.5e-06,L1MEc,L1,LINE
chrX,78227627,78227648,MA1714.1,-,9.5e-06,MSTA-int,ERVL-MaLR,LTR
chr15,79627279,79627300,MA1714.1,+,9.5e-06,L1M7,L1,LINE
chr5,80029133,80029154,MA1714.1,+,9.5e-06,L1MB7,L1,LINE
chr10,80478170,80478191,MA1714.1,+,9.5e-06,MIR,MIR,SINE
chr14,84204999,84205020,MA1714.1,+,9.5e-06,L1MEe,L1,LINE
chr8,86335504,86335525,MA1714.1,-,9.5e-06,L1PA5,L1,LINE
chr8,89979634,89979655,MA1714.1,+,9.5e-06,MSTD-int,ERVL-MaLR,LTR
chr12,92005807,92005828,MA1714.1,-,9.5e-06,L1MEg,L1,LINE
chr9,95471162,95471183,MA1714.1,-,9.5e-06,L1M4,L1,LINE
chr13,97255481,97255502,MA1714.1,-,9.5e-06,L1ME3A,L1,LINE
chr14,97373428,97373449,MA1714.1,-,9.5e-06,MIR,MIR,SINE
chr5,97811343,97811364,MA1714.1,+,9.5e-06,HAL1,L1,LINE
chr9,101240140,101240161,MA1714.1,-,9.5e-06,MIRc,MIR,SINE
chr4,102902218,102902239,MA1714.1,-,9.5e-06,L1M5,L1,LINE
chr5,106028134,106028155,MA1714.1,+,9.5e-06,Tigger5,TcMar-Tigger,DNA
chr3,108323882,108323903,MA1714.1,+,9.5e-06,L1ME4a,L1,LINE
chr8,109556496,109556517,MA1714.1,-,9.5e-06,L1ME1,L1,LINE
chr13,112667951,112667972,MA1714.1,-,9.5e-06,Tigger7,TcMar-Tigger,DNA
chr4,116667283,116667304,MA1714.1,+,9.5e-06,L1M4,L1,LINE
chr10,116747653,116747674,MA1714.1,-,9.5e-06,L1MCc,L1,LINE
chr3,116830828,116830849,MA1714.1,+,9.5e-06,LTR81A,Gypsy,LTR
chr1,116982991,116983012,MA1714.1,-,9.5e-06,L1MDa,L1,LINE
chr1,120206174,120206195,MA1714.1,-,9.5e-06,AluJr,Alu,SINE
chr7,121536381,121536402,MA1714.1,-,9.5e-06,L1MB1,L1,LINE
chr11,121624451,121624472,MA1714.1,+,9.5e-06,MER47A,TcMar-Tigger,DNA
chrX,121747694,121747715,MA1714.1,+,9.5e-06,LTR25-int,ERV1,LTR
chr10,122875089,122875110,MA1714.1,+,9.5e-06,HAL1b,L1,LINE
chr8,123535945,123535966,MA1714.1,+,9.5e-06,L1MD3,L1,LINE
chr7,126824725,126824746,MA1714.1,+,9.5e-06,L1MCa,L1,LINE
chr5,128349843,128349864,MA1714.1,-,9.5e-06,HAL1,L1,LINE
chr3,135007131,135007152,MA1714.1,-,9.5e-06,MER47A,TcMar-Tigger,DNA
chr2,140517421,140517442,MA1714.1,-,9.5e-06,L1MA1,L1,LINE
chrX,145009512,145009533,MA1714.1,+,9.5e-06,L1M1,L1,LINE
chrX,145774941,145774962,MA1714.1,+,9.5e-06,HAL1,L1,LINE
chr6,145907177,145907198,MA1714.1,-,9.5e-06,L1MEc,L1,LINE
chr3,146822590,146822611,MA1714.1,-,9.5e-06,MER47A,TcMar-Tigger,DNA
chr2,151029044,151029065,MA1714.1,+,9.5e-06,L1MEg,L1,LINE
chr6,155022486,155022507,MA1714.1,-,9.5e-06,HAL1,L1,LINE
chr6,159748508,159748529,MA1714.1,+,9.5e-06,MIRb,MIR,SINE
chr4,160092117,160092138,MA1714.1,-,9.5e-06,L1M2,L1,LINE
chr6,168440180,168440201,MA1714.1,+,9.5e-06,Charlie19a,hAT-Charlie,DNA
chr5,170342439,170342460,MA1714.1,-,9.5e-06,MIRb,MIR,SINE
chr4,173739025,173739046,MA1714.1,-,9.5e-06,L3,CR1,LINE
chr1,177671538,177671559,MA1714.1,-,9.5e-06,MER82,TcMar-Tigger,DNA
chr1,204875490,204875511,MA1714.1,-,9.5e-06,L1ME1,L1,LINE
chr2,218379425,218379446,MA1714.1,+,9.5e-06,MIR,MIR,SINE
chr1,228243277,228243298,MA1714.1,+,9.5e-06,HAL1,L1,LINE
chr2,231360917,231360938,MA1714.1,-,9.5e-06,LTR78,ERV1,LTR
chrUn_gl000248,12557,12578,MA1714.1,-,9.56e-06,L1MC4a,L1,LINE
chr6,2891683,2891704,MA1714.1,-,9.56e-06,MIRb,MIR,SINE
chr20,3615845,3615866,MA1714.1,+,9.56e-06,L1PB1,L1,LINE
chr6,3797294,3797315,MA1714.1,-,9.56e-06,MIRb,MIR,SINE
chr16,6014225,6014246,MA1714.1,+,9.56e-06,L1M3,L1,LINE
chr19,6487169,6487190,MA1714.1,-,9.56e-06,AluJr4,Alu,SINE
chr2,7372350,7372371,MA1714.1,-,9.56e-06,L1MEd,L1,LINE
chr5,8761749,8761770,MA1714.1,+,9.56e-06,THE1D-int,ERVL-MaLR,LTR
chr6,9061643,9061664,MA1714.1,-,9.56e-06,L1MEc,L1,LINE
chr10,9509782,9509803,MA1714.1,+,9.56e-06,L1MB7,L1,LINE
chr6,10861252,10861273,MA1714.1,-,9.56e-06,L1MC3,L1,LINE
chr18,12402617,12402638,MA1714.1,+,9.56e-06,AluJr,Alu,SINE
chr16,12411703,12411724,MA1714.1,+,9.56e-06,MIRb,MIR,SINE
chr18,13314715,13314736,MA1714.1,+,9.56e-06,L1MEg,L1,LINE
chr3,15891117,15891138,MA1714.1,+,9.56e-06,MER34D,ERV1,LTR
chr12,16977083,16977104,MA1714.1,-,9.56e-06,LTR16D,ERVL,LTR
chr10,16983299,16983320,MA1714.1,+,9.56e-06,L1M5,L1,LINE
chr16,19701306,19701327,MA1714.1,-,9.56e-06,AluJr,Alu,SINE
chr9,21270590,21270611,MA1714.1,-,9.56e-06,L1PA7,L1,LINE
chr10,22763863,22763884,MA1714.1,+,9.56e-06,L1MC3,L1,LINE
chrY,23176613,23176634,MA1714.1,-,9.56e-06,MER57-int,ERV1,LTR
chrY,23218467,23218488,MA1714.1,-,9.56e-06,MER57-int,ERV1,LTR
chr2,25429805,25429826,MA1714.1,+,9.56e-06,MIRc,MIR,SINE
chr18,27788652,27788673,MA1714.1,-,9.56e-06,THE1D-int,ERVL-MaLR,LTR
chr11,29263026,29263047,MA1714.1,+,9.56e-06,MSTD-int,ERVL-MaLR,LTR
chr13,29884234,29884255,MA1714.1,-,9.56e-06,L1MA3,L1,LINE
chr11,30211469,30211490,MA1714.1,-,9.56e-06,L1PA15,L1,LINE
chr21,32198765,32198786,MA1714.1,+,9.56e-06,L1MC4,L1,LINE
chr16,32861573,32861594,MA1714.1,+,9.56e-06,L1PB4,L1,LINE
chr1,33520718,33520739,MA1714.1,-,9.56e-06,LTR78B,ERV1,LTR
chr16,33813736,33813757,MA1714.1,-,9.56e-06,L1PB4,L1,LINE
chrX,35356765,35356786,MA1714.1,+,9.56e-06,L1MB3,L1,LINE
chr21,36078873,36078894,MA1714.1,-,9.56e-06,L1ME3,L1,LINE
chr6,36775164,36775185,MA1714.1,+,9.56e-06,MIR,MIR,SINE
chr14,38796059,38796080,MA1714.1,-,9.56e-06,MIRc,MIR,SINE
chrX,39003590,39003611,MA1714.1,-,9.56e-06,MIRb,MIR,SINE
chr3,41640875,41640896,MA1714.1,-,9.56e-06,MLT1D,ERVL-MaLR,LTR
chr19,44393135,44393156,MA1714.1,-,9.56e-06,Tigger1,TcMar-Tigger,DNA
chr10,44662206,44662227,MA1714.1,+,9.56e-06,L1MC4a,L1,LINE
chr4,45361206,45361227,MA1714.1,+,9.56e-06,MSTA-int,ERVL-MaLR,LTR
chr15,46909269,46909290,MA1714.1,-,9.56e-06,HERV16-int,ERVL,LTR
chr16,47442989,47443010,MA1714.1,-,9.56e-06,Charlie1,hAT-Charlie,DNA
chr8,47701288,47701309,MA1714.1,-,9.56e-06,L1PREC2,L1,LINE
chr19,53299314,53299335,MA1714.1,+,9.56e-06,AluJb,Alu,SINE
chr17,53439385,53439406,MA1714.1,+,9.56e-06,L1MB8,L1,LINE
chr20,53548491,53548512,MA1714.1,-,9.56e-06,L1MA3,L1,LINE
chr3,53757189,53757210,MA1714.1,-,9.56e-06,MIR3,MIR,SINE
chr8,54456374,54456395,MA1714.1,+,9.56e-06,Charlie1a,hAT-Charlie,DNA
chr6,55180790,55180811,MA1714.1,-,9.56e-06,L1MA7,L1,LINE
chr4,55190332,55190353,MA1714.1,-,9.56e-06,LTR81A,Gypsy,LTR
chrX,55390744,55390765,MA1714.1,-,9.56e-06,L1MCc,L1,LINE
chr4,56705252,56705273,MA1714.1,+,9.56e-06,L1MB4,L1,LINE
chr1,63469156,63469177,MA1714.1,-,9.56e-06,MIR,MIR,SINE
chr14,63897030,63897051,MA1714.1,+,9.56e-06,AluSz6,Alu,SINE
chr4,64476956,64476977,MA1714.1,+,9.56e-06,L1MA6,L1,LINE
chr12,65124885,65124906,MA1714.1,-,9.56e-06,AluJb,Alu,SINE
chr8,67412703,67412724,MA1714.1,-,9.56e-06,L1MC4a,L1,LINE
chr16,69949558,69949579,MA1714.1,+,9.56e-06,HAL1,L1,LINE
chr13,69953822,69953843,MA1714.1,-,9.56e-06,L1MA3,L1,LINE
chr3,72521646,72521667,MA1714.1,+,9.56e-06,MER1B,hAT-Charlie,DNA
chr12,72622247,72622268,MA1714.1,-,9.56e-06,THE1B-int,ERVL-MaLR,LTR
chr4,74068540,74068561,MA1714.1,+,9.56e-06,L1MEc,L1,LINE
chr11,74231670,74231691,MA1714.1,+,9.56e-06,MIRb,MIR,SINE
chr16,77916420,77916441,MA1714.1,-,9.56e-06,MIR,MIR,SINE
chr6,79079542,79079563,MA1714.1,+,9.56e-06,L1MEg1,L1,LINE
chr1,79171248,79171269,MA1714.1,+,9.56e-06,LTR88a,Gypsy,LTR
chr16,80215464,80215485,MA1714.1,+,9.56e-06,L1MA9,L1,LINE
chr15,81608770,81608791,MA1714.1,+,9.56e-06,MIR,MIR,SINE
chr5,84697122,84697143,MA1714.1,+,9.56e-06,L1MC2,L1,LINE
chr7,86756443,86756464,MA1714.1,+,9.56e-06,ERV3-16A3_I-int,ERVL,LTR
chr9,87944891,87944912,MA1714.1,+,9.56e-06,L1PB1,L1,LINE
chr9,88569629,88569650,MA1714.1,-,9.56e-06,Charlie1a,hAT-Charlie,DNA
chr13,89492120,89492141,MA1714.1,+,9.56e-06,L1MC2,L1,LINE
chrX,93411021,93411042,MA1714.1,-,9.56e-06,L1M2,L1,LINE
chr12,94113832,94113853,MA1714.1,-,9.56e-06,L1MC1,L1,LINE
chr10,96506912,96506933,MA1714.1,+,9.56e-06,L1MC1,L1,LINE
chr1,97305625,97305646,MA1714.1,+,9.56e-06,L3,CR1,LINE
chrX,98661544,98661565,MA1714.1,+,9.56e-06,THE1C-int,ERVL-MaLR,LTR
chr7,99561948,99561969,MA1714.1,-,9.56e-06,SATR1,Satellite,Satellite
chr1,100305755,100305776,MA1714.1,+,9.56e-06,L1MB3,L1,LINE
chr6,101473931,101473952,MA1714.1,+,9.56e-06,MER61-int,ERV1,LTR
chr2,103109085,103109106,MA1714.1,-,9.56e-06,THE1B-int,ERVL-MaLR,LTR
chr12,104565192,104565213,MA1714.1,+,9.56e-06,MIR,MIR,SINE
chr9,106306061,106306082,MA1714.1,-,9.56e-06,L1M4,L1,LINE
chr14,106756099,106756120,MA1714.1,-,9.56e-06,L1PB4,L1,LINE
chr7,108186705,108186726,MA1714.1,-,9.56e-06,L2c,L2,LINE
chr9,108704740,108704761,MA1714.1,-,9.56e-06,MLT1N2,ERVL-MaLR,LTR
chrX,110013412,110013433,MA1714.1,+,9.56e-06,MIRc,MIR,SINE
chr8,110323988,110324009,MA1714.1,+,9.56e-06,L1PB1,L1,LINE
chr9,113314640,113314661,MA1714.1,-,9.56e-06,MER1A,hAT-Charlie,DNA
chr5,120192157,120192178,MA1714.1,+,9.56e-06,LTR1,ERV1,LTR
chr10,122459731,122459752,MA1714.1,-,9.56e-06,L1MA6,L1,LINE
chr12,125702750,125702771,MA1714.1,+,9.56e-06,L1MC4a,L1,LINE
chrX,126986446,126986467,MA1714.1,+,9.56e-06,L3,CR1,LINE
chr7,128014107,128014128,MA1714.1,-,9.56e-06,MLT2B1,ERVL,LTR
chr6,128171840,128171861,MA1714.1,+,9.56e-06,L1PB2,L1,LINE
chr5,128453565,128453586,MA1714.1,-,9.56e-06,HAL1,L1,LINE
chr8,128727610,128727631,MA1714.1,-,9.56e-06,AluJb,Alu,SINE
chr2,129115900,129115921,MA1714.1,+,9.56e-06,MIRb,MIR,SINE
chr5,131982238,131982259,MA1714.1,-,9.56e-06,MER1B,hAT-Charlie,DNA
chr8,132630377,132630398,MA1714.1,-,9.56e-06,L1MC3,L1,LINE
chr5,135771627,135771648,MA1714.1,-,9.56e-06,Tigger4,TcMar-Tigger,DNA
chr6,136069360,136069381,MA1714.1,-,9.56e-06,L1MA3,L1,LINE
chrX,137174366,137174387,MA1714.1,+,9.56e-06,L1PB1,L1,LINE
chr4,138199565,138199586,MA1714.1,+,9.56e-06,L1MC3,L1,LINE
chr4,139906587,139906608,MA1714.1,-,9.56e-06,L1MD1,L1,LINE
chr5,142916445,142916466,MA1714.1,+,9.56e-06,L1M5,L1,LINE
chr5,145803049,145803070,MA1714.1,+,9.56e-06,L1MC4,L1,LINE
chr8,146130497,146130518,MA1714.1,-,9.56e-06,MER21B,ERVL,LTR
chr1,148200787,148200808,MA1714.1,-,9.56e-06,MLT1N2,ERVL-MaLR,LTR
chr1,148645738,148645759,MA1714.1,+,9.56e-06,MLT1N2,ERVL-MaLR,LTR
chr1,148807742,148807763,MA1714.1,+,9.56e-06,MLT1N2,ERVL-MaLR,LTR
chr5,149164966,149164987,MA1714.1,+,9.56e-06,MIRb,MIR,SINE
chr6,152287504,152287525,MA1714.1,-,9.56e-06,HAL1,L1,LINE
chr4,156563575,156563596,MA1714.1,+,9.56e-06,L1MC3,L1,LINE
chr5,157837506,157837527,MA1714.1,-,9.56e-06,L1MA6,L1,LINE
chr4,164239563,164239584,MA1714.1,-,9.56e-06,L1MC2,L1,LINE
chr1,169913230,169913251,MA1714.1,-,9.56e-06,MER52A,ERV1,LTR
chr1,174435580,174435601,MA1714.1,-,9.56e-06,L3,CR1,LINE
chr3,177030048,177030069,MA1714.1,-,9.56e-06,L1ME1,L1,LINE
chr1,181934737,181934758,MA1714.1,-,9.56e-06,THE1C-int,ERVL-MaLR,LTR
chr3,184838977,184838998,MA1714.1,+,9.56e-06,L1PB1,L1,LINE
chr1,189758032,189758053,MA1714.1,-,9.56e-06,L2a,L2,LINE
chr3,189972386,189972407,MA1714.1,-,9.56e-06,L1PB2,L1,LINE
chr1,208551436,208551457,MA1714.1,+,9.56e-06,Charlie23a,hAT-Charlie,DNA
chr1,238377921,238377942,MA1714.1,-,9.56e-06,THE1D-int,ERVL-MaLR,LTR
chr17_ctg5_hap1,608321,608342,MA1714.1,-,9.62e-06,AluSc8,Alu,SINE
chr9,774059,774080,MA1714.1,+,9.62e-06,AluSq2,Alu,SINE
chr17_ctg5_hap1,1336897,1336918,MA1714.1,-,9.62e-06,AluSc8,Alu,SINE
chr1,1344895,1344916,MA1714.1,-,9.62e-06,AluJb,Alu,SINE
chr20,1495257,1495278,MA1714.1,-,9.62e-06,L1ME3F,L1,LINE
chrY,2540596,2540617,MA1714.1,+,9.62e-06,AluSx1,Alu,SINE
chrX,2590596,2590617,MA1714.1,+,9.62e-06,AluSx1,Alu,SINE
chr16,4040872,4040893,MA1714.1,-,9.62e-06,AluSx1,Alu,SINE
chr17,5354497,5354518,MA1714.1,-,9.62e-06,AluSx1,Alu,SINE
chrX,6455353,6455374,MA1714.1,-,9.62e-06,L1MA4,L1,LINE
chr17,6819417,6819438,MA1714.1,+,9.62e-06,L1PB3,L1,LINE
chr18,7040338,7040359,MA1714.1,-,9.62e-06,MER58A,hAT-Charlie,DNA
chrX,7474801,7474822,MA1714.1,-,9.62e-06,L1PA4,L1,LINE
chrX,8141365,8141386,MA1714.1,-,9.62e-06,L1MA4A,L1,LINE
chr19,8263857,8263878,MA1714.1,+,9.62e-06,AluSx,Alu,SINE
chr8,8338307,8338328,MA1714.1,+,9.62e-06,MER82,TcMar-Tigger,DNA
chrX,8430622,8430643,MA1714.1,+,9.62e-06,L1MA7,L1,LINE
chr6,8537305,8537326,MA1714.1,-,9.62e-06,AluSx,Alu,SINE
chr17,8918652,8918673,MA1714.1,+,9.62e-06,AluSx1,Alu,SINE
chr12,8979286,8979307,MA1714.1,-,9.62e-06,AluSz,Alu,SINE
chr2,9410794,9410815,MA1714.1,-,9.62e-06,L1MA2,L1,LINE
chr3,10221189,10221210,MA1714.1,-,9.62e-06,AluSx1,Alu,SINE
chr9,10334974,10334995,MA1714.1,+,9.62e-06,L1MC,L1,LINE
chr6,10723904,10723925,MA1714.1,-,9.62e-06,AluSx,Alu,SINE
chr8,10971943,10971964,MA1714.1,-,9.62e-06,AluSx1,Alu,SINE
chr11,11929559,11929580,MA1714.1,+,9.62e-06,AluSz,Alu,SINE
chr12,13050614,13050635,MA1714.1,-,9.62e-06,AluSx,Alu,SINE
chr3,13226377,13226398,MA1714.1,+,9.62e-06,L1ME3F,L1,LINE
chr8,13297545,13297566,MA1714.1,+,9.62e-06,MER103C,hAT-Charlie,DNA
chrX,15746612,15746633,MA1714.1,-,9.62e-06,L1PA15,L1,LINE
chrY,15824051,15824072,MA1714.1,+,9.62e-06,AluJb,Alu,SINE
chr17,16016464,16016485,MA1714.1,-,9.62e-06,AluY,Alu,SINE
chrY,16101006,16101027,MA1714.1,-,9.62e-06,L1MA4,L1,LINE
chr12,16128125,16128146,MA1714.1,-,9.62e-06,LTR8,ERV1,LTR
chrY,16165462,16165483,MA1714.1,+,9.62e-06,L1MA4,L1,LINE
chr1,16691490,16691511,MA1714.1,+,9.62e-06,AluSx1,Alu,SINE
chr20,16754764,16754785,MA1714.1,+,9.62e-06,MSTB-int,ERVL-MaLR,LTR
chr11,17702876,17702897,MA1714.1,+,9.62e-06,AluSx,Alu,SINE
chr5,17994373,17994394,MA1714.1,-,9.62e-06,AluJb,Alu,SINE
chr9,19563923,19563944,MA1714.1,-,9.62e-06,AluJb,Alu,SINE
chr1,20023822,20023843,MA1714.1,-,9.62e-06,AluJo,Alu,SINE
chr11,20437101,20437122,MA1714.1,-,9.62e-06,MER68,ERVL,LTR
chr10,21131324,21131345,MA1714.1,+,9.62e-06,MIRc,MIR,SINE
chr20,21137504,21137525,MA1714.1,+,9.62e-06,L1MC4,L1,LINE
chr13,21432557,21432578,MA1714.1,+,9.62e-06,L1MC4,L1,LINE
chr9,23799451,23799472,MA1714.1,-,9.62e-06,MIR3,MIR,SINE
chr16,24369719,24369740,MA1714.1,+,9.62e-06,MIR,MIR,SINE
chr11,24490988,24491009,MA1714.1,-,9.62e-06,L1MA9,L1,LINE
chr6,24608775,24608796,MA1714.1,+,9.62e-06,L1MB8,L1,LINE
chrX,24628134,24628155,MA1714.1,+,9.62e-06,AluSx1,Alu,SINE
chr6,25760803,25760824,MA1714.1,-,9.62e-06,L1MEd,L1,LINE
chr2,26630115,26630136,MA1714.1,+,9.62e-06,HAL1,L1,LINE
chr12,26767718,26767739,MA1714.1,+,9.62e-06,L1MC2,L1,LINE
chr18,27191464,27191485,MA1714.1,+,9.62e-06,L1MC3,L1,LINE
chr5,27711510,27711531,MA1714.1,+,9.62e-06,Tigger1,TcMar-Tigger,DNA
chr12,27801815,27801836,MA1714.1,+,9.62e-06,L1MA2,L1,LINE
chr1,28186572,28186593,MA1714.1,+,9.62e-06,MLT1B,ERVL-MaLR,LTR
chr17,31968561,31968582,MA1714.1,-,9.62e-06,MIR3,MIR,SINE
chr10,33873350,33873371,MA1714.1,-,9.62e-06,ERV3-16A3_I-int,ERVL,LTR
chr21,34509804,34509825,MA1714.1,-,9.62e-06,MIR,MIR,SINE
chr19,35244695,35244716,MA1714.1,+,9.62e-06,L1M4c,L1,LINE
chr17,35701439,35701460,MA1714.1,+,9.62e-06,AluSz,Alu,SINE
chr8,36384310,36384331,MA1714.1,-,9.62e-06,L1MEg,L1,LINE
chr17,36453847,36453868,MA1714.1,+,9.62e-06,AluJb,Alu,SINE
chr6,36521913,36521934,MA1714.1,+,9.62e-06,AluSz,Alu,SINE
chr21,36541320,36541341,MA1714.1,-,9.62e-06,MIRc,MIR,SINE
chr15,37682069,37682090,MA1714.1,-,9.62e-06,MSTA-int,ERVL-MaLR,LTR
chr13,37821297,37821318,MA1714.1,+,9.62e-06,LTR40a,ERVL,LTR
chr14,38084023,38084044,MA1714.1,-,9.62e-06,AluSx1,Alu,SINE
chr19,38760117,38760138,MA1714.1,-,9.62e-06,AluSx,Alu,SINE
chr21,39345807,39345828,MA1714.1,-,9.62e-06,MLT2B1,ERVL,LTR
chr17,39970656,39970677,MA1714.1,+,9.62e-06,MIR,MIR,SINE
chr22,42054859,42054880,MA1714.1,+,9.62e-06,AluSc,Alu,SINE
chr20,42909471,42909492,MA1714.1,+,9.62e-06,MamRep564,MamRep564,Unknown
chr15,42929482,42929503,MA1714.1,-,9.62e-06,AluSz,Alu,SINE
chr8,43699370,43699391,MA1714.1,+,9.62e-06,ALR/Alpha,centr,Satellite
chr17,44257976,44257997,MA1714.1,+,9.62e-06,AluSc8,Alu,SINE
chr22,44417103,44417124,MA1714.1,-,9.62e-06,MER21B,ERVL,LTR
chr22,44417103,44417124,MA1714.1,-,9.62e-06,MER39,ERV1,LTR
chr22,44417103,44417124,MA1714.1,-,9.62e-06,MER21B,ERVL,LTR
chr22,44417103,44417124,MA1714.1,-,9.62e-06,MER39,ERV1,LTR
chr18,45299961,45299982,MA1714.1,+,9.62e-06,AluSz,Alu,SINE
chr17,45569105,45569126,MA1714.1,-,9.62e-06,AluJb,Alu,SINE
chr11,46607883,46607904,MA1714.1,+,9.62e-06,AluSz6,Alu,SINE
chr7,47291515,47291536,MA1714.1,+,9.62e-06,L1ME1,L1,LINE
chr6,47437792,47437813,MA1714.1,+,9.62e-06,L1MA3,L1,LINE
chr16,47449929,47449950,MA1714.1,+,9.62e-06,AluSq2,Alu,SINE
chr3,47902770,47902791,MA1714.1,+,9.62e-06,AluSx1,Alu,SINE
chr3,48109679,48109700,MA1714.1,+,9.62e-06,AluJb,Alu,SINE
chr2,48268605,48268626,MA1714.1,-,9.62e-06,L1PA11,L1,LINE
chr18,48481253,48481274,MA1714.1,-,9.62e-06,AluSx,Alu,SINE
chr12,49622619,49622640,MA1714.1,-,9.62e-06,MIRc,MIR,SINE
chr7,52110561,52110582,MA1714.1,-,9.62e-06,LTR40a,ERVL,LTR
chr3,52200423,52200444,MA1714.1,-,9.62e-06,AluSx,Alu,SINE
chr17,52891579,52891600,MA1714.1,+,9.62e-06,MER96,hAT,DNA
chr2,53605784,53605805,MA1714.1,-,9.62e-06,AluSx4,Alu,SINE
chr14,53696970,53696991,MA1714.1,+,9.62e-06,AluJb,Alu,SINE
chr8,54070953,54070974,MA1714.1,-,9.62e-06,L1MA4,L1,LINE
chr11,54847166,54847187,MA1714.1,-,9.62e-06,ALR/Alpha,centr,Satellite
chr15,57317349,57317370,MA1714.1,-,9.62e-06,AluSx1,Alu,SINE
chr2,57322047,57322068,MA1714.1,+,9.62e-06,AluSq2,Alu,SINE
chr16,58800000,58800021,MA1714.1,-,9.62e-06,AluSz,Alu,SINE
chr2,60892155,60892176,MA1714.1,+,9.62e-06,AluSq,Alu,SINE
chr4,60958974,60958995,MA1714.1,+,9.62e-06,L1M4,L1,LINE
chr11,61893739,61893760,MA1714.1,-,9.62e-06,AluSx3,Alu,SINE
chr15,64113679,64113700,MA1714.1,+,9.62e-06,AluSc,Alu,SINE
chr7,64361452,64361473,MA1714.1,-,9.62e-06,AluSx,Alu,SINE
chr3,65305413,65305434,MA1714.1,-,9.62e-06,MIR,MIR,SINE
chr8,66118613,66118634,MA1714.1,+,9.62e-06,AluJb,Alu,SINE
chrX,66754632,66754653,MA1714.1,+,9.62e-06,AluSx,Alu,SINE
chr2,68658488,68658509,MA1714.1,-,9.62e-06,AluJb,Alu,SINE
chr7,69209431,69209452,MA1714.1,-,9.62e-06,MIRc,MIR,SINE
chr17,69296176,69296197,MA1714.1,+,9.62e-06,HAL1,L1,LINE
chr3,69506420,69506441,MA1714.1,+,9.62e-06,L1ME4a,L1,LINE
chr3,69838931,69838952,MA1714.1,+,9.62e-06,AluSz6,Alu,SINE
chrX,69922881,69922902,MA1714.1,-,9.62e-06,MIR,MIR,SINE
chr3,70975428,70975449,MA1714.1,-,9.62e-06,AluSz,Alu,SINE
chr8,70985681,70985702,MA1714.1,-,9.62e-06,AluJb,Alu,SINE
chr7,71002722,71002743,MA1714.1,+,9.62e-06,AluSz,Alu,SINE
chr8,71077089,71077110,MA1714.1,-,9.62e-06,MIR,MIR,SINE
chr12,71325785,71325806,MA1714.1,-,9.62e-06,AluSg,Alu,SINE
chr7,71654677,71654698,MA1714.1,+,9.62e-06,AluSz,Alu,SINE
chr2,71760221,71760242,MA1714.1,-,9.62e-06,AluSz6,Alu,SINE
chr18,71771590,71771611,MA1714.1,+,9.62e-06,L1M1,L1,LINE
chr6,72604073,72604094,MA1714.1,+,9.62e-06,AluSz,Alu,SINE
chr10,73788974,73788995,MA1714.1,+,9.62e-06,AluSx1,Alu,SINE
chr17,75271902,75271923,MA1714.1,-,9.62e-06,L1MC2,L1,LINE
chr13,76185850,76185871,MA1714.1,-,9.62e-06,L1MA3,L1,LINE
chr7,77482782,77482803,MA1714.1,-,9.62e-06,AluSx3,Alu,SINE
chr2,77565339,77565360,MA1714.1,+,9.62e-06,L1PA17,L1,LINE
chr5,78502839,78502860,MA1714.1,+,9.62e-06,AluSz6,Alu,SINE
chr17,79594718,79594739,MA1714.1,+,9.62e-06,AluSq2,Alu,SINE
chr4,79649231,79649252,MA1714.1,-,9.62e-06,AluJb,Alu,SINE
chr15,82376762,82376783,MA1714.1,+,9.62e-06,L1MC3,L1,LINE
chr6,82894824,82894845,MA1714.1,+,9.62e-06,AluSg,Alu,SINE
chrX,83123988,83124009,MA1714.1,-,9.62e-06,L1M5,L1,LINE
chr4,84083664,84083685,MA1714.1,+,9.62e-06,MIR,MIR,SINE
chr16,84577117,84577138,MA1714.1,+,9.62e-06,MIR,MIR,SINE
chr5,84681383,84681404,MA1714.1,-,9.62e-06,L1MA4,L1,LINE
chr1,84785242,84785263,MA1714.1,+,9.62e-06,AluSx3,Alu,SINE
chr8,85760860,85760881,MA1714.1,+,9.62e-06,L1MB4,L1,LINE
chr2,86235336,86235357,MA1714.1,+,9.62e-06,L1MA8,L1,LINE
chr6,86312505,86312526,MA1714.1,+,9.62e-06,AluSx,Alu,SINE
chr3,87788070,87788091,MA1714.1,-,9.62e-06,Harlequin-int,ERV1,LTR
chr1,87920312,87920333,MA1714.1,+,9.62e-06,LTR8A,ERV1,LTR
chr16,89474182,89474203,MA1714.1,+,9.62e-06,AluJb,Alu,SINE
chr15,90102583,90102604,MA1714.1,-,9.62e-06,AluSq2,Alu,SINE
chr4,90939555,90939576,MA1714.1,+,9.62e-06,L1MCa,L1,LINE
chrX,92468580,92468601,MA1714.1,-,9.62e-06,MER20,hAT-Charlie,DNA
chr1,92514301,92514322,MA1714.1,-,9.62e-06,AluJr,Alu,SINE
chr14,92685979,92686000,MA1714.1,+,9.62e-06,AluSx,Alu,SINE
chr4,97542686,97542707,MA1714.1,-,9.62e-06,LTR78B,ERV1,LTR
chr8,97642263,97642284,MA1714.1,+,9.62e-06,AluJr,Alu,SINE
chr6,97689436,97689457,MA1714.1,-,9.62e-06,L1PB1,L1,LINE
chr9,98477913,98477934,MA1714.1,+,9.62e-06,MLT1J2,ERVL-MaLR,LTR
chr2,98539667,98539688,MA1714.1,+,9.62e-06,AluSz,Alu,SINE
chr12,98794618,98794639,MA1714.1,+,9.62e-06,AluSx3,Alu,SINE
chr10,100658316,100658337,MA1714.1,+,9.62e-06,L1MC3,L1,LINE
chr5,101909308,101909329,MA1714.1,+,9.62e-06,L1MA4,L1,LINE
chr8,102613312,102613333,MA1714.1,+,9.62e-06,AluJr,Alu,SINE
chr2,102752908,102752929,MA1714.1,-,9.62e-06,AluSx3,Alu,SINE
chr7,103594303,103594324,MA1714.1,+,9.62e-06,AluSx,Alu,SINE
chr11,104180085,104180106,MA1714.1,+,9.62e-06,L1MC,L1,LINE
chr2,105267699,105267720,MA1714.1,+,9.62e-06,L1MB3,L1,LINE
chr7,105993632,105993653,MA1714.1,-,9.62e-06,L1PB3,L1,LINE
chr3,106315312,106315333,MA1714.1,-,9.62e-06,L1MA6,L1,LINE
chr13,106611431,106611452,MA1714.1,-,9.62e-06,AluSx1,Alu,SINE
chr6,107699499,107699520,MA1714.1,+,9.62e-06,L1MD,L1,LINE
chr1,108180169,108180190,MA1714.1,+,9.62e-06,AluSz,Alu,SINE
chr6,109140788,109140809,MA1714.1,-,9.62e-06,AluSx1,Alu,SINE
chr1,109891515,109891536,MA1714.1,+,9.62e-06,AluJb,Alu,SINE
chr11,110156362,110156383,MA1714.1,+,9.62e-06,AluSz,Alu,SINE
chr11,110160608,110160629,MA1714.1,+,9.62e-06,AluSz,Alu,SINE
chr10,110974764,110974785,MA1714.1,+,9.62e-06,AluSg,Alu,SINE
chr6,111595006,111595027,MA1714.1,-,9.62e-06,AluJb,Alu,SINE
chr10,112281082,112281103,MA1714.1,-,9.62e-06,AluJo,Alu,SINE
chr6,114841932,114841953,MA1714.1,+,9.62e-06,MIR,MIR,SINE
chr1,114958498,114958519,MA1714.1,+,9.62e-06,AluSx3,Alu,SINE
chr9,116634166,116634187,MA1714.1,-,9.62e-06,MIR,MIR,SINE
chrX,117857714,117857735,MA1714.1,-,9.62e-06,MER102c,hAT-Charlie,DNA
chr4,120434442,120434463,MA1714.1,+,9.62e-06,LTR16E2,ERVL,LTR
chrX,120509680,120509701,MA1714.1,-,9.62e-06,L1ME3C,L1,LINE
chrX,121447402,121447423,MA1714.1,+,9.62e-06,THE1A-int,ERVL-MaLR,LTR
chr2,122094994,122095015,MA1714.1,-,9.62e-06,AluSz,Alu,SINE
chr8,124193255,124193276,MA1714.1,-,9.62e-06,AluSz,Alu,SINE
chrX,124868334,124868355,MA1714.1,-,9.62e-06,L1MA3,L1,LINE
chr11,127570732,127570753,MA1714.1,-,9.62e-06,L1MC3,L1,LINE
chr3,127850668,127850689,MA1714.1,+,9.62e-06,L1MA3,L1,LINE
chr11,128652517,128652538,MA1714.1,+,9.62e-06,AluSz6,Alu,SINE
chr9,131652153,131652174,MA1714.1,-,9.62e-06,AluSx,Alu,SINE
chr8,131685125,131685146,MA1714.1,-,9.62e-06,MIRc,MIR,SINE
chr7,132863540,132863561,MA1714.1,+,9.62e-06,HAL1,L1,LINE
chr3,133241867,133241888,MA1714.1,+,9.62e-06,AluSz,Alu,SINE
chr8,133556429,133556450,MA1714.1,+,9.62e-06,AluSc,Alu,SINE
chr11,134702136,134702157,MA1714.1,+,9.62e-06,L1MC1,L1,LINE
chr7,140357413,140357434,MA1714.1,+,9.62e-06,HERV3-int,ERV1,LTR
chr1,144687277,144687298,MA1714.1,+,9.62e-06,L1MC5,L1,LINE
chr1,144962595,144962616,MA1714.1,+,9.62e-06,L1MC5,L1,LINE
chr5,148691067,148691088,MA1714.1,+,9.62e-06,MIRb,MIR,SINE
chr5,151129991,151130012,MA1714.1,+,9.62e-06,AluSz,Alu,SINE
chr3,151939593,151939614,MA1714.1,-,9.62e-06,L1MEf,L1,LINE
chr5,152251064,152251085,MA1714.1,+,9.62e-06,L1ME1,L1,LINE
chr2,153293171,153293192,MA1714.1,-,9.62e-06,MLT1J2,ERVL-MaLR,LTR
chr6,154993371,154993392,MA1714.1,-,9.62e-06,LTR78,ERV1,LTR
chr4,156258275,156258296,MA1714.1,-,9.62e-06,AluSx,Alu,SINE
chr2,158535293,158535314,MA1714.1,+,9.62e-06,L1ME2,L1,LINE
chr1,158991019,158991040,MA1714.1,-,9.62e-06,L1PB1,L1,LINE
chr3,161618588,161618609,MA1714.1,+,9.62e-06,AluSp,Alu,SINE
chr6,167450367,167450388,MA1714.1,-,9.62e-06,AluSx,Alu,SINE
chr4,167967017,167967038,MA1714.1,-,9.62e-06,L1MC1,L1,LINE
chr4,168461046,168461067,MA1714.1,+,9.62e-06,L1PA8,L1,LINE
chr3,172119857,172119878,MA1714.1,+,9.62e-06,HAL1,L1,LINE
chr4,172682460,172682481,MA1714.1,+,9.62e-06,L1P2,L1,LINE
chr3,173850778,173850799,MA1714.1,-,9.62e-06,LTR85a,Gypsy,LTR
chr1,178453236,178453257,MA1714.1,-,9.62e-06,L1ME3C,L1,LINE
chr3,180167963,180167984,MA1714.1,+,9.62e-06,L1PA3,L1,LINE
chr1,180230277,180230298,MA1714.1,+,9.62e-06,AluJo,Alu,SINE
chr3,188180817,188180838,MA1714.1,+,9.62e-06,AluSx1,Alu,SINE
chr3,194725203,194725224,MA1714.1,+,9.62e-06,MIR,MIR,SINE
chr2,194916399,194916420,MA1714.1,+,9.62e-06,L1PA16,L1,LINE
chr3,196679551,196679572,MA1714.1,-,9.62e-06,AluSg,Alu,SINE
chr1,200835279,200835300,MA1714.1,+,9.62e-06,AluSz,Alu,SINE
chr1,202411056,202411077,MA1714.1,-,9.62e-06,AluSz,Alu,SINE
chr1,203132534,203132555,MA1714.1,+,9.62e-06,L3b,CR1,LINE
chr2,204654327,204654348,MA1714.1,-,9.62e-06,MIR,MIR,SINE
chr2,205031174,205031195,MA1714.1,+,9.62e-06,AluSx,Alu,SINE
chr1,206606573,206606594,MA1714.1,+,9.62e-06,L1MC4a,L1,LINE
chr1,211636998,211637019,MA1714.1,+,9.62e-06,AluJb,Alu,SINE
chr2,224978831,224978852,MA1714.1,+,9.62e-06,MSTA-int,ERVL-MaLR,LTR
chr2,230242758,230242779,MA1714.1,+,9.62e-06,MLT1D,ERVL-MaLR,LTR
chr1,247743231,247743252,MA1714.1,+,9.62e-06,ERVL-B4-int,ERVL,LTR
chr1,1087496,1087517,MA1714.1,-,9.68e-06,L1MC3,L1,LINE
chr18,1378126,1378147,MA1714.1,+,9.68e-06,MIRb,MIR,SINE
chr7,3358052,3358073,MA1714.1,+,9.68e-06,MIRb,MIR,SINE
chr7,3415821,3415842,MA1714.1,+,9.68e-06,AluJo,Alu,SINE
chr8,4200816,4200837,MA1714.1,+,9.68e-06,L1MA9,L1,LINE
chr2,4392376,4392397,MA1714.1,+,9.68e-06,L1M5,L1,LINE
chrX,6210591,6210612,MA1714.1,-,9.68e-06,L1MCc,L1,LINE
chr19,7483417,7483438,MA1714.1,-,9.68e-06,AluJo,Alu,SINE
chr18,7713080,7713101,MA1714.1,+,9.68e-06,L1P3,L1,LINE
chr2,8441469,8441490,MA1714.1,-,9.68e-06,ERV3-16A3_I-int,ERVL,LTR
chr20,9812256,9812277,MA1714.1,-,9.68e-06,AluJb,Alu,SINE
chr4,11285759,11285780,MA1714.1,-,9.68e-06,THE1B-int,ERVL-MaLR,LTR
chr5,11286842,11286863,MA1714.1,+,9.68e-06,L1ME3C,L1,LINE
chr12,14610576,14610597,MA1714.1,-,9.68e-06,Charlie1a,hAT-Charlie,DNA
chr18,14692259,14692280,MA1714.1,-,9.68e-06,L1PA3,L1,LINE
chr11,15381538,15381559,MA1714.1,-,9.68e-06,L3,CR1,LINE
chr7,19897736,19897757,MA1714.1,+,9.68e-06,L1PA11,L1,LINE
chr3,20056263,20056284,MA1714.1,+,9.68e-06,L2,L2,LINE
chr16,22289414,22289435,MA1714.1,+,9.68e-06,AluJr,Alu,SINE
chr15,22326556,22326577,MA1714.1,+,9.68e-06,L1MA2,L1,LINE
chr7,22974714,22974735,MA1714.1,-,9.68e-06,L1MEg,L1,LINE
chr10,23530405,23530426,MA1714.1,+,9.68e-06,MLT1D-int,ERVL-MaLR,LTR
chr12,24551114,24551135,MA1714.1,-,9.68e-06,Arthur1B,hAT-Tip100,DNA
chr11,24646752,24646773,MA1714.1,+,9.68e-06,L1MA9,L1,LINE
chr8,26857620,26857641,MA1714.1,-,9.68e-06,L1ME1,L1,LINE
chr16,27273782,27273803,MA1714.1,+,9.68e-06,L1PA14,L1,LINE
chr3,27965739,27965760,MA1714.1,+,9.68e-06,MIRb,MIR,SINE
chr11,28890436,28890457,MA1714.1,+,9.68e-06,MIRb,MIR,SINE
chr5,30386557,30386578,MA1714.1,+,9.68e-06,L1MC2,L1,LINE
chr4,31489417,31489438,MA1714.1,+,9.68e-06,L1MC3,L1,LINE
chr16,32286557,32286578,MA1714.1,+,9.68e-06,L1PA16,L1,LINE
chr12,32345826,32345847,MA1714.1,+,9.68e-06,Tigger1,TcMar-Tigger,DNA
chr16,32665813,32665834,MA1714.1,-,9.68e-06,L1PA16,L1,LINE
chr10,32775849,32775870,MA1714.1,-,9.68e-06,L1PA4,L1,LINE
chr16,33227191,33227212,MA1714.1,+,9.68e-06,L1PA16,L1,LINE
chr16,33283730,33283751,MA1714.1,+,9.68e-06,L1PA16,L1,LINE
chr3,33283940,33283961,MA1714.1,-,9.68e-06,Tigger1,TcMar-Tigger,DNA
chr8,33823665,33823686,MA1714.1,-,9.68e-06,L1PA4,L1,LINE
chr22,33875323,33875344,MA1714.1,+,9.68e-06,L2b,L2,LINE
chr1,34429616,34429637,MA1714.1,-,9.68e-06,L1ME1,L1,LINE
chr5,34737275,34737296,MA1714.1,+,9.68e-06,MER1B,hAT-Charlie,DNA
chr11,35113914,35113935,MA1714.1,+,9.68e-06,L1PA6,L1,LINE
chr9,35157999,35158020,MA1714.1,-,9.68e-06,MER4B-int,ERV1,LTR
chr1,35516085,35516106,MA1714.1,-,9.68e-06,AluY,Alu,SINE
chr19,36383966,36383987,MA1714.1,+,9.68e-06,AluJb,Alu,SINE
chr6,36424442,36424463,MA1714.1,-,9.68e-06,AluJo,Alu,SINE
chr6,38096289,38096310,MA1714.1,-,9.68e-06,L1PB1,L1,LINE
chr20,42489724,42489745,MA1714.1,-,9.68e-06,MIRb,MIR,SINE
chr20,43728885,43728906,MA1714.1,+,9.68e-06,MIRb,MIR,SINE
chr22,45941216,45941237,MA1714.1,+,9.68e-06,MIRb,MIR,SINE
chr21,46487284,46487305,MA1714.1,+,9.68e-06,L1ME3A,L1,LINE
chr18,46709038,46709059,MA1714.1,-,9.68e-06,L1MEc,L1,LINE
chr6,47460888,47460909,MA1714.1,-,9.68e-06,L1MCa,L1,LINE
chr13,49185263,49185284,MA1714.1,-,9.68e-06,L1MA3,L1,LINE
chr10,49396966,49396987,MA1714.1,+,9.68e-06,L1MB3,L1,LINE
chr12,50009694,50009715,MA1714.1,+,9.68e-06,L1ME1,L1,LINE
chr1,50654415,50654436,MA1714.1,-,9.68e-06,LTR79,ERVL,LTR
chr15,51736979,51737000,MA1714.1,-,9.68e-06,L1MEc,L1,LINE
chr8,51831245,51831266,MA1714.1,+,9.68e-06,L1PA4,L1,LINE
chr3,54288641,54288662,MA1714.1,+,9.68e-06,MIR,MIR,SINE
chr20,54329023,54329044,MA1714.1,+,9.68e-06,L1ME5,L1,LINE
chr1,57246320,57246341,MA1714.1,+,9.68e-06,MIRb,MIR,SINE
chr1,57711889,57711910,MA1714.1,+,9.68e-06,MSTA-int,ERVL-MaLR,LTR
chrX,57930790,57930811,MA1714.1,-,9.68e-06,MER1A,hAT-Charlie,DNA
chr20,58233051,58233072,MA1714.1,-,9.68e-06,L1M4b,L1,LINE
chr14,59955664,59955685,MA1714.1,-,9.68e-06,MSTB-int,ERVL-MaLR,LTR
chr5,62944657,62944678,MA1714.1,-,9.68e-06,ERVL-B4-int,ERVL,LTR
chr2,63553669,63553690,MA1714.1,+,9.68e-06,HERVIP10FH-int,ERV1,LTR
chr2,63700811,63700832,MA1714.1,-,9.68e-06,HAL1,L1,LINE
chr11,64793284,64793305,MA1714.1,-,9.68e-06,AluSg7,Alu,SINE
chr6,64806074,64806095,MA1714.1,-,9.68e-06,L1PA4,L1,LINE
chr3,65095179,65095200,MA1714.1,-,9.68e-06,AluJr4,Alu,SINE
chr10,65387223,65387244,MA1714.1,+,9.68e-06,AluJb,Alu,SINE
chr4,65536488,65536509,MA1714.1,-,9.68e-06,MER52A,ERV1,LTR
chr10,66158570,66158591,MA1714.1,-,9.68e-06,L1MC1,L1,LINE
chr5,68541106,68541127,MA1714.1,-,9.68e-06,L1M1,L1,LINE
chr1,73507379,73507400,MA1714.1,+,9.68e-06,MER39,ERV1,LTR
chr7,76413218,76413239,MA1714.1,-,9.68e-06,L1ME1,L1,LINE
chr15,79205452,79205473,MA1714.1,+,9.68e-06,MIR,MIR,SINE
chr15,81280610,81280631,MA1714.1,+,9.68e-06,MIR,MIR,SINE
chr7,81702988,81703009,MA1714.1,-,9.68e-06,AluSq2,Alu,SINE
chr14,82280388,82280409,MA1714.1,-,9.68e-06,L3,CR1,LINE
chr9,82358878,82358899,MA1714.1,+,9.68e-06,L1MA8,L1,LINE
chr2,82822919,82822940,MA1714.1,-,9.68e-06,L1M4c,L1,LINE
chr1,83784308,83784329,MA1714.1,-,9.68e-06,L1ME1,L1,LINE
chrX,85592292,85592313,MA1714.1,+,9.68e-06,L1P2,L1,LINE
chr16,86831179,86831200,MA1714.1,-,9.68e-06,Tigger15a,TcMar-Tigger,DNA
chrX,89099011,89099032,MA1714.1,-,9.68e-06,L1MB7,L1,LINE
chr13,90184912,90184933,MA1714.1,-,9.68e-06,AluSx1,Alu,SINE
chr10,90947206,90947227,MA1714.1,+,9.68e-06,MIRb,MIR,SINE
chr14,91594762,91594783,MA1714.1,+,9.68e-06,AluJr4,Alu,SINE
chr10,94632269,94632290,MA1714.1,-,9.68e-06,L1M5,L1,LINE
chr11,94735465,94735486,MA1714.1,+,9.68e-06,L1MA9,L1,LINE
chr1,94803813,94803834,MA1714.1,-,9.68e-06,MER20,hAT-Charlie,DNA
chr8,95429003,95429024,MA1714.1,+,9.68e-06,L1MB8,L1,LINE
chr12,97246464,97246485,MA1714.1,+,9.68e-06,L1ME3A,L1,LINE
chr14,98248466,98248487,MA1714.1,+,9.68e-06,MIR,MIR,SINE
chr2,100234654,100234675,MA1714.1,+,9.68e-06,MIRb,MIR,SINE
chr14,101231329,101231350,MA1714.1,-,9.68e-06,ERV3-16A3_I-int,ERVL,LTR
chr4,101926793,101926814,MA1714.1,+,9.68e-06,MSTA-int,ERVL-MaLR,LTR
chr10,104336410,104336431,MA1714.1,-,9.68e-06,L1ME3C,L1,LINE
chr12,104447867,104447888,MA1714.1,-,9.68e-06,L1MA9,L1,LINE
chr5,104707064,104707085,MA1714.1,+,9.68e-06,L1MD1,L1,LINE
chr12,106297817,106297838,MA1714.1,-,9.68e-06,HAL1,L1,LINE
chr9,106474253,106474274,MA1714.1,-,9.68e-06,L1PA16,L1,LINE
chr4,109463377,109463398,MA1714.1,+,9.68e-06,ORSL,hAT-Tip100,DNA
chr13,110032903,110032924,MA1714.1,-,9.68e-06,MER82,TcMar-Tigger,DNA
chr3,111078732,111078753,MA1714.1,+,9.68e-06,MSTA-int,ERVL-MaLR,LTR
chr12,111677857,111677878,MA1714.1,-,9.68e-06,MIR,MIR,SINE
chr7,112867014,112867035,MA1714.1,+,9.68e-06,MSTB-int,ERVL-MaLR,LTR
chr13,113385321,113385342,MA1714.1,-,9.68e-06,AluSx1,Alu,SINE
chr8,115377671,115377692,MA1714.1,+,9.68e-06,L1M1,L1,LINE
chr9,118795309,118795330,MA1714.1,+,9.68e-06,MLT2B5,ERVL,LTR
chr11,120583452,120583473,MA1714.1,-,9.68e-06,L3,CR1,LINE
chr4,121202605,121202626,MA1714.1,-,9.68e-06,L1ME1,L1,LINE
chr3,121769075,121769096,MA1714.1,-,9.68e-06,L1M4c,L1,LINE
chr10,122982541,122982562,MA1714.1,-,9.68e-06,MIRc,MIR,SINE
chr9,124172907,124172928,MA1714.1,-,9.68e-06,L1MC3,L1,LINE
chr8,126315974,126315995,MA1714.1,-,9.68e-06,MamRep137,TcMar,DNA
chr10,126342324,126342345,MA1714.1,+,9.68e-06,MIRc,MIR,SINE
chrX,132627221,132627242,MA1714.1,+,9.68e-06,L1MB8,L1,LINE
chr2,134372432,134372453,MA1714.1,+,9.68e-06,L1PA3,L1,LINE
chr5,138898133,138898154,MA1714.1,+,9.68e-06,MIRb,MIR,SINE
chr1,147289293,147289314,MA1714.1,-,9.68e-06,MSTD-int,ERVL-MaLR,LTR
chr5,147333209,147333230,MA1714.1,+,9.68e-06,L3,CR1,LINE
chr1,154203877,154203898,MA1714.1,-,9.68e-06,AluSz6,Alu,SINE
chr2,159963992,159964013,MA1714.1,-,9.68e-06,L1MB7,L1,LINE
chr1,160286156,160286177,MA1714.1,+,9.68e-06,AluSg,Alu,SINE
chr2,161876296,161876317,MA1714.1,+,9.68e-06,MER63A,hAT-Blackjack,DNA
chr6,162848085,162848106,MA1714.1,+,9.68e-06,L1ME3C,L1,LINE
chr3,166022424,166022445,MA1714.1,-,9.68e-06,Mam_R4,Dong-R4,LINE
chr4,168767655,168767676,MA1714.1,-,9.68e-06,L1MC3,L1,LINE
chr5,174535340,174535361,MA1714.1,-,9.68e-06,MER21-int,ERVL,LTR
chr5,174535340,174535361,MA1714.1,-,9.68e-06,MER4B-int,ERV1,LTR
chr5,174535340,174535361,MA1714.1,-,9.68e-06,MER21-int,ERVL,LTR
chr5,174535340,174535361,MA1714.1,-,9.68e-06,MER4B-int,ERV1,LTR
chr5,178709395,178709416,MA1714.1,-,9.68e-06,L1MB7,L1,LINE
chr2,197758058,197758079,MA1714.1,-,9.68e-06,MIR,MIR,SINE
chr1,199503661,199503682,MA1714.1,-,9.68e-06,L1ME1,L1,LINE
chr2,205477643,205477664,MA1714.1,-,9.68e-06,HAL1,L1,LINE
chr1,208379183,208379204,MA1714.1,-,9.68e-06,L3,CR1,LINE
chr1,232591696,232591717,MA1714.1,+,9.68e-06,L1PA15,L1,LINE
chr1,234760394,234760415,MA1714.1,+,9.68e-06,MIR,MIR,SINE
chr2,236340587,236340608,MA1714.1,+,9.68e-06,L1ME3D,L1,LINE
chrUn_gl000220,2597,2618,MA1714.1,-,9.74e-06,AluSx1,Alu,SINE
chr6_mann_hap4,25624,25645,MA1714.1,-,9.74e-06,AluSx4,Alu,SINE
chr6_qbl_hap6,25624,25645,MA1714.1,-,9.74e-06,AluSx4,Alu,SINE
chr6_mcf_hap5,25624,25645,MA1714.1,-,9.74e-06,AluSx4,Alu,SINE
chr6_apd_hap1,25624,25645,MA1714.1,-,9.74e-06,AluSx4,Alu,SINE
chr6_dbb_hap3,25631,25652,MA1714.1,-,9.74e-06,AluSx4,Alu,SINE
chr6_ssto_hap7,63081,63102,MA1714.1,-,9.74e-06,AluSx4,Alu,SINE
chr6_cox_hap2,245243,245264,MA1714.1,-,9.74e-06,AluSx4,Alu,SINE
chr19,654891,654912,MA1714.1,+,9.74e-06,AluSx,Alu,SINE
chr4,768493,768514,MA1714.1,+,9.74e-06,LTR12C,ERV1,LTR
chr7,6140032,6140053,MA1714.1,-,9.74e-06,AluSq2,Alu,SINE
chr2,7488251,7488272,MA1714.1,+,9.74e-06,MIRb,MIR,SINE
chr17,7894363,7894384,MA1714.1,+,9.74e-06,L1MB4,L1,LINE
chr11,13211266,13211287,MA1714.1,-,9.74e-06,L1MEg,L1,LINE
chr7,13626287,13626308,MA1714.1,-,9.74e-06,L1PA10,L1,LINE
chr5,15991308,15991329,MA1714.1,-,9.74e-06,L1MA9,L1,LINE
chr8,16420056,16420077,MA1714.1,+,9.74e-06,L1M4,L1,LINE
chr8,17115585,17115606,MA1714.1,-,9.74e-06,L1MA4,L1,LINE
chr17,18196671,18196692,MA1714.1,-,9.74e-06,AluJb,Alu,SINE
chr1,19744597,19744618,MA1714.1,+,9.74e-06,AluSx1,Alu,SINE
chr6,22547758,22547779,MA1714.1,+,9.74e-06,L1MEg1,L1,LINE
chr8,22758507,22758528,MA1714.1,+,9.74e-06,Tigger15a,TcMar-Tigger,DNA
chr8,22797072,22797093,MA1714.1,+,9.74e-06,L1MCa,L1,LINE
chr2,22931621,22931642,MA1714.1,+,9.74e-06,L1M2,L1,LINE
chr14,23135227,23135248,MA1714.1,-,9.74e-06,MSTB-int,ERVL-MaLR,LTR
chr12,25583319,25583340,MA1714.1,-,9.74e-06,L1MEf,L1,LINE
chr9,27381716,27381737,MA1714.1,-,9.74e-06,AluJo,Alu,SINE
chr14,28676957,28676978,MA1714.1,+,9.74e-06,L1MC4,L1,LINE
chr6,28722223,28722244,MA1714.1,-,9.74e-06,AluSx4,Alu,SINE
chr4,28838630,28838651,MA1714.1,+,9.74e-06,L2a,L2,LINE
chr1,28963379,28963400,MA1714.1,+,9.74e-06,FAM,Alu,SINE
chr18,31999277,31999298,MA1714.1,+,9.74e-06,Charlie1a,hAT-Charlie,DNA
chr5,32166159,32166180,MA1714.1,-,9.74e-06,Charlie4z,hAT-Charlie,DNA
chr8,32319132,32319153,MA1714.1,+,9.74e-06,AluSq2,Alu,SINE
chr15,35025124,35025145,MA1714.1,-,9.74e-06,LTR33C,ERVL,LTR
chr21,35039634,35039655,MA1714.1,+,9.74e-06,Charlie1b,hAT-Charlie,DNA
chr1,35463803,35463824,MA1714.1,+,9.74e-06,AluSg7,Alu,SINE
chrX,37247917,37247938,MA1714.1,-,9.74e-06,MSTA-int,ERVL-MaLR,LTR
chr10,37552929,37552950,MA1714.1,+,9.74e-06,L1M5,L1,LINE
chr3,39070895,39070916,MA1714.1,-,9.74e-06,L1M5,L1,LINE
chrX,39503118,39503139,MA1714.1,-,9.74e-06,Charlie4a,hAT-Charlie,DNA
chr11,41284122,41284143,MA1714.1,+,9.74e-06,L3b,CR1,LINE
chr6,41347704,41347725,MA1714.1,-,9.74e-06,AluSx1,Alu,SINE
chr3,43041444,43041465,MA1714.1,-,9.74e-06,MLT1D,ERVL-MaLR,LTR
chr22,48119385,48119406,MA1714.1,+,9.74e-06,L1MEc,L1,LINE
chr4,48166944,48166965,MA1714.1,+,9.74e-06,AluSz6,Alu,SINE
chr2,48276155,48276176,MA1714.1,-,9.74e-06,MIRb,MIR,SINE
chr19,50701183,50701204,MA1714.1,+,9.74e-06,AluJb,Alu,SINE
chr14,51790777,51790798,MA1714.1,-,9.74e-06,L1ME4a,L1,LINE
chr2,52152024,52152045,MA1714.1,-,9.74e-06,L1MEd,L1,LINE
chr6,54809733,54809754,MA1714.1,-,9.74e-06,FLAM_A,Alu,SINE
chr1,56259976,56259997,MA1714.1,+,9.74e-06,MER52C,ERV1,LTR
chr2,56513810,56513831,MA1714.1,-,9.74e-06,L1ME2,L1,LINE
chr12,58310858,58310879,MA1714.1,+,9.74e-06,L1MC4,L1,LINE
chr1,61011120,61011141,MA1714.1,-,9.74e-06,MIRb,MIR,SINE
chr13,62452637,62452658,MA1714.1,+,9.74e-06,THE1B-int,ERVL-MaLR,LTR
chr14,63938942,63938963,MA1714.1,+,9.74e-06,AluSq2,Alu,SINE
chr14,64853356,64853377,MA1714.1,+,9.74e-06,AluSz,Alu,SINE
chr13,65083027,65083048,MA1714.1,-,9.74e-06,L1PA8,L1,LINE
chr3,65084442,65084463,MA1714.1,-,9.74e-06,Charlie1b,hAT-Charlie,DNA
chrX,65778110,65778131,MA1714.1,+,9.74e-06,L1PA7,L1,LINE
chr17,69265465,69265486,MA1714.1,-,9.74e-06,L1MC3,L1,LINE
chr15,71110522,71110543,MA1714.1,-,9.74e-06,AluSg,Alu,SINE
chr17,71597954,71597975,MA1714.1,-,9.74e-06,AluSx1,Alu,SINE
chr16,71950857,71950878,MA1714.1,+,9.74e-06,MIR,MIR,SINE
chr3,74248699,74248720,MA1714.1,+,9.74e-06,MIR,MIR,SINE
chr1,75327914,75327935,MA1714.1,-,9.74e-06,MSTA-int,ERVL-MaLR,LTR
chr4,77166193,77166214,MA1714.1,-,9.74e-06,L1ME5,L1,LINE
chr10,77368150,77368171,MA1714.1,+,9.74e-06,L1MA9,L1,LINE
chr10,78276854,78276875,MA1714.1,+,9.74e-06,L1MEe,L1,LINE
chr7,79080249,79080270,MA1714.1,-,9.74e-06,L3,CR1,LINE
chr8,81765179,81765200,MA1714.1,-,9.74e-06,Tigger15a,TcMar-Tigger,DNA
chr5,82217293,82217314,MA1714.1,+,9.74e-06,MIR,MIR,SINE
chr15,82583073,82583094,MA1714.1,+,9.74e-06,L1MCa,L1,LINE
chr15,82880394,82880415,MA1714.1,+,9.74e-06,L1MCa,L1,LINE
chr6,88549514,88549535,MA1714.1,-,9.74e-06,HAL1,L1,LINE
chr15,88854470,88854491,MA1714.1,-,9.74e-06,MLT1L,ERVL-MaLR,LTR
chr14,90103647,90103668,MA1714.1,+,9.74e-06,L2b,L2,LINE
chr8,92263855,92263876,MA1714.1,-,9.74e-06,MIRb,MIR,SINE
chr5,92705702,92705723,MA1714.1,-,9.74e-06,L1ME2,L1,LINE
chr6,93499912,93499933,MA1714.1,+,9.74e-06,L1MEg,L1,LINE
chr9,93857261,93857282,MA1714.1,+,9.74e-06,L1M1,L1,LINE
chrX,94146484,94146505,MA1714.1,-,9.74e-06,ERVL-B4-int,ERVL,LTR
chrX,96052787,96052808,MA1714.1,-,9.74e-06,L1MEc,L1,LINE
chr13,96288158,96288179,MA1714.1,+,9.74e-06,HAL1b,L1,LINE
chr5,96736048,96736069,MA1714.1,-,9.74e-06,L1MC3,L1,LINE
chr4,96979206,96979227,MA1714.1,-,9.74e-06,L1MEg1,L1,LINE
chrX,98003770,98003791,MA1714.1,-,9.74e-06,L1MA1,L1,LINE
chrX,98220947,98220968,MA1714.1,+,9.74e-06,MIRc,MIR,SINE
chr6,98324532,98324553,MA1714.1,-,9.74e-06,L1MEc,L1,LINE
chr10,100607383,100607404,MA1714.1,+,9.74e-06,MER117,hAT-Charlie,DNA
chr8,100719544,100719565,MA1714.1,+,9.74e-06,MIRb,MIR,SINE
chr10,101258047,101258068,MA1714.1,-,9.74e-06,MIR,MIR,SINE
chr11,101543489,101543510,MA1714.1,+,9.74e-06,MLT1J,ERVL-MaLR,LTR
chr12,103675881,103675902,MA1714.1,+,9.74e-06,MLT1K,ERVL-MaLR,LTR
chr10,103712171,103712192,MA1714.1,+,9.74e-06,L1MD3,L1,LINE
chr7,104302824,104302845,MA1714.1,-,9.74e-06,MIR,MIR,SINE
chr14,105096165,105096186,MA1714.1,+,9.74e-06,AluSx1,Alu,SINE
chr5,105332446,105332467,MA1714.1,-,9.74e-06,L1M3f,L1,LINE
chrX,109008544,109008565,MA1714.1,+,9.74e-06,L1MC1,L1,LINE
chr3,109133815,109133836,MA1714.1,+,9.74e-06,L1ME1,L1,LINE
chrX,109201289,109201310,MA1714.1,-,9.74e-06,MIR,MIR,SINE
chr12,115465823,115465844,MA1714.1,+,9.74e-06,MIR,MIR,SINE
chrX,115681460,115681481,MA1714.1,+,9.74e-06,MIRb,MIR,SINE
chr6,118038476,118038497,MA1714.1,-,9.74e-06,L1MA8,L1,LINE
chr5,120965710,120965731,MA1714.1,-,9.74e-06,L1PB1,L1,LINE
chr2,123641931,123641952,MA1714.1,-,9.74e-06,MER58B,hAT-Charlie,DNA
chrX,125902914,125902935,MA1714.1,-,9.74e-06,MIRc,MIR,SINE
chr12,126122438,126122459,MA1714.1,+,9.74e-06,L1ME2,L1,LINE
chr12,127508905,127508926,MA1714.1,+,9.74e-06,L1PB3,L1,LINE
chr8,132179452,132179473,MA1714.1,-,9.74e-06,L1MEf,L1,LINE
chr9,132441732,132441753,MA1714.1,-,9.74e-06,MIRb,MIR,SINE
chr4,133860396,133860417,MA1714.1,+,9.74e-06,L1M2a,L1,LINE
chr6,135664443,135664464,MA1714.1,+,9.74e-06,L1MB7,L1,LINE
chr7,139539579,139539600,MA1714.1,+,9.74e-06,AluJo,Alu,SINE
chr5,139801779,139801800,MA1714.1,-,9.74e-06,AluSq2,Alu,SINE
chr1,143670315,143670336,MA1714.1,-,9.74e-06,LTR4,ERV1,LTR
chr5,144503493,144503514,MA1714.1,-,9.74e-06,L1PB1,L1,LINE
chr7,145162123,145162144,MA1714.1,-,9.74e-06,L1MA4,L1,LINE
chr8,145810325,145810346,MA1714.1,-,9.74e-06,L1M5,L1,LINE
chr6,146362559,146362580,MA1714.1,-,9.74e-06,L1M1,L1,LINE
chr1,147857832,147857853,MA1714.1,-,9.74e-06,LTR4,ERV1,LTR
chrX,148329976,148329997,MA1714.1,+,9.74e-06,MER54B,ERVL,LTR
chr1,149215007,149215028,MA1714.1,-,9.74e-06,LTR4,ERV1,LTR
chr4,153626110,153626131,MA1714.1,-,9.74e-06,L1MB5,L1,LINE
chr4,167559434,167559455,MA1714.1,-,9.74e-06,MLT1F-int,ERVL-MaLR,LTR
chr1,170958463,170958484,MA1714.1,+,9.74e-06,L1M6,L1,LINE
chr1,174253380,174253401,MA1714.1,-,9.74e-06,L1MA9,L1,LINE
chr4,177579212,177579233,MA1714.1,-,9.74e-06,MLT1G-int,ERVL-MaLR,LTR
chr4,177703542,177703563,MA1714.1,+,9.74e-06,AluJb,Alu,SINE
chr2,178677527,178677548,MA1714.1,+,9.74e-06,LTR60,ERV1,LTR
chr3,185448938,185448959,MA1714.1,+,9.74e-06,Charlie1a,hAT-Charlie,DNA
chr3,192574586,192574607,MA1714.1,-,9.74e-06,AluJb,Alu,SINE
chr3,1082948,1082969,MA1714.1,-,9.8e-06,L1MB7,L1,LINE
chrX,6554768,6554789,MA1714.1,-,9.8e-06,L1M4,L1,LINE
chr16,6646251,6646272,MA1714.1,-,9.8e-06,L1MB7,L1,LINE
chr5,8120306,8120327,MA1714.1,-,9.8e-06,L1M3e,L1,LINE
chr9,9754382,9754403,MA1714.1,+,9.8e-06,MIRc,MIR,SINE
chrY,9787942,9787963,MA1714.1,-,9.8e-06,MER1B,hAT-Charlie,DNA
chr2,11813786,11813807,MA1714.1,-,9.8e-06,Charlie1b,hAT-Charlie,DNA
chr7,12781981,12782002,MA1714.1,-,9.8e-06,L1MB1,L1,LINE
chr2,13137128,13137149,MA1714.1,+,9.8e-06,MIRb,MIR,SINE
chr11,15833198,15833219,MA1714.1,-,9.8e-06,L1M6,L1,LINE
chrX,16527276,16527297,MA1714.1,-,9.8e-06,MER1B,hAT-Charlie,DNA
chr20,18580886,18580907,MA1714.1,-,9.8e-06,L1MC1,L1,LINE
chr11,18594527,18594548,MA1714.1,-,9.8e-06,Charlie19a,hAT-Charlie,DNA
chr18,18925860,18925881,MA1714.1,+,9.8e-06,MIR,MIR,SINE
chr12,19354514,19354535,MA1714.1,+,9.8e-06,L1MB7,L1,LINE
chr20,20112296,20112317,MA1714.1,-,9.8e-06,L1MEc,L1,LINE
chr21,20978279,20978300,MA1714.1,-,9.8e-06,MER57A-int,ERV1,LTR
chr13,21204275,21204296,MA1714.1,-,9.8e-06,L1MEg,L1,LINE
chr12,21597596,21597617,MA1714.1,+,9.8e-06,Charlie1b,hAT-Charlie,DNA
chr3,22007279,22007300,MA1714.1,+,9.8e-06,L1MC4,L1,LINE
chr19,23311632,23311653,MA1714.1,+,9.8e-06,THE1B-int,ERVL-MaLR,LTR
chr15,24014781,24014802,MA1714.1,-,9.8e-06,L1MC3,L1,LINE
chr21,24569134,24569155,MA1714.1,-,9.8e-06,CR1_Mam,CR1,LINE
chr9,24934986,24935007,MA1714.1,+,9.8e-06,Charlie11,hAT-Charlie,DNA
chr1,25204528,25204549,MA1714.1,-,9.8e-06,L1MC1,L1,LINE
chr15,25565670,25565691,MA1714.1,-,9.8e-06,L1MA8,L1,LINE
chr22,27074445,27074466,MA1714.1,-,9.8e-06,Charlie1b,hAT-Charlie,DNA
chr2,27152500,27152521,MA1714.1,+,9.8e-06,MER1B,hAT-Charlie,DNA
chr2,28061035,28061056,MA1714.1,+,9.8e-06,AluSx,Alu,SINE
chr15,28142378,28142399,MA1714.1,+,9.8e-06,THE1B-int,ERVL-MaLR,LTR
chr14,28524214,28524235,MA1714.1,-,9.8e-06,MLT1M,ERVL-MaLR,LTR
chr11,30719814,30719835,MA1714.1,-,9.8e-06,MER1B,hAT-Charlie,DNA
chr9,33536474,33536495,MA1714.1,-,9.8e-06,MIRc,MIR,SINE
chr13,33736429,33736450,MA1714.1,-,9.8e-06,THE1A-int,ERVL-MaLR,LTR
chr22,34999750,34999771,MA1714.1,-,9.8e-06,MIRc,MIR,SINE
chr11,35100734,35100755,MA1714.1,+,9.8e-06,LTR81C,Gypsy,LTR
chr19,35754293,35754314,MA1714.1,-,9.8e-06,AluJr,Alu,SINE
chr11,36653735,36653756,MA1714.1,+,9.8e-06,MIR,MIR,SINE
chr9,37590140,37590161,MA1714.1,+,9.8e-06,AluJb,Alu,SINE
chr7,38891145,38891166,MA1714.1,-,9.8e-06,L1ME1,L1,LINE
chr2,40467986,40468007,MA1714.1,+,9.8e-06,AluJo,Alu,SINE
chr3,42356870,42356891,MA1714.1,-,9.8e-06,AluSz6,Alu,SINE
chr3,43532255,43532276,MA1714.1,+,9.8e-06,MER50,ERV1,LTR
chr13,43756738,43756759,MA1714.1,-,9.8e-06,L1MB7,L1,LINE
chr14,44200083,44200104,MA1714.1,+,9.8e-06,L1MA7,L1,LINE
chr20,44397265,44397286,MA1714.1,-,9.8e-06,L1MB5,L1,LINE
chr11,47045161,47045182,MA1714.1,-,9.8e-06,L1MB3,L1,LINE
chrX,47119439,47119460,MA1714.1,+,9.8e-06,AluSq,Alu,SINE
chr16,48234649,48234670,MA1714.1,+,9.8e-06,L1MA4A,L1,LINE
chr2,48653586,48653607,MA1714.1,+,9.8e-06,MLT1H,ERVL-MaLR,LTR
chr7,49962857,49962878,MA1714.1,+,9.8e-06,L1ME4a,L1,LINE
chr19,51834461,51834482,MA1714.1,+,9.8e-06,MLT1L,ERVL-MaLR,LTR
chr5,51985562,51985583,MA1714.1,-,9.8e-06,MLT1H1,ERVL-MaLR,LTR
chr14,53425225,53425246,MA1714.1,+,9.8e-06,MER1B,hAT-Charlie,DNA
chr5,53934524,53934545,MA1714.1,-,9.8e-06,MIR,MIR,SINE
chr2,54743425,54743446,MA1714.1,+,9.8e-06,MIR,MIR,SINE
chr13,55490388,55490409,MA1714.1,+,9.8e-06,L1PA15-16,L1,LINE
chr3,56554605,56554626,MA1714.1,-,9.8e-06,MER117,hAT-Charlie,DNA
chr15,56600887,56600908,MA1714.1,-,9.8e-06,L1MB7,L1,LINE
chr5,58895523,58895544,MA1714.1,-,9.8e-06,LTR78,ERV1,LTR
chr3,59300805,59300826,MA1714.1,+,9.8e-06,MIR,MIR,SINE
chr15,60152158,60152179,MA1714.1,-,9.8e-06,MIR,MIR,SINE
chr14,61548468,61548489,MA1714.1,-,9.8e-06,MIR,MIR,SINE
chr3,61964704,61964725,MA1714.1,+,9.8e-06,MIRb,MIR,SINE
chr16,64159267,64159288,MA1714.1,-,9.8e-06,MIR,MIR,SINE
chrX,66528514,66528535,MA1714.1,-,9.8e-06,L1PB1,L1,LINE
chrX,73790709,73790730,MA1714.1,+,9.8e-06,L1MD2,L1,LINE
chr11,74515978,74515999,MA1714.1,+,9.8e-06,L1ME2,L1,LINE
chr13,76039225,76039246,MA1714.1,-,9.8e-06,MIR,MIR,SINE
chr1,76239481,76239502,MA1714.1,-,9.8e-06,MER115,hAT-Tip100,DNA
chr8,78468134,78468155,MA1714.1,+,9.8e-06,L1MA6,L1,LINE
chr1,81332960,81332981,MA1714.1,-,9.8e-06,MIR,MIR,SINE
chr9,84886992,84887013,MA1714.1,+,9.8e-06,MamGypLTR1a,Gypsy,LTR
chr11,86581931,86581952,MA1714.1,-,9.8e-06,L1MEc,L1,LINE
chr6,86749750,86749771,MA1714.1,+,9.8e-06,AluJo,Alu,SINE
chr8,87203158,87203179,MA1714.1,-,9.8e-06,THE1C-int,ERVL-MaLR,LTR
chrX,87986004,87986025,MA1714.1,+,9.8e-06,L1MA1,L1,LINE
chr13,88150386,88150407,MA1714.1,+,9.8e-06,MIRc,MIR,SINE
chr10,89566890,89566911,MA1714.1,+,9.8e-06,MER34A1,ERV1,LTR
chr6,90086522,90086543,MA1714.1,+,9.8e-06,MIR,MIR,SINE
chr12,90750235,90750256,MA1714.1,+,9.8e-06,LTR49,ERV1,LTR
chr6,91160500,91160521,MA1714.1,-,9.8e-06,MER4D0,ERV1,LTR
chr4,92946294,92946315,MA1714.1,-,9.8e-06,THE1B-int,ERVL-MaLR,LTR
chr8,94716590,94716611,MA1714.1,-,9.8e-06,MER1B,hAT-Charlie,DNA
chr7,95997736,95997757,MA1714.1,-,9.8e-06,L1MC1,L1,LINE
chr6,97136938,97136959,MA1714.1,+,9.8e-06,L1MA3,L1,LINE
chr1,99574783,99574804,MA1714.1,+,9.8e-06,HAL1,L1,LINE
chrX,100983192,100983213,MA1714.1,-,9.8e-06,AluJb,Alu,SINE
chr1,101432776,101432797,MA1714.1,-,9.8e-06,MER1B,hAT-Charlie,DNA
chr13,103261046,103261067,MA1714.1,-,9.8e-06,HAL1,L1,LINE
chr3,105305499,105305520,MA1714.1,-,9.8e-06,AluSx,Alu,SINE
chr12,106745150,106745171,MA1714.1,-,9.8e-06,MLT1J2,ERVL-MaLR,LTR
chr7,112354477,112354498,MA1714.1,-,9.8e-06,L1ME1,L1,LINE
chr6,113215059,113215080,MA1714.1,-,9.8e-06,Tigger4,TcMar-Tigger,DNA
chr11,114227682,114227703,MA1714.1,-,9.8e-06,L1MC2,L1,LINE
chr11,116241069,116241090,MA1714.1,-,9.8e-06,MIR3,MIR,SINE
chr6,118726365,118726386,MA1714.1,-,9.8e-06,ERVL-E-int,ERVL,LTR
chr6,119361026,119361047,MA1714.1,+,9.8e-06,MER50B,ERV1,LTR
chr2,119382054,119382075,MA1714.1,+,9.8e-06,MER1A,hAT-Charlie,DNA
chr5,119492207,119492228,MA1714.1,+,9.8e-06,L1M3,L1,LINE
chr10,120211977,120211998,MA1714.1,+,9.8e-06,L1M7,L1,LINE
chrX,124570167,124570188,MA1714.1,-,9.8e-06,HUERS-P3-int,ERV1,LTR
chrX,125000766,125000787,MA1714.1,+,9.8e-06,L1PA16,L1,LINE
chr5,125240186,125240207,MA1714.1,-,9.8e-06,MER39,ERV1,LTR
chrX,127268055,127268076,MA1714.1,+,9.8e-06,L1MC1,L1,LINE
chr6,130319437,130319458,MA1714.1,+,9.8e-06,AluJr,Alu,SINE
chr2,130462193,130462214,MA1714.1,-,9.8e-06,HAL1,L1,LINE
chr6,130859396,130859417,MA1714.1,+,9.8e-06,L1PA12,L1,LINE
chr6,133334846,133334867,MA1714.1,+,9.8e-06,MSTD,ERVL-MaLR,LTR
chr2,136035657,136035678,MA1714.1,+,9.8e-06,HAL1,L1,LINE
chr2,136821821,136821842,MA1714.1,-,9.8e-06,LTR33,ERVL,LTR
chr3,141320805,141320826,MA1714.1,-,9.8e-06,L1M4b,L1,LINE
chr8,144528444,144528465,MA1714.1,+,9.8e-06,L1M5,L1,LINE
chr1,147231889,147231910,MA1714.1,+,9.8e-06,MIRb,MIR,SINE
chr1,148663741,148663762,MA1714.1,+,9.8e-06,LTR49,ERV1,LTR
chr1,148825653,148825674,MA1714.1,+,9.8e-06,LTR49,ERV1,LTR
chr6,154342930,154342951,MA1714.1,-,9.8e-06,L1MC1,L1,LINE
chr4,154587015,154587036,MA1714.1,+,9.8e-06,THE1A-int,ERVL-MaLR,LTR
chr1,157201401,157201422,MA1714.1,+,9.8e-06,MIR,MIR,SINE
chr1,157424714,157424735,MA1714.1,-,9.8e-06,MIR,MIR,SINE
chr1,163172104,163172125,MA1714.1,-,9.8e-06,MIR,MIR,SINE
chr3,166832514,166832535,MA1714.1,-,9.8e-06,MER52D,ERV1,LTR
chr4,166920281,166920302,MA1714.1,-,9.8e-06,THE1D-int,ERVL-MaLR,LTR
chr1,176752297,176752318,MA1714.1,+,9.8e-06,MIR,MIR,SINE
chr2,178531997,178532018,MA1714.1,-,9.8e-06,L1MB8,L1,LINE
chr3,178587600,178587621,MA1714.1,-,9.8e-06,MIR,MIR,SINE
chr3,185547029,185547050,MA1714.1,-,9.8e-06,MER1B,hAT-Charlie,DNA
chr2,189640868,189640889,MA1714.1,+,9.8e-06,MLT1D,ERVL-MaLR,LTR
chr3,192526844,192526865,MA1714.1,-,9.8e-06,MIR,MIR,SINE
chr2,193673281,193673302,MA1714.1,-,9.8e-06,MLT1H-int,ERVL-MaLR,LTR
chr1,202811578,202811599,MA1714.1,-,9.8e-06,AluSz,Alu,SINE
chr1,203836437,203836458,MA1714.1,-,9.8e-06,MER1A,hAT-Charlie,DNA
chr2,223308069,223308090,MA1714.1,-,9.8e-06,L1PA17,L1,LINE
chr2,233415906,233415927,MA1714.1,+,9.8e-06,MIRb,MIR,SINE
chrUn_gl000239,12009,12030,MA1714.1,+,9.86e-06,L1PREC2,L1,LINE
chrUn_gl000237,30442,30463,MA1714.1,+,9.86e-06,L1PREC2,L1,LINE
chr18,887902,887923,MA1714.1,+,9.86e-06,MER117,hAT-Charlie,DNA
chr11,1685551,1685572,MA1714.1,+,9.86e-06,L1MB3,L1,LINE
chr11,1708527,1708548,MA1714.1,-,9.86e-06,L1MB3,L1,LINE
chrX,5427467,5427488,MA1714.1,+,9.86e-06,MLT1B,ERVL-MaLR,LTR
chr10,8364125,8364146,MA1714.1,+,9.86e-06,LFSINE_Vert,SINE,SINE
chr4,10356781,10356802,MA1714.1,+,9.86e-06,MER50B,ERV1,LTR
chr9,11392571,11392592,MA1714.1,+,9.86e-06,THE1B-int,ERVL-MaLR,LTR
chr6,11675304,11675325,MA1714.1,-,9.86e-06,L1ME2z,L1,LINE
chrX,11711578,11711599,MA1714.1,-,9.86e-06,L1MEe,L1,LINE
chr7,15093099,15093120,MA1714.1,-,9.86e-06,THE1D-int,ERVL-MaLR,LTR
chr7,17940162,17940183,MA1714.1,-,9.86e-06,L1M1,L1,LINE
chr7,19740994,19741015,MA1714.1,+,9.86e-06,L1MC2,L1,LINE
chr2,20529117,20529138,MA1714.1,+,9.86e-06,AluJb,Alu,SINE
chr19,23085620,23085641,MA1714.1,-,9.86e-06,AluJb,Alu,SINE
chrX,23332255,23332276,MA1714.1,-,9.86e-06,MIRb,MIR,SINE
chr9,23987386,23987407,MA1714.1,+,9.86e-06,L1MA1,L1,LINE
chr10,24037488,24037509,MA1714.1,+,9.86e-06,HAL1-3A_ME,L1,LINE
chr1,24391552,24391573,MA1714.1,+,9.86e-06,MIRc,MIR,SINE
chr17,26054792,26054813,MA1714.1,+,9.86e-06,AluJr,Alu,SINE
chr16,26801398,26801419,MA1714.1,-,9.86e-06,L1MC4a,L1,LINE
chr2,26914891,26914912,MA1714.1,+,9.86e-06,MIR3,MIR,SINE
chr7,30227329,30227350,MA1714.1,-,9.86e-06,THE1C-int,ERVL-MaLR,LTR
chr4,30569354,30569375,MA1714.1,+,9.86e-06,L1MA6,L1,LINE
chr1,31695615,31695636,MA1714.1,+,9.86e-06,MIRb,MIR,SINE
chr10,31979353,31979374,MA1714.1,-,9.86e-06,Tigger1,TcMar-Tigger,DNA
chr11,32390719,32390740,MA1714.1,-,9.86e-06,THE1B-int,ERVL-MaLR,LTR
chr16,32563933,32563954,MA1714.1,+,9.86e-06,ALR/Alpha,centr,Satellite
chr22,33114746,33114767,MA1714.1,+,9.86e-06,L1MEg,L1,LINE
chr1,33178649,33178670,MA1714.1,+,9.86e-06,MIRb,MIR,SINE
chrX,33235505,33235526,MA1714.1,-,9.86e-06,L1MDa,L1,LINE
chr18,34332136,34332157,MA1714.1,-,9.86e-06,THE1C,ERVL-MaLR,LTR
chr21,36431876,36431897,MA1714.1,-,9.86e-06,L1PA17,L1,LINE
chrX,36650603,36650624,MA1714.1,-,9.86e-06,L1MA3,L1,LINE
chr7,37685400,37685421,MA1714.1,+,9.86e-06,L1M7,L1,LINE
chr15,38245183,38245204,MA1714.1,+,9.86e-06,L1M1,L1,LINE
chr20,38399277,38399298,MA1714.1,-,9.86e-06,L1MEc,L1,LINE
chr8,40601042,40601063,MA1714.1,-,9.86e-06,L2b,L2,LINE
chr15,44639784,44639805,MA1714.1,+,9.86e-06,L1MA3,L1,LINE
chr13,44748592,44748613,MA1714.1,-,9.86e-06,L1M1,L1,LINE
chr10,45088025,45088046,MA1714.1,+,9.86e-06,L3,CR1,LINE
chr13,45934538,45934559,MA1714.1,-,9.86e-06,L1MB4,L1,LINE
chr22,46347423,46347444,MA1714.1,-,9.86e-06,L1MB5,L1,LINE
chr2,47035419,47035440,MA1714.1,+,9.86e-06,L1ME3B,L1,LINE
chr16,48740299,48740320,MA1714.1,-,9.86e-06,MLT1H,ERVL-MaLR,LTR
chr7,49998382,49998403,MA1714.1,+,9.86e-06,L1MEe,L1,LINE
chrX,50357662,50357683,MA1714.1,+,9.86e-06,L1ME4a,L1,LINE
chr19,51725282,51725303,MA1714.1,+,9.86e-06,L1ME1,L1,LINE
chr12,52118155,52118176,MA1714.1,+,9.86e-06,AluSq2,Alu,SINE
chr20,53134518,53134539,MA1714.1,+,9.86e-06,MLT1A0,ERVL-MaLR,LTR
chr19,53186009,53186030,MA1714.1,+,9.86e-06,AluJr,Alu,SINE
chr12,55531197,55531218,MA1714.1,-,9.86e-06,L1PA13,L1,LINE
chr6,55666191,55666212,MA1714.1,+,9.86e-06,MLT2F,ERVL,LTR
chr19,56123939,56123960,MA1714.1,-,9.86e-06,AluJb,Alu,SINE
chr1,57522461,57522482,MA1714.1,+,9.86e-06,AluSx,Alu,SINE
chr8,57744045,57744066,MA1714.1,+,9.86e-06,L1MC1,L1,LINE
chr18,59724283,59724304,MA1714.1,+,9.86e-06,MER1B,hAT-Charlie,DNA
chr6,61948471,61948492,MA1714.1,+,9.86e-06,HERVK9-int,ERVK,LTR
chr5,62800609,62800630,MA1714.1,-,9.86e-06,L1PA14,L1,LINE
chr5,63042328,63042349,MA1714.1,-,9.86e-06,L1M1,L1,LINE
chr8,63712596,63712617,MA1714.1,+,9.86e-06,L1PB1,L1,LINE
chr7,63928788,63928809,MA1714.1,-,9.86e-06,MER92B,ERV1,LTR
chr17,64934285,64934306,MA1714.1,+,9.86e-06,THE1B,ERVL-MaLR,LTR
chr13,66126570,66126591,MA1714.1,-,9.86e-06,L1PA13,L1,LINE
chr16,66192703,66192724,MA1714.1,+,9.86e-06,AluJb,Alu,SINE
chr5,66809330,66809351,MA1714.1,-,9.86e-06,L2b,L2,LINE
chr2,69027888,69027909,MA1714.1,+,9.86e-06,MIRb,MIR,SINE
chr16,69380994,69381015,MA1714.1,+,9.86e-06,L1MB8,L1,LINE
chr13,73766384,73766405,MA1714.1,-,9.86e-06,L1MA4A,L1,LINE
chr11,74411252,74411273,MA1714.1,+,9.86e-06,MIRb,MIR,SINE
chr6,77325044,77325065,MA1714.1,+,9.86e-06,L1M1,L1,LINE
chr11,77548572,77548593,MA1714.1,-,9.86e-06,AluSz,Alu,SINE
chr11,80936152,80936173,MA1714.1,+,9.86e-06,MIRb,MIR,SINE
chr2,83607958,83607979,MA1714.1,+,9.86e-06,MSTA-int,ERVL-MaLR,LTR
chrX,84981052,84981073,MA1714.1,-,9.86e-06,L1MA4A,L1,LINE
chr9,85404135,85404156,MA1714.1,+,9.86e-06,MLT1J2,ERVL-MaLR,LTR
chrX,87193357,87193378,MA1714.1,+,9.86e-06,HAL1,L1,LINE
chr2,88656805,88656826,MA1714.1,+,9.86e-06,L1MEe,L1,LINE
chr12,90160629,90160650,MA1714.1,+,9.86e-06,MIRb,MIR,SINE
chr13,92547836,92547857,MA1714.1,-,9.86e-06,MER65A,ERV1,LTR
chr5,93147423,93147444,MA1714.1,+,9.86e-06,MIRb,MIR,SINE
chr11,96447870,96447891,MA1714.1,-,9.86e-06,L1M1,L1,LINE
chr6,96672878,96672899,MA1714.1,-,9.86e-06,MIR,MIR,SINE
chr8,97563673,97563694,MA1714.1,-,9.86e-06,MIR,MIR,SINE
chr13,97669893,97669914,MA1714.1,-,9.86e-06,MIR,MIR,SINE
chr12,98486007,98486028,MA1714.1,+,9.86e-06,MLT1D,ERVL-MaLR,LTR
chr8,99403106,99403127,MA1714.1,-,9.86e-06,L1MEf,L1,LINE
chr8,99685850,99685871,MA1714.1,+,9.86e-06,L1MB5,L1,LINE
chr10,99906206,99906227,MA1714.1,-,9.86e-06,L1MA4,L1,LINE
chrX,100714763,100714784,MA1714.1,-,9.86e-06,MIRc,MIR,SINE
chr8,101386263,101386284,MA1714.1,-,9.86e-06,AluY,Alu,SINE
chr3,102282627,102282648,MA1714.1,-,9.86e-06,L1M3de,L1,LINE
chr12,103339303,103339324,MA1714.1,-,9.86e-06,L1M1,L1,LINE
chr8,103640954,103640975,MA1714.1,-,9.86e-06,MIRc,MIR,SINE
chr12,107640775,107640796,MA1714.1,+,9.86e-06,L1MB3,L1,LINE
chr2,108560800,108560821,MA1714.1,-,9.86e-06,HERVK9-int,ERVK,LTR
chr10,116112950,116112971,MA1714.1,+,9.86e-06,MLT1K,ERVL-MaLR,LTR
chr8,116528892,116528913,MA1714.1,-,9.86e-06,MIRc,MIR,SINE
chr11,116638613,116638634,MA1714.1,+,9.86e-06,AluJb,Alu,SINE
chr1,117622341,117622362,MA1714.1,-,9.86e-06,MIR,MIR,SINE
chr7,118082089,118082110,MA1714.1,+,9.86e-06,L1PREC2,L1,LINE
chr5,118118659,118118680,MA1714.1,+,9.86e-06,MIRb,MIR,SINE
chr7,118343584,118343605,MA1714.1,+,9.86e-06,ERVL-E-int,ERVL,LTR
chrX,121209242,121209263,MA1714.1,-,9.86e-06,L1MA3,L1,LINE
chr2,121653203,121653224,MA1714.1,+,9.86e-06,AluSx,Alu,SINE
chr11,122350795,122350816,MA1714.1,+,9.86e-06,L1MA2,L1,LINE
chr10,122513997,122514018,MA1714.1,-,9.86e-06,L1MC3,L1,LINE
chr5,124521328,124521349,MA1714.1,+,9.86e-06,L1M1,L1,LINE
chr5,126458723,126458744,MA1714.1,+,9.86e-06,ERV3-16A3_I-int,ERVL,LTR
chr9,127770933,127770954,MA1714.1,+,9.86e-06,L1MEg,L1,LINE
chr9,132342282,132342303,MA1714.1,-,9.86e-06,MIRb,MIR,SINE
chr8,132954786,132954807,MA1714.1,+,9.86e-06,MIR,MIR,SINE
chrX,133541246,133541267,MA1714.1,+,9.86e-06,MIRb,MIR,SINE
chr4,135039208,135039229,MA1714.1,+,9.86e-06,LTR40c,ERVL,LTR
chr6,135938808,135938829,MA1714.1,+,9.86e-06,MIR,MIR,SINE
chr8,139876519,139876540,MA1714.1,+,9.86e-06,MER115,hAT-Tip100,DNA
chr5,140295604,140295625,MA1714.1,-,9.86e-06,L1M1,L1,LINE
chr3,140587227,140587248,MA1714.1,-,9.86e-06,L1MA3,L1,LINE
chrX,143731206,143731227,MA1714.1,+,9.86e-06,L1MA2,L1,LINE
chrX,144348398,144348419,MA1714.1,+,9.86e-06,L1PA15,L1,LINE
chr4,144410636,144410657,MA1714.1,+,9.86e-06,L1MA1,L1,LINE
chrX,146060804,146060825,MA1714.1,-,9.86e-06,L1PA14,L1,LINE
chrX,147077813,147077834,MA1714.1,-,9.86e-06,MIRb,MIR,SINE
chrX,150319679,150319700,MA1714.1,-,9.86e-06,L1MEc,L1,LINE
chr1,150630232,150630253,MA1714.1,+,9.86e-06,HERVK9-int,ERVK,LTR
chr5,153360547,153360568,MA1714.1,+,9.86e-06,MER45C,hAT-Tip100,DNA
chr2,153938824,153938845,MA1714.1,-,9.86e-06,L1PB1,L1,LINE
chr4,160946957,160946978,MA1714.1,-,9.86e-06,AluSz6,Alu,SINE
chr4,161901692,161901713,MA1714.1,-,9.86e-06,L1M1,L1,LINE
chr2,166712154,166712175,MA1714.1,+,9.86e-06,MER96B,hAT,DNA
chr2,166812407,166812428,MA1714.1,-,9.86e-06,MER1B,hAT-Charlie,DNA
chr2,167488500,167488521,MA1714.1,-,9.86e-06,L1MA3,L1,LINE
chr4,168479820,168479841,MA1714.1,-,9.86e-06,L1PB1,L1,LINE
chr4,177285016,177285037,MA1714.1,-,9.86e-06,L1PA16,L1,LINE
chr1,179650962,179650983,MA1714.1,-,9.86e-06,L1ME1,L1,LINE
chr2,206958727,206958748,MA1714.1,+,9.86e-06,MIR,MIR,SINE
chr1,218449392,218449413,MA1714.1,-,9.86e-06,L1ME1,L1,LINE
chr1,224258490,224258511,MA1714.1,+,9.86e-06,HAL1,L1,LINE
chr1,230998444,230998465,MA1714.1,+,9.86e-06,L1MC1,L1,LINE
chr1,236257026,236257047,MA1714.1,-,9.86e-06,L1ME1,L1,LINE
chr17_ctg5_hap1,257110,257131,MA1714.1,+,9.92e-06,L1ME1,L1,LINE
chr17_ctg5_hap1,475045,475066,MA1714.1,+,9.92e-06,L1MEf,L1,LINE
chr17_ctg5_hap1,1430436,1430457,MA1714.1,-,9.92e-06,L1MEf,L1,LINE
chr2,1765398,1765419,MA1714.1,+,9.92e-06,L1PA5,L1,LINE
chr18,3047859,3047880,MA1714.1,+,9.92e-06,AluJb,Alu,SINE
chr12,3235973,3235994,MA1714.1,+,9.92e-06,AluJo,Alu,SINE
chrX,4389297,4389318,MA1714.1,+,9.92e-06,AluJr,Alu,SINE
chr11,4472055,4472076,MA1714.1,-,9.92e-06,L3,CR1,LINE
chr17,5913372,5913393,MA1714.1,-,9.92e-06,L1MC3,L1,LINE
chr20,6744664,6744685,MA1714.1,+,9.92e-06,MER1B,hAT-Charlie,DNA
chr5,8005593,8005614,MA1714.1,+,9.92e-06,MSTC-int,ERVL-MaLR,LTR
chr5,8174501,8174522,MA1714.1,+,9.92e-06,MER50,ERV1,LTR
chr12,8251011,8251032,MA1714.1,+,9.92e-06,AluJr,Alu,SINE
chr2,8787883,8787904,MA1714.1,+,9.92e-06,MER52C,ERV1,LTR
chr7,9558671,9558692,MA1714.1,+,9.92e-06,L1M2,L1,LINE
chr11,10151302,10151323,MA1714.1,+,9.92e-06,AluJb,Alu,SINE
chr8,11174823,11174844,MA1714.1,-,9.92e-06,MER1B,hAT-Charlie,DNA
chr16,12524099,12524120,MA1714.1,+,9.92e-06,MER1B,hAT-Charlie,DNA
chr20,13174432,13174453,MA1714.1,-,9.92e-06,MLT1L,ERVL-MaLR,LTR
chr2,13202305,13202326,MA1714.1,+,9.92e-06,L1MD2,L1,LINE
chr2,13912983,13913004,MA1714.1,-,9.92e-06,L1M4c,L1,LINE
chr18,14343357,14343378,MA1714.1,+,9.92e-06,MLT1K,ERVL-MaLR,LTR
chr8,14463097,14463118,MA1714.1,-,9.92e-06,L1MA2,L1,LINE
chr20,14878504,14878525,MA1714.1,-,9.92e-06,MLT1A0,ERVL-MaLR,LTR
chr7,15189773,15189794,MA1714.1,-,9.92e-06,L1PA15,L1,LINE
chr21,15214600,15214621,MA1714.1,-,9.92e-06,MLT1K,ERVL-MaLR,LTR
chr7,18816136,18816157,MA1714.1,-,9.92e-06,L2a,L2,LINE
chr13,19311385,19311406,MA1714.1,-,9.92e-06,MLT1K,ERVL-MaLR,LTR
chr21,19804796,19804817,MA1714.1,+,9.92e-06,MLT1C,ERVL-MaLR,LTR
chr16,22416031,22416052,MA1714.1,+,9.92e-06,MER1A,hAT-Charlie,DNA
chr7,25249533,25249554,MA1714.1,-,9.92e-06,L1MA9,L1,LINE
chr18,26616646,26616667,MA1714.1,-,9.92e-06,L1MC1,L1,LINE
chr9,27045346,27045367,MA1714.1,+,9.92e-06,MER1B,hAT-Charlie,DNA
chr7,27268551,27268572,MA1714.1,-,9.92e-06,MIR,MIR,SINE
chr7,30242281,30242302,MA1714.1,+,9.92e-06,MLT1J2,ERVL-MaLR,LTR
chr8,30748981,30749002,MA1714.1,-,9.92e-06,L1MEd,L1,LINE
chr17,31658277,31658298,MA1714.1,+,9.92e-06,MER1B,hAT-Charlie,DNA
chrX,31759372,31759393,MA1714.1,-,9.92e-06,Tigger1,TcMar-Tigger,DNA
chr7,32173715,32173736,MA1714.1,+,9.92e-06,L1MEf,L1,LINE
chr9,32700241,32700262,MA1714.1,+,9.92e-06,LTR78,ERV1,LTR
chr17,32885657,32885678,MA1714.1,+,9.92e-06,Tigger3,TcMar-Tigger,DNA
chrX,33232543,33232564,MA1714.1,-,9.92e-06,L1MD2,L1,LINE
chr12,34079165,34079186,MA1714.1,-,9.92e-06,AluSq2,Alu,SINE
chr8,34205852,34205873,MA1714.1,-,9.92e-06,L1MC3,L1,LINE
chr21,35668691,35668712,MA1714.1,+,9.92e-06,MER1B,hAT-Charlie,DNA
chrX,35954307,35954328,MA1714.1,-,9.92e-06,L1MD2,L1,LINE
chr8,36751952,36751973,MA1714.1,+,9.92e-06,Cheshire,hAT-Charlie,DNA
chr5,38047835,38047856,MA1714.1,+,9.92e-06,MIRc,MIR,SINE
chr8,38909648,38909669,MA1714.1,-,9.92e-06,L1MC,L1,LINE
chr20,39259467,39259488,MA1714.1,-,9.92e-06,MLT1K,ERVL-MaLR,LTR
chr22,40051151,40051172,MA1714.1,+,9.92e-06,MIRb,MIR,SINE
chr9,42475105,42475126,MA1714.1,+,9.92e-06,MLT1K,ERVL-MaLR,LTR
chrX,42641489,42641510,MA1714.1,+,9.92e-06,MER31-int,ERV1,LTR
chr2,42906099,42906120,MA1714.1,-,9.92e-06,MIRc,MIR,SINE
chr9,43026776,43026797,MA1714.1,-,9.92e-06,MLT1K,ERVL-MaLR,LTR
chr11,43467382,43467403,MA1714.1,+,9.92e-06,L3,CR1,LINE
chr9,44014724,44014745,MA1714.1,-,9.92e-06,MLT1K,ERVL-MaLR,LTR
chr17,44573597,44573618,MA1714.1,-,9.92e-06,L1ME3F,L1,LINE
chr19,45109038,45109059,MA1714.1,-,9.92e-06,LTR79,ERVL,LTR
chr13,45318661,45318682,MA1714.1,-,9.92e-06,MLT1K,ERVL-MaLR,LTR
chr12,46830874,46830895,MA1714.1,-,9.92e-06,MIRc,MIR,SINE
chr19,46831161,46831182,MA1714.1,-,9.92e-06,MER77B,ERVL,LTR
chr16,47652830,47652851,MA1714.1,+,9.92e-06,L2c,L2,LINE
chr16,47982370,47982391,MA1714.1,-,9.92e-06,MIRb,MIR,SINE
chr13,48146602,48146623,MA1714.1,+,9.92e-06,THE1C-int,ERVL-MaLR,LTR
chr18,49631451,49631472,MA1714.1,+,9.92e-06,L1ME1,L1,LINE
chr6,50223713,50223734,MA1714.1,-,9.92e-06,L1PA13,L1,LINE
chr13,50738398,50738419,MA1714.1,+,9.92e-06,Arthur1,hAT-Tip100,DNA
chr5,51143821,51143842,MA1714.1,-,9.92e-06,L2,L2,LINE
chr14,52326280,52326301,MA1714.1,-,9.92e-06,MIR,MIR,SINE
chr16,53547698,53547719,MA1714.1,-,9.92e-06,THE1A-int,ERVL-MaLR,LTR
chr18,54480808,54480829,MA1714.1,-,9.92e-06,L1MD,L1,LINE
chr16,54623983,54624004,MA1714.1,+,9.92e-06,L1MC4,L1,LINE
chr10,55115931,55115952,MA1714.1,+,9.92e-06,L1PB4,L1,LINE
chr1,55809556,55809577,MA1714.1,+,9.92e-06,THE1A-int,ERVL-MaLR,LTR
chr14,56401600,56401621,MA1714.1,+,9.92e-06,AluSx3,Alu,SINE
chr15,56474453,56474474,MA1714.1,+,9.92e-06,MER1A,hAT-Charlie,DNA
chr14,56741997,56742018,MA1714.1,-,9.92e-06,MER1A,hAT-Charlie,DNA
chr19,56859201,56859222,MA1714.1,+,9.92e-06,HUERS-P3-int,ERV1,LTR
chr2,56871050,56871071,MA1714.1,+,9.92e-06,MLT1C,ERVL-MaLR,LTR
chrX,56884403,56884424,MA1714.1,-,9.92e-06,THE1A-int,ERVL-MaLR,LTR
chr17,57264437,57264458,MA1714.1,+,9.92e-06,AluJb,Alu,SINE
chr1,58207009,58207030,MA1714.1,-,9.92e-06,MIR,MIR,SINE
chr1,59033311,59033332,MA1714.1,+,9.92e-06,MER91A,hAT-Tip100,DNA
chr12,59866022,59866043,MA1714.1,+,9.92e-06,HERV9-int,ERV1,LTR
chr16,60165374,60165395,MA1714.1,+,9.92e-06,AluSz,Alu,SINE
chr2,60576053,60576074,MA1714.1,+,9.92e-06,MIRb,MIR,SINE
chr2,61532736,61532757,MA1714.1,+,9.92e-06,L1MEg,L1,LINE
chr14,62434026,62434047,MA1714.1,-,9.92e-06,L2c,L2,LINE
chr6,62755409,62755430,MA1714.1,+,9.92e-06,L2a,L2,LINE
chr17,62909826,62909847,MA1714.1,+,9.92e-06,L1MEf,L1,LINE
chr12,64950581,64950602,MA1714.1,-,9.92e-06,ERV3-16A3_I-int,ERVL,LTR
chr18,65012947,65012968,MA1714.1,+,9.92e-06,MER1B,hAT-Charlie,DNA
chr13,66347974,66347995,MA1714.1,+,9.92e-06,L1MEg2,L1,LINE
chr9,66362162,66362183,MA1714.1,-,9.92e-06,MLT1K,ERVL-MaLR,LTR
chr5,67039835,67039856,MA1714.1,+,9.92e-06,MER1B,hAT-Charlie,DNA
chr17,68613915,68613936,MA1714.1,+,9.92e-06,LTR78,ERV1,LTR
chr4,68982436,68982457,MA1714.1,+,9.92e-06,L1M3,L1,LINE
chr9,69482543,69482564,MA1714.1,+,9.92e-06,MLT1K,ERVL-MaLR,LTR
chr15,69845613,69845634,MA1714.1,+,9.92e-06,MIRb,MIR,SINE
chr7,70172143,70172164,MA1714.1,-,9.92e-06,MIRb,MIR,SINE
chr4,71682487,71682508,MA1714.1,+,9.92e-06,L1ME2z,L1,LINE
chr5,75029614,75029635,MA1714.1,-,9.92e-06,MLT1A0,ERVL-MaLR,LTR
chr16,78876286,78876307,MA1714.1,+,9.92e-06,AluJr,Alu,SINE
chr9,81937922,81937943,MA1714.1,-,9.92e-06,L1MB2,L1,LINE
chr15,82603588,82603609,MA1714.1,-,9.92e-06,HAL1,L1,LINE
chr8,83284180,83284201,MA1714.1,-,9.92e-06,SATR1,Satellite,Satellite
chr7,83556432,83556453,MA1714.1,+,9.92e-06,ERVL-B4-int,ERVL,LTR
chr12,84426975,84426996,MA1714.1,+,9.92e-06,MER52A,ERV1,LTR
chr15,84645115,84645136,MA1714.1,-,9.92e-06,MER1A,hAT-Charlie,DNA
chr12,84873015,84873036,MA1714.1,+,9.92e-06,L1MA5A,L1,LINE
chr6,88846276,88846297,MA1714.1,+,9.92e-06,MIRb,MIR,SINE
chr14,89234235,89234256,MA1714.1,-,9.92e-06,L1MC4a,L1,LINE
chr4,90065771,90065792,MA1714.1,-,9.92e-06,L1PA15,L1,LINE
chr5,92302106,92302127,MA1714.1,+,9.92e-06,MER1B,hAT-Charlie,DNA
chr8,92376811,92376832,MA1714.1,-,9.92e-06,LFSINE_Vert,SINE,SINE
chr15,93687364,93687385,MA1714.1,+,9.92e-06,AluY,Alu,SINE
chr15,94083034,94083055,MA1714.1,-,9.92e-06,L1MC3,L1,LINE
chr9,94369959,94369980,MA1714.1,+,9.92e-06,L1ME3E,L1,LINE
chr8,94468709,94468730,MA1714.1,-,9.92e-06,MER1A,hAT-Charlie,DNA
chr2,95420197,95420218,MA1714.1,-,9.92e-06,MLT1K,ERVL-MaLR,LTR
chr10,97835871,97835892,MA1714.1,+,9.92e-06,MLT1L,ERVL-MaLR,LTR
chr11,98090278,98090299,MA1714.1,-,9.92e-06,L1M5,L1,LINE
chrX,98308727,98308748,MA1714.1,+,9.92e-06,THE1A-int,ERVL-MaLR,LTR
chr8,99833603,99833624,MA1714.1,+,9.92e-06,MER1B,hAT-Charlie,DNA
chr14,105382916,105382937,MA1714.1,+,9.92e-06,L1MC5,L1,LINE
chr2,108285687,108285708,MA1714.1,-,9.92e-06,L1MC2,L1,LINE
chr2,120285046,120285067,MA1714.1,+,9.92e-06,LTR49,ERV1,LTR
chr12,122664293,122664314,MA1714.1,+,9.92e-06,AluSc,Alu,SINE
chr5,123271633,123271654,MA1714.1,-,9.92e-06,HUERS-P3b-int,ERV1,LTR
chr2,124266264,124266285,MA1714.1,+,9.92e-06,L1ME1,L1,LINE
chr5,126881818,126881839,MA1714.1,-,9.92e-06,L1MEg,L1,LINE
chr8,128177820,128177841,MA1714.1,-,9.92e-06,AluSx,Alu,SINE
chr12,128651589,128651610,MA1714.1,-,9.92e-06,MLT1D,ERVL-MaLR,LTR
chr7,128748637,128748658,MA1714.1,-,9.92e-06,MLT1C-int,ERVL-MaLR,LTR
chr8,132005052,132005073,MA1714.1,+,9.92e-06,L1ME4a,L1,LINE
chr12,133459532,133459553,MA1714.1,-,9.92e-06,AluJo,Alu,SINE
chr2,133938978,133938999,MA1714.1,+,9.92e-06,L1MD1,L1,LINE
chr11,134354681,134354702,MA1714.1,-,9.92e-06,MIR,MIR,SINE
chr2,144328896,144328917,MA1714.1,+,9.92e-06,MER1A,hAT-Charlie,DNA
chr5,147249158,147249179,MA1714.1,+,9.92e-06,LTR8,ERV1,LTR
chr5,148282269,148282290,MA1714.1,+,9.92e-06,L1MEg,L1,LINE
chr7,149015511,149015532,MA1714.1,-,9.92e-06,L1PA17,L1,LINE
chr3,158996938,158996959,MA1714.1,+,9.92e-06,THE1B,ERVL-MaLR,LTR
chr2,160125582,160125603,MA1714.1,+,9.92e-06,L1ME3B,L1,LINE
chr5,160704898,160704919,MA1714.1,-,9.92e-06,MLT1C,ERVL-MaLR,LTR
chr1,163630345,163630366,MA1714.1,-,9.92e-06,MIRb,MIR,SINE
chr3,173716004,173716025,MA1714.1,-,9.92e-06,MIR,MIR,SINE
chr5,178115987,178116008,MA1714.1,-,9.92e-06,L1MA9,L1,LINE
chr3,179756533,179756554,MA1714.1,+,9.92e-06,MIRc,MIR,SINE
chr1,180684673,180684694,MA1714.1,-,9.92e-06,MIR3,MIR,SINE
chr1,195122630,195122651,MA1714.1,+,9.92e-06,L1M5,L1,LINE
chr2,196208762,196208783,MA1714.1,+,9.92e-06,MLT1F-int,ERVL-MaLR,LTR
chr1,198310925,198310946,MA1714.1,-,9.92e-06,MER1B,hAT-Charlie,DNA
chr2,216354395,216354416,MA1714.1,+,9.92e-06,LTR33A,ERVL,LTR
chr2,218264662,218264683,MA1714.1,-,9.92e-06,MIRb,MIR,SINE
chr1,234154833,234154854,MA1714.1,+,9.92e-06,L3,CR1,LINE
chr1,236191399,236191420,MA1714.1,+,9.92e-06,L1ME4a,L1,LINE
chr1,238547145,238547166,MA1714.1,-,9.92e-06,L1MC3,L1,LINE
chrUn_gl000219,47981,48002,MA1714.1,+,9.98e-06,Tigger1,TcMar-Tigger,DNA
chr9,670404,670425,MA1714.1,-,9.98e-06,L1MA4,L1,LINE
chr19,2119948,2119969,MA1714.1,+,9.98e-06,AluSx,Alu,SINE
chr1,4701644,4701665,MA1714.1,-,9.98e-06,Charlie1a,hAT-Charlie,DNA
chr18,5187782,5187803,MA1714.1,-,9.98e-06,MSTD-int,ERVL-MaLR,LTR
chr17,5558899,5558920,MA1714.1,+,9.98e-06,MIRb,MIR,SINE
chr5,8525558,8525579,MA1714.1,+,9.98e-06,MER21A,ERVL,LTR
chrY,8655228,8655249,MA1714.1,+,9.98e-06,AluJo,Alu,SINE
chr16,9865101,9865122,MA1714.1,-,9.98e-06,L1MEg,L1,LINE
chr1,10621503,10621524,MA1714.1,-,9.98e-06,L1MC4,L1,LINE
chr9,11174831,11174852,MA1714.1,+,9.98e-06,L1MEf,L1,LINE
chr16,11294709,11294730,MA1714.1,+,9.98e-06,L1MEd,L1,LINE
chr18,11765595,11765616,MA1714.1,-,9.98e-06,L1MA4,L1,LINE
chr20,13804403,13804424,MA1714.1,-,9.98e-06,MIRb,MIR,SINE
chr8,15138211,15138232,MA1714.1,+,9.98e-06,Tigger1,TcMar-Tigger,DNA
chr9,18364046,18364067,MA1714.1,+,9.98e-06,L1MEd,L1,LINE
chr4,19029043,19029064,MA1714.1,+,9.98e-06,MIR,MIR,SINE
chr21,19754431,19754452,MA1714.1,+,9.98e-06,MIR,MIR,SINE
chr19,21775487,21775508,MA1714.1,-,9.98e-06,MIRb,MIR,SINE
chr11,26338414,26338435,MA1714.1,-,9.98e-06,MER11D,ERVK,LTR
chr1,26628911,26628932,MA1714.1,+,9.98e-06,MIRc,MIR,SINE
chr4,28101488,28101509,MA1714.1,-,9.98e-06,AluSc5,Alu,SINE
chr5,28123095,28123116,MA1714.1,-,9.98e-06,HERVL-int,ERVL,LTR
chr10,28587079,28587100,MA1714.1,-,9.98e-06,Tigger1,TcMar-Tigger,DNA
chr18,28834137,28834158,MA1714.1,-,9.98e-06,L1MA9,L1,LINE
chr5,28836205,28836226,MA1714.1,-,9.98e-06,MSTD-int,ERVL-MaLR,LTR
chr17,29028843,29028864,MA1714.1,-,9.98e-06,AluJo,Alu,SINE
chr3,30954864,30954885,MA1714.1,-,9.98e-06,MER5B,hAT-Charlie,DNA
chr12,34144283,34144304,MA1714.1,+,9.98e-06,L1MEg,L1,LINE
chr7,34582084,34582105,MA1714.1,-,9.98e-06,L1MA7,L1,LINE
chr11,36640078,36640099,MA1714.1,+,9.98e-06,L2a,L2,LINE
chr11,38755956,38755977,MA1714.1,-,9.98e-06,THE1C-int,ERVL-MaLR,LTR
chr8,39425423,39425444,MA1714.1,-,9.98e-06,L1MD,L1,LINE
chr8,39458363,39458384,MA1714.1,+,9.98e-06,ERVL-B4-int,ERVL,LTR
chr19,40250725,40250746,MA1714.1,+,9.98e-06,L1MB1,L1,LINE
chr8,41069686,41069707,MA1714.1,+,9.98e-06,ERVL-E-int,ERVL,LTR
chr6,46471061,46471082,MA1714.1,+,9.98e-06,MIR3,MIR,SINE
chr16,46751940,46751961,MA1714.1,+,9.98e-06,MER106A,hAT-Charlie,DNA
chr15,46828305,46828326,MA1714.1,-,9.98e-06,L1MC1,L1,LINE
chr13,47973815,47973836,MA1714.1,-,9.98e-06,MIR,MIR,SINE
chr13,48364158,48364179,MA1714.1,+,9.98e-06,THE1A,ERVL-MaLR,LTR
chr4,49570687,49570708,MA1714.1,+,9.98e-06,MST-int,ERVL-MaLR,LTR
chr4,52812389,52812410,MA1714.1,+,9.98e-06,MSTA-int,ERVL-MaLR,LTR
chr8,52927881,52927902,MA1714.1,-,9.98e-06,L1MB1,L1,LINE
chr10,58954299,58954320,MA1714.1,+,9.98e-06,MLT1D,ERVL-MaLR,LTR
chr20,59405621,59405642,MA1714.1,-,9.98e-06,L1MD3,L1,LINE
chr1,59519093,59519114,MA1714.1,+,9.98e-06,MIRb,MIR,SINE
chr15,60254832,60254853,MA1714.1,+,9.98e-06,L1MB1,L1,LINE
chr5,61058922,61058943,MA1714.1,-,9.98e-06,L1ME1,L1,LINE
chr11,61591510,61591531,MA1714.1,-,9.98e-06,MIRc,MIR,SINE
chr11,61650678,61650699,MA1714.1,-,9.98e-06,L1MB3,L1,LINE
chr2,61923862,61923883,MA1714.1,-,9.98e-06,AluJb,Alu,SINE
chr10,63109026,63109047,MA1714.1,+,9.98e-06,MIR,MIR,SINE
chr8,63252845,63252866,MA1714.1,-,9.98e-06,MER39,ERV1,LTR
chr14,64017211,64017232,MA1714.1,+,9.98e-06,AluJr,Alu,SINE
chr4,64786150,64786171,MA1714.1,-,9.98e-06,L1MA3,L1,LINE
chr4,66678463,66678484,MA1714.1,+,9.98e-06,HERVL-int,ERVL,LTR
chr10,68107573,68107594,MA1714.1,+,9.98e-06,L1MEg,L1,LINE
chr12,69343361,69343382,MA1714.1,+,9.98e-06,MIRb,MIR,SINE
chr18,69920621,69920642,MA1714.1,+,9.98e-06,L1ME1,L1,LINE
chr15,70886417,70886438,MA1714.1,-,9.98e-06,L1MEe,L1,LINE
chr1,71660572,71660593,MA1714.1,-,9.98e-06,Tigger1,TcMar-Tigger,DNA
chr1,73758608,73758629,MA1714.1,-,9.98e-06,L1M4,L1,LINE
chr2,75536665,75536686,MA1714.1,+,9.98e-06,Tigger1,TcMar-Tigger,DNA
chr17,76078906,76078927,MA1714.1,-,9.98e-06,MER11D,ERVK,LTR
chr14,78747221,78747242,MA1714.1,-,9.98e-06,MIRc,MIR,SINE
chr15,81890338,81890359,MA1714.1,-,9.98e-06,L1MC1,L1,LINE
chr10,82169570,82169591,MA1714.1,-,9.98e-06,MIRc,MIR,SINE
chr11,83217002,83217023,MA1714.1,-,9.98e-06,HERVL-int,ERVL,LTR
chr4,84444119,84444140,MA1714.1,+,9.98e-06,MER39,ERV1,LTR
chr7,84449882,84449903,MA1714.1,+,9.98e-06,L1MC3,L1,LINE
chr12,84816495,84816516,MA1714.1,+,9.98e-06,L1MEd,L1,LINE
chr7,85123727,85123748,MA1714.1,-,9.98e-06,LTR27,ERV1,LTR
chr1,85160701,85160722,MA1714.1,+,9.98e-06,Tigger1,TcMar-Tigger,DNA
chr10,85210236,85210257,MA1714.1,+,9.98e-06,AluJr,Alu,SINE
chr11,85516062,85516083,MA1714.1,-,9.98e-06,MIRb,MIR,SINE
chr14,87473144,87473165,MA1714.1,-,9.98e-06,L1MA9,L1,LINE
chr11,87531921,87531942,MA1714.1,+,9.98e-06,L1MEe,L1,LINE
chrX,87784454,87784475,MA1714.1,-,9.98e-06,LOR1-int,ERV1,LTR
chr14,89060118,89060139,MA1714.1,+,9.98e-06,L1M4,L1,LINE
chr2,89626556,89626577,MA1714.1,+,9.98e-06,L1MEg,L1,LINE
chr2,89894596,89894617,MA1714.1,-,9.98e-06,L1MEg,L1,LINE
chr7,90989518,90989539,MA1714.1,+,9.98e-06,MIRc,MIR,SINE
chr8,91860096,91860117,MA1714.1,-,9.98e-06,THE1B-int,ERVL-MaLR,LTR
chr4,96545169,96545190,MA1714.1,-,9.98e-06,MLT1F2,ERVL-MaLR,LTR
chr8,99612120,99612141,MA1714.1,+,9.98e-06,AluSq2,Alu,SINE
chr13,101210003,101210024,MA1714.1,+,9.98e-06,L1ME1,L1,LINE
chr11,103248038,103248059,MA1714.1,-,9.98e-06,L1MA6,L1,LINE
chr11,103708125,103708146,MA1714.1,+,9.98e-06,L1PA15,L1,LINE
chr2,104591990,104592011,MA1714.1,-,9.98e-06,L1MA9,L1,LINE
chr2,106704689,106704710,MA1714.1,-,9.98e-06,L1MDa,L1,LINE
chr5,107081829,107081850,MA1714.1,-,9.98e-06,L3,CR1,LINE
chr7,108666689,108666710,MA1714.1,-,9.98e-06,MLT1I,ERVL-MaLR,LTR
chr3,112694531,112694552,MA1714.1,-,9.98e-06,MLT1D,ERVL-MaLR,LTR
chr12,115703728,115703749,MA1714.1,+,9.98e-06,MIRb,MIR,SINE
chrX,125073226,125073247,MA1714.1,-,9.98e-06,MER57-int,ERV1,LTR
chrX,126170567,126170588,MA1714.1,-,9.98e-06,THE1C,ERVL-MaLR,LTR
chr2,128634270,128634291,MA1714.1,+,9.98e-06,MIR,MIR,SINE
chr8,133422342,133422363,MA1714.1,+,9.98e-06,AluJb,Alu,SINE
chr7,134736846,134736867,MA1714.1,-,9.98e-06,L1MC5,L1,LINE
chr3,136878160,136878181,MA1714.1,-,9.98e-06,MLT1L,ERVL-MaLR,LTR
chr4,140586126,140586147,MA1714.1,-,9.98e-06,AluJo,Alu,SINE
chr5,140828037,140828058,MA1714.1,-,9.98e-06,L1MC4a,L1,LINE
chr4,143190674,143190695,MA1714.1,+,9.98e-06,L1MA8,L1,LINE
chr7,144927960,144927981,MA1714.1,-,9.98e-06,L1PA15,L1,LINE
chr3,145295217,145295238,MA1714.1,-,9.98e-06,MER50-int,ERV1,LTR
chrX,146275737,146275758,MA1714.1,+,9.98e-06,MSTA-int,ERVL-MaLR,LTR
chr6,149153201,149153222,MA1714.1,-,9.98e-06,AluSx,Alu,SINE
chr6,149686841,149686862,MA1714.1,-,9.98e-06,L1MEf,L1,LINE
chr7,151048176,151048197,MA1714.1,+,9.98e-06,L1MB7,L1,LINE
chrX,153367732,153367753,MA1714.1,+,9.98e-06,L1MA6,L1,LINE
chr6,153793491,153793512,MA1714.1,-,9.98e-06,L1MEc,L1,LINE
chr3,154771451,154771472,MA1714.1,+,9.98e-06,MLT1C-int,ERVL-MaLR,LTR
chr6,160797015,160797036,MA1714.1,+,9.98e-06,MIR,MIR,SINE
chr4,161676283,161676304,MA1714.1,-,9.98e-06,ERV3-16A3_I-int,ERVL,LTR
chr1,164179547,164179568,MA1714.1,+,9.98e-06,ERVL-B4-int,ERVL,LTR
chr5,164868407,164868428,MA1714.1,-,9.98e-06,THE1B,ERVL-MaLR,LTR
chr4,165971910,165971931,MA1714.1,+,9.98e-06,AluJb,Alu,SINE
chr6,167834438,167834459,MA1714.1,+,9.98e-06,MER34,ERV1,LTR
chr6,168822310,168822331,MA1714.1,-,9.98e-06,L1MA9,L1,LINE
chr3,172598150,172598171,MA1714.1,+,9.98e-06,THE1B-int,ERVL-MaLR,LTR
chr1,174140768,174140789,MA1714.1,-,9.98e-06,L1MA9,L1,LINE
chr5,178486750,178486771,MA1714.1,+,9.98e-06,L1MA4A,L1,LINE
chr4,186167873,186167894,MA1714.1,-,9.98e-06,L1M5,L1,LINE
chr2,187301869,187301890,MA1714.1,+,9.98e-06,HERVL18-int,ERVL,LTR
chr4,189092412,189092433,MA1714.1,+,9.98e-06,MLT1D,ERVL-MaLR,LTR
chr4,190140424,190140445,MA1714.1,+,9.98e-06,L1M5,L1,LINE
chr1,193896166,193896187,MA1714.1,-,9.98e-06,MER52A,ERV1,LTR
chr1,199043482,199043503,MA1714.1,+,9.98e-06,HAL1,L1,LINE
chr2,216086360,216086381,MA1714.1,+,9.98e-06,L1PA4,L1,LINE
chr1,219291683,219291704,MA1714.1,+,9.98e-06,L1PA13,L1,LINE
chr2,223220175,223220196,MA1714.1,-,9.98e-06,L1MC4,L1,LINE
chr1,229185080,229185101,MA1714.1,+,9.98e-06,AluJb,Alu,SINE
chr2,235722433,235722454,MA1714.1,-,9.98e-06,LTR78,ERV1,LTR
chr6_qbl_hap6,1748960,1748981,MA1714.1,-,1e-05,AluSg,Alu,SINE
chr6_dbb_hap3,1749684,1749705,MA1714.1,-,1e-05,AluSg,Alu,SINE
chr6_ssto_hap7,1788334,1788355,MA1714.1,-,1e-05,AluSg,Alu,SINE
chr6_mann_hap4,1804122,1804143,MA1714.1,-,1e-05,AluSg,Alu,SINE
chr6_cox_hap2,1968108,1968129,MA1714.1,-,1e-05,AluSg,Alu,SINE
chr4,2619310,2619331,MA1714.1,-,1e-05,L1ME1,L1,LINE
chr6_qbl_hap6,3707227,3707248,MA1714.1,-,1e-05,HERVK3-int,ERVK,LTR
chr6_dbb_hap3,3724395,3724416,MA1714.1,-,1e-05,HERVK3-int,ERVK,LTR
chr6_apd_hap1,3760701,3760722,MA1714.1,-,1e-05,HERVK3-int,ERVK,LTR
chr6_mann_hap4,3788394,3788415,MA1714.1,-,1e-05,HERVK3-int,ERVK,LTR
chr6_ssto_hap7,3793101,3793122,MA1714.1,-,1e-05,HERVK3-int,ERVK,LTR
chr6_mcf_hap5,3824989,3825010,MA1714.1,-,1e-05,HERVK3-int,ERVK,LTR
chr6_cox_hap2,3916729,3916750,MA1714.1,-,1e-05,HERVK3-int,ERVK,LTR
chr3,6349374,6349395,MA1714.1,-,1e-05,MER11D,ERVK,LTR
chr20,6479478,6479499,MA1714.1,+,1e-05,L1M5,L1,LINE
chr6,7192454,7192475,MA1714.1,-,1e-05,AluSz6,Alu,SINE
chr5,7299268,7299289,MA1714.1,+,1e-05,L1MEg,L1,LINE
chr11,8488607,8488628,MA1714.1,-,1e-05,THE1B-int,ERVL-MaLR,LTR
chr5,10857808,10857829,MA1714.1,+,1e-05,LTR16A1,ERVL,LTR
chr11,10936771,10936792,MA1714.1,-,1e-05,MLT1D,ERVL-MaLR,LTR
chr2,11840091,11840112,MA1714.1,+,1e-05,MIRb,MIR,SINE
chr19,11970628,11970649,MA1714.1,-,1e-05,HERVK3-int,ERVK,LTR
chr16,12436492,12436513,MA1714.1,-,1e-05,MIR,MIR,SINE
chr2,12448415,12448436,MA1714.1,-,1e-05,L1M7,L1,LINE
chr16,13043908,13043929,MA1714.1,-,1e-05,L1MA4,L1,LINE
chr7,13164883,13164904,MA1714.1,-,1e-05,L1PA6,L1,LINE
chr5,16778518,16778539,MA1714.1,+,1e-05,MER61C,ERV1,LTR
chrX,18214666,18214687,MA1714.1,+,1e-05,L1MD2,L1,LINE
chrY,22104883,22104904,MA1714.1,-,1e-05,L1MA2,L1,LINE
chr9,22903852,22903873,MA1714.1,-,1e-05,MIRb,MIR,SINE
chr15,23105932,23105953,MA1714.1,-,1e-05,L1MEg,L1,LINE
chr1,25002442,25002463,MA1714.1,-,1e-05,AluSg7,Alu,SINE
chr11,27375984,27376005,MA1714.1,-,1e-05,MIR,MIR,SINE
chr7,27512393,27512414,MA1714.1,-,1e-05,L1MB7,L1,LINE
chr17,28151926,28151947,MA1714.1,+,1e-05,MLT1K,ERVL-MaLR,LTR
chr5,28551427,28551448,MA1714.1,-,1e-05,THE1C-int,ERVL-MaLR,LTR
chr22,28858802,28858823,MA1714.1,-,1e-05,MER5A,hAT-Charlie,DNA
chr15,29086760,29086781,MA1714.1,+,1e-05,L1MEg,L1,LINE
chr12,29531804,29531825,MA1714.1,+,1e-05,MIRb,MIR,SINE
chrX,29828774,29828795,MA1714.1,-,1e-05,L1MEg,L1,LINE
chr6,30456044,30456065,MA1714.1,-,1e-05,AluSg,Alu,SINE
chr6,32446317,32446338,MA1714.1,-,1e-05,HERVK3-int,ERVK,LTR
chr17,33744320,33744341,MA1714.1,+,1e-05,L1MEg,L1,LINE
chr6,34098494,34098515,MA1714.1,-,1e-05,MIRb,MIR,SINE
chr11,34360531,34360552,MA1714.1,+,1e-05,MIRb,MIR,SINE
chr21,34702460,34702481,MA1714.1,+,1e-05,L1M4c,L1,LINE
chr17,35048617,35048638,MA1714.1,-,1e-05,MIR,MIR,SINE
chr17,35066643,35066664,MA1714.1,-,1e-05,L1ME4a,L1,LINE
chr16,35212495,35212516,MA1714.1,-,1e-05,ALR/Alpha,centr,Satellite
chr3,36686125,36686146,MA1714.1,-,1e-05,L1MA9,L1,LINE
chr10,38129485,38129506,MA1714.1,+,1e-05,L1MC3,L1,LINE
chrX,38307748,38307769,MA1714.1,-,1e-05,L1MA4,L1,LINE
chr2,38320535,38320556,MA1714.1,-,1e-05,MIRb,MIR,SINE
chr5,40085340,40085361,MA1714.1,+,1e-05,L1MDa,L1,LINE
chr22,42860689,42860710,MA1714.1,+,1e-05,L1MEd,L1,LINE
chrX,43291881,43291902,MA1714.1,+,1e-05,L1MA10,L1,LINE
chr3,43608887,43608908,MA1714.1,+,1e-05,L1PA2,L1,LINE
chr20,43897151,43897172,MA1714.1,+,1e-05,LTR67B,ERVL,LTR
chr6,46246092,46246113,MA1714.1,-,1e-05,L1MC4,L1,LINE
chr13,46284148,46284169,MA1714.1,+,1e-05,MIRb,MIR,SINE
chr11,48575365,48575386,MA1714.1,-,1e-05,L1PA6,L1,LINE
chr22,50202208,50202229,MA1714.1,+,1e-05,L1MB3,L1,LINE
chrX,50369001,50369022,MA1714.1,-,1e-05,MIR,MIR,SINE
chr7,51562741,51562762,MA1714.1,-,1e-05,L1MA1,L1,LINE
chr19,52835801,52835822,MA1714.1,+,1e-05,HERVK3-int,ERVK,LTR
chr8,52940104,52940125,MA1714.1,-,1e-05,L1PA4,L1,LINE
chr4,53226162,53226183,MA1714.1,+,1e-05,MIR,MIR,SINE
chr11,55101185,55101206,MA1714.1,-,1e-05,L1PA6,L1,LINE
chr12,55879368,55879389,MA1714.1,+,1e-05,L1PA2,L1,LINE
chr18,57266833,57266854,MA1714.1,+,1e-05,MIR,MIR,SINE
chr12,57473184,57473205,MA1714.1,-,1e-05,MIRb,MIR,SINE
chr4,59017405,59017426,MA1714.1,+,1e-05,L1PA7,L1,LINE
chr7,62187075,62187096,MA1714.1,+,1e-05,ALR/Alpha,centr,Satellite
chr1,64792378,64792399,MA1714.1,-,1e-05,MIRc,MIR,SINE
chr16,66400227,66400248,MA1714.1,+,1e-05,MIRb,MIR,SINE
chrX,66487259,66487280,MA1714.1,-,1e-05,L1MA1,L1,LINE
chr5,66961092,66961113,MA1714.1,-,1e-05,L1PA5,L1,LINE
chr13,66995521,66995542,MA1714.1,+,1e-05,L1P3,L1,LINE
chr15,68141516,68141537,MA1714.1,+,1e-05,FRAM,Alu,SINE
chr15,69780217,69780238,MA1714.1,-,1e-05,MIRb,MIR,SINE
chr3,70131765,70131786,MA1714.1,+,1e-05,MIRb,MIR,SINE
chr7,71812043,71812064,MA1714.1,+,1e-05,L1MEg,L1,LINE
chr5,72076215,72076236,MA1714.1,+,1e-05,L1MA4,L1,LINE
chr7,72845716,72845737,MA1714.1,+,1e-05,MIRb,MIR,SINE
chr18,74937475,74937496,MA1714.1,+,1e-05,L1PA13,L1,LINE
chr17,76065317,76065338,MA1714.1,+,1e-05,L1MC4a,L1,LINE
chr8,76128471,76128492,MA1714.1,+,1e-05,HAL1,L1,LINE
chr16,77166221,77166242,MA1714.1,-,1e-05,HAL1-3A_ME,L1,LINE
chr10,77552558,77552579,MA1714.1,+,1e-05,MIR,MIR,SINE
chr11,81127388,81127409,MA1714.1,-,1e-05,L1MA9,L1,LINE
chr2,81299150,81299171,MA1714.1,+,1e-05,L1MDa,L1,LINE
chr13,81671826,81671847,MA1714.1,-,1e-05,L1MC3,L1,LINE
chrX,83612458,83612479,MA1714.1,+,1e-05,HAL1,L1,LINE
chr16,83988683,83988704,MA1714.1,+,1e-05,MIRb,MIR,SINE
chr12,85207366,85207387,MA1714.1,-,1e-05,L1MEb,L1,LINE
chr6,88883929,88883950,MA1714.1,+,1e-05,MER20B,hAT-Charlie,DNA
chr11,94093623,94093644,MA1714.1,+,1e-05,L1PA5,L1,LINE
chr14,97102537,97102558,MA1714.1,-,1e-05,ERV3-16A3_I-int,ERVL,LTR
chr7,97391436,97391457,MA1714.1,+,1e-05,L1PA5,L1,LINE
chr13,97560692,97560713,MA1714.1,+,1e-05,MER96B,hAT,DNA
chr7,97673680,97673701,MA1714.1,+,1e-05,AluJb,Alu,SINE
chr8,98882435,98882456,MA1714.1,+,1e-05,MIR,MIR,SINE
chr1,99787832,99787853,MA1714.1,+,1e-05,L1MA7,L1,LINE
chr6,100028982,100029003,MA1714.1,+,1e-05,MLT1L,ERVL-MaLR,LTR
chr7,100498052,100498073,MA1714.1,-,1e-05,AluJo,Alu,SINE
chrX,100566403,100566424,MA1714.1,-,1e-05,L1MD,L1,LINE
chr9,100839976,100839997,MA1714.1,-,1e-05,MIRc,MIR,SINE
chr15,101757793,101757814,MA1714.1,+,1e-05,L1MC3,L1,LINE
chr7,102061638,102061659,MA1714.1,+,1e-05,Tigger4,TcMar-Tigger,DNA
chr13,103638709,103638730,MA1714.1,-,1e-05,L1PA13,L1,LINE
chr8,103721101,103721122,MA1714.1,+,1e-05,MIR,MIR,SINE
chr11,104152672,104152693,MA1714.1,-,1e-05,L1ME1,L1,LINE
chr1,109926610,109926631,MA1714.1,+,1e-05,MIR3,MIR,SINE
chr7,110143995,110144016,MA1714.1,-,1e-05,L1MEf,L1,LINE
chr12,111485342,111485363,MA1714.1,-,1e-05,MIR,MIR,SINE
chr11,111655999,111656020,MA1714.1,+,1e-05,MIRc,MIR,SINE
chr9,112848185,112848206,MA1714.1,+,1e-05,AluSq,Alu,SINE
chr3,113283126,113283147,MA1714.1,+,1e-05,L1MC5,L1,LINE
chr11,115163363,115163384,MA1714.1,-,1e-05,MIRc,MIR,SINE
chr1,115425364,115425385,MA1714.1,-,1e-05,L1MEd,L1,LINE
chr11,115959768,115959789,MA1714.1,-,1e-05,MIRb,MIR,SINE
chr9,116436560,116436581,MA1714.1,+,1e-05,AluSq2,Alu,SINE
chr6,118182885,118182906,MA1714.1,+,1e-05,L1PA12,L1,LINE
chr5,118756080,118756101,MA1714.1,+,1e-05,THE1B-int,ERVL-MaLR,LTR
chr10,119272130,119272151,MA1714.1,+,1e-05,MIR,MIR,SINE
chr9,122028094,122028115,MA1714.1,-,1e-05,L1PA15,L1,LINE
chr9,122252209,122252230,MA1714.1,+,1e-05,L1MEg,L1,LINE
chr2,122560184,122560205,MA1714.1,+,1e-05,L1MDa,L1,LINE
chr3,126482080,126482101,MA1714.1,-,1e-05,HAL1-3A_ME,L1,LINE
chrX,126899424,126899445,MA1714.1,+,1e-05,L1MA8,L1,LINE
chr3,128022860,128022881,MA1714.1,-,1e-05,L1M5,L1,LINE
chr6,128139880,128139901,MA1714.1,+,1e-05,L1MCa,L1,LINE
chr5,131056226,131056247,MA1714.1,+,1e-05,L1MB1,L1,LINE
chr12,131374272,131374293,MA1714.1,-,1e-05,L1ME1,L1,LINE
chr4,132342101,132342122,MA1714.1,-,1e-05,L1HS,L1,LINE
chr9,135571902,135571923,MA1714.1,+,1e-05,L1MEg,L1,LINE
chr5,136813791,136813812,MA1714.1,+,1e-05,MIRb,MIR,SINE
chr6,137588311,137588332,MA1714.1,-,1e-05,L1MC4,L1,LINE
chr3,139433422,139433443,MA1714.1,+,1e-05,MIRb,MIR,SINE
chr6,141102321,141102342,MA1714.1,+,1e-05,L1M1,L1,LINE
chr3,141520751,141520772,MA1714.1,+,1e-05,HAL1,L1,LINE
chr7,142719956,142719977,MA1714.1,+,1e-05,MSTD-int,ERVL-MaLR,LTR
chr8,145308940,145308961,MA1714.1,-,1e-05,L1MEf,L1,LINE
chr8,145477993,145478014,MA1714.1,-,1e-05,L1MEf,L1,LINE
chr3,146456646,146456667,MA1714.1,-,1e-05,L1ME1,L1,LINE
chrX,147470650,147470671,MA1714.1,+,1e-05,L1MA4A,L1,LINE
chr5,162030433,162030454,MA1714.1,-,1e-05,L1MB8,L1,LINE
chr3,170194490,170194511,MA1714.1,-,1e-05,MIRb,MIR,SINE
chr5,173115191,173115212,MA1714.1,-,1e-05,MIRb,MIR,SINE
chr1,176016436,176016457,MA1714.1,-,1e-05,MIR,MIR,SINE
chr2,183637988,183638009,MA1714.1,-,1e-05,L1PA6,L1,LINE
chr1,184319320,184319341,MA1714.1,-,1e-05,L1MEf,L1,LINE
chr1,184807429,184807450,MA1714.1,-,1e-05,L3,CR1,LINE
chr1,200630723,200630744,MA1714.1,+,1e-05,L1MC4a,L1,LINE
chr1,215333587,215333608,MA1714.1,+,1e-05,L1MC4,L1,LINE
chr1,218121375,218121396,MA1714.1,+,1e-05,L1MC3,L1,LINE
chr1,237571495,237571516,MA1714.1,-,1e-05,L1MC2,L1,LINE
chr2,239701460,239701481,MA1714.1,-,1e-05,L1MB3,L1,LINE
chr4,833960,833981,MA1714.1,-,1.01e-05,L1MEc,L1,LINE
chr10,900226,900247,MA1714.1,-,1.01e-05,Tigger1,TcMar-Tigger,DNA
chr6_qbl_hap6,2314819,2314840,MA1714.1,+,1.01e-05,L1MC4a,L1,LINE
chr6_dbb_hap3,2315829,2315850,MA1714.1,+,1.01e-05,L1MC4a,L1,LINE
chr6_apd_hap1,2333355,2333376,MA1714.1,+,1.01e-05,L1MC4a,L1,LINE
chr6_ssto_hap7,2353625,2353646,MA1714.1,+,1.01e-05,L1MC4a,L1,LINE
chr6_mann_hap4,2367006,2367027,MA1714.1,+,1.01e-05,L1MC4a,L1,LINE
chr6_mcf_hap5,2400595,2400616,MA1714.1,+,1.01e-05,L1MC4a,L1,LINE
chr6_cox_hap2,2533389,2533410,MA1714.1,+,1.01e-05,L1MC4a,L1,LINE
chr11,4523893,4523914,MA1714.1,-,1.01e-05,L1MA8,L1,LINE
chr1,4879593,4879614,MA1714.1,-,1.01e-05,LTR24B,ERV1,LTR
chr17,5703365,5703386,MA1714.1,-,1.01e-05,MER58C,hAT-Charlie,DNA
chr2,7853055,7853076,MA1714.1,+,1.01e-05,MIRc,MIR,SINE
chr7,11055264,11055285,MA1714.1,+,1.01e-05,MIR,MIR,SINE
chr17,11542294,11542315,MA1714.1,-,1.01e-05,MLT1E2,ERVL-MaLR,LTR
chr5,11804973,11804994,MA1714.1,+,1.01e-05,L1MC3,L1,LINE
chr9,13075585,13075606,MA1714.1,+,1.01e-05,L1ME1,L1,LINE
chr21,14440448,14440469,MA1714.1,+,1.01e-05,L1PB4,L1,LINE
chr7,15068612,15068633,MA1714.1,+,1.01e-05,MIRb,MIR,SINE
chr19,15446386,15446407,MA1714.1,-,1.01e-05,AluJb,Alu,SINE
chr1,15470046,15470067,MA1714.1,+,1.01e-05,L1MA3,L1,LINE
chr11,15834835,15834856,MA1714.1,-,1.01e-05,MLT1D,ERVL-MaLR,LTR
chr12,16770940,16770961,MA1714.1,-,1.01e-05,L1MC4,L1,LINE
chr19,17092696,17092717,MA1714.1,+,1.01e-05,MIRb,MIR,SINE
chr21,19023479,19023500,MA1714.1,+,1.01e-05,MamGypLTR1b,Gypsy,LTR
chr9,20429113,20429134,MA1714.1,+,1.01e-05,AluJr4,Alu,SINE
chr3,20526871,20526892,MA1714.1,+,1.01e-05,L1PA16,L1,LINE
chr19,21190987,21191008,MA1714.1,+,1.01e-05,LTR13,ERVK,LTR
chr19,21996451,21996472,MA1714.1,+,1.01e-05,L1MB2,L1,LINE
chr11,23561382,23561403,MA1714.1,-,1.01e-05,AluJb,Alu,SINE
chr10,24865439,24865460,MA1714.1,+,1.01e-05,L1MEg,L1,LINE
chr16,25942005,25942026,MA1714.1,-,1.01e-05,MLT1K,ERVL-MaLR,LTR
chr16,29259277,29259298,MA1714.1,-,1.01e-05,MIRb,MIR,SINE
chr10,29680034,29680055,MA1714.1,-,1.01e-05,AluJb,Alu,SINE
chr6,31018647,31018668,MA1714.1,+,1.01e-05,L1MC4a,L1,LINE
chr19,31055166,31055187,MA1714.1,+,1.01e-05,FLAM_A,Alu,SINE
chrX,31673571,31673592,MA1714.1,+,1.01e-05,MSTD-int,ERVL-MaLR,LTR
chr7,32066613,32066634,MA1714.1,+,1.01e-05,L1MC1,L1,LINE
chr4,32390497,32390518,MA1714.1,-,1.01e-05,L1MEc,L1,LINE
chr21,33452493,33452514,MA1714.1,-,1.01e-05,MER5B,hAT-Charlie,DNA
chr18,36548372,36548393,MA1714.1,+,1.01e-05,AluJb,Alu,SINE
chr9,36925653,36925674,MA1714.1,+,1.01e-05,L1M5,L1,LINE
chr3,37081313,37081334,MA1714.1,-,1.01e-05,L1ME3E,L1,LINE
chr3,37430702,37430723,MA1714.1,-,1.01e-05,L1MB8,L1,LINE
chr17,37800684,37800705,MA1714.1,-,1.01e-05,MIRb,MIR,SINE
chr18,39349609,39349630,MA1714.1,+,1.01e-05,MLT1J1,ERVL-MaLR,LTR
chr15,39665964,39665985,MA1714.1,+,1.01e-05,L1MEe,L1,LINE
chr7,42589776,42589797,MA1714.1,-,1.01e-05,L1MC4,L1,LINE
chr20,43321179,43321200,MA1714.1,-,1.01e-05,L1MB3,L1,LINE
chr6,44793334,44793355,MA1714.1,+,1.01e-05,MIRb,MIR,SINE
chr19,46135060,46135081,MA1714.1,-,1.01e-05,AluJr,Alu,SINE
chrX,46392446,46392467,MA1714.1,+,1.01e-05,LTR8A,ERV1,LTR
chr12,46847097,46847118,MA1714.1,-,1.01e-05,MIRb,MIR,SINE
chr4,48084814,48084835,MA1714.1,+,1.01e-05,LTR1B,ERV1,LTR
chr12,48088848,48088869,MA1714.1,+,1.01e-05,L1ME3F,L1,LINE
chr22,48149923,48149944,MA1714.1,+,1.01e-05,L1MEc,L1,LINE
chr16,48604502,48604523,MA1714.1,-,1.01e-05,AluSx,Alu,SINE
chr4,49585987,49586008,MA1714.1,+,1.01e-05,L1PA13,L1,LINE
chr17,51142344,51142365,MA1714.1,+,1.01e-05,L1MA4,L1,LINE
chr2,51771232,51771253,MA1714.1,+,1.01e-05,AluSz6,Alu,SINE
chr3,52453316,52453337,MA1714.1,+,1.01e-05,MIR,MIR,SINE
chr4,56469708,56469729,MA1714.1,+,1.01e-05,MIRc,MIR,SINE
chr1,56842257,56842278,MA1714.1,-,1.01e-05,MIRb,MIR,SINE
chr2,58466675,58466696,MA1714.1,+,1.01e-05,L1MC4,L1,LINE
chr2,60935297,60935318,MA1714.1,+,1.01e-05,AluSz6,Alu,SINE
chr5,62392099,62392120,MA1714.1,-,1.01e-05,MIRc,MIR,SINE
chr15,62578460,62578481,MA1714.1,-,1.01e-05,L1MEd,L1,LINE
chr18,63518157,63518178,MA1714.1,-,1.01e-05,AluJb,Alu,SINE
chr7,67139670,67139691,MA1714.1,-,1.01e-05,AluJb,Alu,SINE
chr13,71915759,71915780,MA1714.1,+,1.01e-05,L1M4,L1,LINE
chr6,72079976,72079997,MA1714.1,-,1.01e-05,AluJb,Alu,SINE
chr6,72249453,72249474,MA1714.1,+,1.01e-05,L1PB2,L1,LINE
chr14,72960811,72960832,MA1714.1,+,1.01e-05,HAL1,L1,LINE
chr10,73842756,73842777,MA1714.1,+,1.01e-05,MLT1A,ERVL-MaLR,LTR
chr14,75383140,75383161,MA1714.1,+,1.01e-05,AluJr,Alu,SINE
chr1,75625262,75625283,MA1714.1,-,1.01e-05,L1ME3A,L1,LINE
chr16,76822548,76822569,MA1714.1,-,1.01e-05,L1MC3,L1,LINE
chrX,77875687,77875708,MA1714.1,-,1.01e-05,L1MA3,L1,LINE
chr11,78166364,78166385,MA1714.1,-,1.01e-05,MIRc,MIR,SINE
chrX,79131745,79131766,MA1714.1,+,1.01e-05,MLT1A0-int,ERVL-MaLR,LTR
chr7,79492448,79492469,MA1714.1,+,1.01e-05,LTR73,ERV1,LTR
chr14,79513342,79513363,MA1714.1,+,1.01e-05,MIR,MIR,SINE
chr1,79737714,79737735,MA1714.1,+,1.01e-05,L1PA12,L1,LINE
chr16,80514558,80514579,MA1714.1,-,1.01e-05,MER58A,hAT-Charlie,DNA
chr13,80589938,80589959,MA1714.1,+,1.01e-05,Tigger1,TcMar-Tigger,DNA
chr5,81802799,81802820,MA1714.1,-,1.01e-05,MLT1G1,ERVL-MaLR,LTR
chr16,88254195,88254216,MA1714.1,-,1.01e-05,MIRb,MIR,SINE
chr13,89561876,89561897,MA1714.1,+,1.01e-05,L1ME3B,L1,LINE
chr10,93653367,93653388,MA1714.1,+,1.01e-05,Zaphod,hAT-Tip100,DNA
chr8,95370694,95370715,MA1714.1,+,1.01e-05,MIR,MIR,SINE
chr1,95434471,95434492,MA1714.1,+,1.01e-05,MLT1K,ERVL-MaLR,LTR
chr7,97172425,97172446,MA1714.1,+,1.01e-05,L1MD1,L1,LINE
chr11,98125129,98125150,MA1714.1,-,1.01e-05,AluY,Alu,SINE
chr6,98234436,98234457,MA1714.1,-,1.01e-05,L1MC1,L1,LINE
chr7,102029172,102029193,MA1714.1,+,1.01e-05,AluJr,Alu,SINE
chr13,102284798,102284819,MA1714.1,+,1.01e-05,L1MD3,L1,LINE
chr14,103138131,103138152,MA1714.1,-,1.01e-05,L1MB7,L1,LINE
chr4,103494987,103495008,MA1714.1,-,1.01e-05,L1MEc,L1,LINE
chr13,104239595,104239616,MA1714.1,-,1.01e-05,MLT2A1,ERVL,LTR
chr7,104925732,104925753,MA1714.1,+,1.01e-05,AluJb,Alu,SINE
chr8,106160562,106160583,MA1714.1,-,1.01e-05,L1MA8,L1,LINE
chr5,107121633,107121654,MA1714.1,-,1.01e-05,LTR16B1,ERVL,LTR
chr4,107524618,107524639,MA1714.1,-,1.01e-05,MER52A,ERV1,LTR
chr4,108033288,108033309,MA1714.1,-,1.01e-05,L1MA6,L1,LINE
chr12,108481585,108481606,MA1714.1,+,1.01e-05,L1MC3,L1,LINE
chr2,108759949,108759970,MA1714.1,+,1.01e-05,L1MCa,L1,LINE
chr3,109155065,109155086,MA1714.1,-,1.01e-05,AluJo,Alu,SINE
chr2,109441867,109441888,MA1714.1,-,1.01e-05,L1MB8,L1,LINE
chr1,113233444,113233465,MA1714.1,-,1.01e-05,L1MB8,L1,LINE
chr7,115285468,115285489,MA1714.1,+,1.01e-05,L1ME2,L1,LINE
chr9,115499565,115499586,MA1714.1,-,1.01e-05,AluJb,Alu,SINE
chrX,118242883,118242904,MA1714.1,-,1.01e-05,MIRb,MIR,SINE
chrX,119104842,119104863,MA1714.1,-,1.01e-05,MER51A,ERV1,LTR
chrX,120682604,120682625,MA1714.1,+,1.01e-05,L1PBb,L1,LINE
chr10,125487574,125487595,MA1714.1,+,1.01e-05,LTR16E1,ERVL,LTR
chr6,125696262,125696283,MA1714.1,-,1.01e-05,L1MC4a,L1,LINE
chrX,129665824,129665845,MA1714.1,-,1.01e-05,MLT1C-int,ERVL-MaLR,LTR
chrX,130894140,130894161,MA1714.1,-,1.01e-05,L1M4,L1,LINE
chr7,131802262,131802283,MA1714.1,+,1.01e-05,Tigger12c,TcMar-Tigger,DNA
chr5,131904115,131904136,MA1714.1,+,1.01e-05,L1MEf,L1,LINE
chr5,132259301,132259322,MA1714.1,+,1.01e-05,AluJr,Alu,SINE
chr8,136374092,136374113,MA1714.1,+,1.01e-05,MLT1J2,ERVL-MaLR,LTR
chr9,136462879,136462900,MA1714.1,+,1.01e-05,L1MEc,L1,LINE
chr4,138711284,138711305,MA1714.1,+,1.01e-05,HAL1,L1,LINE
chr6,145347467,145347488,MA1714.1,+,1.01e-05,L2c,L2,LINE
chr4,146232591,146232612,MA1714.1,-,1.01e-05,L1MCa,L1,LINE
chr7,147137084,147137105,MA1714.1,-,1.01e-05,L1M1,L1,LINE
chr5,147186354,147186375,MA1714.1,-,1.01e-05,AluJb,Alu,SINE
chr5,149116629,149116650,MA1714.1,-,1.01e-05,L1MC1,L1,LINE
chrX,150381139,150381160,MA1714.1,+,1.01e-05,AluSz,Alu,SINE
chr3,153486264,153486285,MA1714.1,+,1.01e-05,L1PA15-16,L1,LINE
chr1,155486484,155486505,MA1714.1,+,1.01e-05,AluJr,Alu,SINE
chr6,157061941,157061962,MA1714.1,+,1.01e-05,L1MEd,L1,LINE
chr4,159607195,159607216,MA1714.1,-,1.01e-05,LTR48B,ERV1,LTR
chr4,163992968,163992989,MA1714.1,+,1.01e-05,MER67A,ERV1,LTR
chr5,164530313,164530334,MA1714.1,-,1.01e-05,L1MB8,L1,LINE
chr4,176039142,176039163,MA1714.1,+,1.01e-05,L1PA15,L1,LINE
chr1,179929819,179929840,MA1714.1,+,1.01e-05,MER119,hAT-Charlie,DNA
chr2,181727852,181727873,MA1714.1,+,1.01e-05,L2a,L2,LINE
chr3,187352635,187352656,MA1714.1,-,1.01e-05,MSTA-int,ERVL-MaLR,LTR
chr1,193020755,193020776,MA1714.1,+,1.01e-05,MIRb,MIR,SINE
chr3,196118104,196118125,MA1714.1,+,1.01e-05,L1M5,L1,LINE
chr3,197318918,197318939,MA1714.1,-,1.01e-05,ERV3-16A3_I-int,ERVL,LTR
chr2,202193799,202193820,MA1714.1,-,1.01e-05,L1ME1,L1,LINE
chr2,208661233,208661254,MA1714.1,-,1.01e-05,MIRb,MIR,SINE
chr2,218825442,218825463,MA1714.1,-,1.01e-05,L3b,CR1,LINE
chr1,225474766,225474787,MA1714.1,+,1.01e-05,L1MD3,L1,LINE
chr2,231719139,231719160,MA1714.1,-,1.01e-05,L1M4,L1,LINE
chr2,231875111,231875132,MA1714.1,-,1.01e-05,MER39B,ERV1,LTR
chr1,237109277,237109298,MA1714.1,-,1.01e-05,MIR,MIR,SINE
chr2,240375740,240375761,MA1714.1,-,1.01e-05,L1MEg,L1,LINE
chr2,241959985,241960006,MA1714.1,-,1.01e-05,HERVL40-int,ERVL,LTR
chr1,245875569,245875590,MA1714.1,-,1.01e-05,L1ME4a,L1,LINE
chr10,1200661,1200682,MA1714.1,-,1.02e-05,MLT1D,ERVL-MaLR,LTR
chr2,1581550,1581571,MA1714.1,+,1.02e-05,L1ME3,L1,LINE
chr1,5799045,5799066,MA1714.1,-,1.02e-05,MLT1J2,ERVL-MaLR,LTR
chr12,6471654,6471675,MA1714.1,-,1.02e-05,MIR3,MIR,SINE
chr6,7026966,7026987,MA1714.1,+,1.02e-05,L1ME4a,L1,LINE
chr12,7098194,7098215,MA1714.1,+,1.02e-05,AluJb,Alu,SINE
chrX,7536587,7536608,MA1714.1,-,1.02e-05,ERVL-E-int,ERVL,LTR
chr5,8292011,8292032,MA1714.1,-,1.02e-05,LFSINE_Vert,SINE,SINE
chr2,10390992,10391013,MA1714.1,-,1.02e-05,HAL1,L1,LINE
chr17,12537058,12537079,MA1714.1,-,1.02e-05,AluSc5,Alu,SINE
chr8,12735401,12735422,MA1714.1,+,1.02e-05,L1PA11,L1,LINE
chr6,13778432,13778453,MA1714.1,+,1.02e-05,Charlie22a,hAT-Charlie,DNA
chr16,15049887,15049908,MA1714.1,-,1.02e-05,L1MC4a,L1,LINE
chr16,15293030,15293051,MA1714.1,+,1.02e-05,L1PA11,L1,LINE
chr4,15672986,15673007,MA1714.1,-,1.02e-05,L1MEc,L1,LINE
chrY,16378218,16378239,MA1714.1,-,1.02e-05,ERVL-E-int,ERVL,LTR
chr6,17165198,17165219,MA1714.1,+,1.02e-05,L1MB2,L1,LINE
chr9,17378249,17378270,MA1714.1,-,1.02e-05,AluSc5,Alu,SINE
chr16,18204640,18204661,MA1714.1,+,1.02e-05,L1PA11,L1,LINE
chr1,19261268,19261289,MA1714.1,-,1.02e-05,L1ME4a,L1,LINE
chr19,20975671,20975692,MA1714.1,+,1.02e-05,AluSx,Alu,SINE
chr8,22988132,22988153,MA1714.1,+,1.02e-05,MIRc,MIR,SINE
chr10,23254085,23254106,MA1714.1,-,1.02e-05,L1MEf,L1,LINE
chr11,24052564,24052585,MA1714.1,-,1.02e-05,L1PA11,L1,LINE
chr18,24356287,24356308,MA1714.1,+,1.02e-05,AluSx1,Alu,SINE
chr17,25699005,25699026,MA1714.1,-,1.02e-05,L1MEf,L1,LINE
chr11,25966964,25966985,MA1714.1,+,1.02e-05,L1PA16,L1,LINE
chr4,26406735,26406756,MA1714.1,-,1.02e-05,MIRb,MIR,SINE
chr21,26791115,26791136,MA1714.1,+,1.02e-05,L1MDa,L1,LINE
chr22,27296625,27296646,MA1714.1,-,1.02e-05,MIRb,MIR,SINE
chr2,28479326,28479347,MA1714.1,-,1.02e-05,Charlie4a,hAT-Charlie,DNA
chr21,29061502,29061523,MA1714.1,-,1.02e-05,L1M4,L1,LINE
chr10,29610501,29610522,MA1714.1,-,1.02e-05,LTR85a,Gypsy,LTR
chr14,31880594,31880615,MA1714.1,+,1.02e-05,L1ME4a,L1,LINE
chr14,33396300,33396321,MA1714.1,+,1.02e-05,Charlie1b,hAT-Charlie,DNA
chr12,34488136,34488157,MA1714.1,+,1.02e-05,GSATII,centr,Satellite
chr22,36235426,36235447,MA1714.1,+,1.02e-05,HAL1-3A_ME,L1,LINE
chr15,36980139,36980160,MA1714.1,+,1.02e-05,L1MEg,L1,LINE
chr14,38271049,38271070,MA1714.1,+,1.02e-05,L1PA10,L1,LINE
chr15,38799854,38799875,MA1714.1,+,1.02e-05,MIR,MIR,SINE
chr15,43005473,43005494,MA1714.1,-,1.02e-05,L1MB7,L1,LINE
chr4,44802608,44802629,MA1714.1,-,1.02e-05,L1MA4,L1,LINE
chr14,47091878,47091899,MA1714.1,-,1.02e-05,L1M2,L1,LINE
chr8,47125940,47125961,MA1714.1,+,1.02e-05,GSAT,centr,Satellite
chr17,47172183,47172204,MA1714.1,-,1.02e-05,L1MEe,L1,LINE
chr16,47835869,47835890,MA1714.1,+,1.02e-05,L1PA11,L1,LINE
chr13,49301079,49301100,MA1714.1,+,1.02e-05,MIRc,MIR,SINE
chr8,51186008,51186029,MA1714.1,-,1.02e-05,L2a,L2,LINE
chr3,52984385,52984406,MA1714.1,-,1.02e-05,L1MCa,L1,LINE
chr1,53756049,53756070,MA1714.1,+,1.02e-05,MIRb,MIR,SINE
chr6,56783792,56783813,MA1714.1,-,1.02e-05,L1ME4a,L1,LINE
chr18,57205161,57205182,MA1714.1,+,1.02e-05,MIR,MIR,SINE
chr13,57599925,57599946,MA1714.1,-,1.02e-05,L1PA10,L1,LINE
chr1,57656026,57656047,MA1714.1,-,1.02e-05,MIRb,MIR,SINE
chr1,58038030,58038051,MA1714.1,+,1.02e-05,MIR,MIR,SINE
chr16,58346052,58346073,MA1714.1,+,1.02e-05,MER4B-int,ERV1,LTR
chr15,59526946,59526967,MA1714.1,+,1.02e-05,AluJb,Alu,SINE
chr2,59587571,59587592,MA1714.1,-,1.02e-05,L1ME1,L1,LINE
chr16,59709297,59709318,MA1714.1,-,1.02e-05,L1M5,L1,LINE
chr14,63208780,63208801,MA1714.1,+,1.02e-05,MIRb,MIR,SINE
chr6,65006110,65006131,MA1714.1,+,1.02e-05,Charlie1a,hAT-Charlie,DNA
chr2,66390657,66390678,MA1714.1,+,1.02e-05,L1MEc,L1,LINE
chr1,70067039,70067060,MA1714.1,-,1.02e-05,L1MC3,L1,LINE
chr10,73643109,73643130,MA1714.1,+,1.02e-05,L1ME4a,L1,LINE
chrX,75283772,75283793,MA1714.1,-,1.02e-05,MSTA-int,ERVL-MaLR,LTR
chr18,75599345,75599366,MA1714.1,+,1.02e-05,L1MC4,L1,LINE
chr8,76654453,76654474,MA1714.1,-,1.02e-05,X1_LINE,CR1,LINE
chr16,77652718,77652739,MA1714.1,+,1.02e-05,MIRb,MIR,SINE
chr5,78021822,78021843,MA1714.1,+,1.02e-05,L3,CR1,LINE
chr2,79157484,79157505,MA1714.1,+,1.02e-05,MIRb,MIR,SINE
chr10,85137647,85137668,MA1714.1,+,1.02e-05,L1PA11,L1,LINE
chrX,88809193,88809214,MA1714.1,+,1.02e-05,MER39,ERV1,LTR
chr4,89552575,89552596,MA1714.1,+,1.02e-05,AluSz,Alu,SINE
chr13,91313166,91313187,MA1714.1,+,1.02e-05,L1PA11,L1,LINE
chr1,96826932,96826953,MA1714.1,+,1.02e-05,L2c,L2,LINE
chr8,98195034,98195055,MA1714.1,-,1.02e-05,MIRc,MIR,SINE
chr6,98853855,98853876,MA1714.1,-,1.02e-05,ERVL-int,ERVL,LTR
chr13,99144377,99144398,MA1714.1,+,1.02e-05,L1M5,L1,LINE
chr11,100353316,100353337,MA1714.1,-,1.02e-05,MLT1C,ERVL-MaLR,LTR
chr9,101582920,101582941,MA1714.1,-,1.02e-05,L1PA11,L1,LINE
chrX,101864512,101864533,MA1714.1,-,1.02e-05,L1M4,L1,LINE
chr6,102889195,102889216,MA1714.1,+,1.02e-05,L1MEd,L1,LINE
chr13,103148161,103148182,MA1714.1,-,1.02e-05,MSTA-int,ERVL-MaLR,LTR
chr13,107965431,107965452,MA1714.1,+,1.02e-05,HAL1,L1,LINE
chr10,107996711,107996732,MA1714.1,+,1.02e-05,MamGypLTR1a,Gypsy,LTR
chr7,108191835,108191856,MA1714.1,+,1.02e-05,MLT1A1,ERVL-MaLR,LTR
chr11,108236904,108236925,MA1714.1,-,1.02e-05,L1MEd,L1,LINE
chr11,109143916,109143937,MA1714.1,-,1.02e-05,L1PB1,L1,LINE
chr1,110000505,110000526,MA1714.1,+,1.02e-05,AluJb,Alu,SINE
chr10,111360343,111360364,MA1714.1,+,1.02e-05,L1PA11,L1,LINE
chr7,111588230,111588251,MA1714.1,-,1.02e-05,MIR,MIR,SINE
chr5,112277555,112277576,MA1714.1,-,1.02e-05,L1MC5,L1,LINE
chr8,112701675,112701696,MA1714.1,-,1.02e-05,L1PB4,L1,LINE
chr2,113630232,113630253,MA1714.1,+,1.02e-05,L1MEe,L1,LINE
chr12,113789664,113789685,MA1714.1,-,1.02e-05,L1MC4,L1,LINE
chr6,115418940,115418961,MA1714.1,-,1.02e-05,L1PA11,L1,LINE
chr4,116517983,116518004,MA1714.1,+,1.02e-05,THE1D-int,ERVL-MaLR,LTR
chr6,117864767,117864788,MA1714.1,-,1.02e-05,AluJr4,Alu,SINE
chrX,119994790,119994811,MA1714.1,-,1.02e-05,L1PA13,L1,LINE
chrX,120794320,120794341,MA1714.1,+,1.02e-05,L1MA4,L1,LINE
chrX,124553648,124553669,MA1714.1,+,1.02e-05,L1MDa,L1,LINE
chr7,125193800,125193821,MA1714.1,-,1.02e-05,L1MEf,L1,LINE
chr12,126499539,126499560,MA1714.1,-,1.02e-05,Tigger1,TcMar-Tigger,DNA
chr12,130636046,130636067,MA1714.1,+,1.02e-05,L1PA11,L1,LINE
chr8,131708105,131708126,MA1714.1,+,1.02e-05,MIRb,MIR,SINE
chr9,131973628,131973649,MA1714.1,-,1.02e-05,L1MC5,L1,LINE
chr8,132120088,132120109,MA1714.1,-,1.02e-05,Tigger1,TcMar-Tigger,DNA
chr5,133206647,133206668,MA1714.1,+,1.02e-05,MLT1L,ERVL-MaLR,LTR
chr6,135085110,135085131,MA1714.1,-,1.02e-05,L1PA11,L1,LINE
chrX,135864885,135864906,MA1714.1,-,1.02e-05,L1ME1,L1,LINE
chr5,139981068,139981089,MA1714.1,-,1.02e-05,MER21-int,ERVL,LTR
chrX,141642013,141642034,MA1714.1,+,1.02e-05,MIRc,MIR,SINE
chrX,141785295,141785316,MA1714.1,-,1.02e-05,L1MA9,L1,LINE
chr5,142093470,142093491,MA1714.1,-,1.02e-05,L1MB3,L1,LINE
chr4,142311611,142311632,MA1714.1,-,1.02e-05,L1MC3,L1,LINE
chr8,142319849,142319870,MA1714.1,+,1.02e-05,L1ME3A,L1,LINE
chrX,152267747,152267768,MA1714.1,+,1.02e-05,L1MA4,L1,LINE
chrX,152454120,152454141,MA1714.1,+,1.02e-05,L1MA4,L1,LINE
chr3,153062612,153062633,MA1714.1,+,1.02e-05,LTR16A1,ERVL,LTR
chr2,154781113,154781134,MA1714.1,-,1.02e-05,L1PA11,L1,LINE
chr6,156456960,156456981,MA1714.1,-,1.02e-05,L1ME1,L1,LINE
chr3,159286865,159286886,MA1714.1,-,1.02e-05,L1MEg,L1,LINE
chr6,160191469,160191490,MA1714.1,+,1.02e-05,L1MEf,L1,LINE
chr1,161302784,161302805,MA1714.1,-,1.02e-05,L1MB8,L1,LINE
chr4,164614586,164614607,MA1714.1,+,1.02e-05,ERVL-E-int,ERVL,LTR
chr4,165176063,165176084,MA1714.1,-,1.02e-05,MLT2A1,ERVL,LTR
chr3,165626821,165626842,MA1714.1,+,1.02e-05,L1MB7,L1,LINE
chr4,168493120,168493141,MA1714.1,-,1.02e-05,L2a,L2,LINE
chr4,172053436,172053457,MA1714.1,-,1.02e-05,HAL1,L1,LINE
chr4,173061643,173061664,MA1714.1,-,1.02e-05,MIR,MIR,SINE
chr3,177997726,177997747,MA1714.1,+,1.02e-05,L1M4c,L1,LINE
chr4,180006593,180006614,MA1714.1,-,1.02e-05,L1MB3,L1,LINE
chr5,180450058,180450079,MA1714.1,+,1.02e-05,L1M1,L1,LINE
chr2,189479600,189479621,MA1714.1,-,1.02e-05,L1MA5,L1,LINE
chr3,197157145,197157166,MA1714.1,+,1.02e-05,AluSc8,Alu,SINE
chr2,211584462,211584483,MA1714.1,-,1.02e-05,MER5A,hAT-Charlie,DNA
chr1,211642843,211642864,MA1714.1,+,1.02e-05,MIRb,MIR,SINE
chr2,216307016,216307037,MA1714.1,-,1.02e-05,MIRb,MIR,SINE
chr1,218964291,218964312,MA1714.1,-,1.02e-05,L1ME1,L1,LINE
chr1,228975115,228975136,MA1714.1,-,1.02e-05,MIRc,MIR,SINE
chr2,230912099,230912120,MA1714.1,-,1.02e-05,AluJb,Alu,SINE
chr4_gl000193_random,11339,11360,MA1714.1,-,1.02e-05,L1MEf,L1,LINE
chr8,171236,171257,MA1714.1,+,1.02e-05,AluSx,Alu,SINE
chr6,3318854,3318875,MA1714.1,+,1.02e-05,MER74A,ERVL,LTR
chr10,4464364,4464385,MA1714.1,+,1.02e-05,L1MC,L1,LINE
chr11,5048010,5048031,MA1714.1,+,1.02e-05,L1PREC2,L1,LINE
chr16,5123493,5123514,MA1714.1,-,1.02e-05,MIR,MIR,SINE
chrX,6044585,6044606,MA1714.1,+,1.02e-05,L1MEe,L1,LINE
chr11,6883043,6883064,MA1714.1,+,1.02e-05,L1PREC2,L1,LINE
chr3,9054857,9054878,MA1714.1,+,1.02e-05,MIRc,MIR,SINE
chr21,9827587,9827608,MA1714.1,+,1.02e-05,L1PA10,L1,LINE
chr16,11810014,11810035,MA1714.1,-,1.02e-05,MIRc,MIR,SINE
chr9,11965179,11965200,MA1714.1,-,1.02e-05,L1MDb,L1,LINE
chr9,12908286,12908307,MA1714.1,+,1.02e-05,MIR,MIR,SINE
chr20,13316401,13316422,MA1714.1,+,1.02e-05,HAL1,L1,LINE
chr3,14380897,14380918,MA1714.1,+,1.02e-05,MIR,MIR,SINE
chr4,14607526,14607547,MA1714.1,+,1.02e-05,HAL1,L1,LINE
chr9,16234294,16234315,MA1714.1,+,1.02e-05,MER52A,ERV1,LTR
chr12,16805478,16805499,MA1714.1,-,1.02e-05,L1PREC2,L1,LINE
chr20,19610359,19610380,MA1714.1,+,1.02e-05,L1M4c,L1,LINE
chrY,19661779,19661800,MA1714.1,+,1.02e-05,L1PB1,L1,LINE
chrY,20517977,20517998,MA1714.1,-,1.02e-05,L1PB1,L1,LINE
chr1,20957479,20957500,MA1714.1,-,1.02e-05,MER4D,ERV1,LTR
chr17,21809961,21809982,MA1714.1,-,1.02e-05,L1MA8,L1,LINE
chr21,24193777,24193798,MA1714.1,+,1.02e-05,L1MA9,L1,LINE
chr18,26874148,26874169,MA1714.1,+,1.02e-05,L1MC,L1,LINE
chr14,27822620,27822641,MA1714.1,-,1.02e-05,L1MEg,L1,LINE
chr16,28054812,28054833,MA1714.1,+,1.02e-05,L1M6,L1,LINE
chr1,29419146,29419167,MA1714.1,-,1.02e-05,L1PREC2,L1,LINE
chr13,29782708,29782729,MA1714.1,-,1.02e-05,L1PB1,L1,LINE
chr7,32199244,32199265,MA1714.1,+,1.02e-05,LTR81A,Gypsy,LTR
chr10,33890770,33890791,MA1714.1,+,1.02e-05,L1MA10,L1,LINE
chr13,35550547,35550568,MA1714.1,+,1.02e-05,L1PB1,L1,LINE
chr22,37291915,37291936,MA1714.1,+,1.02e-05,MSTB-int,ERVL-MaLR,LTR
chr4,37419417,37419438,MA1714.1,+,1.02e-05,L1MC3,L1,LINE
chr13,38658622,38658643,MA1714.1,+,1.02e-05,L1MDa,L1,LINE
chr12,38959520,38959541,MA1714.1,+,1.02e-05,ERV3-16A3_I-int,ERVL,LTR
chr11,42740860,42740881,MA1714.1,+,1.02e-05,L1MA3,L1,LINE
chr13,43654295,43654316,MA1714.1,-,1.02e-05,L1PREC2,L1,LINE
chr22,45846195,45846216,MA1714.1,+,1.02e-05,MIRc,MIR,SINE
chr10,47047058,47047079,MA1714.1,-,1.02e-05,HAL1,L1,LINE
chrX,49177166,49177187,MA1714.1,-,1.02e-05,L1MDb,L1,LINE
chrX,49196212,49196233,MA1714.1,-,1.02e-05,L1MDb,L1,LINE
chrX,49205766,49205787,MA1714.1,-,1.02e-05,L1MDb,L1,LINE
chrX,49324095,49324116,MA1714.1,-,1.02e-05,L1MDb,L1,LINE
chrX,49333653,49333674,MA1714.1,-,1.02e-05,L1MDb,L1,LINE
chrX,49362273,49362294,MA1714.1,-,1.02e-05,L1MDb,L1,LINE
chr22,49517510,49517531,MA1714.1,-,1.02e-05,L1M5,L1,LINE
chrX,51109266,51109287,MA1714.1,+,1.02e-05,L1PA8A,L1,LINE
chr20,54304888,54304909,MA1714.1,+,1.02e-05,MER67D,ERV1,LTR
chrX,55565100,55565121,MA1714.1,-,1.02e-05,L1M4c,L1,LINE
chr4,55893524,55893545,MA1714.1,+,1.02e-05,L1MDa,L1,LINE
chr13,56205301,56205322,MA1714.1,-,1.02e-05,L1PA15,L1,LINE
chr11,56490506,56490527,MA1714.1,-,1.02e-05,AluJb,Alu,SINE
chr11,57645250,57645271,MA1714.1,-,1.02e-05,MIR,MIR,SINE
chr15,58202043,58202064,MA1714.1,+,1.02e-05,MIRb,MIR,SINE
chr4,59254685,59254706,MA1714.1,-,1.02e-05,L1MB2,L1,LINE
chr2,59375379,59375400,MA1714.1,-,1.02e-05,L1MC2,L1,LINE
chr4,59451336,59451357,MA1714.1,-,1.02e-05,L1PA7,L1,LINE
chr12,62479514,62479535,MA1714.1,+,1.02e-05,L1MB3,L1,LINE
chr16,63197420,63197441,MA1714.1,+,1.02e-05,MIRb,MIR,SINE
chr10,64085358,64085379,MA1714.1,+,1.02e-05,L1PREC2,L1,LINE
chr12,64442064,64442085,MA1714.1,-,1.02e-05,L1MA3,L1,LINE
chr17,67656160,67656181,MA1714.1,-,1.02e-05,LTR31,ERV1,LTR
chr6,68846520,68846541,MA1714.1,-,1.02e-05,HERVL-int,ERVL,LTR
chr15,72823258,72823279,MA1714.1,+,1.02e-05,L1ME3B,L1,LINE
chr14,73215337,73215358,MA1714.1,+,1.02e-05,THE1B-int,ERVL-MaLR,LTR
chr2,73723367,73723388,MA1714.1,-,1.02e-05,L1MC3,L1,LINE
chr14,74214949,74214970,MA1714.1,+,1.02e-05,L1M4c,L1,LINE
chr11,74944579,74944600,MA1714.1,+,1.02e-05,MLT1J,ERVL-MaLR,LTR
chr2,75133778,75133799,MA1714.1,-,1.02e-05,THE1A-int,ERVL-MaLR,LTR
chr15,75205964,75205985,MA1714.1,-,1.02e-05,MIR,MIR,SINE
chr10,76628531,76628552,MA1714.1,-,1.02e-05,MIRb,MIR,SINE
chr6,77722095,77722116,MA1714.1,+,1.02e-05,MER52A,ERV1,LTR
chr5,78045082,78045103,MA1714.1,-,1.02e-05,MIRb,MIR,SINE
chr15,79378184,79378205,MA1714.1,+,1.02e-05,L2b,L2,LINE
chrX,79899669,79899690,MA1714.1,-,1.02e-05,L1MA3,L1,LINE
chr10,80104466,80104487,MA1714.1,-,1.02e-05,L1MB8,L1,LINE
chr13,80769969,80769990,MA1714.1,+,1.02e-05,HAL1-3A_ME,L1,LINE
chr14,81706152,81706173,MA1714.1,-,1.02e-05,L1MA5A,L1,LINE
chr6,85197492,85197513,MA1714.1,+,1.02e-05,L1MC1,L1,LINE
chr1,86685652,86685673,MA1714.1,+,1.02e-05,L1MEg,L1,LINE
chr13,87886472,87886493,MA1714.1,-,1.02e-05,L1MA2,L1,LINE
chr15,88428518,88428539,MA1714.1,+,1.02e-05,L1MC4a,L1,LINE
chr11,90665259,90665280,MA1714.1,-,1.02e-05,L1ME2,L1,LINE
chrX,90818090,90818111,MA1714.1,-,1.02e-05,L1MDb,L1,LINE
chr9,93203575,93203596,MA1714.1,-,1.02e-05,MIRb,MIR,SINE
chr13,96275610,96275631,MA1714.1,+,1.02e-05,L1MC3,L1,LINE
chr12,98828993,98829014,MA1714.1,+,1.02e-05,L1M2,L1,LINE
chr14,99340407,99340428,MA1714.1,-,1.02e-05,L3,CR1,LINE
chr6,100005962,100005983,MA1714.1,-,1.02e-05,MIR,MIR,SINE
chr4,101159164,101159185,MA1714.1,-,1.02e-05,HAL1,L1,LINE
chr3,101523924,101523945,MA1714.1,-,1.02e-05,L1MC4,L1,LINE
chr8,101580929,101580950,MA1714.1,-,1.02e-05,MER21-int,ERVL,LTR
chrX,103525951,103525972,MA1714.1,-,1.02e-05,AluJb,Alu,SINE
chr5,104954424,104954445,MA1714.1,+,1.02e-05,MSTD,ERVL-MaLR,LTR
chr1,105078284,105078305,MA1714.1,-,1.02e-05,L1MEg1,L1,LINE
chr5,105562449,105562470,MA1714.1,+,1.02e-05,L1ME2,L1,LINE
chr10,110217109,110217130,MA1714.1,-,1.02e-05,MIRb,MIR,SINE
chr9,111602253,111602274,MA1714.1,+,1.02e-05,L1PREC2,L1,LINE
chr13,114811032,114811053,MA1714.1,+,1.02e-05,L1ME1,L1,LINE
chr2,117040051,117040072,MA1714.1,+,1.02e-05,LTR12F,ERV1,LTR
chr9,122047824,122047845,MA1714.1,-,1.02e-05,MIRb,MIR,SINE
chr3,122548521,122548542,MA1714.1,+,1.02e-05,AluSz6,Alu,SINE
chr3,132461597,132461618,MA1714.1,-,1.02e-05,L1PA6,L1,LINE
chr6,132932264,132932285,MA1714.1,+,1.02e-05,L1MA4,L1,LINE
chr7,133556601,133556622,MA1714.1,+,1.02e-05,MIR,MIR,SINE
chr3,135319442,135319463,MA1714.1,+,1.02e-05,L1MC1,L1,LINE
chrX,135854429,135854450,MA1714.1,+,1.02e-05,L1MA1,L1,LINE
chr2,137578144,137578165,MA1714.1,+,1.02e-05,L1MC4,L1,LINE
chr5,139389534,139389555,MA1714.1,+,1.02e-05,L1MC1,L1,LINE
chr7,139736883,139736904,MA1714.1,+,1.02e-05,AluSz,Alu,SINE
chr7,140209894,140209915,MA1714.1,-,1.02e-05,L1ME2,L1,LINE
chr3,142341207,142341228,MA1714.1,-,1.02e-05,L1ME1,L1,LINE
chr7,142954971,142954992,MA1714.1,-,1.02e-05,L1MC4a,L1,LINE
chr4,143362006,143362027,MA1714.1,-,1.02e-05,L1MA9,L1,LINE
chr8,144834468,144834489,MA1714.1,-,1.02e-05,L1M4c,L1,LINE
chr7,153045317,153045338,MA1714.1,-,1.02e-05,L1MC3,L1,LINE
chr1,153610098,153610119,MA1714.1,+,1.02e-05,AluSg,Alu,SINE
chr2,158786466,158786487,MA1714.1,-,1.02e-05,Tigger4,TcMar-Tigger,DNA
chr1,161739854,161739875,MA1714.1,-,1.02e-05,L1MC2,L1,LINE
chr6,162104354,162104375,MA1714.1,+,1.02e-05,LTR88b,Gypsy,LTR
chr4,164649138,164649159,MA1714.1,-,1.02e-05,L1MC1,L1,LINE
chr1,165098777,165098798,MA1714.1,-,1.02e-05,L1MB3,L1,LINE
chr3,168109637,168109658,MA1714.1,-,1.02e-05,L1PB1,L1,LINE
chr4,170804423,170804444,MA1714.1,+,1.02e-05,MSTC-int,ERVL-MaLR,LTR
chr1,173760052,173760073,MA1714.1,+,1.02e-05,Charlie1a,hAT-Charlie,DNA
chr2,173765365,173765386,MA1714.1,-,1.02e-05,L1MC4,L1,LINE
chr3,173849844,173849865,MA1714.1,+,1.02e-05,LTR82B,ERVL,LTR
chr5,174798965,174798986,MA1714.1,-,1.02e-05,L1PREC2,L1,LINE
chr3,186596960,186596981,MA1714.1,-,1.02e-05,L1MC4,L1,LINE
chr1,187124015,187124036,MA1714.1,-,1.02e-05,L1MA1,L1,LINE
chr2,187636826,187636847,MA1714.1,+,1.02e-05,L1PBa,L1,LINE
chr2,201151775,201151796,MA1714.1,+,1.02e-05,L1MEf,L1,LINE
chr2,214394716,214394737,MA1714.1,-,1.02e-05,Tigger3b,TcMar-Tigger,DNA
chr1,220916709,220916730,MA1714.1,-,1.02e-05,L1MA2,L1,LINE
chr2,224115793,224115814,MA1714.1,-,1.02e-05,BLACKJACK,hAT-Blackjack,DNA
chr2,229136723,229136744,MA1714.1,-,1.02e-05,L1MEd,L1,LINE
chr1,1619511,1619532,MA1714.1,+,1.03e-05,L1MC4,L1,LINE
chrY,2275673,2275694,MA1714.1,-,1.03e-05,LTR22C,ERVK,LTR
chrX,2325673,2325694,MA1714.1,-,1.03e-05,LTR22C,ERVK,LTR
chr3,3119419,3119440,MA1714.1,+,1.03e-05,AluSz6,Alu,SINE
chr12,3819539,3819560,MA1714.1,-,1.03e-05,MLT1A0,ERVL-MaLR,LTR
chrX,4032762,4032783,MA1714.1,-,1.03e-05,MLT1A1,ERVL-MaLR,LTR
chr19,5403409,5403430,MA1714.1,+,1.03e-05,MLT1F2,ERVL-MaLR,LTR
chrY,7018946,7018967,MA1714.1,-,1.03e-05,AluJb,Alu,SINE
chr11,7658918,7658939,MA1714.1,-,1.03e-05,L3,CR1,LINE
chr2,9763391,9763412,MA1714.1,+,1.03e-05,L1M5,L1,LINE
chr4,10691003,10691024,MA1714.1,-,1.03e-05,AluJo,Alu,SINE
chr20,11317060,11317081,MA1714.1,+,1.03e-05,AluJb,Alu,SINE
chr16,11379838,11379859,MA1714.1,+,1.03e-05,L1ME4a,L1,LINE
chr3,12203802,12203823,MA1714.1,+,1.03e-05,Charlie4a,hAT-Charlie,DNA
chr7,13802402,13802423,MA1714.1,+,1.03e-05,MSTB1,ERVL-MaLR,LTR
chr4,14080174,14080195,MA1714.1,-,1.03e-05,ERV3-16A3_I-int,ERVL,LTR
chr3,15164200,15164221,MA1714.1,-,1.03e-05,MER20,hAT-Charlie,DNA
chr12,15222111,15222132,MA1714.1,-,1.03e-05,MLT1A,ERVL-MaLR,LTR
chr20,16882046,16882067,MA1714.1,-,1.03e-05,MIR,MIR,SINE
chr17,18038411,18038432,MA1714.1,-,1.03e-05,AluJr,Alu,SINE
chr6,18709486,18709507,MA1714.1,-,1.03e-05,MLT1A0,ERVL-MaLR,LTR
chr4,19453671,19453692,MA1714.1,+,1.03e-05,AluY,Alu,SINE
chr8,20187162,20187183,MA1714.1,-,1.03e-05,MIRc,MIR,SINE
chrY,21253676,21253697,MA1714.1,-,1.03e-05,AluJb,Alu,SINE
chr8,21285416,21285437,MA1714.1,-,1.03e-05,L1M6,L1,LINE
chr7,23447579,23447600,MA1714.1,+,1.03e-05,L1MB2,L1,LINE
chr20,23617694,23617715,MA1714.1,+,1.03e-05,L1MC4,L1,LINE
chr8,23680739,23680760,MA1714.1,-,1.03e-05,MIRc,MIR,SINE
chr5,24201244,24201265,MA1714.1,+,1.03e-05,L1PA13,L1,LINE
chr15,24498622,24498643,MA1714.1,-,1.03e-05,MSTA-int,ERVL-MaLR,LTR
chr15,24661593,24661614,MA1714.1,-,1.03e-05,MSTA-int,ERVL-MaLR,LTR
chrX,24773806,24773827,MA1714.1,-,1.03e-05,L1M5,L1,LINE
chr15,24984351,24984372,MA1714.1,+,1.03e-05,L1ME3E,L1,LINE
chr1,25931591,25931612,MA1714.1,+,1.03e-05,L1MA8,L1,LINE
chr18,27155494,27155515,MA1714.1,-,1.03e-05,ERV3-16A3_I-int,ERVL,LTR
chr15,27535866,27535887,MA1714.1,+,1.03e-05,L1MC3,L1,LINE
chr13,28438758,28438779,MA1714.1,+,1.03e-05,HAL1,L1,LINE
chr3,28721192,28721213,MA1714.1,+,1.03e-05,LTR40a,ERVL,LTR
chr5,29650385,29650406,MA1714.1,+,1.03e-05,L1MA5,L1,LINE
chr19,29690935,29690956,MA1714.1,-,1.03e-05,L1M5,L1,LINE
chr11,30759619,30759640,MA1714.1,-,1.03e-05,MIR,MIR,SINE
chr10,31021633,31021654,MA1714.1,+,1.03e-05,L2c,L2,LINE
chr3,31332398,31332419,MA1714.1,-,1.03e-05,X8_LINE,CR1,LINE
chr15,31422363,31422384,MA1714.1,-,1.03e-05,MamRep38,hAT,DNA
chr13,31951449,31951470,MA1714.1,-,1.03e-05,AluSz,Alu,SINE
chr5,32686701,32686722,MA1714.1,+,1.03e-05,AluJo,Alu,SINE
chr1,33892778,33892799,MA1714.1,+,1.03e-05,MIR,MIR,SINE
chr18,34071520,34071541,MA1714.1,-,1.03e-05,L1MC2,L1,LINE
chr14,35792053,35792074,MA1714.1,+,1.03e-05,AluJr,Alu,SINE
chr18,36086225,36086246,MA1714.1,-,1.03e-05,HSMAR2,TcMar-Mariner,DNA
chr11,36298234,36298255,MA1714.1,+,1.03e-05,MIRb,MIR,SINE
chr13,36679550,36679571,MA1714.1,-,1.03e-05,MIRb,MIR,SINE
chr18,36820587,36820608,MA1714.1,+,1.03e-05,L1MB1,L1,LINE
chr6,36905735,36905756,MA1714.1,+,1.03e-05,MamRep605,MamRep605,Unknown
chr14,38137668,38137689,MA1714.1,-,1.03e-05,MLT1H,ERVL-MaLR,LTR
chr2,38318474,38318495,MA1714.1,+,1.03e-05,MIRb,MIR,SINE
chr9,39082820,39082841,MA1714.1,+,1.03e-05,LTR40c,ERVL,LTR
chr13,40327497,40327518,MA1714.1,+,1.03e-05,MLT1A0,ERVL-MaLR,LTR
chr9,40328480,40328501,MA1714.1,-,1.03e-05,LTR40c,ERVL,LTR
chr4,42960330,42960351,MA1714.1,+,1.03e-05,L1MA9,L1,LINE
chr4,43512540,43512561,MA1714.1,-,1.03e-05,THE1B-int,ERVL-MaLR,LTR
chr9,43911420,43911441,MA1714.1,-,1.03e-05,LTR40c,ERVL,LTR
chr7,45074977,45074998,MA1714.1,-,1.03e-05,L1MC5,L1,LINE
chr20,45282251,45282272,MA1714.1,-,1.03e-05,L1MB3,L1,LINE
chr21,45617906,45617927,MA1714.1,-,1.03e-05,HAL1,L1,LINE
chrX,46325429,46325450,MA1714.1,-,1.03e-05,LTR78,ERV1,LTR
chr15,47162744,47162765,MA1714.1,+,1.03e-05,L1M5,L1,LINE
chr9,47308482,47308503,MA1714.1,+,1.03e-05,LTR40c,ERVL,LTR
chr2,48637942,48637963,MA1714.1,+,1.03e-05,LTR78,ERV1,LTR
chr20,49918326,49918347,MA1714.1,-,1.03e-05,MIR,MIR,SINE
chr8,50780487,50780508,MA1714.1,+,1.03e-05,L1PA13,L1,LINE
chr19,52312333,52312354,MA1714.1,-,1.03e-05,HERVK3-int,ERVK,LTR
chr16,52364547,52364568,MA1714.1,+,1.03e-05,MIRb,MIR,SINE
chr16,52739283,52739304,MA1714.1,-,1.03e-05,X6A_LINE,CR1,LINE
chrX,53353685,53353706,MA1714.1,+,1.03e-05,L1MB7,L1,LINE
chr13,53574744,53574765,MA1714.1,-,1.03e-05,MIRb,MIR,SINE
chr8,54813185,54813206,MA1714.1,-,1.03e-05,MIRc,MIR,SINE
chr11,55189961,55189982,MA1714.1,-,1.03e-05,LTR2,ERV1,LTR
chr10,55746733,55746754,MA1714.1,-,1.03e-05,MIR,MIR,SINE
chr5,55775035,55775056,MA1714.1,-,1.03e-05,MLT1A,ERVL-MaLR,LTR
chr3,56377716,56377737,MA1714.1,+,1.03e-05,L2b,L2,LINE
chr17,56843796,56843817,MA1714.1,-,1.03e-05,AluSg,Alu,SINE
chr1,57388426,57388447,MA1714.1,+,1.03e-05,MLT1A,ERVL-MaLR,LTR
chr14,60001608,60001629,MA1714.1,+,1.03e-05,ERVL-E-int,ERVL,LTR
chr3,61049732,61049753,MA1714.1,+,1.03e-05,MLT1L,ERVL-MaLR,LTR
chr5,61087335,61087356,MA1714.1,-,1.03e-05,MER102c,hAT-Charlie,DNA
chr3,63076764,63076785,MA1714.1,-,1.03e-05,MIR,MIR,SINE
chr4,65309534,65309555,MA1714.1,-,1.03e-05,MER4B-int,ERV1,LTR
chr9,65652998,65653019,MA1714.1,-,1.03e-05,LTR40c,ERVL,LTR
chr3,66035319,66035340,MA1714.1,-,1.03e-05,MIR,MIR,SINE
chr1,68289396,68289417,MA1714.1,+,1.03e-05,L1MC4a,L1,LINE
chr8,68716430,68716451,MA1714.1,-,1.03e-05,MLT1A,ERVL-MaLR,LTR
chr8,69443241,69443262,MA1714.1,-,1.03e-05,L1MC4,L1,LINE
chr13,70846565,70846586,MA1714.1,-,1.03e-05,MLT1A1,ERVL-MaLR,LTR
chr1,71024720,71024741,MA1714.1,-,1.03e-05,MamGypLTR2c,Gypsy,LTR
chr8,71406618,71406639,MA1714.1,-,1.03e-05,LTR78,ERV1,LTR
chr14,71424324,71424345,MA1714.1,+,1.03e-05,L1MB7,L1,LINE
chr6,72524482,72524503,MA1714.1,+,1.03e-05,L1M2,L1,LINE
chr8,72708939,72708960,MA1714.1,-,1.03e-05,MIRb,MIR,SINE
chr12,76002820,76002841,MA1714.1,+,1.03e-05,L1ME3B,L1,LINE
chr10,78424484,78424505,MA1714.1,+,1.03e-05,L1MB2,L1,LINE
chr4,79486909,79486930,MA1714.1,+,1.03e-05,MIR,MIR,SINE
chr3,80398000,80398021,MA1714.1,+,1.03e-05,MLT2B1,ERVL,LTR
chr16,83115165,83115186,MA1714.1,-,1.03e-05,MLT1A,ERVL-MaLR,LTR
chr8,83596216,83596237,MA1714.1,-,1.03e-05,L1MCa,L1,LINE
chr2,84416868,84416889,MA1714.1,-,1.03e-05,LTR33,ERVL,LTR
chr12,86425072,86425093,MA1714.1,+,1.03e-05,MamRep137,TcMar,DNA
chr5,87015910,87015931,MA1714.1,-,1.03e-05,HUERS-P1-int,ERV1,LTR
chr14,90707656,90707677,MA1714.1,+,1.03e-05,MER4B-int,ERV1,LTR
chr14,90877975,90877996,MA1714.1,-,1.03e-05,L1MB7,L1,LINE
chr11,91410595,91410616,MA1714.1,+,1.03e-05,THE1A,ERVL-MaLR,LTR
chr1,95140135,95140156,MA1714.1,-,1.03e-05,MIRb,MIR,SINE
chr4,97046486,97046507,MA1714.1,+,1.03e-05,HAL1,L1,LINE
chrX,97270763,97270784,MA1714.1,-,1.03e-05,MLT1A0,ERVL-MaLR,LTR
chr2,98399603,98399624,MA1714.1,+,1.03e-05,L1MD1,L1,LINE
chr2,102677043,102677064,MA1714.1,-,1.03e-05,Charlie15a,hAT-Charlie,DNA
chr1,103719647,103719668,MA1714.1,+,1.03e-05,L1ME1,L1,LINE
chr12,107722096,107722117,MA1714.1,+,1.03e-05,MIRb,MIR,SINE
chr9,111425180,111425201,MA1714.1,+,1.03e-05,MIR,MIR,SINE
chr12,111465204,111465225,MA1714.1,-,1.03e-05,L1M5,L1,LINE
chr2,112758478,112758499,MA1714.1,-,1.03e-05,L1MC3,L1,LINE
chr5,113352277,113352298,MA1714.1,+,1.03e-05,Charlie1a,hAT-Charlie,DNA
chr8,113804115,113804136,MA1714.1,-,1.03e-05,L1ME1,L1,LINE
chr3,116293200,116293221,MA1714.1,+,1.03e-05,HERVL-int,ERVL,LTR
chr9,117061455,117061476,MA1714.1,-,1.03e-05,MIRb,MIR,SINE
chr11,118276606,118276627,MA1714.1,-,1.03e-05,AluSz6,Alu,SINE
chr10,119675821,119675842,MA1714.1,+,1.03e-05,L1MA6,L1,LINE
chr11,119843689,119843710,MA1714.1,-,1.03e-05,L1PB4,L1,LINE
chr5,120388004,120388025,MA1714.1,-,1.03e-05,L1M5,L1,LINE
chr10,122398196,122398217,MA1714.1,+,1.03e-05,HAL1,L1,LINE
chr9,127063034,127063055,MA1714.1,-,1.03e-05,LTR16A2,ERVL,LTR
chr7,128343477,128343498,MA1714.1,+,1.03e-05,L1MEc,L1,LINE
chrX,129019856,129019877,MA1714.1,+,1.03e-05,L1MB8,L1,LINE
chrX,129083721,129083742,MA1714.1,+,1.03e-05,AluSx1,Alu,SINE
chr3,130949272,130949293,MA1714.1,+,1.03e-05,MIR,MIR,SINE
chr3,132306211,132306232,MA1714.1,-,1.03e-05,L1MEb,L1,LINE
chr2,132338903,132338924,MA1714.1,-,1.03e-05,L1MA6,L1,LINE
chr6,135342010,135342031,MA1714.1,+,1.03e-05,L1MB2,L1,LINE
chr3,139769486,139769507,MA1714.1,-,1.03e-05,LTR33,ERVL,LTR
chr8,140086259,140086280,MA1714.1,-,1.03e-05,ERVL-E-int,ERVL,LTR
chrX,141170612,141170633,MA1714.1,-,1.03e-05,THE1D-int,ERVL-MaLR,LTR
chrX,142411735,142411756,MA1714.1,-,1.03e-05,MIRb,MIR,SINE
chrX,143822697,143822718,MA1714.1,+,1.03e-05,MER4B-int,ERV1,LTR
chr8,144723436,144723457,MA1714.1,-,1.03e-05,Tigger1,TcMar-Tigger,DNA
chrX,152851257,152851278,MA1714.1,+,1.03e-05,AluJr,Alu,SINE
chr4,157645927,157645948,MA1714.1,+,1.03e-05,MER52A,ERV1,LTR
chr1,161328326,161328347,MA1714.1,+,1.03e-05,AluSx,Alu,SINE
chr4,165989399,165989420,MA1714.1,-,1.03e-05,AluSg,Alu,SINE
chr5,177762435,177762456,MA1714.1,+,1.03e-05,LTR78,ERV1,LTR
chr2,177877855,177877876,MA1714.1,+,1.03e-05,MIR,MIR,SINE
chr4,188550404,188550425,MA1714.1,+,1.03e-05,L1M3e,L1,LINE
chr1,192702056,192702077,MA1714.1,-,1.03e-05,MLT1A,ERVL-MaLR,LTR
chr2,201666857,201666878,MA1714.1,+,1.03e-05,L1PREC2,L1,LINE
chr1,205720023,205720044,MA1714.1,+,1.03e-05,MIR,MIR,SINE
chr1,207464977,207464998,MA1714.1,+,1.03e-05,THE1B-int,ERVL-MaLR,LTR
chr2,209695264,209695285,MA1714.1,-,1.03e-05,MER83,ERV1,LTR
chr1,226931175,226931196,MA1714.1,+,1.03e-05,L1ME1,L1,LINE
chr2,230685178,230685199,MA1714.1,-,1.03e-05,Charlie1a,hAT-Charlie,DNA
chr2,235349982,235350003,MA1714.1,-,1.03e-05,MLT1A0,ERVL-MaLR,LTR
chr1,241730363,241730384,MA1714.1,+,1.03e-05,MIRb,MIR,SINE
chr1,244792194,244792215,MA1714.1,-,1.03e-05,ERVL-E-int,ERVL,LTR
chr17,262562,262583,MA1714.1,+,1.04e-05,MIRb,MIR,SINE
chr4,288542,288563,MA1714.1,+,1.04e-05,MER30B,hAT-Charlie,DNA
chr7,439106,439127,MA1714.1,-,1.04e-05,L1MEc,L1,LINE
chr11,4486074,4486095,MA1714.1,+,1.04e-05,MSTC-int,ERVL-MaLR,LTR
chr1,5879291,5879312,MA1714.1,+,1.04e-05,MER50,ERV1,LTR
chr1,6473345,6473366,MA1714.1,+,1.04e-05,Arthur1C,hAT-Tip100,DNA
chr18,7264781,7264802,MA1714.1,+,1.04e-05,L1M6,L1,LINE
chr16,7481700,7481721,MA1714.1,-,1.04e-05,L1MB5,L1,LINE
chr1,8147185,8147206,MA1714.1,-,1.04e-05,L1MC4a,L1,LINE
chrX,8204245,8204266,MA1714.1,-,1.04e-05,MLT1D,ERVL-MaLR,LTR
chr11,9649730,9649751,MA1714.1,-,1.04e-05,L1MEd,L1,LINE
chr11,10028488,10028509,MA1714.1,+,1.04e-05,MER50-int,ERV1,LTR
chr8,10858675,10858696,MA1714.1,-,1.04e-05,MIRb,MIR,SINE
chrX,12380046,12380067,MA1714.1,-,1.04e-05,MLT1C,ERVL-MaLR,LTR
chr11,12859145,12859166,MA1714.1,-,1.04e-05,MLT1B,ERVL-MaLR,LTR
chr3,13149694,13149715,MA1714.1,-,1.04e-05,L1ME4a,L1,LINE
chr18,14263898,14263919,MA1714.1,+,1.04e-05,MSTA-int,ERVL-MaLR,LTR
chr18,14319121,14319142,MA1714.1,+,1.04e-05,MSTA-int,ERVL-MaLR,LTR
chr21,15414969,15414990,MA1714.1,+,1.04e-05,L1MEc,L1,LINE
chr20,15696498,15696519,MA1714.1,-,1.04e-05,MIRb,MIR,SINE
chr2,16197272,16197293,MA1714.1,-,1.04e-05,L1PA16,L1,LINE
chr11,18554855,18554876,MA1714.1,-,1.04e-05,L1MA4,L1,LINE
chr9,19165367,19165388,MA1714.1,-,1.04e-05,AluJb,Alu,SINE
chr8,20430095,20430116,MA1714.1,+,1.04e-05,MIRc,MIR,SINE
chr14,21739826,21739847,MA1714.1,-,1.04e-05,AluJb,Alu,SINE
chr20,23052021,23052042,MA1714.1,+,1.04e-05,MLT1J,ERVL-MaLR,LTR
chr15,24214950,24214971,MA1714.1,-,1.04e-05,L1MC3,L1,LINE
chrX,25445588,25445609,MA1714.1,-,1.04e-05,L1MA2,L1,LINE
chr21,26594932,26594953,MA1714.1,-,1.04e-05,L1M1,L1,LINE
chr3,29437825,29437846,MA1714.1,+,1.04e-05,L1MC4,L1,LINE
chr7,30541945,30541966,MA1714.1,+,1.04e-05,MER30B,hAT-Charlie,DNA
chr4,32418656,32418677,MA1714.1,-,1.04e-05,L1MA9,L1,LINE
chr3,32520630,32520651,MA1714.1,-,1.04e-05,FRAM,Alu,SINE
chr19,33024722,33024743,MA1714.1,-,1.04e-05,L1M5,L1,LINE
chr1,33937113,33937134,MA1714.1,-,1.04e-05,MIRb,MIR,SINE
chr3,34835249,34835270,MA1714.1,+,1.04e-05,LTR16A1,ERVL,LTR
chr2,35463203,35463224,MA1714.1,+,1.04e-05,L1PA13,L1,LINE
chr1,37362178,37362199,MA1714.1,+,1.04e-05,L1MC1,L1,LINE
chr9,38428167,38428188,MA1714.1,+,1.04e-05,L1MEc,L1,LINE
chr13,38533721,38533742,MA1714.1,-,1.04e-05,L1MEc,L1,LINE
chr11,40893525,40893546,MA1714.1,+,1.04e-05,MER54B,ERVL,LTR
chr8,40985027,40985048,MA1714.1,+,1.04e-05,MER21B,ERVL,LTR
chr17,41988646,41988667,MA1714.1,-,1.04e-05,Charlie7a,hAT-Charlie,DNA
chr4,42389993,42390014,MA1714.1,-,1.04e-05,AluSc,Alu,SINE
chr13,43343816,43343837,MA1714.1,+,1.04e-05,MIR,MIR,SINE
chr20,43594445,43594466,MA1714.1,+,1.04e-05,MIR,MIR,SINE
chr21,44557490,44557511,MA1714.1,-,1.04e-05,MLT1A,ERVL-MaLR,LTR
chr18,44985083,44985104,MA1714.1,+,1.04e-05,HAL1-3A_ME,L1,LINE
chr10,45246752,45246773,MA1714.1,+,1.04e-05,L1MC1,L1,LINE
chr19,45592507,45592528,MA1714.1,-,1.04e-05,L1MC4,L1,LINE
chr3,45631333,45631354,MA1714.1,-,1.04e-05,AluJr,Alu,SINE
chr18,45758463,45758484,MA1714.1,+,1.04e-05,MER52A,ERV1,LTR
chr4,46714436,46714457,MA1714.1,-,1.04e-05,L1M5,L1,LINE
chr2,47245905,47245926,MA1714.1,-,1.04e-05,MIR,MIR,SINE
chr13,47457062,47457083,MA1714.1,-,1.04e-05,MIR,MIR,SINE
chr6,48227226,48227247,MA1714.1,-,1.04e-05,L1MC4,L1,LINE
chr14,51927669,51927690,MA1714.1,+,1.04e-05,MER5C,hAT-Charlie,DNA
chr13,52904797,52904818,MA1714.1,+,1.04e-05,L1MA4A,L1,LINE
chr13,53066709,53066730,MA1714.1,-,1.04e-05,L1MA4A,L1,LINE
chr8,54330042,54330063,MA1714.1,+,1.04e-05,MLT1L,ERVL-MaLR,LTR
chr16,56996499,56996520,MA1714.1,+,1.04e-05,MIR3,MIR,SINE
chr17,57052758,57052779,MA1714.1,+,1.04e-05,FLAM_C,Alu,SINE
chr13,57334688,57334709,MA1714.1,+,1.04e-05,L1PA12,L1,LINE
chr13,57616553,57616574,MA1714.1,+,1.04e-05,L1ME3A,L1,LINE
chr6,58163411,58163432,MA1714.1,-,1.04e-05,L1MEf,L1,LINE
chr1,58926413,58926434,MA1714.1,+,1.04e-05,Charlie7,hAT-Charlie,DNA
chr11,63337745,63337766,MA1714.1,-,1.04e-05,L1ME3F,L1,LINE
chr17,65535921,65535942,MA1714.1,+,1.04e-05,AluY,Alu,SINE
chr7,65632489,65632510,MA1714.1,-,1.04e-05,L1MC5,L1,LINE
chr1,66531334,66531355,MA1714.1,-,1.04e-05,MIR3,MIR,SINE
chr2,69461024,69461045,MA1714.1,+,1.04e-05,L1M2,L1,LINE
chr15,72026822,72026843,MA1714.1,+,1.04e-05,L1MC1,L1,LINE
chr7,72144557,72144578,MA1714.1,+,1.04e-05,L1ME3C,L1,LINE
chr14,77414933,77414954,MA1714.1,+,1.04e-05,LTR33,ERVL,LTR
chr6,78525526,78525547,MA1714.1,-,1.04e-05,L4,RTE,LINE
chr3,79540323,79540344,MA1714.1,+,1.04e-05,MER76,ERVL,LTR
chr5,81100876,81100897,MA1714.1,+,1.04e-05,L1MA5A,L1,LINE
chr1,81176279,81176300,MA1714.1,+,1.04e-05,L1ME1,L1,LINE
chr8,83534001,83534022,MA1714.1,-,1.04e-05,L1PREC2,L1,LINE
chr6,86818582,86818603,MA1714.1,+,1.04e-05,MIR,MIR,SINE
chr3,88526482,88526503,MA1714.1,-,1.04e-05,MLT1A0,ERVL-MaLR,LTR
chr9,98100917,98100938,MA1714.1,+,1.04e-05,MER52A,ERV1,LTR
chr3,105365298,105365319,MA1714.1,+,1.04e-05,L1ME3,L1,LINE
chr9,106376599,106376620,MA1714.1,-,1.04e-05,L1M3e,L1,LINE
chr9,107912577,107912598,MA1714.1,-,1.04e-05,MIRc,MIR,SINE
chr5,108009901,108009922,MA1714.1,-,1.04e-05,MLT1A0-int,ERVL-MaLR,LTR
chr2,109517233,109517254,MA1714.1,+,1.04e-05,L1MD1,L1,LINE
chrX,109820177,109820198,MA1714.1,-,1.04e-05,MIR,MIR,SINE
chr2,114446965,114446986,MA1714.1,-,1.04e-05,MLT1B,ERVL-MaLR,LTR
chr10,114975211,114975232,MA1714.1,-,1.04e-05,L1MC4a,L1,LINE
chr9,118142857,118142878,MA1714.1,-,1.04e-05,THE1A-int,ERVL-MaLR,LTR
chr10,119435552,119435573,MA1714.1,-,1.04e-05,MIR,MIR,SINE
chrX,121698265,121698286,MA1714.1,+,1.04e-05,L1PREC2,L1,LINE
chr6,121909510,121909531,MA1714.1,-,1.04e-05,FLAM_A,Alu,SINE
chr10,122026902,122026923,MA1714.1,+,1.04e-05,L1ME1,L1,LINE
chr8,124538336,124538357,MA1714.1,-,1.04e-05,MIR,MIR,SINE
chrX,124625373,124625394,MA1714.1,+,1.04e-05,HAL1,L1,LINE
chr5,128236127,128236148,MA1714.1,-,1.04e-05,BLACKJACK,hAT-Blackjack,DNA
chr6,134030089,134030110,MA1714.1,-,1.04e-05,L1PREC2,L1,LINE
chr5,136137904,136137925,MA1714.1,-,1.04e-05,MIRc,MIR,SINE
chr2,140508683,140508704,MA1714.1,-,1.04e-05,MLT1A,ERVL-MaLR,LTR
chr5,144258641,144258662,MA1714.1,+,1.04e-05,MIRb,MIR,SINE
chr4,148855315,148855336,MA1714.1,-,1.04e-05,L1M3a,L1,LINE
chr4,157093598,157093619,MA1714.1,-,1.04e-05,MLT1A0,ERVL-MaLR,LTR
chr4,163678393,163678414,MA1714.1,+,1.04e-05,HERVL-int,ERVL,LTR
chr5,165101918,165101939,MA1714.1,-,1.04e-05,L1MB5,L1,LINE
chr6,165139170,165139191,MA1714.1,+,1.04e-05,L1MCa,L1,LINE
chr1,169204653,169204674,MA1714.1,-,1.04e-05,MIR,MIR,SINE
chr6,169723613,169723634,MA1714.1,-,1.04e-05,MLT1A0-int,ERVL-MaLR,LTR
chr5,177766364,177766385,MA1714.1,-,1.04e-05,L3,CR1,LINE
chr3,183800157,183800178,MA1714.1,+,1.04e-05,MER52A,ERV1,LTR
chr2,186358645,186358666,MA1714.1,-,1.04e-05,L1PA15-16,L1,LINE
chr2,188075128,188075149,MA1714.1,+,1.04e-05,THE1B-int,ERVL-MaLR,LTR
chr1,197513713,197513734,MA1714.1,-,1.04e-05,MER30,hAT-Charlie,DNA
chr2,201939829,201939850,MA1714.1,+,1.04e-05,FLAM_C,Alu,SINE
chr2,209645577,209645598,MA1714.1,-,1.04e-05,L1M6,L1,LINE
chr2,210020131,210020152,MA1714.1,+,1.04e-05,L1MB8,L1,LINE
chr1,218496156,218496177,MA1714.1,-,1.04e-05,MER52D,ERV1,LTR
chr1,233224645,233224666,MA1714.1,-,1.04e-05,MIR,MIR,SINE
chr1,233234608,233234629,MA1714.1,+,1.04e-05,MIR,MIR,SINE
chrUn_gl000214,47070,47091,MA1714.1,-,1.04e-05,MER52A,ERV1,LTR
chr10,296887,296908,MA1714.1,+,1.04e-05,AluSz,Alu,SINE
chr20,1943707,1943728,MA1714.1,+,1.04e-05,L2a,L2,LINE
chr5,3585169,3585190,MA1714.1,+,1.04e-05,HAL1-3A_ME,L1,LINE
chr8,4524638,4524659,MA1714.1,-,1.04e-05,L1ME1,L1,LINE
chr5,4787894,4787915,MA1714.1,+,1.04e-05,L1MA7,L1,LINE
chr8,4950177,4950198,MA1714.1,+,1.04e-05,L1ME1,L1,LINE
chr2,5594838,5594859,MA1714.1,+,1.04e-05,L1M5,L1,LINE
chr4,5938353,5938374,MA1714.1,+,1.04e-05,L1MEe,L1,LINE
chr21,15642540,15642561,MA1714.1,+,1.04e-05,MLT1A1,ERVL-MaLR,LTR
chr19,17062161,17062182,MA1714.1,+,1.04e-05,MER58B,hAT-Charlie,DNA
chr10,18361454,18361475,MA1714.1,-,1.04e-05,FLAM_A,Alu,SINE
chr18,18742159,18742180,MA1714.1,-,1.04e-05,MLT2B1,ERVL,LTR
chr17,18816737,18816758,MA1714.1,-,1.04e-05,MLT1A0-int,ERVL-MaLR,LTR
chr1,20935402,20935423,MA1714.1,+,1.04e-05,MIRb,MIR,SINE
chr20,21101189,21101210,MA1714.1,-,1.04e-05,MLT2D,ERVL,LTR
chr8,21465530,21465551,MA1714.1,+,1.04e-05,ERV3-16A3_I-int,ERVL,LTR
chr7,24850900,24850921,MA1714.1,-,1.04e-05,L1MA8,L1,LINE
chr8,25008511,25008532,MA1714.1,+,1.04e-05,AluJb,Alu,SINE
chr15,25547192,25547213,MA1714.1,-,1.04e-05,L1MD,L1,LINE
chr22,27611836,27611857,MA1714.1,+,1.04e-05,MIRb,MIR,SINE
chr5,27696521,27696542,MA1714.1,+,1.04e-05,L1PB1,L1,LINE
chrX,28514501,28514522,MA1714.1,-,1.04e-05,L1MDa,L1,LINE
chr1,30419993,30420014,MA1714.1,-,1.04e-05,AluJr,Alu,SINE
chr4,31181526,31181547,MA1714.1,-,1.04e-05,MLT1L,ERVL-MaLR,LTR
chr15,31700287,31700308,MA1714.1,+,1.04e-05,L1M3,L1,LINE
chr14,32700700,32700721,MA1714.1,+,1.04e-05,MIR,MIR,SINE
chrX,38708137,38708158,MA1714.1,+,1.04e-05,L1MC3,L1,LINE
chr3,39241451,39241472,MA1714.1,-,1.04e-05,Charlie5,hAT-Charlie,DNA
chr12,39729280,39729301,MA1714.1,+,1.04e-05,L1MB7,L1,LINE
chr14,40603821,40603842,MA1714.1,-,1.04e-05,L1PA14,L1,LINE
chr15,41103270,41103291,MA1714.1,+,1.04e-05,MIR,MIR,SINE
chr13,41307549,41307570,MA1714.1,+,1.04e-05,HAL1,L1,LINE
chr11,41654747,41654768,MA1714.1,-,1.04e-05,L1MA7,L1,LINE
chr19,42039490,42039511,MA1714.1,-,1.04e-05,L1PB2,L1,LINE
chrX,42437798,42437819,MA1714.1,-,1.04e-05,L1MB7,L1,LINE
chr4,42813977,42813998,MA1714.1,+,1.04e-05,MER115,hAT-Tip100,DNA
chr11,44264353,44264374,MA1714.1,+,1.04e-05,MIR,MIR,SINE
chr2,45406694,45406715,MA1714.1,-,1.04e-05,L2b,L2,LINE
chr11,45460500,45460521,MA1714.1,-,1.04e-05,MIRb,MIR,SINE
chr10,46643813,46643834,MA1714.1,-,1.04e-05,MLT1A1,ERVL-MaLR,LTR
chr19,46926672,46926693,MA1714.1,+,1.04e-05,MIRc,MIR,SINE
chr8,48047126,48047147,MA1714.1,-,1.04e-05,L1MA4A,L1,LINE
chr10,48830734,48830755,MA1714.1,-,1.04e-05,MLT1A1,ERVL-MaLR,LTR
chrX,48942707,48942728,MA1714.1,+,1.04e-05,AluJb,Alu,SINE
chr20,49329764,49329785,MA1714.1,-,1.04e-05,AluJo,Alu,SINE
chr10,49351259,49351280,MA1714.1,-,1.04e-05,MLT1A1,ERVL-MaLR,LTR
chr2,50273871,50273892,MA1714.1,-,1.04e-05,MIR,MIR,SINE
chr3,50787787,50787808,MA1714.1,-,1.04e-05,AluSc5,Alu,SINE
chr5,51268235,51268256,MA1714.1,-,1.04e-05,L1MB3,L1,LINE
chr17,54658041,54658062,MA1714.1,-,1.04e-05,L1ME3C,L1,LINE
chr12,54999667,54999688,MA1714.1,+,1.04e-05,AluSx,Alu,SINE
chr8,56635220,56635241,MA1714.1,+,1.04e-05,L1PB1,L1,LINE
chr16,57582565,57582586,MA1714.1,-,1.04e-05,L1MD2,L1,LINE
chrX,57919217,57919238,MA1714.1,+,1.04e-05,L1PB4,L1,LINE
chr4,58093500,58093521,MA1714.1,-,1.04e-05,AluSz,Alu,SINE
chr20,58372082,58372103,MA1714.1,-,1.04e-05,L1M2,L1,LINE
chr4,59706447,59706468,MA1714.1,+,1.04e-05,HAL1,L1,LINE
chr4,60891905,60891926,MA1714.1,-,1.04e-05,L1M4,L1,LINE
chr6,62278748,62278769,MA1714.1,+,1.04e-05,L1PB2,L1,LINE
chr3,62694211,62694232,MA1714.1,-,1.04e-05,MIR,MIR,SINE
chr8,63842770,63842791,MA1714.1,-,1.04e-05,L1MB4,L1,LINE
chr16,65633694,65633715,MA1714.1,+,1.04e-05,MIRb,MIR,SINE
chr15,65923375,65923396,MA1714.1,+,1.04e-05,Charlie22a,hAT-Charlie,DNA
chrX,66434761,66434782,MA1714.1,+,1.04e-05,L1MA8,L1,LINE
chr4,67418910,67418931,MA1714.1,+,1.04e-05,L1MA1,L1,LINE
chr6,68457775,68457796,MA1714.1,+,1.04e-05,ERVL-B4-int,ERVL,LTR
chr11,68670270,68670291,MA1714.1,-,1.04e-05,L1MC1,L1,LINE
chr13,70474571,70474592,MA1714.1,+,1.04e-05,MER76-int,ERVL,LTR
chr2,71321581,71321602,MA1714.1,+,1.04e-05,HAL1,L1,LINE
chrX,73650031,73650052,MA1714.1,-,1.04e-05,MIR,MIR,SINE
chr1,75121334,75121355,MA1714.1,-,1.04e-05,MLT1D,ERVL-MaLR,LTR
chr8,75207772,75207793,MA1714.1,-,1.04e-05,MIRb,MIR,SINE
chr16,76387972,76387993,MA1714.1,+,1.04e-05,L1M6,L1,LINE
chr12,77317383,77317404,MA1714.1,-,1.04e-05,AluY,Alu,SINE
chr12,77429023,77429044,MA1714.1,+,1.04e-05,L1ME1,L1,LINE
chr8,80422116,80422137,MA1714.1,-,1.04e-05,L1MA4,L1,LINE
chr6,80938871,80938892,MA1714.1,-,1.04e-05,L2a,L2,LINE
chr15,82652406,82652427,MA1714.1,-,1.04e-05,L1MC,L1,LINE
chr15,83028901,83028922,MA1714.1,-,1.04e-05,L1MC,L1,LINE
chr9,83104475,83104496,MA1714.1,+,1.04e-05,MIRb,MIR,SINE
chr15,86046346,86046367,MA1714.1,+,1.04e-05,MIR,MIR,SINE
chr12,86556130,86556151,MA1714.1,+,1.04e-05,L1PA16,L1,LINE
chr12,86910859,86910880,MA1714.1,+,1.04e-05,L1M4,L1,LINE
chr13,87675334,87675355,MA1714.1,+,1.04e-05,L1MEg2,L1,LINE
chr15,87696678,87696699,MA1714.1,-,1.04e-05,L1PB1,L1,LINE
chrX,90330171,90330192,MA1714.1,+,1.04e-05,L1ME2,L1,LINE
chr8,91204612,91204633,MA1714.1,+,1.04e-05,MIR,MIR,SINE
chr14,92212262,92212283,MA1714.1,+,1.04e-05,MLT2F,ERVL,LTR
chr10,93439498,93439519,MA1714.1,-,1.04e-05,MIR,MIR,SINE
chr10,95292675,95292696,MA1714.1,-,1.04e-05,L1MEb,L1,LINE
chr12,97884258,97884279,MA1714.1,+,1.04e-05,MIR,MIR,SINE
chr6,98429900,98429921,MA1714.1,-,1.04e-05,L1MA9,L1,LINE
chr5,100422277,100422298,MA1714.1,-,1.04e-05,L1PB4,L1,LINE
chr7,103172344,103172365,MA1714.1,+,1.04e-05,L1PA11,L1,LINE
chr2,105720496,105720517,MA1714.1,-,1.04e-05,MIR,MIR,SINE
chr11,106034730,106034751,MA1714.1,-,1.04e-05,L1M7,L1,LINE
chr2,106424431,106424452,MA1714.1,-,1.04e-05,AluSc,Alu,SINE
chr5,106764719,106764740,MA1714.1,-,1.04e-05,L3,CR1,LINE
chr11,106953147,106953168,MA1714.1,-,1.04e-05,THE1D-int,ERVL-MaLR,LTR
chr13,107259542,107259563,MA1714.1,+,1.04e-05,L1MA9,L1,LINE
chr3,108087710,108087731,MA1714.1,+,1.04e-05,L1PA8,L1,LINE
chr2,116846452,116846473,MA1714.1,-,1.04e-05,L1MA4A,L1,LINE
chr3,119265234,119265255,MA1714.1,-,1.04e-05,MIRb,MIR,SINE
chr7,123601364,123601385,MA1714.1,-,1.04e-05,L1MA5,L1,LINE
chr5,125265932,125265953,MA1714.1,+,1.04e-05,L1MEf,L1,LINE
chr9,126459819,126459840,MA1714.1,-,1.04e-05,L1PB1,L1,LINE
chr7,126924705,126924726,MA1714.1,-,1.04e-05,MIR,MIR,SINE
chr4,127020197,127020218,MA1714.1,-,1.04e-05,MIRc,MIR,SINE
chr9,128332529,128332550,MA1714.1,+,1.04e-05,PABL_A-int,ERV1,LTR
chr4,129605252,129605273,MA1714.1,+,1.04e-05,MER34C_,ERV1,LTR
chr6,130233940,130233961,MA1714.1,-,1.04e-05,MLT1J,ERVL-MaLR,LTR
chr3,136590444,136590465,MA1714.1,-,1.04e-05,L1ME3,L1,LINE
chr6,138197654,138197675,MA1714.1,-,1.04e-05,AluJr,Alu,SINE
chr8,142213664,142213685,MA1714.1,+,1.04e-05,L1MEc,L1,LINE
chrX,144347288,144347309,MA1714.1,-,1.04e-05,MER66-int,ERV1,LTR
chrX,144431168,144431189,MA1714.1,+,1.04e-05,L1ME2,L1,LINE
chr5,149226776,149226797,MA1714.1,-,1.04e-05,MIR3,MIR,SINE
chr5,149544194,149544215,MA1714.1,-,1.04e-05,L3,CR1,LINE
chr2,150809167,150809188,MA1714.1,-,1.04e-05,MSTD-int,ERVL-MaLR,LTR
chr6,154222421,154222442,MA1714.1,+,1.04e-05,L1MA4A,L1,LINE
chrX,154502255,154502276,MA1714.1,-,1.04e-05,L1MA3,L1,LINE
chr4,156338671,156338692,MA1714.1,-,1.04e-05,L1MA4A,L1,LINE
chr7,156603458,156603479,MA1714.1,-,1.04e-05,L1ME2,L1,LINE
chr6,157018854,157018875,MA1714.1,-,1.04e-05,MIRb,MIR,SINE
chr1,173258230,173258251,MA1714.1,+,1.04e-05,L1MEc,L1,LINE
chr1,192942300,192942321,MA1714.1,-,1.04e-05,L1PB3,L1,LINE
chr3,193476916,193476937,MA1714.1,-,1.04e-05,THE1D,ERVL-MaLR,LTR
chr1,195826458,195826479,MA1714.1,+,1.04e-05,L1M2,L1,LINE
chr1,209864801,209864822,MA1714.1,+,1.04e-05,HAL1,L1,LINE
chr2,214696520,214696541,MA1714.1,-,1.04e-05,MIR,MIR,SINE
chr2,235219616,235219637,MA1714.1,-,1.04e-05,L1M2,L1,LINE
chr2,237163241,237163262,MA1714.1,-,1.04e-05,L1MEf,L1,LINE
chr2,237767339,237767360,MA1714.1,-,1.04e-05,MLT1F1,ERVL-MaLR,LTR
chrY,812550,812571,MA1714.1,+,1.05e-05,L1PREC2,L1,LINE
chrX,862550,862571,MA1714.1,+,1.05e-05,L1PREC2,L1,LINE
chrY,1936926,1936947,MA1714.1,+,1.05e-05,L1MD,L1,LINE
chrX,1986926,1986947,MA1714.1,+,1.05e-05,L1MD,L1,LINE
chr3,2312030,2312051,MA1714.1,-,1.05e-05,L1PA15,L1,LINE
chrX,3272937,3272958,MA1714.1,+,1.05e-05,MLT1D,ERVL-MaLR,LTR
chr2,3595010,3595031,MA1714.1,-,1.05e-05,AluJb,Alu,SINE
chr11,4160379,4160400,MA1714.1,-,1.05e-05,L1MB4,L1,LINE
chr12,4732822,4732843,MA1714.1,+,1.05e-05,L1PREC2,L1,LINE
chr7,6471582,6471603,MA1714.1,+,1.05e-05,L1PREC2,L1,LINE
chr17,6505930,6505951,MA1714.1,+,1.05e-05,L1ME2,L1,LINE
chr6,7555780,7555801,MA1714.1,+,1.05e-05,L1MC4,L1,LINE
chrX,7703639,7703660,MA1714.1,+,1.05e-05,LTR40b,ERVL,LTR
chr8,8590640,8590661,MA1714.1,+,1.05e-05,L1PREC2,L1,LINE
chr20,10039243,10039264,MA1714.1,-,1.05e-05,L1MC4,L1,LINE
chr7,10067147,10067168,MA1714.1,+,1.05e-05,L1PREC2,L1,LINE
chr11,10858394,10858415,MA1714.1,-,1.05e-05,L1PREC2,L1,LINE
chr3,11881808,11881829,MA1714.1,-,1.05e-05,AluSx,Alu,SINE
chr20,12022425,12022446,MA1714.1,-,1.05e-05,L1PREC2,L1,LINE
chr3,14062242,14062263,MA1714.1,-,1.05e-05,L1PREC2,L1,LINE
chr1,14491199,14491220,MA1714.1,-,1.05e-05,AluSp,Alu,SINE
chr9,15619799,15619820,MA1714.1,+,1.05e-05,Tigger1,TcMar-Tigger,DNA
chr12,16561215,16561236,MA1714.1,+,1.05e-05,L1PREC2,L1,LINE
chr19,17254779,17254800,MA1714.1,+,1.05e-05,L1PREC2,L1,LINE
chr2,17303767,17303788,MA1714.1,+,1.05e-05,MIRb,MIR,SINE
chr17,17593891,17593912,MA1714.1,+,1.05e-05,MIR,MIR,SINE
chr7,17660723,17660744,MA1714.1,-,1.05e-05,L1PREC2,L1,LINE
chr20,18336903,18336924,MA1714.1,+,1.05e-05,L1PREC2,L1,LINE
chr5,18632813,18632834,MA1714.1,-,1.05e-05,MER67C,ERV1,LTR
chr8,18981700,18981721,MA1714.1,-,1.05e-05,L1MC2,L1,LINE
chr16,19309812,19309833,MA1714.1,+,1.05e-05,AluJo,Alu,SINE
chr18,22267557,22267578,MA1714.1,-,1.05e-05,L1PREC2,L1,LINE
chr9,22507829,22507850,MA1714.1,-,1.05e-05,L1PA4,L1,LINE
chr11,22604888,22604909,MA1714.1,+,1.05e-05,L1PREC2,L1,LINE
chr20,22973175,22973196,MA1714.1,-,1.05e-05,L1PA4,L1,LINE
chr13,23267024,23267045,MA1714.1,-,1.05e-05,L1ME3A,L1,LINE
chr14,23438863,23438884,MA1714.1,+,1.05e-05,AluJr,Alu,SINE
chr6,24297596,24297617,MA1714.1,+,1.05e-05,L1PREC2,L1,LINE
chr2,24691284,24691305,MA1714.1,-,1.05e-05,L1PREC2,L1,LINE
chr2,24957829,24957850,MA1714.1,+,1.05e-05,L1M5,L1,LINE
chr4,25761634,25761655,MA1714.1,-,1.05e-05,L1PA13,L1,LINE
chrX,26049943,26049964,MA1714.1,+,1.05e-05,L1PREC2,L1,LINE
chr17,26777673,26777694,MA1714.1,-,1.05e-05,L1PREC2,L1,LINE
chr5,27477785,27477806,MA1714.1,+,1.05e-05,MER61C,ERV1,LTR
chr10,28351157,28351178,MA1714.1,+,1.05e-05,L1ME1,L1,LINE
chrX,28387554,28387575,MA1714.1,-,1.05e-05,L1PREC2,L1,LINE
chr13,29638849,29638870,MA1714.1,-,1.05e-05,L1PREC2,L1,LINE
chr14,30387223,30387244,MA1714.1,-,1.05e-05,L1PREC2,L1,LINE
chr1,30855144,30855165,MA1714.1,-,1.05e-05,ERVL-E-int,ERVL,LTR
chr15,31189642,31189663,MA1714.1,-,1.05e-05,L1MC3,L1,LINE
chr2,31240682,31240703,MA1714.1,+,1.05e-05,X6A_LINE,CR1,LINE
chr9,32338103,32338124,MA1714.1,+,1.05e-05,L1PREC2,L1,LINE
chr3,32779725,32779746,MA1714.1,+,1.05e-05,L1PREC2,L1,LINE
chr15,34250028,34250049,MA1714.1,+,1.05e-05,L1ME2,L1,LINE
chr16,34263888,34263909,MA1714.1,+,1.05e-05,AluSp,Alu,SINE
chrX,34614261,34614282,MA1714.1,-,1.05e-05,L1PREC2,L1,LINE
chr18,34726136,34726157,MA1714.1,-,1.05e-05,L1PREC2,L1,LINE
chr12,34766405,34766426,MA1714.1,-,1.05e-05,L1PA3,L1,LINE
chr2,34985355,34985376,MA1714.1,-,1.05e-05,MIRb,MIR,SINE
chr4,35189320,35189341,MA1714.1,+,1.05e-05,L1PREC2,L1,LINE
chr21,35721244,35721265,MA1714.1,+,1.05e-05,L1PREC2,L1,LINE
chr6,37769426,37769447,MA1714.1,+,1.05e-05,LTR85c,Gypsy,LTR
chr17,37987869,37987890,MA1714.1,+,1.05e-05,MER58C,hAT-Charlie,DNA
chr4,38017899,38017920,MA1714.1,-,1.05e-05,L2b,L2,LINE
chr15,39132106,39132127,MA1714.1,-,1.05e-05,L1PA3,L1,LINE
chr2,39851889,39851910,MA1714.1,+,1.05e-05,MER33,hAT-Charlie,DNA
chr3,40083405,40083426,MA1714.1,+,1.05e-05,L1MC4,L1,LINE
chr8,40227502,40227523,MA1714.1,+,1.05e-05,L1MB5,L1,LINE
chr3,40663885,40663906,MA1714.1,-,1.05e-05,L1PREC2,L1,LINE
chr21,41700277,41700298,MA1714.1,+,1.05e-05,L1MA9,L1,LINE
chr11,42739561,42739582,MA1714.1,+,1.05e-05,L1PREC2,L1,LINE
chr17,42922200,42922221,MA1714.1,+,1.05e-05,MIR,MIR,SINE
chr4,43109155,43109176,MA1714.1,+,1.05e-05,L1PREC2,L1,LINE
chr14,44296338,44296359,MA1714.1,-,1.05e-05,L1PA13,L1,LINE
chr19,44686293,44686314,MA1714.1,+,1.05e-05,ERVL-E-int,ERVL,LTR
chr9,44728864,44728885,MA1714.1,-,1.05e-05,AluY,Alu,SINE
chr20,45449857,45449878,MA1714.1,-,1.05e-05,LTR33,ERVL,LTR
chr20,46357416,46357437,MA1714.1,-,1.05e-05,AluSz,Alu,SINE
chr7,48786346,48786367,MA1714.1,-,1.05e-05,L1PREC2,L1,LINE
chr8,49251458,49251479,MA1714.1,-,1.05e-05,L1PA4,L1,LINE
chr8,49374739,49374760,MA1714.1,-,1.05e-05,L1PA3,L1,LINE
chr17,49522722,49522743,MA1714.1,-,1.05e-05,L1PREC2,L1,LINE
chr17,49523068,49523089,MA1714.1,+,1.05e-05,L1PREC2,L1,LINE
chr18,49985652,49985673,MA1714.1,-,1.05e-05,L1PREC2,L1,LINE
chr18,50819925,50819946,MA1714.1,-,1.05e-05,L1PREC2,L1,LINE
chr17,50878519,50878540,MA1714.1,-,1.05e-05,L1PREC2,L1,LINE
chr1,52279873,52279894,MA1714.1,+,1.05e-05,L1PREC2,L1,LINE
chr16,53024829,53024850,MA1714.1,+,1.05e-05,L1PREC2,L1,LINE
chr17,53601368,53601389,MA1714.1,-,1.05e-05,L1PREC2,L1,LINE
chr18,54349344,54349365,MA1714.1,-,1.05e-05,MIR,MIR,SINE
chr20,54480266,54480287,MA1714.1,-,1.05e-05,L1PA3,L1,LINE
chr10,55054989,55055010,MA1714.1,+,1.05e-05,L1PREC2,L1,LINE
chr20,55311920,55311941,MA1714.1,+,1.05e-05,AluSx,Alu,SINE
chr8,55488279,55488300,MA1714.1,-,1.05e-05,L1PREC2,L1,LINE
chr1,55579948,55579969,MA1714.1,+,1.05e-05,L1PA7,L1,LINE
chr11,56191955,56191976,MA1714.1,+,1.05e-05,L1PREC2,L1,LINE
chr20,56387451,56387472,MA1714.1,-,1.05e-05,L1PREC2,L1,LINE
chr11,56651609,56651630,MA1714.1,+,1.05e-05,L1MC4,L1,LINE
chr6,56977881,56977902,MA1714.1,-,1.05e-05,L1PREC2,L1,LINE
chr16,57374124,57374145,MA1714.1,+,1.05e-05,L1ME3A,L1,LINE
chrX,58049736,58049757,MA1714.1,+,1.05e-05,L1PREC2,L1,LINE
chr10,58090167,58090188,MA1714.1,-,1.05e-05,MLT1A1-int,ERVL-MaLR,LTR
chr13,58958156,58958177,MA1714.1,-,1.05e-05,L1M5,L1,LINE
chr3,59294155,59294176,MA1714.1,-,1.05e-05,MIRc,MIR,SINE
chr16,59398275,59398296,MA1714.1,+,1.05e-05,L1P1,L1,LINE
chr20,59492980,59493001,MA1714.1,+,1.05e-05,L1PREC2,L1,LINE
chr8,59973286,59973307,MA1714.1,-,1.05e-05,MIR,MIR,SINE
chr8,60140094,60140115,MA1714.1,+,1.05e-05,L1PA14,L1,LINE
chr8,61110833,61110854,MA1714.1,+,1.05e-05,MIRb,MIR,SINE
chr16,62975274,62975295,MA1714.1,-,1.05e-05,L1PA13,L1,LINE
chr15,63256479,63256500,MA1714.1,-,1.05e-05,Charlie1a,hAT-Charlie,DNA
chr2,64110380,64110401,MA1714.1,-,1.05e-05,MIRb,MIR,SINE
chr3,64283744,64283765,MA1714.1,-,1.05e-05,L1PA13,L1,LINE
chr6,64368849,64368870,MA1714.1,-,1.05e-05,MLT2D,ERVL,LTR
chr15,64431667,64431688,MA1714.1,-,1.05e-05,L1MC4,L1,LINE
chr4,64530110,64530131,MA1714.1,-,1.05e-05,L1PREC2,L1,LINE
chr16,65883690,65883711,MA1714.1,+,1.05e-05,MLT1N2,ERVL-MaLR,LTR
chr15,66136929,66136950,MA1714.1,-,1.05e-05,L1MEg,L1,LINE
chr6,67040662,67040683,MA1714.1,-,1.05e-05,L1PREC2,L1,LINE
chr3,67116796,67116817,MA1714.1,+,1.05e-05,AluSz,Alu,SINE
chr2,67309730,67309751,MA1714.1,+,1.05e-05,L1PREC2,L1,LINE
chr12,67628365,67628386,MA1714.1,-,1.05e-05,L1PREC2,L1,LINE
chr17,68615834,68615855,MA1714.1,-,1.05e-05,L1PREC2,L1,LINE
chr13,68678798,68678819,MA1714.1,+,1.05e-05,L1MB7,L1,LINE
chrX,68935016,68935037,MA1714.1,-,1.05e-05,L1PREC2,L1,LINE
chr8,69203777,69203798,MA1714.1,-,1.05e-05,L1MC3,L1,LINE
chr3,70526197,70526218,MA1714.1,+,1.05e-05,MER50,ERV1,LTR
chrX,70621844,70621865,MA1714.1,+,1.05e-05,MIRb,MIR,SINE
chr11,71190589,71190610,MA1714.1,-,1.05e-05,L1MB7,L1,LINE
chrX,71214509,71214530,MA1714.1,-,1.05e-05,L2c,L2,LINE
chr11,72546321,72546342,MA1714.1,-,1.05e-05,MIRc,MIR,SINE
chrX,73372569,73372590,MA1714.1,+,1.05e-05,L1PREC2,L1,LINE
chr17,74051260,74051281,MA1714.1,-,1.05e-05,AluSq2,Alu,SINE
chr4,74055279,74055300,MA1714.1,-,1.05e-05,AluSc,Alu,SINE
chr16,74892425,74892446,MA1714.1,-,1.05e-05,L1PREC2,L1,LINE
chr6,75419232,75419253,MA1714.1,-,1.05e-05,HAL1,L1,LINE
chr1,76292736,76292757,MA1714.1,+,1.05e-05,L1PA8,L1,LINE
chr15,77207082,77207103,MA1714.1,+,1.05e-05,ERVL-E-int,ERVL,LTR
chrX,77272832,77272853,MA1714.1,-,1.05e-05,THE1D-int,ERVL-MaLR,LTR
chr10,77926158,77926179,MA1714.1,-,1.05e-05,L1PREC2,L1,LINE
chr14,78059026,78059047,MA1714.1,-,1.05e-05,L1PREC2,L1,LINE
chrX,78469114,78469135,MA1714.1,-,1.05e-05,L1PREC2,L1,LINE
chr8,78800201,78800222,MA1714.1,+,1.05e-05,L1PREC2,L1,LINE
chr16,79918650,79918671,MA1714.1,+,1.05e-05,MLT1C,ERVL-MaLR,LTR
chr8,80101762,80101783,MA1714.1,+,1.05e-05,L1PREC2,L1,LINE
chr5,82874208,82874229,MA1714.1,+,1.05e-05,L1PREC2,L1,LINE
chr1,84572726,84572747,MA1714.1,+,1.05e-05,L1PREC2,L1,LINE
chr2,84595476,84595497,MA1714.1,+,1.05e-05,L1PREC2,L1,LINE
chr4,85172313,85172334,MA1714.1,+,1.05e-05,L1PREC2,L1,LINE
chr13,85269866,85269887,MA1714.1,+,1.05e-05,L1PA10,L1,LINE
chrX,85692968,85692989,MA1714.1,-,1.05e-05,L1PA13,L1,LINE
chr6,86805126,86805147,MA1714.1,+,1.05e-05,L1PA10,L1,LINE
chr3,87712182,87712203,MA1714.1,+,1.05e-05,L1PREC2,L1,LINE
chr1,87840172,87840193,MA1714.1,-,1.05e-05,L1PREC2,L1,LINE
chr8,88263060,88263081,MA1714.1,+,1.05e-05,L1MA4,L1,LINE
chr7,89930726,89930747,MA1714.1,-,1.05e-05,L1PREC2,L1,LINE
chr9,91207443,91207464,MA1714.1,+,1.05e-05,L1PREC2,L1,LINE
chr13,91583474,91583495,MA1714.1,+,1.05e-05,L1PREC2,L1,LINE
chr1,94798110,94798131,MA1714.1,+,1.05e-05,L1PREC2,L1,LINE
chr12,97721930,97721951,MA1714.1,+,1.05e-05,MIRb,MIR,SINE
chr12,99509305,99509326,MA1714.1,+,1.05e-05,L1PREC2,L1,LINE
chr10,99867160,99867181,MA1714.1,-,1.05e-05,L1MB2,L1,LINE
chr12,100105149,100105170,MA1714.1,-,1.05e-05,L1PA13,L1,LINE
chr5,100785695,100785716,MA1714.1,+,1.05e-05,L1PREC2,L1,LINE
chr2,101060782,101060803,MA1714.1,+,1.05e-05,L1PREC2,L1,LINE
chr4,101376368,101376389,MA1714.1,-,1.05e-05,L1MEf,L1,LINE
chr8,101398538,101398559,MA1714.1,+,1.05e-05,L1PREC2,L1,LINE
chr3,103133511,103133532,MA1714.1,+,1.05e-05,L1PREC2,L1,LINE
chr4,103289417,103289438,MA1714.1,+,1.05e-05,L1PREC2,L1,LINE
chr3,103697909,103697930,MA1714.1,+,1.05e-05,L1MCc,L1,LINE
chrX,103824338,103824359,MA1714.1,+,1.05e-05,L1PA15,L1,LINE
chr10,103841138,103841159,MA1714.1,-,1.05e-05,MIRc,MIR,SINE
chr6,104441559,104441580,MA1714.1,-,1.05e-05,L1ME3E,L1,LINE
chr11,105476958,105476979,MA1714.1,+,1.05e-05,L1PA13,L1,LINE
chr3,105799769,105799790,MA1714.1,-,1.05e-05,L1PA13,L1,LINE
chrX,105874044,105874065,MA1714.1,+,1.05e-05,L1PREC2,L1,LINE
chr6,107393082,107393103,MA1714.1,+,1.05e-05,L1ME1,L1,LINE
chr4,107436383,107436404,MA1714.1,-,1.05e-05,L1PREC2,L1,LINE
chr11,107714898,107714919,MA1714.1,+,1.05e-05,MIR,MIR,SINE
chr7,108902236,108902257,MA1714.1,-,1.05e-05,L1PREC2,L1,LINE
chr10,109536363,109536384,MA1714.1,+,1.05e-05,L1PREC2,L1,LINE
chr2,109610309,109610330,MA1714.1,-,1.05e-05,MLT1A0,ERVL-MaLR,LTR
chr5,111533373,111533394,MA1714.1,-,1.05e-05,HAL1,L1,LINE
chr4,111568749,111568770,MA1714.1,+,1.05e-05,L1PREC2,L1,LINE
chr3,111822119,111822140,MA1714.1,+,1.05e-05,L1PREC2,L1,LINE
chr3,112409638,112409659,MA1714.1,-,1.05e-05,L1PA13,L1,LINE
chr3,112444133,112444154,MA1714.1,+,1.05e-05,L1PA3,L1,LINE
chr2,113427309,113427330,MA1714.1,-,1.05e-05,AluSx1,Alu,SINE
chr7,115353281,115353302,MA1714.1,-,1.05e-05,L1PREC2,L1,LINE
chr5,115703876,115703897,MA1714.1,+,1.05e-05,L1MEf,L1,LINE
chr6,117006531,117006552,MA1714.1,-,1.05e-05,L1PREC2,L1,LINE
chr4,117201819,117201840,MA1714.1,+,1.05e-05,L1PREC2,L1,LINE
chr8,118488959,118488980,MA1714.1,-,1.05e-05,ERV3-16A3_I-int,ERVL,LTR
chr3,119090582,119090603,MA1714.1,-,1.05e-05,L1PREC2,L1,LINE
chrX,122517642,122517663,MA1714.1,-,1.05e-05,L1PREC2,L1,LINE
chrX,125146963,125146984,MA1714.1,+,1.05e-05,L1PREC2,L1,LINE
chr2,125547063,125547084,MA1714.1,-,1.05e-05,L1PREC2,L1,LINE
chr2,125611318,125611339,MA1714.1,-,1.05e-05,L1PREC2,L1,LINE
chr12,126115222,126115243,MA1714.1,-,1.05e-05,L1PREC2,L1,LINE
chr8,129511652,129511673,MA1714.1,+,1.05e-05,L2c,L2,LINE
chr2,130373378,130373399,MA1714.1,+,1.05e-05,L1MA6,L1,LINE
chrX,131693749,131693770,MA1714.1,-,1.05e-05,L1PREC2,L1,LINE
chr8,132221925,132221946,MA1714.1,-,1.05e-05,L1PA13,L1,LINE
chr6,133980219,133980240,MA1714.1,+,1.05e-05,HERVL-int,ERVL,LTR
chrX,134532346,134532367,MA1714.1,+,1.05e-05,MLT1M,ERVL-MaLR,LTR
chr2,134731525,134731546,MA1714.1,-,1.05e-05,MLT1D,ERVL-MaLR,LTR
chr3,136315320,136315341,MA1714.1,+,1.05e-05,Tigger1,TcMar-Tigger,DNA
chr7,136360407,136360428,MA1714.1,-,1.05e-05,L1PB1,L1,LINE
chr5,137280657,137280678,MA1714.1,+,1.05e-05,L1PA16,L1,LINE
chr5,139680617,139680638,MA1714.1,-,1.05e-05,MIRc,MIR,SINE
chr5,142319969,142319990,MA1714.1,-,1.05e-05,L1PREC2,L1,LINE
chr5,142342449,142342470,MA1714.1,-,1.05e-05,L1PREC2,L1,LINE
chrX,145731328,145731349,MA1714.1,+,1.05e-05,L1PREC2,L1,LINE
chr6,146072662,146072683,MA1714.1,-,1.05e-05,Tigger1,TcMar-Tigger,DNA
chr7,147799154,147799175,MA1714.1,-,1.05e-05,L1PREC2,L1,LINE
chr6,152276943,152276964,MA1714.1,-,1.05e-05,L1PREC2,L1,LINE
chr2,152802224,152802245,MA1714.1,+,1.05e-05,MIR,MIR,SINE
chr3,153339133,153339154,MA1714.1,+,1.05e-05,L1PREC2,L1,LINE
chr4,154031244,154031265,MA1714.1,+,1.05e-05,L1PREC2,L1,LINE
chr5,155423221,155423242,MA1714.1,-,1.05e-05,L1PREC2,L1,LINE
chr6,157905234,157905255,MA1714.1,+,1.05e-05,L1PREC2,L1,LINE
chr4,158789587,158789608,MA1714.1,-,1.05e-05,L1PREC2,L1,LINE
chr3,161986255,161986276,MA1714.1,+,1.05e-05,L1PREC2,L1,LINE
chr6,163471736,163471757,MA1714.1,-,1.05e-05,L1MEd,L1,LINE
chr4,164296657,164296678,MA1714.1,-,1.05e-05,L1PREC2,L1,LINE
chr4,164411710,164411731,MA1714.1,-,1.05e-05,L1ME3B,L1,LINE
chr1,168083122,168083143,MA1714.1,+,1.05e-05,L1PREC2,L1,LINE
chr3,169799445,169799466,MA1714.1,-,1.05e-05,L1PREC2,L1,LINE
chr3,174260004,174260025,MA1714.1,-,1.05e-05,MER66D,ERV1,LTR
chr3,175257368,175257389,MA1714.1,-,1.05e-05,L1PREC2,L1,LINE
chr3,176601760,176601781,MA1714.1,+,1.05e-05,L1PREC2,L1,LINE
chr3,176802412,176802433,MA1714.1,-,1.05e-05,L1MEb,L1,LINE
chr4,180215910,180215931,MA1714.1,-,1.05e-05,L1PREC2,L1,LINE
chr2,181017968,181017989,MA1714.1,-,1.05e-05,L1PREC2,L1,LINE
chr2,181251999,181252020,MA1714.1,-,1.05e-05,L1PREC2,L1,LINE
chr3,183810220,183810241,MA1714.1,+,1.05e-05,L1M3,L1,LINE
chr2,187418667,187418688,MA1714.1,+,1.05e-05,L1PREC2,L1,LINE
chr1,191184795,191184816,MA1714.1,+,1.05e-05,L1PREC2,L1,LINE
chr1,196490983,196491004,MA1714.1,+,1.05e-05,L1PREC2,L1,LINE
chr2,200073760,200073781,MA1714.1,-,1.05e-05,L1PA13,L1,LINE
chr1,202303558,202303579,MA1714.1,+,1.05e-05,L1PREC2,L1,LINE
chr2,202472942,202472963,MA1714.1,-,1.05e-05,AluJr,Alu,SINE
chr1,207442899,207442920,MA1714.1,-,1.05e-05,L1PREC2,L1,LINE
chr1,208366849,208366870,MA1714.1,+,1.05e-05,MIR3,MIR,SINE
chr2,218032026,218032047,MA1714.1,+,1.05e-05,L1PREC2,L1,LINE
chr2,218078289,218078310,MA1714.1,+,1.05e-05,L1PREC2,L1,LINE
chr1,220210076,220210097,MA1714.1,+,1.05e-05,L1PREC2,L1,LINE
chr2,237468889,237468910,MA1714.1,-,1.05e-05,L1MB1,L1,LINE
chr1,238898035,238898056,MA1714.1,+,1.05e-05,L1M4,L1,LINE
chr1,244861149,244861170,MA1714.1,+,1.05e-05,MER68-int,ERVL,LTR
chr9,1972038,1972059,MA1714.1,+,1.05e-05,THE1B-int,ERVL-MaLR,LTR
chr10,2355544,2355565,MA1714.1,+,1.05e-05,L1MC3,L1,LINE
chr9,2891170,2891191,MA1714.1,-,1.05e-05,MLT2B1,ERVL,LTR
chr19,5572461,5572482,MA1714.1,+,1.05e-05,L1MC,L1,LINE
chr1,6193747,6193768,MA1714.1,+,1.05e-05,L2b,L2,LINE
chr6,6408324,6408345,MA1714.1,+,1.05e-05,Tigger6a,TcMar-Tigger,DNA
chr17,6935654,6935675,MA1714.1,-,1.05e-05,MSTC-int,ERVL-MaLR,LTR
chr18,7210598,7210619,MA1714.1,-,1.05e-05,MLT1H,ERVL-MaLR,LTR
chr21,9593205,9593226,MA1714.1,-,1.05e-05,HERVL-int,ERVL,LTR
chr2,10481369,10481390,MA1714.1,+,1.05e-05,AluJb,Alu,SINE
chr11,10713461,10713482,MA1714.1,+,1.05e-05,MIR,MIR,SINE
chr17,12188108,12188129,MA1714.1,-,1.05e-05,L1ME5,L1,LINE
chr20,13416876,13416897,MA1714.1,+,1.05e-05,HAL1,L1,LINE
chr19,14427418,14427439,MA1714.1,+,1.05e-05,AluJr,Alu,SINE
chr17,14787432,14787453,MA1714.1,-,1.05e-05,THE1C-int,ERVL-MaLR,LTR
chr5,14948190,14948211,MA1714.1,-,1.05e-05,L1ME3A,L1,LINE
chr18,15309055,15309076,MA1714.1,-,1.05e-05,HERVIP10F-int,ERV1,LTR
chr2,15505539,15505560,MA1714.1,-,1.05e-05,MIRc,MIR,SINE
chr2,19612417,19612438,MA1714.1,+,1.05e-05,LTR78,ERV1,LTR
chrX,20200971,20200992,MA1714.1,-,1.05e-05,L1ME3B,L1,LINE
chr7,21408575,21408596,MA1714.1,+,1.05e-05,AluJb,Alu,SINE
chr11,21515095,21515116,MA1714.1,+,1.05e-05,L1MA4A,L1,LINE
chr5,22862075,22862096,MA1714.1,+,1.05e-05,L3,CR1,LINE
chr15,25011167,25011188,MA1714.1,+,1.05e-05,L1MB2,L1,LINE
chr5,25771348,25771369,MA1714.1,+,1.05e-05,MSTA-int,ERVL-MaLR,LTR
chr5,26489164,26489185,MA1714.1,+,1.05e-05,HERV35I-int,ERV1,LTR
chr1,26630041,26630062,MA1714.1,+,1.05e-05,AluSq2,Alu,SINE
chr8,28607423,28607444,MA1714.1,-,1.05e-05,AluJo,Alu,SINE
chrX,31166807,31166828,MA1714.1,-,1.05e-05,L1ME3C,L1,LINE
chr2,31488550,31488571,MA1714.1,+,1.05e-05,MIRc,MIR,SINE
chr5,33564847,33564868,MA1714.1,-,1.05e-05,MER20,hAT-Charlie,DNA
chr21,33645707,33645728,MA1714.1,-,1.05e-05,MER21C,ERVL,LTR
chr17,33793320,33793341,MA1714.1,-,1.05e-05,L1MC1,L1,LINE
chr9,36484600,36484621,MA1714.1,-,1.05e-05,L1ME3C,L1,LINE
chr8,38498950,38498971,MA1714.1,+,1.05e-05,L1ME3,L1,LINE
chr14,39969502,39969523,MA1714.1,-,1.05e-05,L1MA6,L1,LINE
chr3,40833536,40833557,MA1714.1,-,1.05e-05,MIRb,MIR,SINE
chr3,41665153,41665174,MA1714.1,+,1.05e-05,L1MA7,L1,LINE
chr19,41870851,41870872,MA1714.1,-,1.05e-05,AluJo,Alu,SINE
chr5,42099193,42099214,MA1714.1,-,1.05e-05,L1M1,L1,LINE
chr9,42457659,42457680,MA1714.1,-,1.05e-05,MST-int,ERVL-MaLR,LTR
chr9,43044221,43044242,MA1714.1,+,1.05e-05,THE1-int,ERVL-MaLR,LTR
chr13,43244175,43244196,MA1714.1,+,1.05e-05,L1MC1,L1,LINE
chr6,43372070,43372091,MA1714.1,-,1.05e-05,MIRb,MIR,SINE
chr1,43578605,43578626,MA1714.1,-,1.05e-05,L1MB3,L1,LINE
chr9,44033409,44033430,MA1714.1,+,1.05e-05,THE1-int,ERVL-MaLR,LTR
chrX,44407601,44407622,MA1714.1,+,1.05e-05,AluSx,Alu,SINE
chr19,44761689,44761710,MA1714.1,+,1.05e-05,L1MB4,L1,LINE
chr12,45552686,45552707,MA1714.1,-,1.05e-05,L1PREC2,L1,LINE
chr6,47631331,47631352,MA1714.1,-,1.05e-05,HAL1b,L1,LINE
chr12,50425970,50425991,MA1714.1,+,1.05e-05,MIR,MIR,SINE
chr16,50519746,50519767,MA1714.1,+,1.05e-05,MIR,MIR,SINE
chr2,52262793,52262814,MA1714.1,+,1.05e-05,MIR,MIR,SINE
chr20,53200281,53200302,MA1714.1,-,1.05e-05,L1MB1,L1,LINE
chrX,53896873,53896894,MA1714.1,-,1.05e-05,L1PREC2,L1,LINE
chr8,54830443,54830464,MA1714.1,-,1.05e-05,L1MB7,L1,LINE
chr6,57993144,57993165,MA1714.1,+,1.05e-05,SATR1,Satellite,Satellite
chrX,58064502,58064523,MA1714.1,+,1.05e-05,MSTC-int,ERVL-MaLR,LTR
chr19,58256244,58256265,MA1714.1,+,1.05e-05,MER21-int,ERVL,LTR
chr18,59668759,59668780,MA1714.1,-,1.05e-05,MSTB-int,ERVL-MaLR,LTR
chr12,60798100,60798121,MA1714.1,+,1.05e-05,L1MEg,L1,LINE
chr13,60926764,60926785,MA1714.1,-,1.05e-05,L1MB7,L1,LINE
chr17,61371721,61371742,MA1714.1,+,1.05e-05,AluJb,Alu,SINE
chrX,62987998,62988019,MA1714.1,-,1.05e-05,L1PB3,L1,LINE
chr16,65626016,65626037,MA1714.1,+,1.05e-05,ERVL-E-int,ERVL,LTR
chr9,66380846,66380867,MA1714.1,+,1.05e-05,THE1-int,ERVL-MaLR,LTR
chr6,67103720,67103741,MA1714.1,-,1.05e-05,THE1A-int,ERVL-MaLR,LTR
chr4,68326769,68326790,MA1714.1,+,1.05e-05,L1MD2,L1,LINE
chr9,69465089,69465110,MA1714.1,-,1.05e-05,MST-int,ERVL-MaLR,LTR
chr10,71538507,71538528,MA1714.1,+,1.05e-05,MLT1J-int,ERVL-MaLR,LTR
chr7,71841997,71842018,MA1714.1,-,1.05e-05,L1MB7,L1,LINE
chrX,73678578,73678599,MA1714.1,-,1.05e-05,L1MA9,L1,LINE
chr13,75629192,75629213,MA1714.1,+,1.05e-05,L1MEg,L1,LINE
chr1,75965733,75965754,MA1714.1,+,1.05e-05,MLT1J1,ERVL-MaLR,LTR
chr12,76257230,76257251,MA1714.1,+,1.05e-05,LTR90A,LTR,LTR
chr15,76887790,76887811,MA1714.1,+,1.05e-05,L1PA7,L1,LINE
chr13,79780161,79780182,MA1714.1,+,1.05e-05,L1ME4a,L1,LINE
chr14,81343966,81343987,MA1714.1,+,1.05e-05,L1MA2,L1,LINE
chr10,82105305,82105326,MA1714.1,-,1.05e-05,L1MB1,L1,LINE
chr4,82167415,82167436,MA1714.1,+,1.05e-05,MIR,MIR,SINE
chrX,82487013,82487034,MA1714.1,-,1.05e-05,L1PA15,L1,LINE
chr11,82514845,82514866,MA1714.1,+,1.05e-05,L1MC5,L1,LINE
chr1,82562519,82562540,MA1714.1,+,1.05e-05,Kanga1a,TcMar-Tc2,DNA
chrX,84078823,84078844,MA1714.1,-,1.05e-05,MSTA-int,ERVL-MaLR,LTR
chr2,86593058,86593079,MA1714.1,-,1.05e-05,MIRb,MIR,SINE
chr4,92879961,92879982,MA1714.1,+,1.05e-05,ERVL-B4-int,ERVL,LTR
chr1,93213503,93213524,MA1714.1,-,1.05e-05,MLT1C,ERVL-MaLR,LTR
chrX,94477140,94477161,MA1714.1,+,1.05e-05,L1MA4A,L1,LINE
chr10,95648795,95648816,MA1714.1,+,1.05e-05,MIR,MIR,SINE
chr11,96642002,96642023,MA1714.1,+,1.05e-05,L2c,L2,LINE
chr14,97648813,97648834,MA1714.1,+,1.05e-05,L1M6,L1,LINE
chr11,97916381,97916402,MA1714.1,-,1.05e-05,ERV3-16A3_I-int,ERVL,LTR
chrX,100417367,100417388,MA1714.1,+,1.05e-05,AluJb,Alu,SINE
chr2,101369410,101369431,MA1714.1,-,1.05e-05,MIRb,MIR,SINE
chr13,101625614,101625635,MA1714.1,-,1.05e-05,MER21A,ERVL,LTR
chr5,102399951,102399972,MA1714.1,-,1.05e-05,L1ME3D,L1,LINE
chr7,102573937,102573958,MA1714.1,-,1.05e-05,MIRb,MIR,SINE
chr7,103538706,103538727,MA1714.1,-,1.05e-05,L1ME4a,L1,LINE
chr3,106730568,106730589,MA1714.1,+,1.05e-05,L1MA5,L1,LINE
chr9,106906357,106906378,MA1714.1,+,1.05e-05,MER70-int,ERVL,LTR
chrX,107347960,107347981,MA1714.1,-,1.05e-05,L1MD2,L1,LINE
chr12,110334990,110335011,MA1714.1,+,1.05e-05,MIRb,MIR,SINE
chr10,110473115,110473136,MA1714.1,+,1.05e-05,THE1B-int,ERVL-MaLR,LTR
chr13,111309778,111309799,MA1714.1,+,1.05e-05,L1MC4a,L1,LINE
chr1,112289343,112289364,MA1714.1,-,1.05e-05,MIR,MIR,SINE
chr10,114264000,114264021,MA1714.1,-,1.05e-05,L1MC4a,L1,LINE
chr1,114648307,114648328,MA1714.1,-,1.05e-05,MIRc,MIR,SINE
chr2,118332873,118332894,MA1714.1,-,1.05e-05,THE1C-int,ERVL-MaLR,LTR
chrX,118943857,118943878,MA1714.1,+,1.05e-05,HSMAR2,TcMar-Mariner,DNA
chr5,119149222,119149243,MA1714.1,-,1.05e-05,L1MCa,L1,LINE
chr7,119546793,119546814,MA1714.1,-,1.05e-05,L1MA5,L1,LINE
chr2,122235437,122235458,MA1714.1,-,1.05e-05,MIRb,MIR,SINE
chr3,123313502,123313523,MA1714.1,+,1.05e-05,L1ME3B,L1,LINE
chr3,125264914,125264935,MA1714.1,+,1.05e-05,FLAM_C,Alu,SINE
chr3,125280684,125280705,MA1714.1,-,1.05e-05,MIRb,MIR,SINE
chr8,126578974,126578995,MA1714.1,-,1.05e-05,L2a,L2,LINE
chr12,127261815,127261836,MA1714.1,-,1.05e-05,L1M5,L1,LINE
chr6,130999593,130999614,MA1714.1,-,1.05e-05,MLT1E1A,ERVL-MaLR,LTR
chr6,132881668,132881689,MA1714.1,+,1.05e-05,L1PREC2,L1,LINE
chr6,133233571,133233592,MA1714.1,+,1.05e-05,LTR40a,ERVL,LTR
chr10,133288721,133288742,MA1714.1,+,1.05e-05,L1MB7,L1,LINE
chr11,134755809,134755830,MA1714.1,+,1.05e-05,LTR85b,Gypsy,LTR
chr6,140706643,140706664,MA1714.1,-,1.05e-05,THE1D-int,ERVL-MaLR,LTR
chr3,141561297,141561318,MA1714.1,-,1.05e-05,Helitron1Na_Mam,Helitron,RC
chrX,143138848,143138869,MA1714.1,-,1.05e-05,ERVL-E-int,ERVL,LTR
chrX,152741319,152741340,MA1714.1,+,1.05e-05,L2a,L2,LINE
chr4,153756163,153756184,MA1714.1,-,1.05e-05,MSTB-int,ERVL-MaLR,LTR
chr4,154551688,154551709,MA1714.1,-,1.05e-05,MER89-int,ERV1,LTR
chr1,161878983,161879004,MA1714.1,-,1.05e-05,MLT1J,ERVL-MaLR,LTR
chr3,162624710,162624731,MA1714.1,-,1.05e-05,L1PB4,L1,LINE
chr6,163308967,163308988,MA1714.1,-,1.05e-05,MLT1A1,ERVL-MaLR,LTR
chr3,168221352,168221373,MA1714.1,-,1.05e-05,L1MB7,L1,LINE
chr2,177239567,177239588,MA1714.1,-,1.05e-05,L1ME1,L1,LINE
chr3,181394280,181394301,MA1714.1,-,1.05e-05,L1M5,L1,LINE
chr1,188326970,188326991,MA1714.1,-,1.05e-05,MSTA-int,ERVL-MaLR,LTR
chr3,189478852,189478873,MA1714.1,-,1.05e-05,THE1B-int,ERVL-MaLR,LTR
chr11,141502,141523,MA1714.1,+,1.06e-05,AluJr,Alu,SINE
chr1,146435,146456,MA1714.1,+,1.06e-05,AluJr,Alu,SINE
chr19,211811,211832,MA1714.1,+,1.06e-05,AluJr,Alu,SINE
chr2,377557,377578,MA1714.1,+,1.06e-05,L1MA9,L1,LINE
chr1,682124,682145,MA1714.1,+,1.06e-05,AluJr,Alu,SINE
chr20,782421,782442,MA1714.1,+,1.06e-05,AluSx1,Alu,SINE
chr18,1940568,1940589,MA1714.1,+,1.06e-05,MSTB-int,ERVL-MaLR,LTR
chr4,3215279,3215300,MA1714.1,-,1.06e-05,MIRb,MIR,SINE
chrY,3661214,3661235,MA1714.1,+,1.06e-05,L1MA9,L1,LINE
chr17,4597879,4597900,MA1714.1,+,1.06e-05,AluSx1,Alu,SINE
chr17,5406371,5406392,MA1714.1,+,1.06e-05,(GAATG)n,Satellite,Satellite
chr7,5688947,5688968,MA1714.1,+,1.06e-05,AluSx1,Alu,SINE
chr20,5986083,5986104,MA1714.1,+,1.06e-05,MIRb,MIR,SINE
chr6,6786853,6786874,MA1714.1,+,1.06e-05,HAL1,L1,LINE
chr12,7172004,7172025,MA1714.1,-,1.06e-05,L1PB2,L1,LINE
chr3,11240681,11240702,MA1714.1,-,1.06e-05,AluSg,Alu,SINE
chr1,12774344,12774365,MA1714.1,+,1.06e-05,AluSx,Alu,SINE
chr2,14074895,14074916,MA1714.1,-,1.06e-05,L1MC3,L1,LINE
chr9,14442363,14442384,MA1714.1,+,1.06e-05,MIRb,MIR,SINE
chrY,14444656,14444677,MA1714.1,+,1.06e-05,HERVK14-int,ERVK,LTR
chrY,14824867,14824888,MA1714.1,-,1.06e-05,L1MCa,L1,LINE
chr12,14913656,14913677,MA1714.1,+,1.06e-05,THE1B-int,ERVL-MaLR,LTR
chr11,17135253,17135274,MA1714.1,+,1.06e-05,AluSx1,Alu,SINE
chr20,18603655,18603676,MA1714.1,-,1.06e-05,AluSc8,Alu,SINE
chr7,19522242,19522263,MA1714.1,-,1.06e-05,L1MEg,L1,LINE
chr6,19629577,19629598,MA1714.1,+,1.06e-05,L1MB8,L1,LINE
chr19,23240032,23240053,MA1714.1,+,1.06e-05,BSR/Beta,Satellite,Satellite
chr18,23643734,23643755,MA1714.1,+,1.06e-05,L1ME1,L1,LINE
chr19,24083683,24083704,MA1714.1,-,1.06e-05,BSR/Beta,Satellite,Satellite
chr19,24250905,24250926,MA1714.1,-,1.06e-05,BSR/Beta,Satellite,Satellite
chr12,24301535,24301556,MA1714.1,+,1.06e-05,AluJr4,Alu,SINE
chrX,24605880,24605901,MA1714.1,-,1.06e-05,MIRc,MIR,SINE
chr14,25207088,25207109,MA1714.1,-,1.06e-05,THE1B-int,ERVL-MaLR,LTR
chr11,26962745,26962766,MA1714.1,-,1.06e-05,THE1B-int,ERVL-MaLR,LTR
chr6,27231658,27231679,MA1714.1,+,1.06e-05,AluSx,Alu,SINE
chr7,28816539,28816560,MA1714.1,-,1.06e-05,L1MB7,L1,LINE
chr20,29581834,29581855,MA1714.1,+,1.06e-05,MIRb,MIR,SINE
chr17,29767989,29768010,MA1714.1,-,1.06e-05,L1M5,L1,LINE
chr3,30386110,30386131,MA1714.1,-,1.06e-05,LTR82B,ERVL,LTR
chr21,31516486,31516507,MA1714.1,+,1.06e-05,AluSc,Alu,SINE
chr16,31870530,31870551,MA1714.1,+,1.06e-05,L1PA8,L1,LINE
chr13,32627174,32627195,MA1714.1,+,1.06e-05,AluSx,Alu,SINE
chr4,32852444,32852465,MA1714.1,-,1.06e-05,L1M1,L1,LINE
chr14,33053825,33053846,MA1714.1,-,1.06e-05,L1ME1,L1,LINE
chr18,33491271,33491292,MA1714.1,+,1.06e-05,MLT1A0,ERVL-MaLR,LTR
chr19,35326932,35326953,MA1714.1,+,1.06e-05,MER65C,ERV1,LTR
chr14,35493666,35493687,MA1714.1,-,1.06e-05,L1M5,L1,LINE
chr2,36145445,36145466,MA1714.1,-,1.06e-05,ERVL-E-int,ERVL,LTR
chr11,38169970,38169991,MA1714.1,-,1.06e-05,L1PA16,L1,LINE
chr13,38411024,38411045,MA1714.1,+,1.06e-05,THE1B-int,ERVL-MaLR,LTR
chr10,38724110,38724131,MA1714.1,-,1.06e-05,AluJr,Alu,SINE
chr21,40267845,40267866,MA1714.1,+,1.06e-05,L1MC5,L1,LINE
chr3,40558678,40558699,MA1714.1,+,1.06e-05,HAL1,L1,LINE
chr6,41641866,41641887,MA1714.1,+,1.06e-05,MIR,MIR,SINE
chrX,41849113,41849134,MA1714.1,-,1.06e-05,L1MA5,L1,LINE
chr9,41948396,41948417,MA1714.1,+,1.06e-05,MER21-int,ERVL,LTR
chr1,42374748,42374769,MA1714.1,+,1.06e-05,L1ME3E,L1,LINE
chr14,43276006,43276027,MA1714.1,+,1.06e-05,HERVK22-int,ERVK,LTR
chr13,43590333,43590354,MA1714.1,+,1.06e-05,L1MC5,L1,LINE
chr2,43874532,43874553,MA1714.1,-,1.06e-05,MIR,MIR,SINE
chr9,44239425,44239446,MA1714.1,+,1.06e-05,MER21-int,ERVL,LTR
chr9,44408404,44408425,MA1714.1,-,1.06e-05,MER21-int,ERVL,LTR
chr13,44438115,44438136,MA1714.1,-,1.06e-05,L1MD2,L1,LINE
chr9,46850302,46850323,MA1714.1,-,1.06e-05,MER21-int,ERVL,LTR
chr19,47714571,47714592,MA1714.1,+,1.06e-05,AluSg,Alu,SINE
chr14,51003807,51003828,MA1714.1,+,1.06e-05,THE1B-int,ERVL-MaLR,LTR
chr14,51637275,51637296,MA1714.1,-,1.06e-05,L1MC5,L1,LINE
chr1,52694198,52694219,MA1714.1,-,1.06e-05,L1MC4,L1,LINE
chrX,55551491,55551512,MA1714.1,-,1.06e-05,L1ME3C,L1,LINE
chr8,58932230,58932251,MA1714.1,-,1.06e-05,L1MEf,L1,LINE
chr13,62516596,62516617,MA1714.1,-,1.06e-05,SATR1,Satellite,Satellite
chr17,64041086,64041107,MA1714.1,+,1.06e-05,L1M5,L1,LINE
chr6,64179693,64179714,MA1714.1,-,1.06e-05,AluSp,Alu,SINE
chr9,66559889,66559910,MA1714.1,-,1.06e-05,MER21-int,ERVL,LTR
chr15,67617586,67617607,MA1714.1,-,1.06e-05,L1MEf,L1,LINE
chr12,68270798,68270819,MA1714.1,+,1.06e-05,MER21-int,ERVL,LTR
chr15,68596718,68596739,MA1714.1,+,1.06e-05,ORSL,hAT-Tip100,DNA
chr6,68870818,68870839,MA1714.1,+,1.06e-05,THE1B-int,ERVL-MaLR,LTR
chr16,69344651,69344672,MA1714.1,+,1.06e-05,AluSx,Alu,SINE
chr18,69406843,69406864,MA1714.1,-,1.06e-05,AluJr,Alu,SINE
chrX,69523663,69523684,MA1714.1,-,1.06e-05,L1MB8,L1,LINE
chr17,71022181,71022202,MA1714.1,+,1.06e-05,AluSx1,Alu,SINE
chr4,72627333,72627354,MA1714.1,+,1.06e-05,THE1B-int,ERVL-MaLR,LTR
chr8,75614254,75614275,MA1714.1,+,1.06e-05,ERVL-E-int,ERVL,LTR
chr16,75655972,75655993,MA1714.1,+,1.06e-05,AluSx,Alu,SINE
chr15,76167531,76167552,MA1714.1,-,1.06e-05,MIRb,MIR,SINE
chr4,77247783,77247804,MA1714.1,+,1.06e-05,L1MEg,L1,LINE
chr1,77722038,77722059,MA1714.1,+,1.06e-05,MER30,hAT-Charlie,DNA
chr14,78281797,78281818,MA1714.1,-,1.06e-05,AluJr,Alu,SINE
chr10,79214298,79214319,MA1714.1,-,1.06e-05,L3,CR1,LINE
chr7,80822356,80822377,MA1714.1,+,1.06e-05,L1MEc,L1,LINE
chr8,81280969,81280990,MA1714.1,+,1.06e-05,L1M5,L1,LINE
chr6,81805629,81805650,MA1714.1,-,1.06e-05,L1MB3,L1,LINE
chr16,83668077,83668098,MA1714.1,-,1.06e-05,AluSx1,Alu,SINE
chr11,83771808,83771829,MA1714.1,+,1.06e-05,L2,L2,LINE
chr14,84395963,84395984,MA1714.1,+,1.06e-05,THE1A-int,ERVL-MaLR,LTR
chr2,88938265,88938286,MA1714.1,+,1.06e-05,L1MEg,L1,LINE
chrX,89479069,89479090,MA1714.1,+,1.06e-05,L1MA9,L1,LINE
chr16,90222428,90222449,MA1714.1,-,1.06e-05,AluJr,Alu,SINE
chr5,91202387,91202408,MA1714.1,-,1.06e-05,L1MC4,L1,LINE
chr14,95141363,95141384,MA1714.1,-,1.06e-05,AluSz6,Alu,SINE
chr15,95886873,95886894,MA1714.1,+,1.06e-05,AluSq2,Alu,SINE
chr6,99476740,99476761,MA1714.1,-,1.06e-05,MIRb,MIR,SINE
chr1,99926174,99926195,MA1714.1,+,1.06e-05,L1MC3,L1,LINE
chrX,101130905,101130926,MA1714.1,+,1.06e-05,L1MA2,L1,LINE
chr11,101154246,101154267,MA1714.1,-,1.06e-05,L1MC4a,L1,LINE
chr1,101373466,101373487,MA1714.1,-,1.06e-05,L1M4c,L1,LINE
chr4,104154098,104154119,MA1714.1,+,1.06e-05,THE1B-int,ERVL-MaLR,LTR
chrX,105582621,105582642,MA1714.1,-,1.06e-05,MER4B-int,ERV1,LTR
chr1,106294327,106294348,MA1714.1,-,1.06e-05,L1M5,L1,LINE
chr9,106822807,106822828,MA1714.1,+,1.06e-05,L1MEe,L1,LINE
chr11,107122770,107122791,MA1714.1,-,1.06e-05,MER4B-int,ERV1,LTR
chr11,107122770,107122791,MA1714.1,-,1.06e-05,MER21-int,ERVL,LTR
chr11,107122770,107122791,MA1714.1,-,1.06e-05,MER4B-int,ERV1,LTR
chr11,107122770,107122791,MA1714.1,-,1.06e-05,MER21-int,ERVL,LTR
chr11,112079975,112079996,MA1714.1,-,1.06e-05,L1MC2,L1,LINE
chr1,113802897,113802918,MA1714.1,-,1.06e-05,L1MC3,L1,LINE
chr1,114760240,114760261,MA1714.1,-,1.06e-05,MIR,MIR,SINE
chr11,115888833,115888854,MA1714.1,-,1.06e-05,L1MA9,L1,LINE
chr10,116740037,116740058,MA1714.1,-,1.06e-05,MLT1A,ERVL-MaLR,LTR
chr1,116782068,116782089,MA1714.1,-,1.06e-05,MLT1L,ERVL-MaLR,LTR
chr1,118259664,118259685,MA1714.1,+,1.06e-05,THE1B-int,ERVL-MaLR,LTR
chr2,118922145,118922166,MA1714.1,+,1.06e-05,THE1B-int,ERVL-MaLR,LTR
chr4,119539203,119539224,MA1714.1,-,1.06e-05,AluJr,Alu,SINE
chr4,121232087,121232108,MA1714.1,-,1.06e-05,THE1B-int,ERVL-MaLR,LTR
chr10,123516314,123516335,MA1714.1,-,1.06e-05,THE1B-int,ERVL-MaLR,LTR
chr6,125054799,125054820,MA1714.1,+,1.06e-05,L1MC3,L1,LINE
chr2,129699893,129699914,MA1714.1,-,1.06e-05,MIRb,MIR,SINE
chrX,131297258,131297279,MA1714.1,+,1.06e-05,THE1B-int,ERVL-MaLR,LTR
chr9,131705377,131705398,MA1714.1,-,1.06e-05,AluSg7,Alu,SINE
chrX,132281987,132282008,MA1714.1,-,1.06e-05,L1M4,L1,LINE
chr2,135813166,135813187,MA1714.1,+,1.06e-05,AluJb,Alu,SINE
chr9,137161606,137161627,MA1714.1,-,1.06e-05,MLT1E1A,ERVL-MaLR,LTR
chr3,138846691,138846712,MA1714.1,+,1.06e-05,AluSx1,Alu,SINE
chrX,141896223,141896244,MA1714.1,-,1.06e-05,THE1B-int,ERVL-MaLR,LTR
chr6,142047620,142047641,MA1714.1,-,1.06e-05,LTR33A_,ERVL,LTR
chr2,142146861,142146882,MA1714.1,+,1.06e-05,L1MB5,L1,LINE
chrX,144669070,144669091,MA1714.1,+,1.06e-05,L1PA11,L1,LINE
chr8,146296823,146296844,MA1714.1,-,1.06e-05,HERVE-int,ERV1,LTR
chrX,149421751,149421772,MA1714.1,+,1.06e-05,MIRb,MIR,SINE
chr1,151950765,151950786,MA1714.1,+,1.06e-05,MIR,MIR,SINE
chr2,152789158,152789179,MA1714.1,+,1.06e-05,AluSz6,Alu,SINE
chr7,154052077,154052098,MA1714.1,-,1.06e-05,L1ME3,L1,LINE
chr5,156720136,156720157,MA1714.1,-,1.06e-05,AluSx1,Alu,SINE
chr6,160637027,160637048,MA1714.1,+,1.06e-05,HAL1,L1,LINE
chr1,160839517,160839538,MA1714.1,+,1.06e-05,MLT1I-int,ERVL-MaLR,LTR
chr2,166292490,166292511,MA1714.1,-,1.06e-05,MER4B-int,ERV1,LTR
chr4,171786439,171786460,MA1714.1,-,1.06e-05,L1MCa,L1,LINE
chr1,171987780,171987801,MA1714.1,-,1.06e-05,L1MC1,L1,LINE
chr3,172656267,172656288,MA1714.1,+,1.06e-05,MER21-int,ERVL,LTR
chr1,172857545,172857566,MA1714.1,-,1.06e-05,MSTB-int,ERVL-MaLR,LTR
chr2,177221247,177221268,MA1714.1,-,1.06e-05,L1ME3E,L1,LINE
chr5,180740882,180740903,MA1714.1,-,1.06e-05,AluJr,Alu,SINE
chr3,182180899,182180920,MA1714.1,+,1.06e-05,THE1B-int,ERVL-MaLR,LTR
chr4,187955116,187955137,MA1714.1,+,1.06e-05,THE1B-int,ERVL-MaLR,LTR
chr3,188814343,188814364,MA1714.1,-,1.06e-05,Charlie1a,hAT-Charlie,DNA
chr1,189111940,189111961,MA1714.1,-,1.06e-05,L1PB2,L1,LINE
chr4,190823726,190823747,MA1714.1,+,1.06e-05,MIRc,MIR,SINE
chr2,191291108,191291129,MA1714.1,-,1.06e-05,L1MD1,L1,LINE
chr3,197262237,197262258,MA1714.1,-,1.06e-05,L1MD1,L1,LINE
chr3,197935187,197935208,MA1714.1,-,1.06e-05,AluJr,Alu,SINE
chr2,198586612,198586633,MA1714.1,+,1.06e-05,MIRc,MIR,SINE
chr2,221239170,221239191,MA1714.1,+,1.06e-05,MamRep1527,LTR,LTR
chr1,222665465,222665486,MA1714.1,+,1.06e-05,AluJr,Alu,SINE
chr1,224152337,224152358,MA1714.1,+,1.06e-05,AluJr,Alu,SINE
chr2,227693746,227693767,MA1714.1,-,1.06e-05,L1ME2z,L1,LINE
chr2,238188799,238188820,MA1714.1,+,1.06e-05,L3,CR1,LINE
chr1,240458849,240458870,MA1714.1,-,1.06e-05,L1MA9,L1,LINE
chr2,240923245,240923266,MA1714.1,+,1.06e-05,L1MC3,L1,LINE
chr1,243232932,243232953,MA1714.1,+,1.06e-05,AluJr,Alu,SINE
chr4_ctg9_hap1,186219,186240,MA1714.1,-,1.07e-05,L1MDa,L1,LINE
chr20,765947,765968,MA1714.1,-,1.07e-05,HERVIP10F-int,ERV1,LTR
chr20,866951,866972,MA1714.1,+,1.07e-05,L1M5,L1,LINE
chr2,1053223,1053244,MA1714.1,-,1.07e-05,MLT2A2,ERVL,LTR
chr18,1759754,1759775,MA1714.1,+,1.07e-05,L1ME2,L1,LINE
chr3,2388652,2388673,MA1714.1,-,1.07e-05,L1MEe,L1,LINE
chr16,3693652,3693673,MA1714.1,+,1.07e-05,L1MEg,L1,LINE
chr7,4749488,4749509,MA1714.1,+,1.07e-05,MIR,MIR,SINE
chr18,4892009,4892030,MA1714.1,+,1.07e-05,MER65C,ERV1,LTR
chr3,5667380,5667401,MA1714.1,-,1.07e-05,L1MA8,L1,LINE
chr2,6441040,6441061,MA1714.1,-,1.07e-05,AluJb,Alu,SINE
chr19,6654798,6654819,MA1714.1,-,1.07e-05,HAL1-3A_ME,L1,LINE
chr6,7573988,7574009,MA1714.1,+,1.07e-05,L1MA9,L1,LINE
chrY,7891431,7891452,MA1714.1,+,1.07e-05,AluSg7,Alu,SINE
chr12,8910195,8910216,MA1714.1,-,1.07e-05,L1ME3C,L1,LINE
chr1,10537917,10537938,MA1714.1,+,1.07e-05,MIR,MIR,SINE
chr7,13198053,13198074,MA1714.1,-,1.07e-05,MIRb,MIR,SINE
chr2,14025642,14025663,MA1714.1,+,1.07e-05,L1MA3,L1,LINE
chr21,14431809,14431830,MA1714.1,+,1.07e-05,HERVIP10F-int,ERV1,LTR
chr1,14771830,14771851,MA1714.1,+,1.07e-05,MLT1C,ERVL-MaLR,LTR
chr18,15348677,15348698,MA1714.1,+,1.07e-05,Tigger3b,TcMar-Tigger,DNA
chr22,16688324,16688345,MA1714.1,-,1.07e-05,HERVIP10F-int,ERV1,LTR
chr14,19135293,19135314,MA1714.1,+,1.07e-05,HERVIP10F-int,ERV1,LTR
chr3,19456236,19456257,MA1714.1,-,1.07e-05,MIRb,MIR,SINE
chr15,20067428,20067449,MA1714.1,-,1.07e-05,Tigger3b,TcMar-Tigger,DNA
chr15,20386914,20386935,MA1714.1,-,1.07e-05,L1MDa,L1,LINE
chr14,21184684,21184705,MA1714.1,-,1.07e-05,HERVIP10F-int,ERV1,LTR
chr15,21393499,21393520,MA1714.1,-,1.07e-05,L1MDa,L1,LINE
chr7,21669820,21669841,MA1714.1,-,1.07e-05,L1MA4,L1,LINE
chr18,22488454,22488475,MA1714.1,-,1.07e-05,L1MC5,L1,LINE
chr18,23490197,23490218,MA1714.1,-,1.07e-05,L1MB7,L1,LINE
chr11,24631200,24631221,MA1714.1,+,1.07e-05,AluSx,Alu,SINE
chr4,24814905,24814926,MA1714.1,+,1.07e-05,MLT1A,ERVL-MaLR,LTR
chr14,25095386,25095407,MA1714.1,+,1.07e-05,L1MA7,L1,LINE
chr3,27841196,27841217,MA1714.1,-,1.07e-05,MER20,hAT-Charlie,DNA
chr1,31939040,31939061,MA1714.1,+,1.07e-05,HERVIP10F-int,ERV1,LTR
chr16,33470642,33470663,MA1714.1,+,1.07e-05,L1MDa,L1,LINE
chr6,34866586,34866607,MA1714.1,-,1.07e-05,L1ME4a,L1,LINE
chr15,35204242,35204263,MA1714.1,-,1.07e-05,L1MA9,L1,LINE
chr19,35240470,35240491,MA1714.1,+,1.07e-05,L1M4c,L1,LINE
chr14,35465313,35465334,MA1714.1,+,1.07e-05,MIRb,MIR,SINE
chr20,35622792,35622813,MA1714.1,+,1.07e-05,THE1B-int,ERVL-MaLR,LTR
chr21,35648443,35648464,MA1714.1,+,1.07e-05,MIRc,MIR,SINE
chr11,35649493,35649514,MA1714.1,-,1.07e-05,L1MEd,L1,LINE
chr4,35673034,35673055,MA1714.1,-,1.07e-05,MLT1D,ERVL-MaLR,LTR
chr14,35795803,35795824,MA1714.1,+,1.07e-05,L1ME4a,L1,LINE
chr20,35837417,35837438,MA1714.1,+,1.07e-05,MIRb,MIR,SINE
chr19,36745442,36745463,MA1714.1,+,1.07e-05,LTR53,ERVL,LTR
chrX,37323307,37323328,MA1714.1,-,1.07e-05,ERVL-B4-int,ERVL,LTR
chr2,37418555,37418576,MA1714.1,-,1.07e-05,LTR28,ERV1,LTR
chr13,38727826,38727847,MA1714.1,-,1.07e-05,THE1B-int,ERVL-MaLR,LTR
chr6,39818470,39818491,MA1714.1,+,1.07e-05,MIRb,MIR,SINE
chr21,40959199,40959220,MA1714.1,+,1.07e-05,L1MEf,L1,LINE
chr3,41208828,41208849,MA1714.1,+,1.07e-05,LTR78B,ERV1,LTR
chr8,41505347,41505368,MA1714.1,+,1.07e-05,MIRb,MIR,SINE
chr10,43352248,43352269,MA1714.1,-,1.07e-05,L1MD2,L1,LINE
chr12,43576331,43576352,MA1714.1,-,1.07e-05,THE1C-int,ERVL-MaLR,LTR
chr3,43632123,43632144,MA1714.1,+,1.07e-05,L1MC4,L1,LINE
chr20,46893609,46893630,MA1714.1,-,1.07e-05,MLT1E3,ERVL-MaLR,LTR
chr20,47573584,47573605,MA1714.1,-,1.07e-05,MLT1J,ERVL-MaLR,LTR
chr14,48313244,48313265,MA1714.1,-,1.07e-05,L1PA16,L1,LINE
chr6,48644168,48644189,MA1714.1,-,1.07e-05,AluYc,Alu,SINE
chr3,49233707,49233728,MA1714.1,+,1.07e-05,L1ME3C,L1,LINE
chr7,50464085,50464106,MA1714.1,-,1.07e-05,HAL1b,L1,LINE
chr17,52268078,52268099,MA1714.1,-,1.07e-05,L1PB1,L1,LINE
chr5,53157187,53157208,MA1714.1,-,1.07e-05,L1MB2,L1,LINE
chr4,53504361,53504382,MA1714.1,+,1.07e-05,MLT1D,ERVL-MaLR,LTR
chr18,53737328,53737349,MA1714.1,+,1.07e-05,L1MC4a,L1,LINE
chr12,59753803,59753824,MA1714.1,+,1.07e-05,L1M7,L1,LINE
chr14,61339599,61339620,MA1714.1,-,1.07e-05,L1MC5,L1,LINE
chrX,62217455,62217476,MA1714.1,-,1.07e-05,L1M2,L1,LINE
chr14,63648424,63648445,MA1714.1,-,1.07e-05,MIR,MIR,SINE
chr2,66450658,66450679,MA1714.1,+,1.07e-05,L1MB2,L1,LINE
chr9,66700899,66700920,MA1714.1,-,1.07e-05,HERVIP10F-int,ERV1,LTR
chr9,66739471,66739492,MA1714.1,+,1.07e-05,Tigger3b,TcMar-Tigger,DNA
chr8,66980524,66980545,MA1714.1,+,1.07e-05,L1MEg,L1,LINE
chr6,68437339,68437360,MA1714.1,-,1.07e-05,L1MCa,L1,LINE
chr18,68945359,68945380,MA1714.1,-,1.07e-05,FRAM,Alu,SINE
chr4,69356305,69356326,MA1714.1,-,1.07e-05,L1MDa,L1,LINE
chr7,69455011,69455032,MA1714.1,+,1.07e-05,MER1B,hAT-Charlie,DNA
chr9,69883896,69883917,MA1714.1,-,1.07e-05,HERVIP10F-int,ERV1,LTR
chr9,69919663,69919684,MA1714.1,+,1.07e-05,Tigger3b,TcMar-Tigger,DNA
chr6,70158788,70158809,MA1714.1,+,1.07e-05,L1M1,L1,LINE
chrX,71513316,71513337,MA1714.1,-,1.07e-05,L1MD2,L1,LINE
chr14,71813573,71813594,MA1714.1,-,1.07e-05,L1MB8,L1,LINE
chr11,74251142,74251163,MA1714.1,+,1.07e-05,LTR33,ERVL,LTR
chr8,74594235,74594256,MA1714.1,+,1.07e-05,L1PB1,L1,LINE
chrX,75087298,75087319,MA1714.1,-,1.07e-05,L1MA4,L1,LINE
chr18,76142867,76142888,MA1714.1,-,1.07e-05,Charlie1b,hAT-Charlie,DNA
chr5,76481871,76481892,MA1714.1,+,1.07e-05,MIR,MIR,SINE
chr17,78843614,78843635,MA1714.1,+,1.07e-05,L1MC4,L1,LINE
chr4,79599503,79599524,MA1714.1,+,1.07e-05,L1MC4a,L1,LINE
chr3,80968369,80968390,MA1714.1,-,1.07e-05,MIR,MIR,SINE
chr6,81110838,81110859,MA1714.1,+,1.07e-05,L1PREC2,L1,LINE
chrX,82444423,82444444,MA1714.1,-,1.07e-05,L1PA14,L1,LINE
chr2,85857243,85857264,MA1714.1,-,1.07e-05,L1PB1,L1,LINE
chr11,85991874,85991895,MA1714.1,-,1.07e-05,L1M3,L1,LINE
chr2,88731020,88731041,MA1714.1,-,1.07e-05,L1MC4a,L1,LINE
chr6,88994519,88994540,MA1714.1,-,1.07e-05,L1MA9,L1,LINE
chr15,90583148,90583169,MA1714.1,-,1.07e-05,Tigger15a,TcMar-Tigger,DNA
chrX,92274162,92274183,MA1714.1,+,1.07e-05,L1PA16,L1,LINE
chr11,93001313,93001334,MA1714.1,+,1.07e-05,HERVIP10F-int,ERV1,LTR
chr13,93226563,93226584,MA1714.1,-,1.07e-05,MIR,MIR,SINE
chr10,93425146,93425167,MA1714.1,+,1.07e-05,L1ME2z,L1,LINE
chr3,94535163,94535184,MA1714.1,+,1.07e-05,L1M5,L1,LINE
chr3,96390062,96390083,MA1714.1,-,1.07e-05,HERV17-int,ERV1,LTR
chr6,96729573,96729594,MA1714.1,+,1.07e-05,MER39,ERV1,LTR
chr4,98742609,98742630,MA1714.1,-,1.07e-05,MSTA-int,ERVL-MaLR,LTR
chr14,101789328,101789349,MA1714.1,+,1.07e-05,HERVIP10F-int,ERV1,LTR
chr10,103176913,103176934,MA1714.1,-,1.07e-05,L1MC4,L1,LINE
chr12,106047497,106047518,MA1714.1,+,1.07e-05,ERV3-16A3_I-int,ERVL,LTR
chr4,108293669,108293690,MA1714.1,+,1.07e-05,L1MC1,L1,LINE
chr13,110822445,110822466,MA1714.1,+,1.07e-05,HAL1-3A_ME,L1,LINE
chr8,112858989,112859010,MA1714.1,-,1.07e-05,MSTA-int,ERVL-MaLR,LTR
chr5,113294475,113294496,MA1714.1,-,1.07e-05,LTR16C,ERVL,LTR
chr6,117333745,117333766,MA1714.1,+,1.07e-05,L1MEg,L1,LINE
chr3,118393927,118393948,MA1714.1,+,1.07e-05,MLT2B4,ERVL,LTR
chr8,118425646,118425667,MA1714.1,-,1.07e-05,MIR,MIR,SINE
chr8,121688192,121688213,MA1714.1,+,1.07e-05,LTR67B,ERVL,LTR
chr2,122752349,122752370,MA1714.1,-,1.07e-05,MIRb,MIR,SINE
chr7,124846882,124846903,MA1714.1,+,1.07e-05,MLT1A0,ERVL-MaLR,LTR
chr7,125357391,125357412,MA1714.1,+,1.07e-05,ERVL-B4-int,ERVL,LTR
chr3,125931255,125931276,MA1714.1,+,1.07e-05,HAL1-3A_ME,L1,LINE
chrX,127064106,127064127,MA1714.1,+,1.07e-05,MER57A-int,ERV1,LTR
chr2,127151052,127151073,MA1714.1,+,1.07e-05,MIR,MIR,SINE
chr8,128308465,128308486,MA1714.1,-,1.07e-05,L1PB,L1,LINE
chrX,128601448,128601469,MA1714.1,-,1.07e-05,MamRep1161,TcMar,DNA
chr2,132898086,132898107,MA1714.1,-,1.07e-05,HERVIP10F-int,ERV1,LTR
chr2,132937531,132937552,MA1714.1,+,1.07e-05,Tigger3b,TcMar-Tigger,DNA
chr5,133172537,133172558,MA1714.1,-,1.07e-05,L1MEg,L1,LINE
chr4,137647150,137647171,MA1714.1,-,1.07e-05,Tigger3b,TcMar-Tigger,DNA
chr4,142397600,142397621,MA1714.1,-,1.07e-05,L1MA4,L1,LINE
chr3,142587070,142587091,MA1714.1,-,1.07e-05,Charlie25,hAT-Charlie,DNA
chr1,146934296,146934317,MA1714.1,-,1.07e-05,L1MB8,L1,LINE
chr4,148959557,148959578,MA1714.1,-,1.07e-05,LTR89,ERVL,LTR
chr6,150494336,150494357,MA1714.1,-,1.07e-05,L1MD3,L1,LINE
chr5,151113370,151113391,MA1714.1,+,1.07e-05,L1MD3,L1,LINE
chrX,154179689,154179710,MA1714.1,-,1.07e-05,L1ME3B,L1,LINE
chr6,157393901,157393922,MA1714.1,-,1.07e-05,MIRb,MIR,SINE
chr5,158683901,158683922,MA1714.1,+,1.07e-05,L1MDa,L1,LINE
chr1,159233738,159233759,MA1714.1,-,1.07e-05,L1MA9,L1,LINE
chr5,160493516,160493537,MA1714.1,-,1.07e-05,L1MC1,L1,LINE
chr2,171892631,171892652,MA1714.1,+,1.07e-05,MLT1D-int,ERVL-MaLR,LTR
chr3,177521129,177521150,MA1714.1,+,1.07e-05,L2a,L2,LINE
chr3,187607420,187607441,MA1714.1,-,1.07e-05,MIR3,MIR,SINE
chr3,196522689,196522710,MA1714.1,+,1.07e-05,L1MEf,L1,LINE
chr2,200941190,200941211,MA1714.1,+,1.07e-05,Plat_L3,CR1,LINE
chr1,222781569,222781590,MA1714.1,-,1.07e-05,THE1B-int,ERVL-MaLR,LTR
chr1,223521136,223521157,MA1714.1,-,1.07e-05,MIR,MIR,SINE
chr1,228433979,228434000,MA1714.1,-,1.07e-05,L1MEg,L1,LINE
chr2,233997725,233997746,MA1714.1,-,1.07e-05,AluJb,Alu,SINE
chr6_qbl_hap6,1672449,1672470,MA1714.1,+,1.07e-05,LTR13_,ERVK,LTR
chr6_ssto_hap7,1709519,1709540,MA1714.1,+,1.07e-05,LTR13_,ERVK,LTR
chr6_mcf_hap5,1761390,1761411,MA1714.1,+,1.07e-05,LTR13_,ERVK,LTR
chr6_cox_hap2,1891557,1891578,MA1714.1,+,1.07e-05,LTR13_,ERVK,LTR
chr8,2260603,2260624,MA1714.1,+,1.07e-05,L1MB1,L1,LINE
chr12,5508328,5508349,MA1714.1,+,1.07e-05,MLT1J,ERVL-MaLR,LTR
chr11,6193030,6193051,MA1714.1,+,1.07e-05,AluJr,Alu,SINE
chrY,6791935,6791956,MA1714.1,-,1.07e-05,AluJo,Alu,SINE
chr5,6993907,6993928,MA1714.1,-,1.07e-05,L1MEg,L1,LINE
chr6,7674438,7674459,MA1714.1,+,1.07e-05,MLT2F,ERVL,LTR
chr21,9846374,9846395,MA1714.1,+,1.07e-05,MSTA-int,ERVL-MaLR,LTR
chr3,9941203,9941224,MA1714.1,-,1.07e-05,HAL1-3A_ME,L1,LINE
chr20,13390607,13390628,MA1714.1,-,1.07e-05,L1MA4A,L1,LINE
chr3,14568158,14568179,MA1714.1,-,1.07e-05,L1MEd,L1,LINE
chr8,15289919,15289940,MA1714.1,-,1.07e-05,L1MCa,L1,LINE
chr6,15642495,15642516,MA1714.1,+,1.07e-05,L1PA17,L1,LINE
chr4,16774531,16774552,MA1714.1,+,1.07e-05,L1M5,L1,LINE
chrX,18732901,18732922,MA1714.1,-,1.07e-05,MIRc,MIR,SINE
chr17,18803913,18803934,MA1714.1,-,1.07e-05,L1MDa,L1,LINE
chr10,19254490,19254511,MA1714.1,-,1.07e-05,MLT1K,ERVL-MaLR,LTR
chr8,20930104,20930125,MA1714.1,+,1.07e-05,MIRb,MIR,SINE
chr11,21290441,21290462,MA1714.1,+,1.07e-05,L1MC1,L1,LINE
chr9,21622960,21622981,MA1714.1,-,1.07e-05,THE1A-int,ERVL-MaLR,LTR
chr22,22382211,22382232,MA1714.1,+,1.07e-05,L1MEf,L1,LINE
chr15,22549613,22549634,MA1714.1,+,1.07e-05,AluJo,Alu,SINE
chr15,22686325,22686346,MA1714.1,-,1.07e-05,L1MC1,L1,LINE
chr3,23756294,23756315,MA1714.1,+,1.07e-05,HAL1,L1,LINE
chr10,25484783,25484804,MA1714.1,-,1.07e-05,HAL1,L1,LINE
chrY,26287363,26287384,MA1714.1,-,1.07e-05,AluJo,Alu,SINE
chr16,26797917,26797938,MA1714.1,+,1.07e-05,MLT1J,ERVL-MaLR,LTR
chrY,27675053,27675074,MA1714.1,+,1.07e-05,AluJo,Alu,SINE
chr15,28654840,28654861,MA1714.1,+,1.07e-05,L1MC1,L1,LINE
chr15,28747079,28747100,MA1714.1,-,1.07e-05,L1MC1,L1,LINE
chr1,32914305,32914326,MA1714.1,+,1.07e-05,LTR13,ERVK,LTR
chr8,32988830,32988851,MA1714.1,+,1.07e-05,MIR,MIR,SINE
chr14,33085862,33085883,MA1714.1,+,1.07e-05,L1PA13,L1,LINE
chr7,33248686,33248707,MA1714.1,-,1.07e-05,L1MA3,L1,LINE
chr22,33793917,33793938,MA1714.1,-,1.07e-05,L1ME3A,L1,LINE
chr19,34307112,34307133,MA1714.1,+,1.07e-05,AluJb,Alu,SINE
chr7,35338339,35338360,MA1714.1,-,1.07e-05,HAL1,L1,LINE
chr2,35922201,35922222,MA1714.1,-,1.07e-05,L1MC5,L1,LINE
chr20,35990708,35990729,MA1714.1,-,1.07e-05,AluJr,Alu,SINE
chr11,38372544,38372565,MA1714.1,-,1.07e-05,MSTA-int,ERVL-MaLR,LTR
chr17,41411532,41411553,MA1714.1,-,1.07e-05,LTR13,ERVK,LTR
chr6,41768488,41768509,MA1714.1,+,1.07e-05,MIRb,MIR,SINE
chr19,41971789,41971810,MA1714.1,-,1.07e-05,SATR1,Satellite,Satellite
chr12,41976450,41976471,MA1714.1,-,1.07e-05,L1PB4,L1,LINE
chr12,42383561,42383582,MA1714.1,+,1.07e-05,MLT1D,ERVL-MaLR,LTR
chrX,44447668,44447689,MA1714.1,+,1.07e-05,MLT1E1-int,ERVL-MaLR,LTR
chr7,46506206,46506227,MA1714.1,-,1.07e-05,HUERS-P3-int,ERV1,LTR
chr16,47977999,47978020,MA1714.1,+,1.07e-05,MIRb,MIR,SINE
chr12,48464658,48464679,MA1714.1,+,1.07e-05,AluJr,Alu,SINE
chr6,50617640,50617661,MA1714.1,+,1.07e-05,THE1B-int,ERVL-MaLR,LTR
chr15,51874345,51874366,MA1714.1,-,1.07e-05,MIRb,MIR,SINE
chr7,54072109,54072130,MA1714.1,+,1.07e-05,MLT1I-int,ERVL-MaLR,LTR
chr18,54514854,54514875,MA1714.1,+,1.07e-05,MSTB-int,ERVL-MaLR,LTR
chr20,54692333,54692354,MA1714.1,+,1.07e-05,L1MC3,L1,LINE
chr4,55475307,55475328,MA1714.1,-,1.07e-05,L1MC5,L1,LINE
chr2,59697331,59697352,MA1714.1,+,1.07e-05,L1ME1,L1,LINE
chr2,60497766,60497787,MA1714.1,+,1.07e-05,MIR,MIR,SINE
chr18,60515582,60515603,MA1714.1,-,1.07e-05,MIR,MIR,SINE
chr14,60630519,60630540,MA1714.1,-,1.07e-05,MER106B,hAT-Charlie,DNA
chr8,61501222,61501243,MA1714.1,+,1.07e-05,L1ME1,L1,LINE
chr14,66815732,66815753,MA1714.1,+,1.07e-05,L1M3,L1,LINE
chr7,67925742,67925763,MA1714.1,-,1.07e-05,AluSc,Alu,SINE
chr4,68077023,68077044,MA1714.1,+,1.07e-05,THE1C-int,ERVL-MaLR,LTR
chr1,70132706,70132727,MA1714.1,-,1.07e-05,L1MA3,L1,LINE
chr17,70863711,70863732,MA1714.1,+,1.07e-05,L1MEe,L1,LINE
chr11,71179584,71179605,MA1714.1,+,1.07e-05,L1MEe,L1,LINE
chr3,72315405,72315426,MA1714.1,+,1.07e-05,HAL1,L1,LINE
chr14,72474616,72474637,MA1714.1,+,1.07e-05,MLT1F-int,ERVL-MaLR,LTR
chr1,74066471,74066492,MA1714.1,-,1.07e-05,THE1B-int,ERVL-MaLR,LTR
chr9,74294390,74294411,MA1714.1,-,1.07e-05,MIRb,MIR,SINE
chr13,74564437,74564458,MA1714.1,+,1.07e-05,L1M7,L1,LINE
chr1,77909603,77909624,MA1714.1,-,1.07e-05,L1MA9,L1,LINE
chrX,79161593,79161614,MA1714.1,+,1.07e-05,L1M1,L1,LINE
chr6,79189623,79189644,MA1714.1,-,1.07e-05,MLT1A0-int,ERVL-MaLR,LTR
chr15,79772419,79772440,MA1714.1,+,1.07e-05,MIRb,MIR,SINE
chr8,80090751,80090772,MA1714.1,-,1.07e-05,L1PB1,L1,LINE
chr7,80158129,80158150,MA1714.1,+,1.07e-05,L1M3e,L1,LINE
chr15,82695679,82695700,MA1714.1,-,1.07e-05,AluJo,Alu,SINE
chr8,82967206,82967227,MA1714.1,+,1.07e-05,MER30,hAT-Charlie,DNA
chr15,83072204,83072225,MA1714.1,-,1.07e-05,AluJo,Alu,SINE
chr10,83322570,83322591,MA1714.1,+,1.07e-05,L1ME3D,L1,LINE
chr15,85086636,85086657,MA1714.1,+,1.07e-05,AluJo,Alu,SINE
chr2,86909524,86909545,MA1714.1,-,1.07e-05,L1MC2,L1,LINE
chr1,87919634,87919655,MA1714.1,-,1.07e-05,MER50B,ERV1,LTR
chr1,88864474,88864495,MA1714.1,-,1.07e-05,MLT1A0-int,ERVL-MaLR,LTR
chr5,92623238,92623259,MA1714.1,+,1.07e-05,L1MCc,L1,LINE
chr1,92771070,92771091,MA1714.1,+,1.07e-05,L1M5,L1,LINE
chr12,93296270,93296291,MA1714.1,+,1.07e-05,AluSg,Alu,SINE
chr3,94145387,94145408,MA1714.1,+,1.07e-05,THE1B-int,ERVL-MaLR,LTR
chr9,96639784,96639805,MA1714.1,+,1.07e-05,L1M4c,L1,LINE
chr7,97024622,97024643,MA1714.1,-,1.07e-05,L1ME3D,L1,LINE
chr14,97274148,97274169,MA1714.1,-,1.07e-05,L3,CR1,LINE
chr11,97380716,97380737,MA1714.1,+,1.07e-05,MER110-int,ERV1,LTR
chr14,101045108,101045129,MA1714.1,+,1.07e-05,MLT1J,ERVL-MaLR,LTR
chr15,101762775,101762796,MA1714.1,-,1.07e-05,L1MD3,L1,LINE
chr12,102311396,102311417,MA1714.1,+,1.07e-05,AluSx3,Alu,SINE
chr14,103034922,103034943,MA1714.1,-,1.07e-05,MER21A,ERVL,LTR
chr10,105136561,105136582,MA1714.1,+,1.07e-05,AluSx,Alu,SINE
chr11,106093777,106093798,MA1714.1,+,1.07e-05,HERVI-int,ERV1,LTR
chrX,107710049,107710070,MA1714.1,-,1.07e-05,AluJr,Alu,SINE
chr13,107938285,107938306,MA1714.1,+,1.07e-05,L1MB4,L1,LINE
chr13,108916481,108916502,MA1714.1,-,1.07e-05,MLT1L,ERVL-MaLR,LTR
chr3,108978050,108978071,MA1714.1,-,1.07e-05,AluJb,Alu,SINE
chr7,109839925,109839946,MA1714.1,-,1.07e-05,L1MA2,L1,LINE
chr12,117921657,117921678,MA1714.1,-,1.07e-05,MIRb,MIR,SINE
chr2,118994643,118994664,MA1714.1,-,1.07e-05,MIRb,MIR,SINE
chr8,120679667,120679688,MA1714.1,-,1.07e-05,L3,CR1,LINE
chr12,121592393,121592414,MA1714.1,-,1.07e-05,MIRb,MIR,SINE
chr8,122087708,122087729,MA1714.1,+,1.07e-05,AluJr,Alu,SINE
chr10,124527222,124527243,MA1714.1,-,1.07e-05,MIR,MIR,SINE
chr11,127983682,127983703,MA1714.1,+,1.07e-05,L1MEe,L1,LINE
chr11,130606921,130606942,MA1714.1,+,1.07e-05,MIR,MIR,SINE
chr6,130901675,130901696,MA1714.1,-,1.07e-05,L1PA16,L1,LINE
chr3,133943353,133943374,MA1714.1,-,1.07e-05,LTR13,ERVK,LTR
chr8,136394650,136394671,MA1714.1,-,1.07e-05,L1PREC2,L1,LINE
chrX,139707596,139707617,MA1714.1,+,1.07e-05,L1PREC2,L1,LINE
chr5,139798387,139798408,MA1714.1,-,1.07e-05,AluSz6,Alu,SINE
chr5,144175927,144175948,MA1714.1,-,1.07e-05,MamGypLTR1c,Gypsy,LTR
chrX,150373686,150373707,MA1714.1,+,1.07e-05,L1PA5,L1,LINE
chr5,159262456,159262477,MA1714.1,-,1.07e-05,L2c,L2,LINE
chr2,162504535,162504556,MA1714.1,-,1.07e-05,MIRc,MIR,SINE
chr6,163119699,163119720,MA1714.1,-,1.07e-05,L1MEa,L1,LINE
chr2,166839446,166839467,MA1714.1,-,1.07e-05,MIR,MIR,SINE
chr6,168267295,168267316,MA1714.1,-,1.07e-05,MER119,hAT-Charlie,DNA
chr6,169062049,169062070,MA1714.1,+,1.07e-05,AluSc5,Alu,SINE
chr3,184590820,184590841,MA1714.1,+,1.07e-05,L3,CR1,LINE
chr3,188037665,188037686,MA1714.1,-,1.07e-05,L1MD3,L1,LINE
chr1,198135142,198135163,MA1714.1,-,1.07e-05,Tigger1,TcMar-Tigger,DNA
chr1,202453905,202453926,MA1714.1,-,1.07e-05,L1MA6,L1,LINE
chr2,218634208,218634229,MA1714.1,+,1.07e-05,L1ME1,L1,LINE
chr2,223608847,223608868,MA1714.1,+,1.07e-05,L1PA14,L1,LINE
chr2,235887887,235887908,MA1714.1,-,1.07e-05,L1ME3E,L1,LINE
chr1,239270522,239270543,MA1714.1,-,1.07e-05,L1MB7,L1,LINE
chr1,247734016,247734037,MA1714.1,-,1.07e-05,L1PA8,L1,LINE
chr18,4916832,4916853,MA1714.1,-,1.08e-05,THE1B-int,ERVL-MaLR,LTR
chr9,7619756,7619777,MA1714.1,+,1.08e-05,MER50,ERV1,LTR
chr11,8776406,8776427,MA1714.1,+,1.08e-05,L1MB7,L1,LINE
chr8,8980782,8980803,MA1714.1,-,1.08e-05,L1MC4,L1,LINE
chr7,9402229,9402250,MA1714.1,+,1.08e-05,AluJo,Alu,SINE
chr19,9777321,9777342,MA1714.1,+,1.08e-05,L1MA4,L1,LINE
chr2,9819462,9819483,MA1714.1,+,1.08e-05,MLT1A0,ERVL-MaLR,LTR
chr9,10987260,10987281,MA1714.1,-,1.08e-05,THE1D-int,ERVL-MaLR,LTR
chr9,15052072,15052093,MA1714.1,+,1.08e-05,L1PA7,L1,LINE
chr7,15696229,15696250,MA1714.1,-,1.08e-05,L1MD1,L1,LINE
chr6,17025459,17025480,MA1714.1,+,1.08e-05,MSTB-int,ERVL-MaLR,LTR
chr5,17171641,17171662,MA1714.1,+,1.08e-05,AluJb,Alu,SINE
chr20,18460362,18460383,MA1714.1,+,1.08e-05,L1MC3,L1,LINE
chr11,19741189,19741210,MA1714.1,-,1.08e-05,MIRb,MIR,SINE
chr18,20900781,20900802,MA1714.1,-,1.08e-05,L1MEg,L1,LINE
chr17,21029317,21029338,MA1714.1,+,1.08e-05,L1MC4a,L1,LINE
chr14,22262536,22262557,MA1714.1,-,1.08e-05,HAL1,L1,LINE
chr16,23233713,23233734,MA1714.1,+,1.08e-05,L1MB5,L1,LINE
chr10,24137147,24137168,MA1714.1,-,1.08e-05,L1PA7,L1,LINE
chr8,24554012,24554033,MA1714.1,+,1.08e-05,MLT1E1A,ERVL-MaLR,LTR
chr2,24703072,24703093,MA1714.1,-,1.08e-05,L1PA12,L1,LINE
chr16,24754506,24754527,MA1714.1,+,1.08e-05,MIRc,MIR,SINE
chr15,25024478,25024499,MA1714.1,-,1.08e-05,L1MC3,L1,LINE
chr17,25536412,25536433,MA1714.1,+,1.08e-05,MIR,MIR,SINE
chrY,26053159,26053180,MA1714.1,-,1.08e-05,L1M4c,L1,LINE
chr5,26395641,26395662,MA1714.1,+,1.08e-05,L1MEg,L1,LINE
chr14,26466134,26466155,MA1714.1,+,1.08e-05,L1MCa,L1,LINE
chr15,26686950,26686971,MA1714.1,-,1.08e-05,L1MB7,L1,LINE
chr16,27564342,27564363,MA1714.1,-,1.08e-05,Charlie1a,hAT-Charlie,DNA
chr2,27782470,27782491,MA1714.1,-,1.08e-05,L1MEe,L1,LINE
chr21,27798595,27798616,MA1714.1,+,1.08e-05,AluSx1,Alu,SINE
chrY,27909218,27909239,MA1714.1,+,1.08e-05,L1M4c,L1,LINE
chr22,28633022,28633043,MA1714.1,-,1.08e-05,L1MEf,L1,LINE
chrX,30188195,30188216,MA1714.1,-,1.08e-05,L1ME4a,L1,LINE
chr5,30815658,30815679,MA1714.1,-,1.08e-05,L1M5,L1,LINE
chr22,33244044,33244065,MA1714.1,-,1.08e-05,L3,CR1,LINE
chr20,35133720,35133741,MA1714.1,-,1.08e-05,L1MB4,L1,LINE
chr7,35632563,35632584,MA1714.1,+,1.08e-05,ERVL-E-int,ERVL,LTR
chr20,37528127,37528148,MA1714.1,-,1.08e-05,MER5A,hAT-Charlie,DNA
chr13,39288113,39288134,MA1714.1,+,1.08e-05,MER20,hAT-Charlie,DNA
chr17,40946381,40946402,MA1714.1,-,1.08e-05,L1MC4,L1,LINE
chr13,41816527,41816548,MA1714.1,-,1.08e-05,L1MC5,L1,LINE
chr19,42149997,42150018,MA1714.1,+,1.08e-05,MIR,MIR,SINE
chr12,42971828,42971849,MA1714.1,+,1.08e-05,MIRc,MIR,SINE
chr18,43989019,43989040,MA1714.1,+,1.08e-05,MIR,MIR,SINE
chr22,44099695,44099716,MA1714.1,+,1.08e-05,L1M3b,L1,LINE
chr5,44294635,44294656,MA1714.1,-,1.08e-05,LTR86A2,ERVL,LTR
chr6,44461745,44461766,MA1714.1,+,1.08e-05,MIRb,MIR,SINE
chr13,47908302,47908323,MA1714.1,+,1.08e-05,LTR33,ERVL,LTR
chr22,47914050,47914071,MA1714.1,+,1.08e-05,L1MEg,L1,LINE
chr18,49728068,49728089,MA1714.1,-,1.08e-05,LTR89,ERVL,LTR
chr16,50171452,50171473,MA1714.1,-,1.08e-05,ERVL-B4-int,ERVL,LTR
chr6,50585891,50585912,MA1714.1,+,1.08e-05,L1MDa,L1,LINE
chr22,51234111,51234132,MA1714.1,-,1.08e-05,AluJb,Alu,SINE
chr20,55013465,55013486,MA1714.1,+,1.08e-05,L1MC,L1,LINE
chr4,55136371,55136392,MA1714.1,-,1.08e-05,L1MC1,L1,LINE
chr13,56511768,56511789,MA1714.1,-,1.08e-05,HERVL74-int,ERVL,LTR
chr14,58011139,58011160,MA1714.1,-,1.08e-05,L1PA6,L1,LINE
chr20,58552968,58552989,MA1714.1,-,1.08e-05,L1MC2,L1,LINE
chr3,60296823,60296844,MA1714.1,-,1.08e-05,L1MC4,L1,LINE
chr1,63700212,63700233,MA1714.1,-,1.08e-05,L1MB2,L1,LINE
chr4,64444714,64444735,MA1714.1,-,1.08e-05,MER52-int,ERV1,LTR
chr7,64737637,64737658,MA1714.1,-,1.08e-05,L1M3a,L1,LINE
chr12,64913248,64913269,MA1714.1,+,1.08e-05,L1ME2,L1,LINE
chr14,65505641,65505662,MA1714.1,-,1.08e-05,HAL1,L1,LINE
chr10,65894623,65894644,MA1714.1,-,1.08e-05,MIR,MIR,SINE
chr6,67778978,67778999,MA1714.1,+,1.08e-05,THE1B-int,ERVL-MaLR,LTR
chr12,68324590,68324611,MA1714.1,-,1.08e-05,LTR40a,ERVL,LTR
chr5,68703276,68703297,MA1714.1,-,1.08e-05,L1M4b,L1,LINE
chr10,69026975,69026996,MA1714.1,+,1.08e-05,HAL1,L1,LINE
chrX,71744235,71744256,MA1714.1,-,1.08e-05,MER117,hAT-Charlie,DNA
chr10,72104879,72104900,MA1714.1,+,1.08e-05,L1M5,L1,LINE
chr4,73143159,73143180,MA1714.1,+,1.08e-05,MIR3,MIR,SINE
chrX,74914606,74914627,MA1714.1,+,1.08e-05,L1PA14,L1,LINE
chr11,75986366,75986387,MA1714.1,-,1.08e-05,MIRb,MIR,SINE
chr7,76049844,76049865,MA1714.1,-,1.08e-05,L1M5,L1,LINE
chr16,81081599,81081620,MA1714.1,+,1.08e-05,L1PA17,L1,LINE
chr14,82185925,82185946,MA1714.1,-,1.08e-05,MLT1D,ERVL-MaLR,LTR
chr6,82993430,82993451,MA1714.1,-,1.08e-05,L1PA7,L1,LINE
chr2,83549938,83549959,MA1714.1,+,1.08e-05,L1MEd,L1,LINE
chr3,84524204,84524225,MA1714.1,+,1.08e-05,L1MA3,L1,LINE
chr1,85211341,85211362,MA1714.1,+,1.08e-05,MLT1D,ERVL-MaLR,LTR
chr2,86138439,86138460,MA1714.1,+,1.08e-05,MamRep38,hAT,DNA
chr15,86354242,86354263,MA1714.1,+,1.08e-05,L1MD1,L1,LINE
chr3,87495140,87495161,MA1714.1,-,1.08e-05,L1M1,L1,LINE
chr3,87662570,87662591,MA1714.1,-,1.08e-05,HERVI-int,ERV1,LTR
chr12,88858421,88858442,MA1714.1,-,1.08e-05,L1PA7,L1,LINE
chr11,89273605,89273626,MA1714.1,-,1.08e-05,MLT1H1-int,ERVL-MaLR,LTR
chr15,90063273,90063294,MA1714.1,+,1.08e-05,L1MD,L1,LINE
chr4,93168178,93168199,MA1714.1,-,1.08e-05,L1ME3A,L1,LINE
chr14,94372527,94372548,MA1714.1,-,1.08e-05,MIRc,MIR,SINE
chr7,94441972,94441993,MA1714.1,+,1.08e-05,L1MA4A,L1,LINE
chr12,95274976,95274997,MA1714.1,+,1.08e-05,HAL1b,L1,LINE
chr7,96803837,96803858,MA1714.1,-,1.08e-05,L1MC4a,L1,LINE
chr4,96807330,96807351,MA1714.1,-,1.08e-05,L1MD2,L1,LINE
chr13,96995741,96995762,MA1714.1,-,1.08e-05,MLT1D,ERVL-MaLR,LTR
chr7,97726500,97726521,MA1714.1,-,1.08e-05,L1MB7,L1,LINE
chr4,97994950,97994971,MA1714.1,-,1.08e-05,LTR33,ERVL,LTR
chr14,104736684,104736705,MA1714.1,-,1.08e-05,L1MC3,L1,LINE
chr12,107944079,107944100,MA1714.1,-,1.08e-05,MLT1N2,ERVL-MaLR,LTR
chr3,107999891,107999912,MA1714.1,-,1.08e-05,L1MEe,L1,LINE
chr5,110365439,110365460,MA1714.1,+,1.08e-05,L1PA4,L1,LINE
chr4,110732833,110732854,MA1714.1,+,1.08e-05,Charlie6,hAT-Charlie,DNA
chr4,111157731,111157752,MA1714.1,-,1.08e-05,MLT1D,ERVL-MaLR,LTR
chr12,112008860,112008881,MA1714.1,-,1.08e-05,MIR,MIR,SINE
chr10,115642470,115642491,MA1714.1,-,1.08e-05,L1MB8,L1,LINE
chr9,116405778,116405799,MA1714.1,-,1.08e-05,L1ME1,L1,LINE
chr1,118781628,118781649,MA1714.1,+,1.08e-05,THE1C-int,ERVL-MaLR,LTR
chr5,119481276,119481297,MA1714.1,-,1.08e-05,MSTA-int,ERVL-MaLR,LTR
chr11,123206770,123206791,MA1714.1,+,1.08e-05,MLT1H,ERVL-MaLR,LTR
chr4,123338754,123338775,MA1714.1,+,1.08e-05,L1M5,L1,LINE
chr10,123819938,123819959,MA1714.1,-,1.08e-05,MER106A,hAT-Charlie,DNA
chrX,124575636,124575657,MA1714.1,-,1.08e-05,L1PREC2,L1,LINE
chr7,126096414,126096435,MA1714.1,+,1.08e-05,L1MEg,L1,LINE
chr2,129157644,129157665,MA1714.1,-,1.08e-05,L1MDa,L1,LINE
chr9,129362422,129362443,MA1714.1,+,1.08e-05,Kanga2_a,TcMar-Tc2,DNA
chr8,129765954,129765975,MA1714.1,+,1.08e-05,L1MEc,L1,LINE
chr8,129922414,129922435,MA1714.1,+,1.08e-05,L1MB7,L1,LINE
chr7,130379366,130379387,MA1714.1,+,1.08e-05,LTR50,ERVL,LTR
chr11,131574487,131574508,MA1714.1,+,1.08e-05,L1ME4a,L1,LINE
chr3,133339927,133339948,MA1714.1,-,1.08e-05,AluJr4,Alu,SINE
chr4,136903899,136903920,MA1714.1,-,1.08e-05,L1MC4,L1,LINE
chr2,140819929,140819950,MA1714.1,-,1.08e-05,L1MEc,L1,LINE
chr3,144284803,144284824,MA1714.1,-,1.08e-05,L1PB2,L1,LINE
chr4,145306894,145306915,MA1714.1,-,1.08e-05,THE1C-int,ERVL-MaLR,LTR
chr5,149295291,149295312,MA1714.1,+,1.08e-05,MER65C,ERV1,LTR
chr4,149469565,149469586,MA1714.1,+,1.08e-05,L1MA9,L1,LINE
chr6,150447701,150447722,MA1714.1,-,1.08e-05,LTR78,ERV1,LTR
chr4,173464559,173464580,MA1714.1,-,1.08e-05,MER67C,ERV1,LTR
chr3,174104809,174104830,MA1714.1,-,1.08e-05,L1ME1,L1,LINE
chr3,174471715,174471736,MA1714.1,+,1.08e-05,MLT1A,ERVL-MaLR,LTR
chr3,187574137,187574158,MA1714.1,-,1.08e-05,Charlie17a,hAT-Charlie,DNA
chr3,192036704,192036725,MA1714.1,+,1.08e-05,L1MA3,L1,LINE
chr2,211854327,211854348,MA1714.1,+,1.08e-05,MSTA-int,ERVL-MaLR,LTR
chr1,219546170,219546191,MA1714.1,+,1.08e-05,AluJb,Alu,SINE
chr2,221491512,221491533,MA1714.1,-,1.08e-05,MIRc,MIR,SINE
chr1,230920159,230920180,MA1714.1,+,1.08e-05,MSTA-int,ERVL-MaLR,LTR
chr2,239415937,239415958,MA1714.1,-,1.08e-05,HAL1,L1,LINE
chrUn_gl000233,6564,6585,MA1714.1,-,1.09e-05,MER52A,ERV1,LTR
chr5,744910,744931,MA1714.1,+,1.09e-05,AluSz6,Alu,SINE
chr16,2508818,2508839,MA1714.1,+,1.09e-05,MIRb,MIR,SINE
chr10,2742842,2742863,MA1714.1,+,1.09e-05,ERV3-16A3_I-int,ERVL,LTR
chr3,5585263,5585284,MA1714.1,-,1.09e-05,L1MA8,L1,LINE
chr7,6538289,6538310,MA1714.1,-,1.09e-05,AluJb,Alu,SINE
chr7,7943435,7943456,MA1714.1,-,1.09e-05,L1ME3C,L1,LINE
chr21,9663843,9663864,MA1714.1,-,1.09e-05,MER52A,ERV1,LTR
chr11,11521974,11521995,MA1714.1,+,1.09e-05,MIRb,MIR,SINE
chr8,11528162,11528183,MA1714.1,+,1.09e-05,MIRc,MIR,SINE
chr17,13841392,13841413,MA1714.1,+,1.09e-05,L1MD2,L1,LINE
chr11,18272534,18272555,MA1714.1,+,1.09e-05,Charlie1a,hAT-Charlie,DNA
chr18,19142942,19142963,MA1714.1,-,1.09e-05,AluSp,Alu,SINE
chr11,19552019,19552040,MA1714.1,-,1.09e-05,MIRb,MIR,SINE
chr10,19742913,19742934,MA1714.1,+,1.09e-05,AluJb,Alu,SINE
chr20,19961721,19961742,MA1714.1,-,1.09e-05,MIRc,MIR,SINE
chr20,20448673,20448694,MA1714.1,-,1.09e-05,L3,CR1,LINE
chr7,20673646,20673667,MA1714.1,-,1.09e-05,L1PB4,L1,LINE
chr18,22582178,22582199,MA1714.1,-,1.09e-05,HAL1b,L1,LINE
chr7,22871812,22871833,MA1714.1,-,1.09e-05,AluJr4,Alu,SINE
chr9,23508052,23508073,MA1714.1,+,1.09e-05,THE1A-int,ERVL-MaLR,LTR
chr16,25144584,25144605,MA1714.1,-,1.09e-05,MIRc,MIR,SINE
chrY,25245534,25245555,MA1714.1,+,1.09e-05,L1ME1,L1,LINE
chrY,25467437,25467458,MA1714.1,-,1.09e-05,L1ME1,L1,LINE
chr18,25969708,25969729,MA1714.1,+,1.09e-05,L1PREC2,L1,LINE
chr5,26609263,26609284,MA1714.1,+,1.09e-05,L1MA9,L1,LINE
chrY,26879279,26879300,MA1714.1,+,1.09e-05,L1ME1,L1,LINE
chrY,27083109,27083130,MA1714.1,-,1.09e-05,L1ME1,L1,LINE
chr4,30234247,30234268,MA1714.1,-,1.09e-05,L2a,L2,LINE
chr13,30336314,30336335,MA1714.1,-,1.09e-05,L3,CR1,LINE
chr16,31768833,31768854,MA1714.1,+,1.09e-05,L1MC4a,L1,LINE
chr8,32022904,32022925,MA1714.1,-,1.09e-05,AluJr,Alu,SINE
chr9,34077502,34077523,MA1714.1,+,1.09e-05,AluJb,Alu,SINE
chr21,34714727,34714748,MA1714.1,+,1.09e-05,Charlie1b,hAT-Charlie,DNA
chr20,34991277,34991298,MA1714.1,-,1.09e-05,MIR,MIR,SINE
chr5,37898553,37898574,MA1714.1,-,1.09e-05,L1MC4,L1,LINE
chr13,38660293,38660314,MA1714.1,+,1.09e-05,MER52A,ERV1,LTR
chr17,38907708,38907729,MA1714.1,-,1.09e-05,L3,CR1,LINE
chr13,38960595,38960616,MA1714.1,-,1.09e-05,L1MB2,L1,LINE
chr20,41689470,41689491,MA1714.1,+,1.09e-05,L1ME2z,L1,LINE
chr13,41772980,41773001,MA1714.1,-,1.09e-05,LTR73,ERV1,LTR
chr9,42151553,42151574,MA1714.1,+,1.09e-05,L1PA16,L1,LINE
chr12,42373592,42373613,MA1714.1,+,1.09e-05,L1MB5,L1,LINE
chr19,44547337,44547358,MA1714.1,-,1.09e-05,L1MD2,L1,LINE
chr11,44909058,44909079,MA1714.1,+,1.09e-05,MIRb,MIR,SINE
chr5,44926966,44926987,MA1714.1,+,1.09e-05,MLT1C,ERVL-MaLR,LTR
chr1,45058493,45058514,MA1714.1,-,1.09e-05,MIRb,MIR,SINE
chr9,45541139,45541160,MA1714.1,-,1.09e-05,L1PA16,L1,LINE
chr6,45592519,45592540,MA1714.1,-,1.09e-05,MIR,MIR,SINE
chr9,45927386,45927407,MA1714.1,-,1.09e-05,L1PA16,L1,LINE
chr7,46381728,46381749,MA1714.1,-,1.09e-05,L1MA9,L1,LINE
chr21,46508234,46508255,MA1714.1,+,1.09e-05,L1MC4a,L1,LINE
chr2,46720554,46720575,MA1714.1,-,1.09e-05,MER102a,hAT-Charlie,DNA
chr14,48161178,48161199,MA1714.1,-,1.09e-05,HAL1-3A_ME,L1,LINE
chr6,49175529,49175550,MA1714.1,-,1.09e-05,THE1B-int,ERVL-MaLR,LTR
chr2,50078573,50078594,MA1714.1,+,1.09e-05,L1ME1,L1,LINE
chr16,54372348,54372369,MA1714.1,-,1.09e-05,AluSx4,Alu,SINE
chr8,54759308,54759329,MA1714.1,+,1.09e-05,MLT1F2,ERVL-MaLR,LTR
chr19,55332172,55332193,MA1714.1,+,1.09e-05,HAL1-3A_ME,L1,LINE
chr15,55332542,55332563,MA1714.1,-,1.09e-05,L1MA4A,L1,LINE
chr16,55708069,55708090,MA1714.1,-,1.09e-05,L1PA16,L1,LINE
chr14,56080283,56080304,MA1714.1,-,1.09e-05,AluSz,Alu,SINE
chr8,60914771,60914792,MA1714.1,+,1.09e-05,L1PA12,L1,LINE
chr18,61427834,61427855,MA1714.1,+,1.09e-05,THE1A-int,ERVL-MaLR,LTR
chr11,64270979,64271000,MA1714.1,-,1.09e-05,MLT2B3,ERVL,LTR
chr13,71004574,71004595,MA1714.1,+,1.09e-05,L1MDa,L1,LINE
chr15,73382607,73382628,MA1714.1,-,1.09e-05,AluSc8,Alu,SINE
chr16,73546676,73546697,MA1714.1,+,1.09e-05,ERVL-E-int,ERVL,LTR
chr2,75454196,75454217,MA1714.1,-,1.09e-05,MLT1I-int,ERVL-MaLR,LTR
chr3,75821892,75821913,MA1714.1,+,1.09e-05,MER52A,ERV1,LTR
chrX,79388260,79388281,MA1714.1,-,1.09e-05,LTR1,ERV1,LTR
chr16,79598831,79598852,MA1714.1,+,1.09e-05,MLT1L,ERVL-MaLR,LTR
chr13,79751296,79751317,MA1714.1,-,1.09e-05,LTR33,ERVL,LTR
chr7,81262936,81262957,MA1714.1,+,1.09e-05,AluJr,Alu,SINE
chr14,81674500,81674521,MA1714.1,+,1.09e-05,THE1A-int,ERVL-MaLR,LTR
chr12,82468434,82468455,MA1714.1,-,1.09e-05,AluSq4,Alu,SINE
chr13,85729088,85729109,MA1714.1,-,1.09e-05,L1MC3,L1,LINE
chr9,88104263,88104284,MA1714.1,+,1.09e-05,MLT2F,ERVL,LTR
chr14,91861698,91861719,MA1714.1,-,1.09e-05,MIRb,MIR,SINE
chr5,92517828,92517849,MA1714.1,-,1.09e-05,L1M6,L1,LINE
chr4,92742342,92742363,MA1714.1,-,1.09e-05,THE1A-int,ERVL-MaLR,LTR
chr15,93947314,93947335,MA1714.1,+,1.09e-05,THE1A-int,ERVL-MaLR,LTR
chr10,94036542,94036563,MA1714.1,-,1.09e-05,L1MB8,L1,LINE
chr4,95034039,95034060,MA1714.1,+,1.09e-05,HAL1-3A_ME,L1,LINE
chr10,95760637,95760658,MA1714.1,-,1.09e-05,MamGypLTR1c,Gypsy,LTR
chr8,96039875,96039896,MA1714.1,+,1.09e-05,MIRb,MIR,SINE
chr11,98958642,98958663,MA1714.1,+,1.09e-05,MER45A,hAT-Tip100,DNA
chr15,99634975,99634996,MA1714.1,+,1.09e-05,L1MC4a,L1,LINE
chr7,100534437,100534458,MA1714.1,-,1.09e-05,L1PA16,L1,LINE
chr2,104943778,104943799,MA1714.1,+,1.09e-05,L1MC3,L1,LINE
chr1,106372031,106372052,MA1714.1,-,1.09e-05,MIR,MIR,SINE
chr8,108078833,108078854,MA1714.1,+,1.09e-05,L1MA9,L1,LINE
chr10,110301368,110301389,MA1714.1,+,1.09e-05,L1ME3A,L1,LINE
chr2,110979663,110979684,MA1714.1,-,1.09e-05,L1MEc,L1,LINE
chr7,111591348,111591369,MA1714.1,-,1.09e-05,MIR,MIR,SINE
chr8,112317850,112317871,MA1714.1,-,1.09e-05,L1ME1,L1,LINE
chrX,113713871,113713892,MA1714.1,+,1.09e-05,L1MC5,L1,LINE
chr4,114712575,114712596,MA1714.1,+,1.09e-05,L1MA4,L1,LINE
chr8,116843837,116843858,MA1714.1,-,1.09e-05,MLT1H1-int,ERVL-MaLR,LTR
chr7,117634970,117634991,MA1714.1,+,1.09e-05,THE1A-int,ERVL-MaLR,LTR
chrX,118047531,118047552,MA1714.1,-,1.09e-05,MIR,MIR,SINE
chr10,120316189,120316210,MA1714.1,-,1.09e-05,L1ME3,L1,LINE
chr11,120834559,120834580,MA1714.1,+,1.09e-05,MIRb,MIR,SINE
chr8,122288348,122288369,MA1714.1,-,1.09e-05,MIR,MIR,SINE
chr8,123123409,123123430,MA1714.1,-,1.09e-05,L1ME1,L1,LINE
chr12,123651891,123651912,MA1714.1,+,1.09e-05,MER65A,ERV1,LTR
chr2,124604009,124604030,MA1714.1,+,1.09e-05,L1PA16,L1,LINE
chr5,125667002,125667023,MA1714.1,+,1.09e-05,MIR,MIR,SINE
chr10,126131350,126131371,MA1714.1,+,1.09e-05,L1MC4,L1,LINE
chr9,129103320,129103341,MA1714.1,-,1.09e-05,MIRc,MIR,SINE
chr11,129469349,129469370,MA1714.1,+,1.09e-05,L1PA8,L1,LINE
chr9,132218136,132218157,MA1714.1,+,1.09e-05,MIR,MIR,SINE
chr4,132800815,132800836,MA1714.1,+,1.09e-05,L1PA16,L1,LINE
chr7,133710940,133710961,MA1714.1,-,1.09e-05,MLT1K,ERVL-MaLR,LTR
chr5,142363611,142363632,MA1714.1,-,1.09e-05,MLT1J,ERVL-MaLR,LTR
chr1,142634289,142634310,MA1714.1,-,1.09e-05,MER52A,ERV1,LTR
chr5,142704069,142704090,MA1714.1,-,1.09e-05,THE1A-int,ERVL-MaLR,LTR
chr1,143133169,143133190,MA1714.1,-,1.09e-05,MER52A,ERV1,LTR
chr5,143164070,143164091,MA1714.1,-,1.09e-05,L1ME1,L1,LINE
chrX,146025147,146025168,MA1714.1,-,1.09e-05,THE1A-int,ERVL-MaLR,LTR
chr6,154057018,154057039,MA1714.1,-,1.09e-05,MER52A,ERV1,LTR
chr6,154228964,154228985,MA1714.1,+,1.09e-05,THE1A-int,ERVL-MaLR,LTR
chr2,158309149,158309170,MA1714.1,+,1.09e-05,L1ME4a,L1,LINE
chr4,163575171,163575192,MA1714.1,+,1.09e-05,AluSp,Alu,SINE
chr1,172531283,172531304,MA1714.1,-,1.09e-05,MER66-int,ERV1,LTR
chr1,176570190,176570211,MA1714.1,+,1.09e-05,MSTD,ERVL-MaLR,LTR
chr5,177643653,177643674,MA1714.1,+,1.09e-05,L1ME3F,L1,LINE
chr5,180341689,180341710,MA1714.1,+,1.09e-05,L1MA10,L1,LINE
chr2,181569467,181569488,MA1714.1,-,1.09e-05,L1M3,L1,LINE
chr1,182501687,182501708,MA1714.1,+,1.09e-05,MIRb,MIR,SINE
chr2,182556811,182556832,MA1714.1,+,1.09e-05,ERVL-B4-int,ERVL,LTR
chr2,185455130,185455151,MA1714.1,-,1.09e-05,L1PA16,L1,LINE
chr3,189330980,189331001,MA1714.1,+,1.09e-05,THE1A-int,ERVL-MaLR,LTR
chr2,192308708,192308729,MA1714.1,+,1.09e-05,L1MC4a,L1,LINE
chr1,200791232,200791253,MA1714.1,-,1.09e-05,L1MC4,L1,LINE
chr1,204607424,204607445,MA1714.1,-,1.09e-05,MIRb,MIR,SINE
chr2,215577210,215577231,MA1714.1,+,1.09e-05,HAL1,L1,LINE
chr1,223380677,223380698,MA1714.1,+,1.09e-05,HERVP71A-int,ERV1,LTR
chr1,235570952,235570973,MA1714.1,-,1.09e-05,MER65C,ERV1,LTR
chr17_ctg5_hap1,219263,219284,MA1714.1,+,1.09e-05,AluJb,Alu,SINE
chr17_ctg5_hap1,437198,437219,MA1714.1,+,1.09e-05,AluJb,Alu,SINE
chr20,998842,998863,MA1714.1,-,1.09e-05,MIRb,MIR,SINE
chr18,1225732,1225753,MA1714.1,-,1.09e-05,L3,CR1,LINE
chr17_ctg5_hap1,1468312,1468333,MA1714.1,-,1.09e-05,AluJb,Alu,SINE
chr20,1620993,1621014,MA1714.1,-,1.09e-05,L1PA8,L1,LINE
chrY,1925825,1925846,MA1714.1,+,1.09e-05,MSTB,ERVL-MaLR,LTR
chrX,1975825,1975846,MA1714.1,+,1.09e-05,MSTB,ERVL-MaLR,LTR
chr12,3571182,3571203,MA1714.1,-,1.09e-05,L1PREC2,L1,LINE
chr19,7232111,7232132,MA1714.1,+,1.09e-05,L1ME2,L1,LINE
chr5,8799293,8799314,MA1714.1,+,1.09e-05,L1M3de,L1,LINE
chr2,9971629,9971650,MA1714.1,-,1.09e-05,MIRc,MIR,SINE
chr11,11003921,11003942,MA1714.1,+,1.09e-05,MIR,MIR,SINE
chr1,16397232,16397253,MA1714.1,-,1.09e-05,MIR,MIR,SINE
chr17,16626949,16626970,MA1714.1,-,1.09e-05,MLT1A0,ERVL-MaLR,LTR
chr22,17226745,17226766,MA1714.1,-,1.09e-05,MIR,MIR,SINE
chr19,17662825,17662846,MA1714.1,-,1.09e-05,L1M5,L1,LINE
chr17,18495022,18495043,MA1714.1,+,1.09e-05,MLT1A0,ERVL-MaLR,LTR
chr11,19499274,19499295,MA1714.1,-,1.09e-05,MIRc,MIR,SINE
chr1,19778839,19778860,MA1714.1,+,1.09e-05,L2b,L2,LINE
chr18,20062067,20062088,MA1714.1,+,1.09e-05,MER66B,ERV1,LTR
chr17,20257672,20257693,MA1714.1,-,1.09e-05,MLT1A0,ERVL-MaLR,LTR
chr2,23348669,23348690,MA1714.1,-,1.09e-05,AluJo,Alu,SINE
chr2,24500855,24500876,MA1714.1,+,1.09e-05,MIR,MIR,SINE
chr9,25436425,25436446,MA1714.1,+,1.09e-05,L1MD1,L1,LINE
chr20,26229475,26229496,MA1714.1,-,1.09e-05,MIR,MIR,SINE
chr18,28272906,28272927,MA1714.1,-,1.09e-05,L1PREC2,L1,LINE
chr20,30008020,30008041,MA1714.1,+,1.09e-05,L1MA9,L1,LINE
chr20,30498465,30498486,MA1714.1,+,1.09e-05,MIR,MIR,SINE
chr12,32352280,32352301,MA1714.1,-,1.09e-05,MLT1J,ERVL-MaLR,LTR
chr10,32835903,32835924,MA1714.1,-,1.09e-05,MLT1E,ERVL-MaLR,LTR
chr13,33987027,33987048,MA1714.1,+,1.09e-05,L1MD1,L1,LINE
chr16,34418037,34418058,MA1714.1,-,1.09e-05,MER58B,hAT-Charlie,DNA
chrX,35178429,35178450,MA1714.1,+,1.09e-05,MIRb,MIR,SINE
chr1,36423442,36423463,MA1714.1,+,1.09e-05,AluJr,Alu,SINE
chrX,36931501,36931522,MA1714.1,+,1.09e-05,L1MA8,L1,LINE
chr1,37310269,37310290,MA1714.1,+,1.09e-05,MIR,MIR,SINE
chr14,37361686,37361707,MA1714.1,+,1.09e-05,L1MA6,L1,LINE
chr4,37717903,37717924,MA1714.1,-,1.09e-05,MIRc,MIR,SINE
chr2,39594567,39594588,MA1714.1,+,1.09e-05,AluJb,Alu,SINE
chr11,40139423,40139444,MA1714.1,+,1.09e-05,MIR,MIR,SINE
chr1,40173788,40173809,MA1714.1,+,1.09e-05,AluJr,Alu,SINE
chr21,41270758,41270779,MA1714.1,+,1.09e-05,MIRc,MIR,SINE
chr20,41673321,41673342,MA1714.1,+,1.09e-05,MIR,MIR,SINE
chrX,41975469,41975490,MA1714.1,+,1.09e-05,L1MA4,L1,LINE
chr11,43673570,43673591,MA1714.1,+,1.09e-05,L1ME1,L1,LINE
chr5,44194001,44194022,MA1714.1,-,1.09e-05,L1M4b,L1,LINE
chr17,44393873,44393894,MA1714.1,-,1.09e-05,AluJb,Alu,SINE
chr17,44611451,44611472,MA1714.1,-,1.09e-05,AluJb,Alu,SINE
chr13,46982438,46982459,MA1714.1,-,1.09e-05,L1P3,L1,LINE
chr14,48400807,48400828,MA1714.1,+,1.09e-05,MIRb,MIR,SINE
chr19,52328655,52328676,MA1714.1,-,1.09e-05,MER21A,ERVL,LTR
chr19,54199780,54199801,MA1714.1,-,1.09e-05,AluSx,Alu,SINE
chr8,56685201,56685222,MA1714.1,-,1.09e-05,MIRb,MIR,SINE
chr14,56843917,56843938,MA1714.1,-,1.09e-05,HAL1-3A_ME,L1,LINE
chr3,57215609,57215630,MA1714.1,-,1.09e-05,L1MC4a,L1,LINE
chr1,58530755,58530776,MA1714.1,-,1.09e-05,MIR,MIR,SINE
chr18,59504535,59504556,MA1714.1,+,1.09e-05,L1MC4a,L1,LINE
chr1,60960921,60960942,MA1714.1,+,1.09e-05,L1PA3,L1,LINE
chrX,62219222,62219243,MA1714.1,-,1.09e-05,L1PREC2,L1,LINE
chr15,62703047,62703068,MA1714.1,-,1.09e-05,MIRc,MIR,SINE
chr1,64112332,64112353,MA1714.1,-,1.09e-05,L1M5,L1,LINE
chr13,64355781,64355802,MA1714.1,-,1.09e-05,L1PA7,L1,LINE
chrX,64850538,64850559,MA1714.1,-,1.09e-05,L1MB7,L1,LINE
chr7,65979821,65979842,MA1714.1,+,1.09e-05,AluJr,Alu,SINE
chr6,68837390,68837411,MA1714.1,-,1.09e-05,L1MB4,L1,LINE
chr15,69557157,69557178,MA1714.1,-,1.09e-05,L1MA9,L1,LINE
chr10,71203799,71203820,MA1714.1,+,1.09e-05,AluSg4,Alu,SINE
chrX,71740085,71740106,MA1714.1,-,1.09e-05,L1MB7,L1,LINE
chr9,75310020,75310041,MA1714.1,+,1.09e-05,MER58C,hAT-Charlie,DNA
chr4,75601716,75601737,MA1714.1,-,1.09e-05,L1MD1,L1,LINE
chr3,75922214,75922235,MA1714.1,+,1.09e-05,MIR,MIR,SINE
chrX,76046600,76046621,MA1714.1,-,1.09e-05,L1MB5,L1,LINE
chr4,76080708,76080729,MA1714.1,-,1.09e-05,L1MA4,L1,LINE
chr16,77091429,77091450,MA1714.1,+,1.09e-05,BLACKJACK,hAT-Blackjack,DNA
chr12,77504057,77504078,MA1714.1,-,1.09e-05,HAL1,L1,LINE
chr13,79338812,79338833,MA1714.1,-,1.09e-05,MIRb,MIR,SINE
chr11,80938807,80938828,MA1714.1,-,1.09e-05,L1ME1,L1,LINE
chr16,80957085,80957106,MA1714.1,+,1.09e-05,AluSx,Alu,SINE
chrX,80987953,80987974,MA1714.1,+,1.09e-05,L1PA14,L1,LINE
chr14,82658995,82659016,MA1714.1,-,1.09e-05,L1M5,L1,LINE
chr13,84144221,84144242,MA1714.1,-,1.09e-05,MLT1L-int,ERVL-MaLR,LTR
chr14,85250482,85250503,MA1714.1,-,1.09e-05,L2a,L2,LINE
chr3,85392393,85392414,MA1714.1,-,1.09e-05,MIR,MIR,SINE
chr15,85702325,85702346,MA1714.1,+,1.09e-05,L1MB4,L1,LINE
chr4,86332747,86332768,MA1714.1,-,1.09e-05,MER20,hAT-Charlie,DNA
chr9,88271439,88271460,MA1714.1,+,1.09e-05,L3,CR1,LINE
chr6,88699913,88699934,MA1714.1,+,1.09e-05,L1MA7,L1,LINE
chr5,90816022,90816043,MA1714.1,+,1.09e-05,L1ME3D,L1,LINE
chr10,91572105,91572126,MA1714.1,-,1.09e-05,L1MA8,L1,LINE
chr15,91630549,91630570,MA1714.1,+,1.09e-05,L2a,L2,LINE
chr5,93352539,93352560,MA1714.1,+,1.09e-05,MER4B-int,ERV1,LTR
chr15,93566144,93566165,MA1714.1,-,1.09e-05,L1MEc,L1,LINE
chr1,96724693,96724714,MA1714.1,+,1.09e-05,Charlie16a,hAT-Charlie,DNA
chr13,97541569,97541590,MA1714.1,-,1.09e-05,THE1B-int,ERVL-MaLR,LTR
chr10,103580744,103580765,MA1714.1,+,1.09e-05,AluSg,Alu,SINE
chrX,104114910,104114931,MA1714.1,-,1.09e-05,MIRb,MIR,SINE
chrX,105831939,105831960,MA1714.1,-,1.09e-05,MLT1I-int,ERVL-MaLR,LTR
chr11,107290823,107290844,MA1714.1,+,1.09e-05,L1ME1,L1,LINE
chr5,107419203,107419224,MA1714.1,-,1.09e-05,AluSz6,Alu,SINE
chr5,108753485,108753506,MA1714.1,-,1.09e-05,L1MEb,L1,LINE
chr11,108912134,108912155,MA1714.1,+,1.09e-05,MIRb,MIR,SINE
chr7,110025117,110025138,MA1714.1,+,1.09e-05,LTR78B,ERV1,LTR
chr7,110113973,110113994,MA1714.1,+,1.09e-05,L1PA4,L1,LINE
chr9,111603908,111603929,MA1714.1,-,1.09e-05,MIR,MIR,SINE
chr4,113503521,113503542,MA1714.1,-,1.09e-05,L1MA4,L1,LINE
chr9,114017213,114017234,MA1714.1,+,1.09e-05,L1M6,L1,LINE
chrX,114173579,114173600,MA1714.1,-,1.09e-05,L1PA7,L1,LINE
chr12,115484476,115484497,MA1714.1,-,1.09e-05,MLT1H2,ERVL-MaLR,LTR
chr4,117321867,117321888,MA1714.1,-,1.09e-05,AluJo,Alu,SINE
chrX,118843750,118843771,MA1714.1,+,1.09e-05,L4,RTE,LINE
chr10,119549305,119549326,MA1714.1,-,1.09e-05,MIR,MIR,SINE
chr7,119645509,119645530,MA1714.1,-,1.09e-05,L1MA8,L1,LINE
chr10,120057045,120057066,MA1714.1,+,1.09e-05,MIRb,MIR,SINE
chr5,123616998,123617019,MA1714.1,-,1.09e-05,L1MA7,L1,LINE
chr7,124875765,124875786,MA1714.1,-,1.09e-05,LTR33A_,ERVL,LTR
chr6,128457931,128457952,MA1714.1,-,1.09e-05,L1M6,L1,LINE
chr9,136851041,136851062,MA1714.1,+,1.09e-05,L1MC4,L1,LINE
chr5,140524306,140524327,MA1714.1,+,1.09e-05,L1MDa,L1,LINE
chr7,142230515,142230536,MA1714.1,-,1.09e-05,MLT1J2,ERVL-MaLR,LTR
chr2,146928597,146928618,MA1714.1,-,1.09e-05,MIRb,MIR,SINE
chr3,149267550,149267571,MA1714.1,+,1.09e-05,AluJr4,Alu,SINE
chr6,150819849,150819870,MA1714.1,-,1.09e-05,L1MEe,L1,LINE
chr2,154078112,154078133,MA1714.1,-,1.09e-05,MER52A,ERV1,LTR
chr3,159353159,159353180,MA1714.1,+,1.09e-05,MamRep38,hAT,DNA
chr4,163499601,163499622,MA1714.1,-,1.09e-05,Charlie25,hAT-Charlie,DNA
chr6,166458126,166458147,MA1714.1,-,1.09e-05,MIRb,MIR,SINE
chr2,170407614,170407635,MA1714.1,+,1.09e-05,L1ME3A,L1,LINE
chr5,172213854,172213875,MA1714.1,-,1.09e-05,MIR3,MIR,SINE
chr2,182554462,182554483,MA1714.1,+,1.09e-05,ERVL-B4-int,ERVL,LTR
chr1,221529597,221529618,MA1714.1,-,1.09e-05,L1MD,L1,LINE
chr2,221683479,221683500,MA1714.1,-,1.09e-05,L1ME2,L1,LINE
chr2,222193852,222193873,MA1714.1,-,1.09e-05,ORSL,hAT-Tip100,DNA
chr1,244288940,244288961,MA1714.1,-,1.09e-05,MIRb,MIR,SINE
